8.010978698730468750e+01
7.395789337158203125e+01
6.816588878631591797e+00
3.592946052551269531e+00
3.483936548233032227e+00
6.824036407470703125e+01
8.123455810546875000e+01
1.175025939941406250e+01
1.832802963256835938e+01
6.484865570068359375e+01
1.313206291198730469e+01
6.260639953613281250e+01
1.273400211334228516e+01
9.359222412109375000e+00
9.334737777709960938e+00
8.279909133911132812e+00
6.950838565826416016e+00
7.186187744140625000e+01
2.415773010253906250e+01
2.574273681640625000e+01
1.266229343414306641e+01
6.458422088623046875e+01
1.879525566101074219e+01
6.231624603271484375e+01
7.088459968566894531e+00
6.975258350372314453e+00
9.466031074523925781e+00
3.557538270950317383e+00
7.348287200927734375e+01
4.828105163574218750e+01
7.258232116699218750e+01
7.163857269287109375e+01
6.282716369628906250e+01
6.861396789550781250e+01
3.592895984649658203e+00
6.926619720458984375e+01
1.862486648559570312e+01
5.164655303955078125e+01
1.861352920532226562e+01
8.010742187500000000e+00
8.801784515380859375e+01
7.215473175048828125e+01
4.657754898071289062e+00
5.058557510375976562e+01
8.277047157287597656e+00
5.794956970214843750e+01
3.544245481491088867e+00
5.993692398071289062e+01
3.354190826416015625e+00
4.589882373809814453e+00
2.628010559082031250e+01
1.159248924255371094e+01
7.079196929931640625e+01
4.639059066772460938e+00
3.626998901367187500e+00
5.360972213745117188e+01
3.655407905578613281e+00
7.060527801513671875e+01
1.454922771453857422e+01
4.824754333496093750e+01
7.938511848449707031e+00
3.485472440719604492e+00
9.547665596008300781e+00
1.223263359069824219e+01
6.974987030029296875e+00
1.209797573089599609e+01
3.599740743637084961e+00
3.634584426879882812e+00
1.215439891815185547e+01
4.668236732482910156e+00
4.634210109710693359e+00
3.078623008728027344e+01
3.589421987533569336e+00
4.608623981475830078e+00
2.251922988891601562e+01
9.505043029785156250e+00
4.533042907714843750e+00
8.712158203125000000e+00
7.313847351074218750e+01
6.298719406127929688e+01
3.618670463562011719e+00
8.260215759277343750e+01
7.593244171142578125e+01
7.372395324707031250e+01
3.651777505874633789e+00
8.017375946044921875e+00
5.608344650268554688e+01
1.860545921325683594e+01
1.217667484283447266e+01
6.217745590209960938e+01
6.860084533691406250e+01
3.502833604812622070e+00
2.655131912231445312e+01
6.111720657348632812e+01
5.368946456909179688e+01
4.610757350921630859e+00
5.841861343383789062e+01
3.434056997299194336e+00
6.792919158935546875e+00
1.829687690734863281e+01
5.597356033325195312e+01
3.884233093261718750e+01
6.958957672119140625e+01
4.497459888458251953e+00
1.316089248657226562e+01
4.713240623474121094e+00
3.635719537734985352e+00
4.553632736206054688e+00
6.761401367187500000e+01
5.806951141357421875e+01
1.854530715942382812e+01
8.400573730468750000e+00
9.404881477355957031e+00
7.214819335937500000e+01
9.310808181762695312e+00
4.381348037719726562e+01
7.309043121337890625e+01
4.414239883422851562e+00
6.041944980621337891e+00
7.346278190612792969e+00
1.221778869628906250e+01
6.096138477325439453e+00
3.103335571289062500e+01
1.858918952941894531e+01
8.444641113281250000e+00
2.515532302856445312e+01
1.866240501403808594e+01
1.275769329071044922e+01
4.495135116577148438e+01
1.358724308013916016e+01
2.640821075439453125e+01
1.723444557189941406e+01
1.220475101470947266e+01
1.348723888397216797e+01
4.734118938446044922e+00
6.676203918457031250e+01
5.581673431396484375e+01
1.785111236572265625e+01
5.554136276245117188e+01
6.992139339447021484e+00
7.185601806640625000e+01
2.637510681152343750e+01
8.208490371704101562e+00
4.709528923034667969e+00
4.698861598968505859e+00
4.709035396575927734e+00
6.303764343261718750e+01
3.585291385650634766e+00
1.646755409240722656e+01
1.317016506195068359e+01
1.354730796813964844e+01
6.958155155181884766e+00
9.493851661682128906e+00
7.296302032470703125e+01
1.225518417358398438e+01
9.470758438110351562e+00
5.627079772949218750e+01
8.409424781799316406e+00
3.581912994384765625e+01
4.704973697662353516e+00
8.431872367858886719e+00
5.560225677490234375e+01
9.310808181762695312e+00
6.813947296142578125e+01
4.751336097717285156e+00
9.119298934936523438e+00
1.297870445251464844e+01
4.325914001464843750e+01
3.077830314636230469e+01
6.716934204101562500e+00
4.721767425537109375e+00
1.776840972900390625e+01
7.008642578125000000e+01
3.573411464691162109e+00
4.693144321441650391e+00
4.587947463989257812e+01
7.183176422119140625e+01
7.115930938720703125e+01
7.459696960449218750e+01
9.091773986816406250e+00
6.141654014587402344e+00
8.573106384277343750e+01
2.637080574035644531e+01
8.876318359375000000e+01
4.763023853302001953e+00
1.857444190979003906e+01
4.675793647766113281e+00
4.671044349670410156e+00
8.582006835937500000e+01
9.194357872009277344e+00
6.664276885986328125e+01
5.646827697753906250e+01
9.525053977966308594e+00
6.975455474853515625e+01
5.578643035888671875e+01
4.609464645385742188e+00
4.727902889251708984e+00
3.420128631591796875e+01
4.829808044433593750e+01
3.540579557418823242e+00
4.599900722503662109e+00
2.690730857849121094e+01
8.960305213928222656e+00
3.570646286010742188e+01
4.526744842529296875e+00
3.564495086669921875e+00
8.195451736450195312e+00
7.052993774414062500e+01
5.816536712646484375e+01
1.527618408203125000e+01
7.113827514648437500e+01
4.751336097717285156e+00
6.418067169189453125e+01
3.457933902740478516e+00
7.297954559326171875e+01
3.557884454727172852e+00
6.203071975708007812e+01
1.827083587646484375e+01
6.436514282226562500e+01
7.019023895263671875e+01
1.240390205383300781e+01
6.779046630859375000e+01
6.710248565673828125e+01
7.014604187011718750e+01
1.355755710601806641e+01
8.492184638977050781e+00
4.599183082580566406e+00
6.541900634765625000e+01
7.194481658935546875e+01
5.481050872802734375e+01
7.616703033447265625e+01
1.353734016418457031e+01
1.745416259765625000e+01
3.590775251388549805e+00
3.633254528045654297e+00
3.551736354827880859e+00
3.487291574478149414e+00
1.493509292602539062e+01
4.716354370117187500e+00
3.501761436462402344e+00
8.382221221923828125e+01
8.162652015686035156e+00
4.740097999572753906e+00
3.660461425781250000e+00
3.454849481582641602e+00
8.410836219787597656e+00
3.625373363494873047e+00
3.644699573516845703e+00
7.173212432861328125e+01
3.499252319335937500e+00
6.678407287597656250e+01
3.764601898193359375e+01
1.215784168243408203e+01
8.102262496948242188e+00
6.074464797973632812e+01
7.390285968780517578e+00
