4.696469879150390625e+01
3.985749053955078125e+01
3.172588157653808594e+01
5.030349731445312500e+01
4.952598571777343750e+01
4.074213409423828125e+01
3.499665832519531250e+01
4.238529968261718750e+01
1.707584762573242188e+01
4.263063049316406250e+01
6.039989852905273438e+01
4.270700073242187500e+01
3.637500381469726562e+01
4.083869552612304688e+01
3.499942016601562500e+01
4.939603424072265625e+01
4.090542602539062500e+01
2.294235944747924805e+00
6.856075286865234375e+01
8.220572662353515625e+01
2.046890020370483398e+00
6.285278320312500000e+01
4.163713455200195312e+01
3.725587081909179688e+01
2.239739894866943359e+00
3.429596710205078125e+01
5.786825180053710938e+01
4.728599929809570312e+01
3.754050827026367188e+01
4.131884765625000000e+01
3.833196258544921875e+01
3.940340423583984375e+01
4.100094604492187500e+01
4.473559951782226562e+01
9.155943298339843750e+01
4.205199813842773438e+01
4.854965972900390625e+01
6.432323455810546875e+01
4.384189224243164062e+01
6.486910247802734375e+01
3.387321090698242188e+01
2.129330873489379883e+00
5.760214233398437500e+01
3.234214782714843750e+01
5.166925048828125000e+01
4.807080078125000000e+01
3.850303268432617188e+01
5.532036590576171875e+01
5.725313949584960938e+01
4.311826705932617188e+01
5.546500778198242188e+01
2.034122943878173828e+00
5.622838973999023438e+01
6.305679321289062500e+01
4.119190216064453125e+01
4.015153884887695312e+01
2.596918869018554688e+01
4.349835968017578125e+01
4.325514984130859375e+01
2.331007003784179688e+00
4.739788055419921875e+01
2.294401884078979492e+00
3.998314285278320312e+01
4.212791061401367188e+01
3.144249725341796875e+01
4.453292846679687500e+01
4.162708282470703125e+01
5.692872238159179688e+01
4.117646789550781250e+01
7.708433532714843750e+01
4.884566879272460938e+01
5.260496520996093750e+01
2.215587854385375977e+00
7.516541290283203125e+01
4.155297088623046875e+01
3.830448150634765625e+01
6.646638488769531250e+01
4.644626998901367188e+01
8.902246093750000000e+01
3.575349426269531250e+01
6.125944519042968750e+01
1.908815026283264160e+00
5.055410766601562500e+01
4.853252029418945312e+01
2.620044517517089844e+01
4.388455200195312500e+01
5.075425720214843750e+01
3.614052963256835938e+01
3.457096862792968750e+01
4.474810028076171875e+01
5.532981109619140625e+01
8.703871154785156250e+01
3.936937332153320312e+01
4.564356994628906250e+01
4.378077697753906250e+01
4.181581878662109375e+01
4.528909301757812500e+01
6.038328170776367188e+01
2.301990032196044922e+00
4.315090179443359375e+01
7.612218475341796875e+01
3.981167602539062500e+01
5.633668136596679688e+01
5.146445083618164062e+01
1.853950023651123047e+00
4.006261062622070312e+01
6.711518859863281250e+01
4.130992126464843750e+01
2.370825052261352539e+00
4.591847610473632812e+01
4.308678054809570312e+01
4.114883041381835938e+01
4.314511871337890625e+01
6.060695648193359375e+01
4.082273864746093750e+01
3.951089096069335938e+01
4.923217391967773438e+01
7.202953338623046875e+01
7.655736541748046875e+01
4.378008651733398438e+01
4.977228546142578125e+01
3.700693893432617188e+01
4.046369552612304688e+01
4.289574432373046875e+01
7.595199584960937500e+01
3.706459808349609375e+01
4.336677551269531250e+01
4.042419815063476562e+01
1.870146989822387695e+00
4.858945846557617188e+01
4.393204498291015625e+01
6.985491180419921875e+01
1.145095825195312500e+01
4.281193161010742188e+01
5.551377105712890625e+01
4.979673767089843750e+01
4.731578445434570312e+01
6.218620300292968750e+01
4.305210494995117188e+01
5.799045562744140625e+01
8.792195129394531250e+01
4.720641708374023438e+01
3.199282264709472656e+01
4.189141845703125000e+01
3.571152877807617188e+01
3.058078956604003906e+01
4.865443420410156250e+01
7.723548126220703125e+01
4.943398284912109375e+01
5.710898590087890625e+01
4.782394790649414062e+01
4.652651214599609375e+01
4.032649993896484375e+01
5.098611450195312500e+01
4.614334487915039062e+01
3.802859497070312500e+01
5.119218826293945312e+01
4.947725677490234375e+01
3.751248550415039062e+01
3.476472854614257812e+01
4.654420852661132812e+01
2.948037910461425781e+01
3.514222717285156250e+01
4.884897613525390625e+01
3.109032058715820312e+01
4.054937362670898438e+01
2.017687082290649414e+00
6.044164657592773438e+01
4.238504791259765625e+01
5.254864501953125000e+01
4.199943161010742188e+01
6.967809295654296875e+01
4.471700286865234375e+01
4.722404479980468750e+01
3.732302856445312500e+01
8.703871154785156250e+01
8.701812744140625000e+01
4.797731399536132812e+01
4.351321029663085938e+01
5.489548873901367188e+01
7.106646728515625000e+01
4.498539352416992188e+01
4.621717071533203125e+01
5.816875076293945312e+01
6.161873626708984375e+01
4.186875915527343750e+01
3.874586105346679688e+01
5.564806365966796875e+01
5.146605682373046875e+01
4.265283584594726562e+01
4.383998107910156250e+01
4.403348922729492188e+01
4.083869552612304688e+01
1.408500957489013672e+01
3.240363311767578125e+01
3.654861450195312500e+01
2.298025131225585938e+00
5.363708496093750000e+01
4.203936386108398438e+01
5.046170806884765625e+01
4.107693099975585938e+01
4.660165023803710938e+01
4.587291336059570312e+01
4.033632659912109375e+01
4.459170150756835938e+01
8.002533721923828125e+01
4.283568191528320312e+01
3.995172882080078125e+01
4.194342422485351562e+01
4.145408630371093750e+01
4.186380004882812500e+01
5.290852737426757812e+01
4.349728012084960938e+01
3.475496673583984375e+01
4.781424713134765625e+01
5.028391647338867188e+01
1.146351528167724609e+01
3.975141143798828125e+01
4.338189315795898438e+01
3.938283538818359375e+01
5.087825012207031250e+01
5.374730300903320312e+01
4.106642532348632812e+01
4.425826644897460938e+01
4.255901336669921875e+01
4.248989105224609375e+01
4.199491882324218750e+01
4.247632598876953125e+01
7.311724090576171875e+01
4.477209091186523438e+01
4.097230529785156250e+01
5.816875076293945312e+01
4.125316238403320312e+01
8.900217437744140625e+01
3.679981613159179688e+01
4.777228927612304688e+01
2.451688051223754883e+00
5.073661804199218750e+01
3.303755187988281250e+01
4.130124664306640625e+01
4.014039993286132812e+01
4.619145965576171875e+01
6.074557495117187500e+01
5.027708435058593750e+01
4.452745056152343750e+01
4.522046279907226562e+01
4.681726074218750000e+01
4.174993133544921875e+01
4.346340179443359375e+01
3.907756805419921875e+01
3.216354751586914062e+01
3.953786087036132812e+01
3.980013656616210938e+01
3.936937332153320312e+01
5.500081634521484375e+01
4.134207153320312500e+01
