9.899967956542968750e+01
6.535857200622558594e+00
9.882012939453125000e+01
5.713998413085937500e+01
6.248385620117187500e+01
5.790468597412109375e+01
8.970061492919921875e+01
5.509773254394531250e+01
9.984349060058593750e+01
3.496950912475585938e+01
2.840328216552734375e+01
5.970866012573242188e+01
8.903409576416015625e+01
9.748672485351562500e+01
9.963655853271484375e+01
9.937767791748046875e+01
6.386421966552734375e+01
7.546356201171875000e+01
8.981972503662109375e+01
9.984124755859375000e+01
8.741449737548828125e+01
4.346020889282226562e+01
9.488011932373046875e+01
6.366297149658203125e+01
8.658482551574707031e+00
6.108967208862304688e+01
9.984124755859375000e+01
9.910807800292968750e+01
9.813805389404296875e+01
7.877823638916015625e+01
9.913175964355468750e+01
9.991931152343750000e+01
8.440583038330078125e+01
6.872421264648437500e+01
9.789997100830078125e+01
9.651361083984375000e+01
9.930950927734375000e+01
5.862229156494140625e+01
8.832353973388671875e+01
9.866418457031250000e+01
9.081165313720703125e+01
8.520167350769042969e+00
9.149767303466796875e+01
9.982559204101562500e+01
9.989067840576171875e+01
5.915592956542968750e+01
8.715017700195312500e+01
6.052900695800781250e+01
9.199109649658203125e+01
9.933896636962890625e+01
4.066272354125976562e+01
9.966691589355468750e+01
9.665481567382812500e+01
6.479317474365234375e+01
9.972991180419921875e+01
9.319567871093750000e+01
9.466121673583984375e+01
6.029926681518554688e+01
8.691797637939453125e+01
9.986576843261718750e+01
9.932523345947265625e+01
6.096954345703125000e+01
5.930669403076171875e+01
9.740536499023437500e+01
7.655441284179687500e+01
7.645095825195312500e+01
9.654587554931640625e+01
9.845317077636718750e+01
9.870629882812500000e+01
9.612612724304199219e+00
7.376330566406250000e+01
8.634473419189453125e+01
7.959078216552734375e+01
9.851356506347656250e+01
6.118039321899414062e+01
9.986872100830078125e+01
9.996367645263671875e+01
8.618685913085937500e+01
5.627584075927734375e+01
9.220623779296875000e+01
7.450955963134765625e+01
9.987334442138671875e+01
7.298734283447265625e+01
9.589367675781250000e+01
9.800426483154296875e+01
9.498985290527343750e+01
9.539920043945312500e+01
9.957471466064453125e+01
9.850167846679687500e+01
9.800426483154296875e+01
8.030561065673828125e+01
8.795432281494140625e+01
9.180849456787109375e+01
9.852056121826171875e+01
9.507123565673828125e+01
7.897938537597656250e+01
8.440325927734375000e+01
6.733011627197265625e+01
7.580140686035156250e+01
6.317422866821289062e+01
8.345159912109375000e+01
9.902291107177734375e+01
5.785760116577148438e+01
9.561383056640625000e+01
5.754748153686523438e+01
9.649777984619140625e+01
6.012633514404296875e+01
2.917395210266113281e+01
9.650090789794921875e+01
9.715575408935546875e+01
9.667195892333984375e+01
9.857088470458984375e+01
9.339315032958984375e+01
6.927392578125000000e+01
8.775240325927734375e+01
8.382813262939453125e+01
9.417763519287109375e+01
7.614440155029296875e+01
7.285601043701171875e+01
9.565377807617187500e+01
5.173406600952148438e+01
9.659699249267578125e+01
9.383785247802734375e+01
5.706093978881835938e+01
5.695500564575195312e+01
5.780101776123046875e+01
8.690587615966796875e+01
9.977391052246093750e+01
9.975987243652343750e+01
4.036275482177734375e+01
6.159796524047851562e+01
6.222871017456054688e+01
9.939411926269531250e+01
9.982221221923828125e+01
9.984672546386718750e+01
9.992121887207031250e+01
8.171677398681640625e+01
9.208053588867187500e+01
7.390754699707031250e+01
9.946528625488281250e+01
9.251064300537109375e+01
9.523766326904296875e+01
9.901473999023437500e+01
9.946926879882812500e+01
9.966991424560546875e+01
6.799753570556640625e+01
8.540978240966796875e+01
9.656401824951171875e+01
8.608750152587890625e+01
6.093455123901367188e+01
9.644832611083984375e+01
6.764974212646484375e+01
3.473669052124023438e+01
7.078485107421875000e+01
8.903868103027343750e+01
9.577659606933593750e+01
9.985405731201171875e+01
9.929880523681640625e+01
2.542792510986328125e+01
8.671227264404296875e+01
5.527741241455078125e+01
9.215169525146484375e+01
9.541034698486328125e+01
9.340682220458984375e+01
6.292664337158203125e+01
6.269165802001953125e+01
9.849102020263671875e+01
8.456528472900390625e+01
9.239531707763671875e+01
7.756983947753906250e+01
6.617783355712890625e+01
9.939615631103515625e+01
3.095241069793701172e+00
6.472483825683593750e+01
9.512451934814453125e+01
9.991307067871093750e+01
7.791035461425781250e+01
6.001153564453125000e+01
9.018533325195312500e+01
5.771282958984375000e+01
9.979093933105468750e+01
9.991931152343750000e+01
5.589274978637695312e+01
6.847377777099609375e+01
9.834839630126953125e+01
9.948937988281250000e+01
8.112331390380859375e+01
9.936838531494140625e+01
6.535857200622558594e+00
5.184444046020507812e+01
9.676982879638671875e+01
9.966710662841796875e+01
6.120913314819335938e+01
8.055447387695312500e+01
9.944598388671875000e+01
6.893258666992187500e+01
9.600801086425781250e+01
9.871943664550781250e+01
9.982559204101562500e+01
7.204382324218750000e+01
9.968341064453125000e+01
7.597904968261718750e+01
9.705925750732421875e+01
9.530703735351562500e+01
9.640800476074218750e+01
9.982963562011718750e+01
9.938952636718750000e+01
3.311465454101562500e+01
9.790790557861328125e+01
9.814096069335937500e+01
9.662039184570312500e+01
9.525769042968750000e+01
6.163906860351562500e+01
9.916026306152343750e+01
9.589367675781250000e+01
7.843822479248046875e+01
6.165567779541015625e+01
8.680771636962890625e+01
9.821689605712890625e+01
5.838522338867187500e+01
3.439295578002929688e+01
9.964420318603515625e+01
9.892936706542968750e+01
9.913662719726562500e+01
9.963385009765625000e+01
9.985420227050781250e+01
9.754972839355468750e+01
9.257878112792968750e+01
7.082644653320312500e+01
8.664759063720703125e+01
9.153057861328125000e+01
9.356056976318359375e+01
9.873779296875000000e+01
9.980197906494140625e+01
9.989044189453125000e+01
9.927243804931640625e+01
9.754652404785156250e+01
8.974703216552734375e+01
9.932622528076171875e+01
9.715552520751953125e+01
7.800657749176025391e+00
9.811775207519531250e+01
9.937246704101562500e+01
9.010649871826171875e+01
9.527277374267578125e+01
3.522549819946289062e+01
9.827367401123046875e+01
9.578093719482421875e+01
9.880033874511718750e+01
9.944887542724609375e+01
7.349492645263671875e+01
9.699018096923828125e+01
9.852276611328125000e+01
9.715311431884765625e+01
9.983386993408203125e+01
9.171988677978515625e+01
