0.242816,
0.273088,
0.24512,
0.313216,
0.275232,
0.353408,
0.292064,
0.241728,
0.4168,
0.363872,
0.322848,
0.317792,
0.321248,
0.317184,
0.338784,
0.368448,
0.394848,
0.299488,
0.473152,
0.309792,
0.391488,
0.301408,
0.313536,
0.346496,
0.246528,
0.322016,
0.304576,
0.409184,
0.416416,
0.409952,
0.320544,
0.274912,
0.246272,
0.315552,
0.285568,
0.366048,
0.267392,
0.39072,
0.249664,
0.318912,
0.493312,
0.318976,
0.325408,
0.36,
0.280896,
0.340512,
0.265536,
0.262496,
0.389184,
0.295264,
2.621788,
0.35488,
0.240032,
0.293152,
0.307424,
0.32928,
0.256736,
0.292544,
0.2768,
0.651936,
0.271744,
0.292768,
0.420416,
0.337888,
0.259296,
0.260544,
0.312416,
0.369632,
0.229952,
0.351616,
0.256096,
0.308928,
0.377952,
0.332352,
0.265888,
0.316192,
0.340192,
0.300128,
0.30784,
0.40032,
0.256864,
0.29632,
0.439136,
0.302144,
0.40896,
0.293536,
0.266656,
0.27632,
0.348064,
0.262112,
0.31568,
0.240864,
0.38432,
0.329568,
0.272096,
0.313536,
0.240768,
0.264896,
0.303232,
0.297184,
0.32448,
0.363712,
0.49344,
0.317152,
0.259552,
0.3232,
0.292224,
0.361792,
1.78445,
0.262176,
0.362496,
0.87312,
0.35936,
0.358464,
0.314432,
0.290912,
0.290496,
0.319456,
0.401888,
0.247488,
0.3504,
0.323488,
0.27424,
0.354112,
0.286272,
0.244864,
0.36304,
0.345696,
0.515488,
0.257632,
0.293984,
1.106112,
0.256928,
0.309216,
0.292576,
0.626144,
0.249056,
0.283008,
0.328384,
0.241248,
0.41056,
0.29664,
0.30416,
0.890912,
0.289728,
0.319264,
0.39104,
0.270944,
0.335456,
0.264,
0.289184,
0.23888,
0.24272,
0.28688,
0.368576,
0.245056,
2.645182,
0.36688,
0.372064,
0.240768,
0.311424,
0.255904,
0.273376,
0.44288,
0.263616,
0.293376,
0.279744,
0.597088,
0.327264,
0.302432,
0.246816,
0.248352,
0.328672,
0.277248,
0.27216,
0.328576,
0.250048,
0.269504,
0.245216,
0.270944,
0.27344,
0.354368,
0.264544,
0.314432,
0.475104,
0.30848,
0.262176,
0.329952,
0.342016,
0.317024,
0.262592,
0.247424,
0.412736,
0.341408,
0.261728,
0.340256,
0.250016,
0.29744,
0.244224,
0.232512,
0.326048,
0.305248,
0.303136,
0.286752,
0.269728,
0.255136,
0.2976,
0.231392,
0.40528,
0.562048,
0.305472,
0.259072,
0.254336,
0.405376,
0.247936,
0.248352,
0.241856,
0.251744,
0.314336,
0.288864,
0.342816,
0.241504,
0.27408,
0.252864,
0.325344,
0.264448,
0.335968,
0.253568,
0.251104,
0.324832,
0.285216,
0.300608,
0.336576,
0.396192,
0.314112,
0.244704,
0.329408,
0.361056,
0.336032,
0.269696,
0.394688,
0.256416,
0.31584,
0.336704,
0.261856,
0.253856,
0.327328,
0.358336,
0.447136,
0.52784,
0.295744,
0.254624,
0.266464,
0.301984,
0.314816,
0.276576,
0.278368,
0.31296,
0.24112,
0.24928,
0.249664,
0.264192,
0.3448,
0.291392,
0.34624,
0.440608,
0.273408,
0.27008,
0.443456,
0.294912,
0.311776,
0.2504,
0.286496,
0.291808,
0.263552,
0.238752,
0.31056,
0.30784,
0.411072,
0.2832,
0.281216,
0.437632,
0.340864,
0.514336,
0.302016,
0.374112,
0.453312,
0.296992,
0.327456,
0.339136,
0.235968,
0.325344,
0.305344,
0.334816,
0.270272,
0.248928,
0.335072,
0.332608,
0.300096,
0.261856,
0.295936,
0.263136,
0.363008,
0.240416,
0.247328,
0.40624,
0.376192,
0.269248,
0.252256,
0.294144,
0.273536,
0.407264,
0.298912,
0.333024,
0.280448,
0.255488,
0.348,
0.347264,
0.448128,
0.358784,
0.282688,
0.36784,
0.322432,
0.322112,
0.280096,
0.28864,
0.383808,
0.271104,
0.307648,
0.395072,
0.354144,
0.302784,
0.280576,
0.267168,
0.336384,
0.321632,
0.24848,
0.238464,
0.303648,
0.300768,
0.360576,
0.390592,
0.281888,
0.280672,
0.554432,
0.275136,
0.2744,
0.241536,
0.256064,
0.309664,
0.25728,
0.291072,
0.268928,
0.337376,
0.40176,
0.429792,
0.256224,
0.32528,
0.479072,
0.25776,
0.295424,
0.257152,
0.28192,
0.373248,
0.252928,
0.383872,
0.245216,
0.5424,
0.426336,
0.242752,
0.33616,
0.396032,
0.241088,
0.352,
0.317248,
0.265216,
0.239616,
0.242912,
0.286912,
0.260064,
0.36912,
5.243772,
0.311392,
0.595776,
0.413504,
0.303104,
0.390976,
0.257376,
0.309056,
0.315776,
0.408608,
0.656,
0.348032,
0.372384,
0.283648,
0.29264,
0.238112,
0.24608,
0.258848,
0.275488,
0.248096,
0.6464,
0.245888,
0.340448,
0.270944,
0.23904,
0.256672,
0.344128,
0.258272,
0.306496,
0.26352,
0.261824,
0.471104,
0.3904,
0.314304,
0.24256,
0.384096,
0.24192,
0.28096,
0.350112,
0.257632,
0.45008,
0.369984,
0.25904,
0.272096,
0.245792,
0.257728,
0.37232,
0.334112,
0.404416,
0.278464,
0.361056,
0.258464,
0.281024,
0.293184,
0.3384,
0.306144,
0.50128,
0.2864,
0.261184,
0.247616,
0.286112,
0.494112,
0.254848,
0.282048,
0.284736,
0.292832,
0.379488,
0.35168,
0.298336,
0.245536,
0.263808,
0.267552,
0.315872,
0.322496,
0.28464,
0.40512,
0.31616,
0.414976,
0.283392,
0.273024,
0.319776,
0.249952,
0.336992,
0.358144,
0.260672,
0.258208,
0.286528,
0.244224,
0.291104,
0.442752,
0.280864,
0.47904,
0.244864,
0.38512,
0.262336,
0.25968,
0.389152,
0.31856,
0.28128,
0.307424,
0.306048,
0.317312,
0.288128,
0.320512,
0.26096,
0.28448,
0.26368,
0.267392,
0.263488,
0.464224,
0.287328,
0.261408,
0.282016,
0.27152,
0.282336,
0.344736,
0.314112,
0.30896,
0.35536,
0.29728,
0.305632,
0.254816,
0.330528,
0.245088,
0.505728,
0.274432,
0.301504,
0.38928,
0.244096,
0.310816,
0.416672,
0.292544,
0.27392,
0.361792,
0.265312,
0.416992,
0.376832,
0.605312,
0.354624,
0.257184,
0.332512,
0.246656,
0.240096,
0.624864,
0.409696,
0.342624,
0.287904,
0.307328,
0.28032,
0.303072,
0.349568,
0.284352,
0.477888,
0.333408,
0.246624,
0.26128,
0.247104,
0.283648,
0.31232,
0.249536,
0.334912,
0.27872,
0.313536,
0.308192,
0.318752,
0.33216,
0.31408,
0.248384,
0.288672,
0.258976,
0.282336,
0.24816,
0.375232,
0.340256,
0.259712,
0.360896,
0.337696,
0.404736,
0.313088,
0.295328,
0.354464,
2.88403,
0.44512,
0.332256,
0.330432,
0.377696,
0.366816,
0.339008,
2.672578,
0.322336,
0.256608,
0.238176,
0.346656,
0.549344,
1.183044,
0.290784,
0.346784,
0.293792,
0.359072,
0.395168,
0.305376,
0.366976,
0.279488,
0.240704,
0.249216,
0.29264,
0.235936,
0.31104,
0.240608,
0.358304,
0.278752,
0.373408,
0.281088,
0.344448,
0.294496,
0.24128,
0.310784,
0.256768,
0.24512,
0.30704,
0.491008,
0.281088,
0.304896,
0.278016,
0.253536,
0.260416,
0.254656,
0.332384,
0.325344,
0.253472,
0.24624,
0.451904,
0.366944,
0.292512,
0.273376,
0.432448,
0.354144,
0.312448,
0.262496,
0.30336,
0.296448,
0.287104,
0.273152,
0.317344,
0.392384,
0.251424,
0.334208,
0.24992,
0.252864,
0.248096,
0.236544,
0.332,
0.338976,
0.449088,
0.272768,
0.396,
0.23328,
0.26448,
0.33552,
0.349984,
0.261184,
0.357312,
0.252736,
0.231872,
0.342944,
0.341696,
0.3664,
0.358048,
0.303008,
0.332608,
0.409056,
0.607712,
0.292128,
0.265504,
0.263168,
0.432096,
0.273184,
0.274432,
0.287904,
0.406592,
0.281184,
0.244768,
0.311968,
0.308896,
0.32816,
0.253728,
0.26864,
0.314784,
0.3144,
0.265696,
0.32,
0.433568,
0.254848,
0.307264,
0.23984,
0.306336,
0.254528,
0.32608,
0.557504,
0.319104,
0.413696,
0.245696,
0.327712,
0.23952,
0.324704,
0.361664,
0.311872,
0.282464,
0.36016,
0.302208,
0.285984,
0.285664,
0.327264,
0.456512,
0.40144,
0.38976,
0.3472,
0.344384,
0.35264,
0.27936,
0.279872,
0.298048,
0.303776,
0.46208,
0.25376,
0.626656,
0.235232,
0.338656,
0.254592,
0.340864,
0.290848,
0.320096,
0.262272,
0.316864,
0.595584,
0.387136,
0.25776,
0.332,
0.2712,
0.27008,
0.791072,
0.315776,
0.361344,
0.296704,
0.24256,
0.292192,
0.336864,
0.249088,
0.317344,
0.242592,
0.51808,
0.242784,
0.273024,
0.262592,
0.311296,
0.33664,
0.334496,
0.258592,
0.269536,
0.380416,
0.260768,
0.276256,
0.31648,
0.51248,
0.373312,
0.233312,
0.31248,
0.435904,
0.267744,
0.259776,
0.258688,
0.703104,
0.275488,
0.31472,
0.344,
0.2888,
0.320128,
0.509984,
0.364512,
1.724668,
0.397536,
0.332256,
0.360512,
0.25616,
0.579968,
0.387136,
0.331808,
0.345056,
0.305984,
0.250176,
0.23728,
0.376224,
0.320576,
0.458688,
0.280416,
0.575872,
0.376768,
0.302528,
0.48208,
0.320544,
0.331776,
0.3128,
0.447168,
0.284096,
0.338304,
0.439712,
0.31136,
0.34416,
1.801726,
0.29552,
0.257696,
0.247008,
0.2768,
0.251872,
