2.987840212881565094e-02
1.238400209695100784e-02
9.711998514831066132e-03
1.440960168838500977e-02
1.498240046203136444e-02
1.201599743217229843e-02
2.001280151307582855e-02
9.788800962269306183e-03
1.250240206718444824e-02
1.628799922764301300e-02
9.238398633897304535e-03
1.012799795717000961e-02
1.751039549708366394e-02
1.307519897818565369e-02
1.903039962053298950e-02
1.204480044543743134e-02
1.111999899148941040e-02
1.305919792503118515e-02
1.224959734827280045e-02
9.587199427187442780e-03
3.497600182890892029e-02
9.654401801526546478e-03
1.045439951121807098e-02
1.051519904285669327e-02
9.488001465797424316e-03
1.209280174225568771e-02
1.020159944891929626e-02
1.090560015290975571e-02
1.394880097359418869e-02
1.297279726713895798e-02
4.240640252828598022e-02
1.035199780017137527e-02
1.264639850705862045e-02
1.067200209945440292e-02
2.091839723289012909e-02
8.947202004492282867e-03
1.149759721010923386e-02
1.013759896159172058e-02
2.206719852983951569e-02
1.411840040236711502e-02
1.594880409538745880e-02
2.023679949343204498e-02
1.175679825246334076e-02
1.557759661227464676e-02
8.912000805139541626e-03
2.229439839720726013e-02
1.067200209945440292e-02
1.007360126823186874e-02
2.233599871397018433e-02
1.052480004727840424e-02
1.184320170432329178e-02
1.191999856382608414e-02
1.065600011497735977e-02
1.037119794636964798e-02
1.127039734274148941e-02
1.862079836428165436e-02
1.948159933090209961e-02
1.074879802763462067e-02
1.231680158525705338e-02
1.055680215358734131e-02
8.614399470388889313e-03
1.473920047283172607e-02
1.116479933261871338e-02
2.147839963436126709e-02
1.370880194008350372e-02
1.062400080263614655e-02
1.114880200475454330e-02
1.280640251934528351e-02
1.238719746470451355e-02
1.065600011497735977e-02
1.375680044293403625e-02
1.028800103813409805e-02
1.104320026934146881e-02
1.235520094633102417e-02
1.023680064827203751e-02
1.274880114942789078e-02
2.044160105288028717e-02
9.462402202188968658e-03
9.881601668894290924e-03
9.727997705340385437e-03
1.086079888045787811e-02
1.288000214844942093e-02
1.041920017451047897e-02
1.092799939215183258e-02
2.458240091800689697e-02
1.215999759733676910e-02
1.072320155799388885e-02
1.120640151202678680e-02
9.366398677229881287e-03
1.441279705613851547e-02
1.039359997957944870e-02
8.729598484933376312e-03
1.415999978780746460e-02
1.793279871344566345e-02
1.288639754056930542e-02
1.315839681774377823e-02
1.294079981744289398e-02
9.839998558163642883e-03
1.226560026407241821e-02
1.481920108199119568e-02
1.653120107948780060e-02
9.833600372076034546e-03
1.100800186395645142e-02
1.459839940071105957e-02
2.574399858713150024e-02
1.424959767609834671e-02
1.351679861545562744e-02
9.923201054334640503e-03
1.002879906445741653e-02
1.146239880472421646e-02
9.820798411965370178e-03
9.724797680974006653e-03
3.280640020966529846e-02
1.317440066486597061e-02
8.889599703252315521e-03
2.011200040578842163e-02
2.935359999537467957e-02
1.532160118222236633e-02
1.007679924368858337e-01
1.069759950041770935e-02
9.206402115523815155e-03
1.080319751054048538e-02
9.302398189902305603e-03
1.187520287930965424e-02
8.291199803352355957e-03
1.847359910607337952e-02
1.090879831463098526e-02
1.014719903469085693e-02
8.931200020015239716e-03
1.107839960604906082e-02
1.259200274944305420e-02
1.092480029910802841e-02
1.075200177729129791e-02
1.091199833899736404e-02
1.071680150926113129e-02
1.104320026934146881e-02
1.038399990648031235e-02
1.436480320990085602e-02
1.915840059518814087e-02
1.345919724553823471e-02
1.560000050812959671e-02
9.017598815262317657e-03
9.788800962269306183e-03
1.089599914848804474e-02
1.020059958100318909e-01
1.147520169615745544e-02
1.221439708024263382e-02
1.113280095160007477e-02
1.155519764870405197e-02
1.009919866919517517e-02
9.715198539197444916e-03
1.286400109529495239e-02
1.385280117392539978e-02
1.411840040236711502e-02
1.122560165822505951e-02
1.608319953083992004e-02
9.443200193345546722e-03
2.924480102956295013e-02
1.172479800879955292e-02
1.151360105723142624e-02
9.811198338866233826e-03
1.567680016160011292e-02
1.964480057358741760e-02
1.252160128206014633e-02
1.083519868552684784e-02
2.390399761497974396e-02
1.174079813063144684e-02
1.091519836336374283e-02
9.484799578785896301e-03
1.628479920327663422e-02
1.365760248154401779e-02
2.781439758837223053e-02
1.818879693746566772e-02
1.570559851825237274e-02
1.424959767609834671e-02
1.350719854235649109e-02
1.890560239553451538e-02
1.328000146895647049e-02
1.117759943008422852e-02
1.137919723987579346e-02
1.590399630367755890e-02
8.947202004492282867e-03
9.983999654650688171e-03
2.417599782347679138e-02
1.042240019887685776e-02
1.559680234640836716e-02
1.146880164742469788e-02
1.168000046163797379e-02
1.028479821979999542e-02
1.980480179190635681e-02
2.225280180573463440e-02
3.048960305750370026e-02
1.280640251934528351e-02
1.016319822520017624e-02
1.011840254068374634e-02
1.624959893524646759e-02
1.269439980387687683e-02
1.381120271980762482e-02
1.527039986103773117e-02
1.174079813063144684e-02
1.047359965741634369e-02
1.391999702900648117e-02
1.668480411171913147e-02
1.272959914058446884e-02
1.267839968204498291e-02
1.090879831463098526e-02
1.707840338349342346e-02
9.513597935438156128e-03
1.029760111123323441e-02
1.258559711277484894e-02
2.963520213961601257e-02
3.318079933524131775e-02
1.187520287930965424e-02
3.363200277090072632e-02
1.415040157735347748e-02
1.066880207508802414e-02
1.171520259231328964e-02
1.044800132513046265e-02
1.694079674780368805e-02
1.781760342419147491e-02
9.718400426208972931e-03
9.689601138234138489e-03
1.086399983614683151e-02
9.193601086735725403e-03
1.108800247311592102e-02
2.249919995665550232e-02
1.801920123398303986e-02
1.386880315840244293e-02
1.135359890758991241e-02
1.428160257637500763e-02
1.290880143642425537e-02
1.284159999340772629e-02
1.501729935407638550e-01
1.077119819819927216e-02
1.337280310690402985e-02
1.163839828222990036e-02
1.120640151202678680e-02
1.165439747273921967e-02
8.796798065304756165e-03
2.018560096621513367e-02
9.766397997736930847e-03
1.725760102272033691e-02
1.361279934644699097e-02
1.226560026407241821e-02
1.156799867749214172e-02
1.223680004477500916e-02
1.462399680167436600e-02
1.172159984707832336e-02
1.155519764870405197e-02
1.247679907828569412e-02
1.098880171775817871e-02
1.682880334556102753e-02
1.255040150135755539e-02
1.312320120632648468e-02
8.822401985526084900e-03
1.147520169615745544e-02
