2.128931999206542969e+00
4.382927703857421875e+01
4.722404479980468750e+01
4.111981201171875000e+01
4.856751251220703125e+01
7.956922912597656250e+01
6.635858154296875000e+01
4.221357345581054688e+01
4.802700424194335938e+01
4.310233688354492188e+01
3.053074073791503906e+01
4.707779312133789062e+01
4.823410034179687500e+01
5.118266677856445312e+01
7.408093261718750000e+01
4.317602157592773438e+01
6.532302856445312500e+01
4.239217376708984375e+01
1.836083984375000000e+01
6.958011627197265625e+01
4.306692886352539062e+01
4.238504791259765625e+01
6.794810485839843750e+01
6.099649810791015625e+01
4.726161193847656250e+01
3.236309051513671875e+01
4.622065353393554688e+01
4.402721405029296875e+01
4.013313674926757812e+01
2.363833427429199219e+01
2.075644969940185547e+00
3.802859497070312500e+01
7.783119201660156250e+01
5.354230499267578125e+01
4.157401657104492188e+01
2.061135101318359375e+01
4.972389221191406250e+01
4.804103469848632812e+01
5.983403778076171875e+01
4.747191238403320312e+01
5.205025482177734375e+01
5.508393859863281250e+01
3.841241836547851562e+01
4.976279449462890625e+01
5.435589218139648438e+01
4.228992080688476562e+01
4.206487274169921875e+01
4.423006820678710938e+01
7.467377471923828125e+01
4.945244216918945312e+01
4.707075500488281250e+01
4.280990219116210938e+01
3.188850784301757812e+01
4.676726913452148438e+01
4.156789398193359375e+01
4.463056945800781250e+01
4.381757736206054688e+01
4.306487655639648438e+01
4.444742202758789062e+01
4.019297409057617188e+01
6.610826110839843750e+01
4.463056945800781250e+01
4.736142730712890625e+01
3.403223800659179688e+01
4.067604446411132812e+01
4.972389221191406250e+01
4.151402282714843750e+01
6.025023269653320312e+01
6.491245269775390625e+01
2.294955015182495117e+00
7.919184875488281250e+01
7.919184875488281250e+01
3.715425109863281250e+01
4.800154495239257812e+01
4.854844665527343750e+01
5.899145507812500000e+01
4.610245132446289062e+01
4.005274581909179688e+01
4.932910537719726562e+01
4.151792526245117188e+01
4.315253448486328125e+01
8.703871154785156250e+01
3.998314285278320312e+01
2.952492523193359375e+01
7.262899017333984375e+01
5.983403778076171875e+01
3.883489227294921875e+01
4.144498443603515625e+01
4.365231704711914062e+01
4.475821685791015625e+01
4.535751724243164062e+01
3.148473930358886719e+01
4.109110641479492188e+01
4.060442352294921875e+01
2.381855964660644531e+00
3.138582992553710938e+01
4.029698562622070312e+01
3.987343978881835938e+01
3.303755187988281250e+01
5.457248687744140625e+01
3.938283538818359375e+01
4.470547866821289062e+01
3.817675781250000000e+01
4.089508819580078125e+01
4.077762222290039062e+01
4.749071502685546875e+01
4.336677551269531250e+01
4.322406768798828125e+01
5.466048431396484375e+01
4.168874740600585938e+01
4.199589920043945312e+01
5.041296005249023438e+01
2.201379060745239258e+00
6.967809295654296875e+01
4.174226760864257812e+01
4.078555679321289062e+01
4.189205551147460938e+01
4.874100112915039062e+01
3.486436462402343750e+01
3.977293777465820312e+01
5.083308410644531250e+01
4.119025421142578125e+01
5.776569366455078125e+01
4.147784423828125000e+01
7.844050598144531250e+01
4.036985778808593750e+01
2.996928977966308594e+01
3.134625625610351562e+01
2.342242956161499023e+00
5.018643569946289062e+01
4.741791915893554688e+01
2.510318756103515625e+01
5.766964340209960938e+01
4.317560958862304688e+01
3.511288833618164062e+01
5.001171112060546875e+01
4.006436920166015625e+01
4.270700073242187500e+01
6.387506103515625000e+01
4.887136459350585938e+01
4.034781265258789062e+01
5.857350540161132812e+01
3.823318862915039062e+01
4.656286621093750000e+01
3.280889129638671875e+01
3.961081314086914062e+01
4.305221939086914062e+01
4.940363311767578125e+01
4.067975234985351562e+01
5.791468048095703125e+01
4.021543121337890625e+01
4.558139801025390625e+01
2.028220891952514648e+00
4.158440780639648438e+01
6.280745315551757812e+01
4.294845581054687500e+01
4.088511657714843750e+01
5.513830947875976562e+01
4.358185958862304688e+01
6.100572204589843750e+01
4.325202560424804688e+01
5.314457321166992188e+01
4.589529418945312500e+01
2.415561914443969727e+00
4.117401123046875000e+01
2.162182092666625977e+00
5.849869918823242188e+01
4.667402648925781250e+01
4.261480712890625000e+01
7.680157470703125000e+01
4.087634277343750000e+01
1.982353401184082031e+01
4.572584915161132812e+01
4.123558807373046875e+01
4.469764328002929688e+01
5.854639053344726562e+01
4.743325042724609375e+01
6.967364501953125000e+01
4.490136337280273438e+01
5.299673843383789062e+01
4.551358413696289062e+01
3.916832351684570312e+01
5.810451889038085938e+01
4.566337966918945312e+01
8.197779083251953125e+01
4.390751266479492188e+01
4.200545120239257812e+01
5.383433151245117188e+01
2.139081954956054688e+00
2.907205581665039062e+01
3.537199401855468750e+01
4.559411621093750000e+01
4.225132369995117188e+01
4.194008636474609375e+01
5.679429244995117188e+01
4.372116470336914062e+01
4.850477981567382812e+01
4.419682312011718750e+01
2.809922409057617188e+01
4.683258819580078125e+01
7.536740112304687500e+01
4.158093643188476562e+01
7.642558288574218750e+01
3.861225509643554688e+01
7.848708343505859375e+01
7.117139434814453125e+01
2.039101409912109375e+01
4.488893508911132812e+01
6.077127075195312500e+01
5.962700271606445312e+01
4.088174438476562500e+01
3.262427520751953125e+01
3.786621093750000000e+01
6.347927474975585938e+01
7.160482788085937500e+01
9.424520111083984375e+01
4.565647888183593750e+01
3.993949890136718750e+01
4.688363265991210938e+01
4.560419464111328125e+01
3.278548049926757812e+01
6.081225967407226562e+01
4.328089904785156250e+01
3.645824432373046875e+01
2.259320020675659180e+00
1.601025009155273438e+01
4.313232421875000000e+01
4.178794097900390625e+01
2.094229936599731445e+00
5.201022338867187500e+01
3.914510726928710938e+01
4.960916137695312500e+01
4.398782348632812500e+01
4.179980850219726562e+01
4.796497344970703125e+01
4.196740341186523438e+01
4.664744949340820312e+01
7.941136169433593750e+01
4.306487655639648438e+01
3.650725555419921875e+01
4.026072311401367188e+01
2.231093883514404297e+00
4.117830276489257812e+01
3.401466751098632812e+01
3.319901275634765625e+01
3.806135559082031250e+01
4.708973693847656250e+01
3.265173721313476562e+01
6.054494094848632812e+01
4.932577514648437500e+01
4.812005233764648438e+01
4.224236679077148438e+01
4.268239593505859375e+01
5.809075164794921875e+01
4.621717071533203125e+01
3.830448150634765625e+01
