9.412372857332229614e-02
9.799752384424209595e-02
8.804421871900558472e-02
8.842314779758453369e-02
9.401784092187881470e-02
9.557466953992843628e-02
8.931417763233184814e-02
8.709609508514404297e-02
9.335360676050186157e-02
8.530516922473907471e-02
8.596922457218170166e-02
1.439645439386367798e-01
8.825136721134185791e-02
8.349646627902984619e-02
1.098268628120422363e-01
1.133580505847930908e-01
8.421249687671661377e-02
1.493545472621917725e-01
8.144219219684600830e-02
8.250334858894348145e-02
1.519404351711273193e-01
1.176847666501998901e-01
8.734234422445297241e-02
9.171224385499954224e-02
9.479633718729019165e-02
1.106738895177841187e-01
9.433544427156448364e-02
1.181455925107002258e-01
9.575446695089340210e-02
1.200242340564727783e-01
1.239562332630157471e-01
1.120594516396522522e-01
8.930480480194091797e-02
9.884379804134368896e-02
8.227393776178359985e-02
1.347402781248092651e-01
7.883273065090179443e-02
7.907899469137191772e-02
9.876481443643569946e-02
9.885068237781524658e-02
1.415265202522277832e-01
1.026590317487716675e-01
1.134751588106155396e-01
8.667153120040893555e-02
1.064922660589218140e-01
1.041028127074241638e-01
7.659947872161865234e-02
8.296085894107818604e-02
8.898264914751052856e-02
9.697858989238739014e-02
8.741463720798492432e-02
8.900447934865951538e-02
1.085095331072807312e-01
9.016548097133636475e-02
8.919952064752578735e-02
1.108308956027030945e-01
8.913129568099975586e-02
8.542998135089874268e-02
1.059044450521469116e-01
1.193882673978805542e-01
9.308403730392456055e-02
9.301602095365524292e-02
8.241267502307891846e-02
9.609021246433258057e-02
