86.7787,
7.59212,
0.883078,
2.25424,
0.0983424,
0.47793,
0.961654,
0.0642304,
158.893,
26.2925,
0.884554,
1.28638,
0.670576,
2.67338,
3.09368,
0.441648,
1.00607,
0.0782528,
0.443219,
6.03618,
1.30246,
2.9634,
0.209187,
0.976771,
0.597878,
2.0867,
2.17217,
5.3996,
2.78386,
0.0860768,
8.61996,
1.18591,
9.8434,
28.7654,
0.898528,
1.53263,
0.337856,
0.082992,
0.794477,
7.35959,
0.221203,
0.155814,
0.0720992,
3.37407,
1.02668,
1.22531,
0.539059,
2.99856,
0.108118,
1.44132,
10.1521,
0.0871776,
2.98057,
2.69418,
0.155933,
3.88725,
0.106586,
5.79253,
0.132051,
4.07694,
13.6127,
3.47493,
0.221075,
0.105056,
1.79062,
0.320285,
7.35082,
22.2987,
2.70109,
24.6997,
1190.78,
5.93872,
0.150272,
592.782,
3.29295,
114.1,
0.721984,
0.446406,
0.0383072,
0.396429,
29.5604,
1.32651,
1.82994,
0.313376,
2.18332,
9.09604,
0.171114,
0.343613,
12.0346,
0.40905,
0.778202,
0.30752,
25.6312,
0.550413,
0.114816,
19.9238,
2.66215,
12.8595,
1.06654,
4.53734,
1.76212,
15.133,
4.35676,
0.510179,
13.068,
0.919238,
0.663629,
18.7235,
52.6324,
1.10826,
2.84057,
4.66036,
15.066,
3.07274,
0.061152,
0.526333,
0.0781632,
1.08394,
4.88466,
0.31039,
5.0257,
6.63024,
2.67803,
31.8647,
0.198566,
6.55005,
4.31466,
9.54249,
0.838832,
0.409693,
3.07418,
0.22961,
7.37352,
38.4404,
0.210528,
0.182922,
2.47826,
1.80181,
0.16265,
0.541216,
2.33038,
12.6737,
0.210653,
13.4093,
0.775955,
1.06876,
2.10721,
0.250378,
0.062848,
8.04409,
0.24632,
0.460112,
8.32477,
0.120602,
3.002,
30.1224,
15.7471,
115.983,
0.890384,
0.0817696,
0.148029,
3.89464,
16.5398,
0.148413,
4.22271,
0.144982,
0.103664,
185.37,
1.48789,
0.0380768,
1.62966,
0.715645,
0.206307,
0.244269,
0.0584064,
6.61607,
9.59036,
54.3655,
5.25888,
17.4198,
0.186746,
0.044816,
1.28357,
6.91021,
29.2975,
0.736864,
7.93127,
0.0561504,
2.37893,
21.0944,
57.8809,
143.061,
3.15692,
0.230915,
41.8122,
0.0843136,
5.10074,
1.22114,
54.6325,
0.339338,
0.234381,
0.28367,
0.164582,
1.08737,
0.283763,
0.279494,
0.549725,
17.8022,
0.936288,
3.41279,
55.8147,
0.42224,
0.0659456,
0.775968,
1.08942,
19.2593,
2.33343,
1.69628,
0.0529376,
0.13521,
1.72103,
0.34057,
0.644438,
29.5831,
0.542966,
3.57989,
0.0497952,
175.636,
0.263702,
7.69059,
0.223696,
28.7647,
1.08331,
0.0680064,
19.4846,
0.404086,
302.353,
43.6134,
3.98798,
40.4806,
14.3261,
1.17694,
60.8796,
0.191366,
0.254758,
0.675997,
2.05183,
3.62903,
33.1778,
0.287645,
0.0967808,
4.29956,
11.0644,
0.832368,
2.06101,
0.0873056,
0.0909728,
0.49129,
0.316122,
0.311341,
1.43833,
0.998912,
2.69627,
9.36571,
0.461651,
0.0898912,
1.22779,
38.5061,
1.26698,
58.9345,
0.238995,
1.48113,
0.29401,
8.33702,
1.18994,
2.94225,
0.0699232,
1.34659,
49.8845,
0.325472,
0.873062,
0.206115,
0.222042,
10.0227,
1.17871,
0.572915,
0.385949,
66.5638,
0.202301,
3.31268,
1.46932,
1.38151,
47.5182,
11.8607,
0.163917,
3.00529,
25.215,
12.3036,
2.79767,
10.4967,
1.1467,
0.61049,
0.662022,
0.601818,
0.0807808,
0.730227,
0.106291,
0.121142,
9.41384,
0.581955,
0.079792,
8.74959,
11.5805,
1.02663,
8.91235,
0.542966,
1.05464,
1.5278,
0.286461,
1.78685,
0.055552,
13.9824,
20.7091,
2.1037,
3.64565,
0.129322,
1.73769,
0.301171,
15.5745,
1.07373,
0.0504096,
3.2361,
0.0560288,
15.3124,
27.1257,
9.84164,
0.69345,
4.65146,
0.0781312,
4.69344,
0.642314,
0.952435,
1.12301,
14.6066,
19.386,
2.16633,
6.31138,
0.580624,
3.05807,
0.737402,
0.0851424,
0.358906,
11.2839,
1.04858,
149.881,
4.10729,
0.95657,
2.67071,
28.9315,
0.746963,
7.54379,
115.843,
5.21266,
2.42504,
115.758,
0.0618976,
0.0995008,
33.6217,
0.266886,
0.316208,
8.36882,
0.133018,
30.611,
1.71884,
0.0451488,
9.36171,
0.536678,
0.216221,
0.0939456,
0.160774,
9.08537,
9.91769,
21.9391,
2.45702,
1.5091,
12.2354,
38.2343,
9.42264,
23.7758,
2.64965,
23.1633,
7.14481,
2.02116,
0.312237,
13.2496,
13.6111,
0.18241,
0.660931,
13.3153,
0.225971,
0.064176,
1.0641,
0.138122,
1.33939,
6.2234,
0.737178,
47.5953,
7.34765,
0.53521,
0.603286,
0.107437,
0.094528,
0.197546,
5.88142,
52.3859,
1.00184,
0.626541,
0.64537,
32.8084,
34.3699,
1.52144,
1.89468,
0.100102,
3.01566,
0.0785696,
0.061344,
0.101837,
3.68444,
0.0821376,
10.257,
4.18806,
72.7146,
1.05833,
1.29205,
1.14478,
6.92809,
4.47243,
12.7393,
65.3402,
1.42011,
0.801354,
0.19185,
0.300662,
0.053616,
3.62366,
0.0950368,
0.261155,
30.9275,
1.0409,
910.09,
0.251645,
0.355629,
4.64925,
41.9773,
0.39481,
0.0502016,
1.96241,
10.1596,
11.8409,
2.79333,
7.9443,
0.591053,
1.53411,
8.51599,
38.2316,
0.531261,
99.6635,
0.385891,
23.3177,
0.457059,
28.5162,
1.75022,
0.96095,
2.36516,
0.368365,
0.245408,
515.85,
1.4914,
13.4827,
0.23185,
25.0032,
3.05573,
1.43348,
0.498778,
0.681536,
0.143699,
2.8574,
23.0144,
26.1528,
1.01419,
2.11665,
2.17637,
9.7377,
0.494662,
0.224403,
0.835408,
0.688198,
0.0542688,
0.817488,
58.2773,
3.41863,
5.54525,
0.391853,
0.108282,
75.0636,
0.7012,
1.96755,
0.408042,
0.349779,
1.01381,
5.54043,
3.1516,
11.7264,
0.354298,
13.5026,
752.599,
0.723254,
1.43759,
34.1263,
0.577914,
1.21916,
22.4702,
5.88322,
3.3635,
3.95935,
0.10728,
28.0968,
12.1995,
4.09551,
0.126976,
0.106035,
0.55248,
1.35479,
1.46172,
9.03511,
29.6336,
0.489536,
0.288797,
0.461587,
1.99515,
30.6405,
2.03981,
0.134922,
0.874806,
9.0107,
0.478042,
0.0669248,
0.39257,
7.27833,
2.45721,
0.0705184,
5.69649,
84.7689,
9.70591,
6.79566,
0.870733,
14.237,
3.1982,
19.595,
9.05416,
1.53159,
0.621811,
0.98968,
6.64364,
44.9325,
0.110666,
0.548707,
0.556909,
0.176643,
4.22437,
104.512,
1.86654,
6.55431,
0.04144,
1.06653,
0.122806,
1.64502,
0.164768,
0.30816,
0.501517,
15.7701,
2.2653,
13.7435,
0.243757,
1.06824,
10.0264,
0.0970272,
0.123184,
0.0541344,
2.73197,
0.220963,
17.035,
3.06375,
10.1544,
0.557373,
0.197584,
15.4894,
11.4458,
0.22319,
0.516093,
0.431846,
3.07007,
12.0374,
12.3397,
13.493,
3.37574,
0.606707,
64.8563,
82.1539,
30.8302,
116.229,
0.19553,
23.5034,
1.25174,
0.139891,
48.9931,
41.9519,
5.95456,
0.138422,
1.14578,
39.5732,
9.443,
36.706,
0.102275,
12.852,
0.718358,
1.06803,
0.227965,
13.5692,
1.28205,
2.10149,
0.49,
23.5816,
12.0119,
5.56512,
0.0967936,
0.107706,
0.291085,
0.281485,
177.203,
0.106797,
0.974179,
3.57668,
10.9973,
79.0877,
2.15906,
0.186317,
0.373635,
0.932656,
115.063,
0.387219,
0.0532832,
20.8861,
1.65411,
0.378669,
39.1183,
2.72432,
0.644611,
0.224214,
0.503629,
4.73003,
4.76975,
0.0841984,
0.215958,
5.84555,
0.129642,
10.7589,
6.41639,
24.2761,
87.0885,
3.43224,
0.80031,
12.977,
2.77381,
1.05059,
0.615878,
59.6829,
0.123654,
2.27626,
5.77844,
0.93552,
7.48859,
1.44092,
0.090976,
48.2529,
0.129942,
0.877414,
0.700163,
4.32633,
0.763939,
6.39262,
2.89021,
0.454534,
1.41021,
11.7108,
18.4076,
4.46529,
16.247,
2.8702,
0.0998112,
14.1233,
0.0720704,
14.5043,
2.45139,
183.124,
0.19135,
2.79006,
1.24102,
1.48997,
7.47717,
4.07934,
0.408835,
0.10607,
0.347363,
0.673328,
0.286189,
38.6073,
20.8887,
4.44619,
110.624,
0.320371,
52.9404,
45.0266,
0.700413,
10.0434,
89.4563,
43.6111,
0.434352,
0.203072,
1.303,
2.25271,
0.07336,
13.8405,
1.67736,
19.6081,
0.507386,
2.92712,
3.06484,
0.381181,
2.49212,
18.3126,
10.3505,
0.531018,
0.302416,
3.33241,
0.0848224,
1.46826,
1.742,
1.3458,
6.21281,
0.135786,
0.257856,
8.99634,
4.15952,
2.62662,
0.681034,
50.4656,
0.427782,
0.0664864,
1.79155,
19.3335,
3.84299,
0.874906,
5.95124,
0.849984,
0.073888,
0.0562432,
0.141494,
12.5125,
18.1458,
0.41559,
8.82596,
62.2454,
17.8617,
48.6859,
0.276006,
0.577728,
158.043,
37.0889,
265.021,
2.00684,
0.193565,
2.94906,
0.086784,
34.3641,
1.92118,
0.67985,
4.88726,
16.7272,
0.613706,
1.09724,
4.9489,
5.74336,
7.13585,
3.69645,
11.4157,
0.567005,
9.04643,
0.326122,
0.131526,
146.35,
2.12259,
0.0993472,
0.712579,
41.8405,
15.3982,
0.0852992,
1.26344,
7.3813,
0.521238,
1.45794,
0.0951296,
0.32552,
1.10253,
3.28869,
0.371862,
0.933216,
1.10684,
79.5487,
0.226288,
1.40722,
1.7261,
6.37406,
0.197632,
0.254426,
0.668048,
0.336826,
0.265965,
1.01972,
0.24272,
0.666086,
0.476963,
96.7794,
5.20752,
0.333619,
2.98824,
544.1,
0.485878,
0.103658,
0.054688,
0.360624,
0.0836288,
3.81988,
0.0786912,
0.227741,
2.31836,
95.5431,
4.46638,
0.213005,
0.479843,
2.60457,
0.221779,
5.49056,
2.22766,
1.87405,
230.321,
0.183424,
0.192355,
0.236858,
0.827274,
4.9983,
0.487629,
5.51282,
0.307798,
10.5096,
0.994256,
1.90707,
2.47843,
2.4114,
51.0073,
1.8198,
34.9846,
1.57493,
0.85735,
5.05031,
2.20091,
47.3698,
0.242182,
1.35441,
0.0770336,
0.852554,
0.094272,
130.409,
9.49111,
3.93996,
2.45154,
47.4645,
52.7596,
33.8638,
8.02972,
0.852986,
0.87831,
5.42695,
1.41509,
3.56488,
8.28457,
16.7838,
0.487133,
0.121984,
1.1775,
19.8342,
1.64184,
2.39517,
3.15124,
1.07622,
229.103,
72.3284,
3.27964,
0.570806,
46.431,
0.167222,
0.174054,
46.8028,
41.4209,
8.59428,
24.461,
9.27158,
54.43,
1.98789,
0.464493,
127.511,
50.3191,
0.666707,
0.477667,
50.2118,
236.643,
0.111834,
0.546832,
0.126691,
5.00556,
17.8907,
0.510058,
0.0733952,
5.19977,
42.3984,
0.286899,
423.224,
3.36496,
16.2284,
0.277424,
1.73033,
0.21321,
0.837488,
11.9154,
20.6715,
3.52266,
0.515197,
160.956,
91.2376,
1277.98,
1.5693,
4.45322,
7.83501,
0.114016,
7.50865,
40.2023,
0.109043,
0.181683,
0.360675,
35.442,
0.248202,
23.8302,
0.953354,
50.2929,
77.6012,
116.151,
0.266147,
3.95293,
0.80599,
0.729078,
19.1222,
2.23416,
0.43505,
1.26565,
0.0610304,
10.1554,
0.106957,
0.409472,
264.636,
0.195904,
0.10143,
0.132157,
0.0676096,
1.11515,
5.95527,
2.55509,
0.0489184,
0.117834,
15.805,
1.04504,
0.544838,
11.8424,
0.266966,
8.82714,
6.28324,
0.539574,
1.46558,
7.86346,
9.3737,
1.19226,
2.35423,
0.25967,
0.381408,
36.2029,
0.519312,
0.207219,
58.2042,
2.25176,
27.5598,
115.91,
52.1219,
0.31912,
0.155904,
47.7943,
0.980173,
0.244288,
7.26964,
15.4838,
0.573891,
5.0826,
4.16169,
0.146058,
0.215984,
1.93982,
77.7686,
0.0734528,
25.6106,
2.12955,
16.1919,
0.122208,
0.208678,
0.664147,
1.24044,
112.926,
2.90071,
41.9898,
1.05601,
1.10009,
0.898051,
75.7664,
30.8318,
0.340886,
1.56011,
31.099,
4.97648,
6.15635,
0.285638,
1.85208,
28.8529,
1369.16,
4.88421,
35.0345,
1.25658,
2.26051,
1.83044,
1.05889,
2.55581,
6.02894,
2.5394,
6.66334,
91.5306,
0.310413,
1485.89,
64.3475,
1.16266,
6.1692,
4.76996,
5.21313,
1.74638,
196.638,
2.53705,
1.01497,
1.73049,
0.829962,
4.45286,
14.4369,
33.2221,
0.102368,
0.282323,
62.3079,
3.80314,
0.21337,
0.0601408,
30.6335,
2.35351,
3.02522,
5.23093,
36.4846,
396.13,
0.895597,
0.241696,
0.155862,
0.454554,
1.3639,
87.4102,
28.7759,
0.386083,
15.2646,
1.96756,
0.142509,
6.88155,
3.9393,
0.0394464,
0.0973728,
17.2928,
0.379808,
19.325,
0.476688,
55.0375,
6.11485,
1.78702,
0.20287,
4.78018,
1.11626,
1139.03,
1.85585,
1.22418,
13.0577,
0.382528,
0.50897,
173.399,
0.912573,
22.7771,
14.6369,
44.1459,
0.806378,
57.345,
0.300982,
11.0267,
3.56172,
8.4297,
2.32669,
0.27897,
1.04199,
0.0999744,
0.840374,
0.271235,
26.2137,
2.17349,
10.914,
0.06944,
0.158336,
0.880883,
22.5541,
0.159802,
1.08274,
29.4338,
0.286832,
0.900774,
0.279946,
3.21804,
39.1549,
0.103322,
26.7919,
0.492138,
15.1568,
6.20379,
8.92939,
0.05232,
0.052,
22.7981,
0.0503104,
104.086,
0.743411,
10.3884,
110.647,
0.132355,
1.48567,
8.85731,
0.841117,
1.0189,
7.54467,
1.71369,
1.51907,
323.928,
104.384,
0.953584,
1.40564,
0.193072,
0.30607,
0.152579,
151.374,
0.0648608,
9.68522,
2.46702,
0.102806,
0.33441,
269.459,
0.374493,
2.44446,
1.42458,
9.51744,
4.2129,
10.3311,
7.60743,
7.74167,
138.39,
0.152531,
20.6502,
10.2058,
0.594,
57.6881,
0.194781,
74.7459,
7.15743,
1.26493,
5.78285,
33.2821,
2.79197,
0.472176,
0.175926,
0.563869,
5.16556,
8.50041,
104.013,
0.143347,
4.17656,
4.47308,
9.2273,
1.15779,
10.9887,
0.138096,
3.31764,
0.209747,
0.106362,
0.121606,
6.22253,
1.03974,
0.885638,
19.9176,
21.2239,
1.38425,
0.378307,
0.428742,
3.68229,
9.76896,
136.119,
1.08988,
1.60918,
5.54268,
139.814,
0.0962336,
2.47281,
0.705728,
0.0537664,
0.235741,
1.96943,
0.0549312,
29.9099,
0.25568,
93.4872,
1.8032,
17.2815,
0.0562976,
0.88745,
16.8277,
170.238,
0.647949,
4.33762,
0.402349,
0.892918,
1.62886,
0.725024,
0.226474,
0.203824,
1.27391,
3.57863,
6.21746,
0.0637344,
6.17769,
1.9036,
15.463,
4.11859,
3.16756,
0.209923,
0.724042,
23.0259,
1.79916,
240.3,
0.524797,
6.07381,
1.91213,
0.666493,
3.37862,
2.84997,
7.36213,
0.0656928,
3.61555,
20.826,
0.18791,
120.598,
14.011,
4.93619,
1.52829,
2.85084,
0.328915,
20.0549,
1.09373,
0.160506,
4.8725,
1.64535,
6.16937,
2.16453,
0.104758,
3.11788,
0.045392,
0.361498,
0.0893632,
18.1862,
1.8347,
9.21261,
3.5338,
0.956106,
0.312304,
1.03966,
2.12624,
0.125488,
0.480742,
132.407,
0.963709,
2.80992,
16.3081,
30.3945,
5.3582,
2.40747,
1.89152,
1.8396,
1.25188,
2.93008,
1.87731,
13.8876,
0.0577632,
33.2623,
2.9724,
8.09243,
0.539197,
0.540461,
23.1162,
15.6755,
0.131274,
0.58863,
0.653498,
0.125498,
2.8082,
1.41302,
4.64033,
1.115,
2.73029,
0.608419,
2.01607,
0.624781,
4.48468,
0.050976,
0.285456,
4.32656,
0.0922304,
0.159725,
1.37546,
0.735136,
1.2106,
0.262874,
0.614314,
2.52502,
0.115568,
0.574186,
8.15717,
1.85569,
170.312,
33.6313,
6.76434,
29.5421,
0.707667,
3.6888,
1.60135,
24.1908,
0.87127,
6.62155,
0.13447,
4.86558,
0.830074,
1.34869,
27.6201,
0.379472,
13.2169,
2.88918,
3.04623,
14.7156,
1.67949,
1.37942,
3.51863,
0.0754144,
8.2115,
3.34745,
0.618192,
18.1939,
1.54241,
0.416259,
0.680115,
1.17304,
1.83762,
19.9855,
123.447,
3.05629,
0.0995936,
48.9054,
5.94395,
3.38161,
0.331597,
0.15527,
12.9989,
18.5806,
0.101347,
7.53836,
0.617658,
58.5581,
445.896,
1.85022,
0.37345,
0.834147,
37.8165,
5.96936,
6.85544,
6.00149,
2.0623,
1.65228,
0.582512,
0.07696,
17.6124,
0.11465,
7.98039,
7.77341,
8.86452,
2.85311,
0.940192,
2.43494,
178.864,
0.14975,
0.956006,
0.865779,
826.275,
0.133965,
0.114275,
0.231568,
0.0606816,
40.8095,
36.7062,
0.140624,
14.8369,
7.14589,
4.16418,
13.8733,
0.466454,
15.6713,
9.49769,
18.5058,
1.74476,
9.89092,
3.20063,
0.648304,
11.5126,
0.0921024,
1.9585,
0.479139,
0.693674,
6.60962,
0.660118,
35.9986,
2.09081,
0.10712,
13.3871,
0.98847,
188.282,
27.07,
2.62828,
0.591126,
2.20334,
0.124858,
16.2308,
6.88816,
23.8851,
0.213549,
0.118042,
31.9799,
0.362333,
0.881142,
0.778179,
0.58545,
10.0221,
1.78231,
1.01291,
8.2548,
16.08,
4.2219,
30.4346,
0.199453,
0.0559872,
0.33408,
0.054128,
0.151331,
0.167216,
33.0409,
2.67039,
22.9385,
29.952,
2.80989,
0.538477,
0.0610144,
0.352701,
4.06454,
0.819443,
0.943702,
1.28968,
0.0719104,
10.2555,
2.09266,
0.232045,
35.9384,
1.01186,
0.666058,
5.59189,
0.11384,
0.811888,
0.0387936,
307.662,
6.14942,
14.533,
1.63347,
0.338675,
40.3447,
7.43961,
14.4675,
0.228387,
0.0792032,
0.135197,
1.52546,
76.5806,
25.5184,
5.36,
0.0978048,
5.69277,
94.4572,
24.8776,
1.16659,
4.80718,
55.6155,
0.263181,
6.34603,
0.457709,
3.77658,
0.403984,
0.405136,
7.38641,
0.67312,
0.0678848,
14.4488,
0.368778,
0.948733,
24.7122,
0.197194,
0.275517,
0.681629,
1.82223,
12.5443,
1.5393,
2.51905,
75.4225,
8.50616,
24.5061,
0.0595456,
0.727523,
33.6839,
6.19233,
15.4105,
0.176682,
1.9458,
0.0997088,
0.0587328,
1.01107,
0.0785696,
32.1049,
0.154819,
6.34995,
0.447088,
11.2601,
14.0078,
6.36852,
0.34264,
1.03399,
89.9143,
1.55157,
0.702189,
5.30611,
4.07793,
1.50866,
5.43995,
14.0656,
0.26935,
1.70713,
1.09313,
0.723299,
0.156941,
0.565811,
11.8521,
7.90327,
0.434704,
0.279325,
0.724912,
14.7111,
2.65373,
6.54174,
1.36553,
22.607,
5.95791,
16.6865,
17.5604,
4.39855,
0.096224,
0.40863,
3.11098,
4.14131,
6.23423,
0.494186,
0.155523,
0.678182,
2.26909,
20.1647,
0.482688,
0.243315,
11.255,
2.35049,
0.123539,
0.312979,
0.74432,
2.5434,
0.153706,
11.0783,
0.101878,
0.228672,
1.36333,
42.6641,
0.0443392,
3.16509,
0.595424,
0.181075,
15.0139,
46.1562,
0.199773,
2.62321,
4.31428,
0.0620352,
70.7979,
0.125197,
3.33279,
2.37666,
7.33972,
3.26461,
1.33416,
0.0940608,
5.47222,
1.37573,
2.84474,
11.4723,
0.241062,
18.1225,
0.0702464,
7.15308,
4.08527,
0.504547,
4.98153,
1.03023,
12.4664,
0.0847552,
5.19489,
0.251754,
43.7093,
0.181482,
20.6568,
17.6423,
1.55564,
5.6655,
14.7281,
0.662918,
6.58384,
2.08571,
12.3719,
4.65079,
0.204957,
3.17105,
0.389254,
9.6323,
0.232845,
0.0598528,
0.234118,
0.152397,
4.42916,
0.05664,
0.139904,
45.4799,
0.824944,
4.60539,
0.304522,
132.335,
89.0423,
1068.49,
1.63729,
0.296227,
24.2247,
1.81554,
0.147542,
3.51251,
0.0839264,
0.0488352,
12.3203,
1.87791,
0.11487,
0.0999296,
9.15444,
380.65,
6.98944,
0.163802,
25.7383,
10.7692,
0.727914,
2.78641,
0.362026,
0.06648,
1.57118,
0.0771744,
3.61324,
1.50841,
549.395,
35.2702,
0.498429,
0.146246,
0.0971904,
1.56475,
50.9676,
18.9537,
11.4149,
1.07346,
49.3122,
48.258,
37.8233,
0.815293,
9.0044,
1.55753,
4.95482,
0.117949,
0.115552,
2.2229,
0.0724928,
18.9539,
2.57165,
1.56383,
0.33192,
0.208605,
33.0687,
2.0503,
1.12566,
23.7267,
0.434288,
0.323347,
2.58746,
2.4525,
2.4207,
0.990643,
5.47498,
1.43804,
0.955795,
0.129485,
13.3885,
0.224282,
4.25712,
339.745,
85.796,
0.391398,
19.2451,
0.0903136,
0.066896,
1.14208,
154.958,
39.6813,
0.128429,
0.364915,
0.697408,
0.753062,
2.51164,
23.128,
0.379661,
11.4319,
3.6162,
11.6882,
1.44548,
0.20304,
0.431507,
5.6371,
0.059104,
2.17845,
41.8126,
1.96685,
7.46319,
0.996797,
2.75303,
0.0611424,
0.110531,
1.89028,
27.7899,
0.555475,
0.101072,
48.0729,
1.09853,
0.0635072,
2.10585,
0.0884672,
1.70297,
0.0750336,
2.07339,
0.231354,
340.167,
45.9599,
0.513725,
1.85972,
2.43134,
15.4069,
2.58555,
11.9541,
26.3324,
11.4235,
2.39258,
81.1999,
4.51398,
10.3566,
4.09232,
10.0463,
1.67305,
0.132269,
1.18087,
80.3577,
120.428,
6.10545,
4.33385,
46.0043,
150.341,
4.44587,
8.68165,
0.223546,
183.307,
0.050384,
0.558867,
1.82441,
1.36521,
0.531075,
1.10675,
19.3013,
2.55196,
0.112784,
13.923,
1.26764,
2.14798,
0.0915904,
0.0708352,
3.64512,
0.681421,
13.2487,
1.6764,
1.51144,
3.85168,
10.1121,
0.0925856,
1.25296,
148.851,
0.108982,
0.140931,
0.0885856,
0.0876128,
0.72479,
11.6825,
18.2434,
1.50645,
0.996282,
3.48288,
6.2026,
1.55636,
154.908,
1.75641,
0.203878,
693.992,
0.168406,
76.9393,
2.64605,
56.5711,
4.57486,
0.209862,
0.133827,
0.158787,
2.08508,
3.18446,
29.0316,
4.83385,
1.10657,
0.170838,
2.49412,
37.1294,
0.748778,
0.0727648,
0.184563,
7.81722,
0.0633504,
0.353952,
81.391,
1.94541,
66.128,
2.92593,
8.33378,
0.371674,
1.00235,
6.23984,
0.0825792,
18.6334,
11.3774,
1885.79,
1.69408,
73.6211,
2.18519,
69.4093,
203.37,
2.71223,
13.5086,
0.333514,
1.18255,
0.0689408,
13.2467,
16.966,
0.910355,
56.0916,
6.34474,
18.9907,
2.62496,
10.1263,
1.03151,
4.85789,
11.8924,
2.22227,
0.187754,
0.538474,
42.1233,
1.33039,
1.12586,
0.96048,
1.16287,
6.05814,
2.35641,
0.0706656,
0.30089,
6.012,
0.0945888,
0.076208,
5.07047,
0.538778,
0.349747,
25.0225,
11.0911,
29.0726,
0.0575968,
0.327187,
2.28094,
18.7201,
0.375427,
35.9351,
0.136669,
27.6455,
0.12577,
3.5856,
3.49069,
6.06383,
0.261792,
392.808,
0.646854,
0.076992,
3.16778,
0.177072,
23.5998,
3.25682,
0.0937504,
132.134,
4.19833,
77.3962,
0.0643264,
0.0977664,
0.096336,
3.36354,
79.0955,
32.6027,
0.945843,
92.5702,
42.8716,
0.917904,
2.2679,
0.39912,
3.86412,
22.0624,
0.534963,
1.30109,
2.02977,
0.172845,
10.6956,
2.85978,
30.7237,
3.76796,
1.94378,
63.5201,
5.61362,
0.634384,
0.933318,
0.332816,
0.973037,
0.635462,
0.173629,
9.70089,
2.91569,
0.249398,
55.0028,
65.34,
0.38184,
6.46176,
5.8725,
0.0613376,
95.5973,
10.2923,
0.268854,
0.205478,
0.092064,
9.78094,
8.36684,
146.237,
0.124224,
28.7054,
115.821,
3.43068,
0.494438,
0.651571,
0.949216,
0.191597,
2.9909,
6.77023,
5.29996,
1.32521,
0.0790656,
0.945091,
62.7451,
0.0747296,
2.86633,
8.50303,
0.0451872,
56.5953,
15.655,
21.6818,
28.6538,
0.207402,
2.8787,
9.12716,
83.1417,
4.27514,
6.52254,
2.70789,
38.3992,
273.942,
3.05863,
152.222,
18.7745,
1.95124,
23.6654,
1.42409,
275.425,
85.3931,
0.500416,
0.843862,
0.375869,
0.653578,
0.0646528,
989.749,
3.13215,
13.667,
6.28644,
59.7216,
53.0647,
3.25555,
103.995,
1.86014,
65.5218,
3.76983,
0.436813,
0.157571,
0.414899,
0.356157,
0.15128,
0.249274,
0.754592,
0.081632,
0.0941984,
14.3579,
35.6562,
0.179277,
3.36234,
3.53225,
1.55229,
0.512515,
0.715427,
105.488,
184.307,
49.6294,
18.9587,
9.41444,
0.50183,
28.881,
0.291398,
1.64454,
0.601155,
3.24166,
4.37465,
3.27706,
2.91754,
0.830291,
178.548,
0.102045,
0.322205,
155.032,
0.340976,
0.070928,
3.88219,
0.996909,
34.4846,
0.34487,
0.0668544,
4.61768,
0.449824,
19.5462,
0.0582944,
18.0141,
54.5956,
0.468054,
6.57512,
23.542,
1.35793,
0.789325,
1.62131,
0.535331,
0.164576,
26.0462,
0.138406,
3.65219,
48.7235,
29.2379,
1.5476,
9.7477,
1.7136,
28.2614,
0.101949,
8.12743,
7.39245,
78.8152,
49.2101,
5.44839,
14.9547,
0.562531,
0.814525,
0.169088,
0.677878,
50.1033,
3.507,
2.23619,
127.073,
10.3553,
0.103731,
0.70897,
3.95704,
1.38888,
858.289,
0.555325,
0.363104,
2.12748,
0.331773,
7.85789,
20.9248,
0.388842,
2.21795,
12.2813,
0.0965984,
59.3354,
0.0924832,
1.31638,
33.3443,
0.0852544,
0.121296,
24.7815,
2.37592,
0.227302,
11.5611,
0.47417,
50.263,
2.81443,
0.783862,
2.0685,
1.08065,
32.4836,
0.142586,
30.6624,
1.37413,
5.53315,
42.3163,
0.382045,
0.156314,
0.119366,
87.7531,
7.2075,
0.464618,
0.617094,
0.0568256,
0.0583296,
38.3736,
0.137738,
18.5725,
132.932,
7.66488,
17.7511,
0.599555,
24.2537,
0.139629,
7.10597,
101.52,
0.131174,
1.08853,
28.3857,
187.922,
0.195942,
0.178131,
116.936,
3.04641,
0.102016,
3.80942,
0.216096,
16.6817,
2.53046,
0.152957,
2.44719,
0.207562,
22.4539,
0.670365,
0.0674048,
1.82565,
1.22415,
0.26945,
9.76317,
0.0462688,
46.7165,
0.389843,
24.3069,
0.0598688,
1.6919,
0.748838,
0.135219,
0.266755,
0.0601984,
4.01378,
14.0489,
174.49,
2.76919,
37.9735,
0.866694,
2.1424,
0.750915,
0.082256,
0.696317,
3.17914,
0.0812672,
0.0719392,
1.09932,
0.08488,
502.195,
0.275082,
1.16135,
65.0798,
0.103382,
1.49164,
5.86487,
2.47608,
19.0934,
7.32389,
13.6244,
1.16693,
7.45723,
0.110784,
0.131846,
47.7837,
13.0037,
1.48416,
3.49657,
0.11087,
4.98218,
2.30859,
1.49869,
0.685808,
1.21559,
1.44866,
0.0503808,
2.32623,
2.19421,
5.55382,
0.216445,
0.0660128,
0.0693984,
3.38547,
0.0849824,
3.53857,
2.35794,
0.887702,
19.5943,
71.6248,
9.91404,
16.5818,
72.4198,
5.06119,
2.62121,
0.335222,
0.174422,
0.625264,
24.756,
0.152669,
439.729,
0.233152,
0.89319,
0.0651296,
1.70178,
11.4079,
0.0765728,
17.1927,
0.0833376,
220.469,
6.12231,
0.279821,
20.9659,
14.8087,
9.20004,
0.0920128,
0.965549,
2.89376,
17.9823,
0.177568,
0.150381,
0.180301,
48.3388,
724.687,
45.2443,
0.234851,
38.7361,
0.842758,
3.01208,
3.45529,
0.283664,
11.3572,
11.4321,
4.772,
2.31488,
0.258867,
3.84187,
14.4467,
0.0402784,
0.48544,
2.33358,
70.7434,
1.42949,
326.881,
0.111552,
16.4132,
5.45327,
1.22205,
1.89192,
188.559,
0.533427,
0.337696,
0.183302,
26.817,
27.1096,
2.90696,
0.670963,
0.287517,
1.38602,
1.06458,
1.13862,
0.459789,
166.617,
12.9958,
2.0106,
0.213299,
0.304861,
5.34675,
11.8564,
0.200746,
0.202915,
30.8316,
0.465168,
9.69792,
10.8307,
0.108448,
6.99154,
0.134499,
80.648,
1.82468,
1.79661,
0.904547,
4.87891,
23.5926,
0.31456,
0.311549,
39.8376,
1.48892,
0.0710208,
68.5425,
1.03321,
6.64392,
0.238515,
17.1285,
10.7823,
0.10281,
2.54492,
0.0670848,
1.08626,
5.81609,
0.77488,
0.310586,
27.5293,
2.19962,
276.379,
108.417,
6.64793,
139.921,
0.166307,
0.195674,
3.61812,
0.56529,
0.251904,
35.708,
0.290339,
0.685629,
3.82596,
18.623,
17.1044,
0.0711328,
25.843,
2.72721,
19.0498,
2.17612,
5.58542,
16.7679,
0.145898,
0.223706,
0.237949,
0.665046,
0.63472,
14.9883,
6.41035,
4.81431,
3.37708,
10.3681,
1.09668,
0.11632,
2.18467,
34.867,
26.737,
62.6241,
2.81902,
19.467,
17.468,
67.0491,
0.0644032,
0.040112,
201.203,
33.7483,
5.22965,
2.21048,
1.43643,
25.3864,
0.905837,
15.5667,
72.3363,
8.97329,
0.284614,
15.9666,
2.83162,
2.70021,
0.985834,
0.303862,
0.176093,
0.135536,
0.632944,
22.3001,
49.2655,
1.46561,
0.751472,
0.52535,
1.0787,
9.2593,
0.439715,
0.117354,
148.405,
130.89,
32.5145,
1.19749,
1.53492,
0.426563,
0.0622496,
265.611,
2.87657,
7.32716,
2.56643,
46.4068,
0.495914,
0.138851,
23.0751,
3.66595,
6.58651,
20.5613,
5.19344,
3.64217,
0.0482208,
0.265373,
0.0482432,
334.912,
0.894653,
19.1626,
2.12108,
8.6551,
0.10521,
1.54059,
42.2877,
1.20873,
1.30893,
889.129,
279.41,
0.442893,
7.6156,
0.480451,
2.91095,
0.55089,
0.388157,
0.594605,
38.2954,
19.2194,
3.12603,
0.076512,
0.1464,
0.290339,
11.0206,
0.219094,
0.0753152,
0.216864,
47.5635,
13.2716,
3.3255,
0.60607,
3.63959,
0.524179,
592.881,
5.93436,
53.041,
1.6384,
4.48331,
2.04053,
1.79629,
3.23866,
17.5556,
30.7497,
1.42517,
0.98167,
0.139546,
8.47729,
8.59824,
0.150544,
9.37627,
1.23743,
7.71958,
0.634682,
0.0488672,
38.6901,
3.21663,
0.139632,
34.8027,
0.610253,
130.071,
27.09,
2.28704,
1.04018,
0.429069,
19.8181,
208.698,
1.84035,
10.616,
1.24008,
5.46881,
1.14243,
0.623171,
0.126595,
0.388326,
22.0097,
0.118979,
0.237078,
0.289926,
0.267402,
0.543104,
0.299558,
0.0621376,
0.354829,
0.90129,
26.5794,
2.72792,
0.529296,
60.9462,
6.37807,
0.225645,
0.75183,
0.72569,
0.507037,
144.449,
1.34081,
0.0710048,
19.3857,
7.37332,
0.123914,
80.3658,
24.4451,
0.269158,
4.50275,
1.96322,
0.124842,
11.3054,
0.135405,
1.23413,
0.124176,
0.332941,
14.194,
20.5002,
2.24317,
0.0781056,
1.59265,
0.935648,
8.04588,
0.161997,
20.1842,
0.716803,
0.20951,
0.790845,
11.6979,
7.14434,
18.3327,
4.53334,
0.18369,
0.0694592,
19.3237,
0.996333,
0.902454,
2773.93,
1.61685,
17.113,
231.216,
0.0528864,
8.47266,
4.45688,
6.63008,
0.369379,
1.29047,
7.97285,
23.1319,
0.34761,
153.97,
22.1714,
0.058176,
187.713,
134.624,
1.67147,
2.0468,
359.268,
9.81498,
0.0912256,
0.313235,
0.869798,
0.163459,
0.0603072,
3.9046,
3.99287,
2.59201,
0.0866432,
2.76606,
0.052192,
0.350522,
13.7129,
109.689,
0.198832,
62.8945,
1.20312,
0.933472,
0.781795,
9.04353,
4.8924,
24.2128,
3.49598,
206.234,
2.44432,
0.302083,
2.20569,
0.06528,
22.4379,
30.4395,
8.69769,
0.445152,
0.630822,
8.87887,
0.398195,
63.5263,
5.55968,
0.0991936,
82.0701,
5.64641,
3.72014,
3.92244,
67.2269,
1.61281,
1.34053,
21.4983,
70.2866,
102.49,
6.75964,
6.26642,
0.421382,
11.4119,
6.15094,
20.0506,
0.362544,
2.32878,
0.422717,
64.8372,
3.73031,
0.0525536,
0.0877184,
0.117811,
96.6721,
2.79626,
0.501427,
15.8953,
0.114669,
7.78903,
1.50809,
0.518678,
1.22466,
6.94118,
0.51599,
16.8478,
44.5116,
21.0603,
143.22,
1.81464,
0.19889,
0.110234,
0.196099,
0.154262,
0.0703392,
24.8932,
0.207392,
3.82077,
7.86969,
62.675,
35.4783,
0.886861,
0.471328,
29.844,
76.0821,
28.8709,
0.0864928,
0.525782,
0.23239,
17.4896,
0.274806,
1.79608,
45.7346,
0.245808,
0.269414,
15.1033,
2.31639,
0.0465568,
5.81739,
3.89372,
3.06363,
1.56177,
3.40621,
5.98208,
4.28054,
0.168691,
1.3138,
0.163718,
6.59367,
0.134816,
3.00331,
3.83659,
4.74933,
0.240086,
2.11819,
0.333955,
0.178016,
1.57356,
0.793526,
66.5287,
22.407,
10.4149,
32.0273,
0.118202,
26.6168,
4.53644,
2.90044,
0.240688,
0.168851,
0.143126,
0.0818144,
6.21894,
0.40497,
0.103632,
0.203754,
0.987926,
0.779174,
0.443776,
1.32613,
15.7202,
0.162064,
2.60306,
0.886576,
2.54301,
1.31734,
0.887062,
0.413885,
1.76513,
45.5014,
16.9751,
27.1304,
31.094,
10.6252,
0.113267,
0.518387,
17.6506,
0.07376,
5.34984,
0.896138,
12.9405,
2.45546,
0.576278,
1.04057,
1.02933,
209.545,
1.6969,
0.0761888,
60.8391,
22.0154,
1.31333,
0.214819,
19.2952,
2.70468,
10.1743,
0.644374,
27.4928,
0.154563,
43.6926,
30.7038,
0.664387,
22.6527,
2.6787,
30.9112,
2.84852,
0.0496448,
37.5298,
4.84228,
0.179386,
0.292486,
224.274,
1.38361,
137.472,
0.0773664,
0.263936,
160.816,
0.151709,
2.76627,
6.2,
0.818806,
0.167059,
0.866525,
0.0788928,
15.364,
2.86291,
0.190992,
0.952384,
0.427251,
0.70063,
9.00904,
5.03501,
0.617475,
8.48638,
12.9109,
3.43874,
10.8143,
0.3644,
1.12851,
131.746,
43.0101,
57.6147,
2.46757,
0.325968,
14.5085,
0.917254,
0.378822,
0.266598,
0.13888,
0.356189,
0.685875,
4.3946,
42.5552,
60.9282,
7.20595,
0.096848,
2.37344,
0.29064,
0.741363,
1.11253,
0.649405,
0.422448,
13.6445,
44.0335,
6.87966,
9.28099,
13.7033,
0.575066,
0.751834,
64.0715,
16.564,
0.368742,
0.185389,
16.0011,
23.6619,
11.3714,
13.4069,
134.212,
0.121098,
0.0670432,
0.0496768,
0.111021,
2.05126,
0.307274,
1.79584,
8.23969,
5.1218,
7.59278,
1.14149,
3.76928,
0.248534,
16.0649,
0.0738336,
1.87852,
0.152106,
16.5475,
1.47302,
0.104131,
8.24525,
2.08607,
1.17002,
7.88941,
0.216224,
7.73759,
5.41607,
1.03904,
0.0921824,
35.7109,
3.44897,
0.965517,
4.99153,
41.7807,
1.34005,
18.3418,
1.06757,
0.434211,
1.22571,
4.07628,
0.0540768,
1.03458,
3.95599,
50.3071,
2.31,
30.9724,
0.119328,
2.23951,
1.17575,
0.565606,
0.577053,
32.5305,
0.118122,
0.233677,
48.5819,
19.8896,
1.22115,
14.2968,
0.346118,
1.69277,
29.6669,
0.437299,
0.55199,
4.51988,
90.7586,
7.71969,
30.3973,
21.7816,
7.51319,
0.322544,
0.133629,
0.583315,
1.14765,
0.132454,
0.137616,
0.870934,
0.0764736,
0.573763,
0.14041,
4.49701,
1.33106,
3.66156,
89.7533,
2.66695,
563.965,
0.139814,
0.0750496,
1.57623,
7.68646,
13.9015,
51.7023,
0.0649824,
0.147459,
1.9808,
0.50336,
0.194618,
0.149898,
1.22916,
0.346448,
115.798,
1.46373,
0.310816,
2.49935,
2.58861,
0.538877,
0.118797,
1.7816,
0.0922304,
25.232,
18.4985,
0.160195,
18.4526,
2.96849,
60.411,
0.859654,
94.0888,
43.4365,
1.93707,
0.418083,
1.02947,
0.90327,
0.132211,
0.123795,
0.0870752,
0.944826,
0.633821,
0.74912,
0.328067,
35.4039,
1.6666,
0.815251,
0.9284,
37.9094,
0.375018,
29.6956,
0.277974,
1.37282,
35.0849,
0.935059,
0.0655712,
0.111328,
5.19667,
0.371802,
5.07306,
3.43691,
135.447,
0.551235,
1.16616,
0.125392,
0.153136,
44.6978,
10.0714,
0.150128,
0.148339,
0.20775,
0.479885,
8.41615,
1.7266,
3.67293,
62.3097,
0.540611,
57.4784,
10.7416,
40.7261,
80.6125,
0.07216,
376.869,
3.00565,
0.689107,
0.145034,
1.83791,
0.366534,
0.33577,
71.7112,
0.295242,
0.0615968,
0.211194,
1.16681,
5.95483,
12.928,
3.79592,
0.417123,
112.76,
0.26792,
11.3559,
3.38648,
0.339088,
9.21748,
4.07931,
0.450858,
20.9908,
53.4046,
0.171811,
10.5385,
65.0549,
1.15387,
2.81821,
27.1888,
1.06616,
0.267901,
19.4219,
9.67163,
34.672,
9.55033,
3.28084,
11.6858,
0.269123,
0.531258,
714.661,
0.0818304,
0.0914752,
0.331469,
0.541805,
17.8176,
23.7153,
105.359,
1.35196,
2.28722,
0.172838,
0.27831,
0.983325,
11.5687,
0.162813,
18.2498,
5.06545,
0.135331,
3.25089,
8.74169,
1.69483,
62.4837,
3.26824,
2.02772,
0.0681184,
2.17398,
0.0614112,
0.239754,
1.28765,
5.15811,
10.6404,
21.6917,
4.46804,
0.576368,
0.340678,
0.875136,
0.531174,
7.74804,
0.251664,
1.14109,
1.4227,
1.8444,
11.5127,
1.22744,
0.83623,
97.9152,
34.823,
0.652122,
12.4306,
1.37919,
3.68013,
0.474186,
0.0676576,
207.052,
1.36834,
1.86961,
5.41679,
1.47686,
0.697456,
5.80967,
15.7297,
0.215792,
0.136592,
5.07129,
0.289411,
5.53318,
0.876467,
10.6898,
17.7729,
0.296582,
2.80567,
1.18689,
0.793619,
0.557309,
0.041008,
0.285402,
0.0868736,
0.108992,
2.88022,
0.50727,
3.6629,
2.04423,
1.26811,
0.177552,
3.11125,
0.241898,
0.914672,
1.50745,
1.73578,
0.05664,
10.5891,
0.140403,
1.92809,
29.1477,
0.59929,
22.4585,
0.221024,
5.80922,
88.953,
27.5565,
77.1885,
1.60221,
93.2124,
5.5399,
0.386326,
0.443107,
3.05041,
0.118653,
1.14045,
5.82382,
6.5281,
2.37735,
0.836851,
49.3972,
0.392346,
0.58663,
3.07506,
4.28877,
0.114819,
44.415,
0.0859264,
0.14169,
32.7961,
2.12804,
47.991,
6.20543,
0.165389,
0.0979072,
2.54154,
0.109197,
0.96767,
11.7901,
1.71069,
1.28644,
1.08195,
1.57975,
75.2625,
6.85851,
149.635,
1.54963,
0.451952,
3.48789,
2.95604,
3.48269,
0.610781,
0.233181,
2.09412,
3.08034,
0.675421,
0.0482016,
32.0199,
1.66665,
3.62782,
6.43805,
6.6985,
1.79233,
9.37391,
0.202294,
0.614061,
1.19425,
300.609,
9.66964,
0.715786,
0.126371,
3.14758,
8.63399,
1.55255,
0.796832,
0.881421,
10.8292,
4.65634,
33.6553,
0.346067,
13.7665,
0.399878,
2.83438,
3.23653,
1.13504,
2.74277,
0.150083,
0.05976,
0.302179,
0.442221,
2.71997,
9.29075,
12.4136,
0.0753536,
302.203,
1.13027,
0.503082,
2.0755,
193.104,
0.965165,
6.45238,
0.279456,
3.88219,
0.574976,
0.529437,
2.14069,
8.42406,
73.9196,
5.03217,
3.47998,
14.9309,
1.86916,
1.44622,
5.46145,
35.8115,
1.06708,
0.310381,
98.0784,
0.616336,
3.76886,
109.77,
1.59649,
0.150314,
1.5922,
0.885667,
0.377037,
15.411,
31.4296,
3.90714,
5.2115,
13.3223,
0.203987,
1.44784,
2.75657,
0.31649,
0.689277,
3.77176,
8.96037,
68.1559,
26.3777,
18.2868,
4.80028,
0.70024,
0.118813,
2.10037,
0.617952,
0.04984,
0.080192,
0.550326,
0.322038,
0.155293,
1.03377,
0.0612928,
7.64039,
21.2071,
1.2633,
1.39012,
0.067216,
252.759,
0.138349,
44.9006,
1.2771,
2.46008,
2.30784,
0.133571,
1.56261,
1.46921,
43.7496,
3.10805,
0.282365,
0.10713,
0.877546,
1.88365,
0.987142,
0.140931,
3.07977,
0.14513,
2.14926,
162.557,
3.8201,
0.48617,
8.44031,
0.0946624,
1.54555,
17.0102,
0.0644288,
0.158627,
58.3897,
50.1311,
0.310998,
0.10192,
0.490154,
5.64535,
0.117379,
8.94435,
34.3563,
2.48606,
20.5946,
0.333997,
5.47776,
0.0643008,
17.017,
629.74,
12.3663,
118.783,
12.7494,
0.40457,
1.06005,
0.119424,
0.137008,
3.81415,
167.167,
5.3471,
0.405539,
13.8332,
7.60987,
0.0605792,
48.3599,
103.315,
5.13935,
4.31618,
50.0728,
0.281843,
2.56601,
14.6598,
2.94505,
0.45575,
30.1987,
58.4123,
17.1539,
0.449453,
8.11124,
5.14834,
12.2609,
100.054,
0.27264,
1.02923,
106.233,
0.814752,
2.5378,
0.646669,
4.43442,
1.96739,
0.230317,
2.64011,
8.62299,
0.087424,
2.24786,
10.8668,
0.295878,
0.548042,
3.25078,
0.991834,
0.188787,
1.10053,
0.632493,
0.525546,
5.04627,
17.2416,
0.05184,
0.48217,
42.8389,
0.669344,
0.139773,
0.480374,
0.0387104,
10.1054,
0.498192,
1.75011,
0.484166,
1.78712,
2.79824,
7.92302,
15.3539,
26.1257,
0.300346,
8.80818,
0.0625248,
118.284,
0.877462,
20.0058,
2.73133,
0.0443136,
0.231843,
12.0406,
0.497501,
0.0434912,
1.26805,
3.71026,
6.12975,
64.9885,
69.272,
0.85095,
16.8471,
0.14361,
0.522109,
6.90491,
1.17068,
0.094208,
1.20482,
2.77089,
1.04897,
7.55011,
0.0801824,
0.6956,
1.8492,
0.544077,
99.3828,
0.144742,
0.163498,
4.25838,
0.134186,
0.807219,
1.25079,
69.0951,
55.2179,
31.1919,
0.344112,
0.73047,
205.125,
1.35197,
2.04824,
22.7421,
113.244,
0.566982,
0.230701,
3.13056,
0.64735,
1.78567,
0.123594,
0.684227,
141.096,
7.7705,
0.332842,
0.349142,
0.522819,
10.3094,
0.439523,
0.405414,
6.59441,
0.0864064,
0.47791,
27.1119,
2.99294,
0.288406,
2.40697,
31.6832,
1.08933,
44.6275,
1.23836,
216.23,
0.18457,
0.511142,
0.474893,
2.44215,
0.753715,
0.170486,
0.703245,
15.3883,
0.1676,
56.6477,
3.90394,
17.2303,
0.120637,
6.15984,
0.212208,
0.448723,
31.1954,
22.2547,
53.811,
12.1172,
0.0733472,
0.295158,
1.25953,
52.7867,
172.627,
0.0463424,
0.46697,
166.112,
0.181782,
5.66566,
0.0741504,
0.184819,
1.99694,
0.176979,
0.117402,
0.184432,
1.32267,
12.1557,
0.327933,
0.461462,
0.256083,
0.272275,
0.773456,
0.160874,
0.64975,
330.025,
15.0953,
2.42657,
11.7661,
0.10279,
6.13536,
2.98874,
34.136,
7.16397,
7.36675,
0.157562,
7.76287,
0.245152,
2.54816,
0.703699,
0.938864,
9.95626,
25.4246,
22.0961,
0.357741,
76.8522,
1.08778,
1.8678,
0.148163,
0.302733,
0.319306,
0.0425728,
2.60962,
2.39966,
2.24362,
4.33985,
11.6452,
1.283,
0.277974,
24.7685,
3.95,
10.9366,
2.15583,
0.0485248,
0.55705,
0.0847168,
0.788112,
8.38311,
1.14535,
0.0569504,
0.333555,
5.31933,
14.6679,
6.66036,
2.7963,
2.27508,
30.9528,
0.454966,
0.0435648,
5.82946,
78.1475,
2.03539,
0.125814,
0.339078,
349.872,
0.67431,
0.93481,
0.510131,
1.90097,
32.088,
34.4801,
22.0313,
1.43649,
2.63371,
0.488771,
47.563,
0.0525696,
12.8632,
52.7317,
63.6969,
1.45182,
0.0798592,
0.0417248,
4.38494,
9.50646,
0.99753,
0.150125,
3.58573,
22.2661,
0.197488,
0.649187,
1.90156,
0.30473,
1411.33,
2.74337,
0.692438,
104.861,
0.940294,
6.8485,
0.205933,
13.3799,
59.6836,
17.0247,
13.8885,
52.3603,
1.41221,
1.75895,
33.703,
0.848448,
3.2003,
0.625296,
0.675562,
9.59361,
11.2404,
2.0679,
200.472,
92.2542,
0.185507,
0.130522,
9.32008,
0.0797728,
43.9904,
8.52553,
0.213069,
13.8909,
0.703773,
2.74501,
0.859382,
4.30311,
3.57389,
242.392,
0.112915,
2.89747,
1.11113,
1.64076,
8.48568,
539.664,
3.21213,
5.53931,
1.6115,
0.401107,
2.07004,
0.0889984,
44.4932,
4.45188,
6.69165,
0.398912,
32.2425,
0.738822,
0.0627904,
0.273034,
0.126074,
0.591072,
481.896,
1.73325,
0.312752,
0.266141,
0.112006,
0.108704,
0.0463648,
44.7531,
0.045264,
0.135766,
14.2896,
0.410435,
136.765,
7.623,
0.378118,
0.39632,
0.205427,
0.20025,
0.510826,
1.22903,
0.275354,
4.13539,
3.52516,
0.566186,
378.055,
0.168323,
0.357078,
0.936413,
0.0737216,
33.1198,
9.09996,
4.42303,
4.93613,
1.92159,
0.217258,
2.01628,
0.142864,
0.0474464,
3.63636,
2.16193,
0.0601088,
0.671645,
0.443699,
0.0699936,
89.1562,
0.990461,
0.609005,
10.7093,
278.622,
0.833331,
0.176051,
0.262176,
1.52499,
0.0780032,
141.45,
2.96258,
0.240842,
169.353,
0.636419,
0.155507,
2.39187,
3.47665,
2.41776,
0.232989,
21.5287,
6.5493,
20.2027,
0.532368,
0.113926,
32.3678,
18.0054,
3.62354,
2.03071,
1.93858,
32.7476,
7.36594,
709.255,
0.66224,
1.49006,
0.18391,
0.77984,
13.2726,
0.673834,
0.62153,
33.0979,
3.46603,
0.14543,
372.64,
19.5757,
3.88897,
49.4142,
0.201517,
15.6488,
0.0632224,
0.971779,
0.176061,
0.225712,
4.7284,
0.512909,
10.1942,
1.923,
0.337187,
28.8939,
0.344906,
0.198778,
1.21494,
0.502749,
3.05159,
0.414893,
3.20284,
2.32734,
0.522656,
0.375725,
0.352118,
0.0795328,
1.06016,
4.5616,
493.73,
1.36709,
140.729,
4.45065,
4.15668,
0.380813,
2.5298,
0.210742,
32.5329,
3.09522,
2.96515,
5.70626,
1.80262,
12.3605,
16.1918,
73.9919,
38.4362,
8.6731,
69.2269,
1929.55,
56.3968,
0.761197,
0.199251,
5.61345,
1.67805,
1.30847,
35.0172,
0.630816,
28.9325,
0.0655456,
12.6406,
50.9001,
0.453389,
3.9157,
2.05307,
0.250624,
11.1455,
50.7601,
0.989619,
6.82878,
3.16943,
4.95436,
0.19833,
3.21668,
0.0928576,
0.086352,
454.643,
0.105232,
2.91639,
0.139821,
0.455059,
0.791254,
9.14608,
2.7102,
12.2208,
6.92452,
0.15511,
0.644317,
141.956,
25.2006,
2.76371,
6.08951,
10.3512,
0.0636384,
0.114646,
0.0385984,
0.271296,
2.56141,
0.157731,
15.6828,
1.49402,
12.7941,
104.966,
0.912022,
15.9931,
0.398707,
0.850109,
0.097376,
0.286493,
7.42078,
4.17667,
0.55664,
1.361,
86.9487,
0.235072,
0.373002,
7.73766,
0.442288,
42.7394,
0.206989,
1.67826,
0.098,
6.68526,
17.0789,
55.9776,
44.964,
46.0828,
4.93185,
0.188134,
0.061712,
16.4259,
2.42166,
39.9774,
12.9929,
0.226582,
1371.49,
0.212707,
8.68148,
0.22151,
12.5687,
64.8347,
0.817286,
147.197,
18.1504,
0.834563,
28.4314,
1.44294,
2.90216,
2.1102,
9.32032,
89.402,
2.84804,
3.3889,
358.756,
0.143146,
0.516579,
0.491626,
4.36332,
0.0743584,
0.195837,
1084.07,
15.7872,
12.2535,
40.7283,
0.100787,
1.57315,
3.30365,
14.054,
115.149,
0.206307,
7.47082,
0.674304,
0.105446,
2.17157,
0.285696,
84.7914,
2.87229,
6.19018,
8.92678,
1.65743,
3.92039,
0.0415936,
0.361997,
0.345072,
0.310566,
0.221581,
4.6951,
0.790534,
0.263974,
61.8638,
7.91234,
0.236045,
0.115686,
12.9478,
2.06767,
1.17913,
0.785549,
0.987818,
147.147,
2.63187,
43.3,
1.56485,
0.48647,
1.97951,
13.4354,
0.150173,
5.01829,
5.51201,
0.455869,
11.969,
0.576746,
1.25535,
0.0968,
69.684,
0.155238,
12.0212,
0.108237,
858.787,
0.140534,
0.560074,
4.42801,
132.201,
0.655696,
0.0904128,
1.03606,
1.62374,
0.910275,
693.844,
6.91004,
0.823206,
4.06815,
138.688,
2.52958,
0.128176,
0.075888,
0.312538,
46.4288,
42.6768,
0.0770976,
23.825,
0.257674,
1.78766,
0.126838,
0.112272,
1.61758,
0.0794816,
1.66527,
23.5055,
1.06396,
2.39279,
5.91699,
3.23107,
0.718003,
211.941,
12.5557,
0.129904,
0.0852576,
0.190499,
0.546426,
0.51089,
0.038496,
2.1577,
2.10737,
6.95483,
58.5005,
6.11679,
5.81092,
0.977706,
1.396,
0.0465952,
2.89164,
0.432106,
114.368,
27.3806,
0.0435584,
0.835274,
0.972957,
0.35527,
0.39223,
23.3981,
45.7999,
43.1659,
12.7467,
87.8917,
233.628,
0.603232,
0.207734,
1.82507,
20.5728,
112.556,
9.69876,
7.96556,
0.164144,
1.43424,
0.343552,
7.28977,
0.722109,
1.20856,
0.0433088,
2.16124,
16.1127,
18.3826,
0.158749,
0.122771,
5.91686,
0.0497216,
25.1328,
0.0707008,
9.37161,
0.30537,
0.893994,
0.877712,
1.48647,
1.35411,
16.891,
2.34086,
24.0363,
1.16503,
8.03033,
6.53326,
0.133965,
10.0668,
3.06962,
0.466531,
1.7037,
2.96661,
9.45092,
0.475558,
0.711235,
0.305488,
0.0574176,
0.172179,
1.18676,
11.8411,
0.348598,
32.357,
0.391827,
6.00341,
4.79162,
0.192362,
7.04507,
0.421315,
3.8494,
0.103155,
1.83028,
0.0839648,
0.087968,
1.02065,
40.0372,
1.58151,
1.90599,
263.55,
0.0553536,
0.0763968,
0.743955,
701.86,
74.9944,
0.796813,
5.74212,
0.703792,
0.652678,
4.48945,
0.389786,
15.7628,
0.545661,
0.0559072,
6.09652,
0.60991,
0.049856,
11.793,
70.6361,
166.809,
0.136803,
20.5339,
0.0550528,
0.553274,
1.61282,
0.0373792,
7.00519,
153.276,
0.221914,
112.607,
544.847,
1.24033,
1.15111,
0.097424,
63.9598,
1.37394,
1.25347,
8.12942,
0.259053,
0.351661,
0.220819,
200.697,
0.261674,
6.55188,
2.52215,
1.08443,
18.1733,
3.41854,
0.106048,
0.144973,
7.65717,
8.76687,
8.58744,
0.350186,
2.06689,
69.0099,
169.518,
0.514474,
0.524848,
4.27781,
0.748224,
0.246051,
911.377,
0.729331,
0.247776,
3.28167,
2.2322,
1.57185,
1.73079,
16.1467,
1.02619,
1.87345,
2.72581,
3.50107,
0.108506,
0.297315,
64.8306,
3.5206,
11.8431,
0.44992,
0.542451,
0.502579,
0.6732,
10.3589,
0.238182,
3.07136,
192.335,
7.46264,
2.7746,
0.336746,
7.18303,
0.525674,
0.0658464,
0.0450688,
1.34217,
4.86898,
2.23696,
1010.21,
17.156,
17.1876,
24.0988,
0.411018,
25.0828,
1.36818,
87.3171,
13.0077,
20.43,
8.48013,
6.90097,
7.21635,
0.103488,
3.37875,
0.345789,
40.1137,
0.0660928,
1.76484,
0.403936,
56.5042,
7.09162,
0.580134,
3.33815,
50.8404,
0.163933,
12.8502,
2.21789,
1.09226,
0.985174,
0.323843,
4.52894,
2.90222,
0.34839,
403.573,
1.7038,
0.24287,
0.0688736,
0.729232,
4.31315,
0.96056,
1.36868,
0.534915,
0.21161,
3.12388,
3.50096,
0.88249,
0.264621,
1.37845,
0.230858,
0.127898,
3.84728,
0.69232,
3.8134,
2.49721,
0.142042,
3.58294,
3.51636,
0.435046,
0.0942176,
5.35069,
2.02823,
0.185907,
3.10093,
0.0844608,
7.29905,
0.294736,
0.143107,
1.75039,
0.246106,
7.08063,
0.581027,
9.42892,
0.616048,
11.4155,
25.4755,
0.698173,
5.82437,
0.967555,
47.3462,
1.31258,
25.4943,
11.1086,
26.6423,
25.3352,
0.38993,
4.28918,
4.82726,
4.64524,
0.264147,
0.253443,
1.18124,
2.06372,
0.265555,
4.52323,
2.55926,
2.19015,
12.5215,
17.3196,
0.213619,
0.204054,
4.46008,
8.29728,
27.0957,
7.28922,
0.0358176,
0.0483264,
12.3402,
0.914918,
0.669856,
0.12544,
0.149949,
0.0759808,
1.06411,
0.188589,
29.6447,
31.4922,
0.643904,
7.51351,
3.94744,
34.1242,
0.0626336,
3.27397,
2.62099,
13.6133,
0.213693,
149.367,
458.316,
0.240118,
286.574,
13.3749,
0.193638,
1.50596,
1.84922,
2.21825,
0.274858,
1.36231,
0.208512,
10.1171,
0.724886,
4.40984,
39.4787,
15.6585,
1379.26,
0.408813,
1.92198,
38.1482,
9.23277,
102.603,
0.208896,
0.389952,
7.08313,
11.2243,
0.111955,
0.246672,
0.282842,
10.1704,
7.40875,
0.855514,
0.183229,
9.24302,
2.34706,
0.421565,
0.251434,
1.34291,
1.97442,
3.06115,
2.74024,
0.737197,
0.463094,
7.70059,
0.270442,
0.471581,
24.9515,
20.1735,
16.9011,
477.431,
3.21767,
0.235126,
18.9607,
1.16063,
6.02247,
9.49301,
6.82989,
4.27871,
17.6127,
0.05896,
17.571,
11.8508,
39.1009,
478.169,
0.880922,
3.47807,
105.209,
0.245635,
7.08556,
1.01293,
0.415437,
0.835709,
138.556,
0.044464,
0.132531,
0.546608,
2.2517,
0.0661216,
0.171805,
0.708845,
232.193,
11.6978,
1.15803,
1.10858,
9.37244,
26.7546,
4.51737,
10.8506,
0.20352,
0.217773,
3.28919,
36.5752,
3.35331,
14.8405,
24.6291,
42.9424,
0.421158,
0.243875,
0.459446,
1.21208,
4.39256,
0.382864,
0.986669,
1.86671,
0.0488992,
24.7624,
163.685,
1.14036,
0.0882848,
1.99525,
74.6918,
1.34618,
4.72304,
0.191139,
1.97794,
11.9943,
10.4772,
12.0397,
0.89681,
0.0709184,
3.91811,
0.561258,
2.97741,
0.0555392,
0.158707,
0.235251,
15.4418,
4.11725,
8.03552,
35.376,
0.620934,
157.667,
13.948,
0.544656,
46.7278,
0.360589,
9.34331,
13.2095,
0.270518,
2.07204,
19.8556,
23.1715,
0.363779,
0.280762,
0.799357,
0.582883,
13.629,
0.176698,
3.14773,
65.4854,
0.208003,
72.9313,
5.71417,
14.5136,
0.239222,
0.0568992,
1.64975,
15.3793,
1.07341,
0.568886,
1.66483,
0.330806,
0.792835,
0.91272,
57.7029,
7.83078,
5.14728,
2.71442,
0.42552,
1.35766,
5.29146,
0.247914,
41.1203,
0.0819424,
17.3365,
0.312992,
1.44065,
0.177715,
184.529,
34.2269,
0.15456,
5.7184,
7.5618,
0.499942,
1.0001,
4.56186,
1.7152,
0.88969,
50.2038,
0.066144,
0.101114,
0.478726,
0.10359,
6.55501,
0.278912,
21.3659,
0.099088,
0.0647328,
1.03542,
5.14025,
5.48253,
4.78267,
25.0113,
85.0008,
5.01574,
12.3701,
0.618992,
4.90523,
0.241866,
0.464448,
2.00805,
0.106,
27.3042,
138.978,
0.610048,
3.95475,
112.517,
0.206083,
0.342979,
20.8914,
0.082496,
0.093056,
55.8821,
0.559786,
0.161072,
2.0854,
1.85695,
6.13176,
0.309683,
3.2353,
0.227053,
5.32677,
1.29592,
4.60443,
5.35452,
0.112608,
1.61606,
65.2594,
13.2589,
97.1172,
22.9723,
1.70059,
0.828534,
65.6397,
0.146493,
14.2191,
75.1433,
0.0927488,
0.0452352,
0.836509,
4.21456,
1.82508,
0.413478,
16.8611,
24.2097,
0.459971,
35.5049,
28.3367,
0.929962,
0.412656,
0.161203,
13.0096,
0.91624,
4.93848,
118.505,
0.684195,
0.647536,
7.55621,
3.1892,
0.34752,
9.52751,
0.172931,
293.938,
55.7358,
13.0843,
17.8001,
0.111354,
0.319574,
4.32077,
0.191514,
0.966054,
93.1461,
1.52222,
0.353517,
0.204576,
22.0597,
372.177,
101.813,
0.37985,
13.5448,
24.31,
0.16223,
1.46872,
4.04497,
0.144781,
1.61524,
14.3185,
0.644598,
0.121597,
0.461149,
124.287,
0.882102,
244.768,
0.18568,
29.8636,
0.154714,
0.207722,
0.695133,
0.581936,
0.302192,
0.0729888,
0.249811,
5.68125,
0.454826,
11.5682,
0.419894,
8.12442,
119.794,
1.78536,
0.0754688,
0.236928,
0.129146,
0.926358,
0.461446,
2.58174,
10.1026,
13.98,
1.54981,
0.272445,
99.1118,
1.41132,
0.0472448,
7.75066,
0.298166,
0.185011,
1.78373,
5.39148,
1.85131,
52.5867,
16.2774,
4.76937,
7.55801,
0.689837,
1.67866,
8.84909,
1.47734,
2.92498,
184.04,
0.244256,
7.65958,
7.71769,
0.339178,
3.49804,
5.18312,
5.92886,
0.0979392,
12.3065,
2.14433,
19.1216,
1.23845,
79.3233,
1.45596,
7.03243,
0.343069,
2.25324,
0.376598,
2.27412,
437.657,
14.9644,
45.9994,
0.12865,
0.738154,
5.15439,
0.378845,
4.41662,
1.01773,
0.0450368,
0.194906,
0.331133,
16.6301,
0.941562,
31.6151,
1.92329,
0.143443,
2.55729,
0.124349,
0.722282,
2.43849,
2.1886,
19.9935,
157.859,
0.773629,
69.1431,
0.251658,
39.9431,
0.236051,
61.9843,
2.37447,
1.90708,
1.35902,
7.66538,
22.5606,
4.62495,
0.112445,
0.178102,
4.92826,
2.83073,
73.5149,
1.04669,
106.871,
0.304787,
0.146598,
2.75378,
0.156784,
3.46889,
5.25548,
0.157286,
0.0397152,
0.0883552,
5.96178,
15.0062,
4.57849,
0.765994,
0.621485,
0.915917,
5.85244,
0.253053,
4.9575,
5.28384,
3.68202,
11.0975,
3.09177,
0.176928,
0.157443,
21.9014,
4.57675,
26.63,
20.8057,
0.273939,
0.0544224,
1.56785,
1.55624,
6.69168,
196.815,
149.935,
1127.82,
0.139555,
0.39743,
2.33665,
8.26216,
0.0813728,
0.199168,
0.391994,
0.13657,
1.4133,
2.26089,
152.858,
0.460605,
0.0734912,
0.471622,
4.08487,
1.78851,
1.7329,
67.6589,
3.80027,
0.696592,
0.139811,
0.052368,
1.02852,
0.0794912,
2.45201,
0.254506,
0.702304,
0.0850336,
2.33004,
30.0417,
1.37261,
0.952931,
682.826,
0.197898,
18.8894,
3.44586,
0.0526848,
0.712797,
0.470576,
7.67618,
1074.49,
1.59898,
149.743,
3.01092,
2.93829,
3.11122,
0.088128,
17.1664,
0.386186,
0.154157,
4.19391,
11.2419,
13.7374,
0.0955584,
0.467024,
0.399526,
13.5145,
397.949,
0.0726208,
0.439059,
0.40256,
4.2651,
2.82821,
3.22595,
0.0628384,
1.66113,
0.854755,
0.0489632,
0.0955616,
4.43078,
2.70852,
26.2934,
0.102566,
3.33168,
0.761827,
20.1333,
0.0771136,
0.857635,
8.61106,
5.05154,
48.1195,
187.495,
5.99734,
0.128304,
0.85527,
16.1232,
8.20562,
0.0805856,
13.656,
0.650333,
0.229795,
1.39495,
0.0853248,
12.6362,
0.094,
0.917526,
7.45824,
0.212938,
0.339869,
0.0475104,
20.2757,
20.121,
444.573,
0.704416,
6.85461,
0.348163,
0.243373,
6.53676,
0.339536,
0.129206,
0.203629,
0.555264,
6.90068,
4.70741,
1.08771,
1.04355,
11.5861,
0.271485,
4.31507,
0.827158,
0.875597,
3.7923,
4.84458,
9.38703,
0.133805,
0.272934,
1.4653,
29.6351,
2.49449,
29.4571,
3.17107,
3.04882,
1.01787,
1.32372,
2.00949,
2.7751,
0.253958,
0.555536,
3.85717,
0.19207,
0.205597,
0.714525,
5.66645,
6.54692,
14.4286,
58.6211,
5.44954,
4.43184,
1.45537,
0.106646,
4.9207,
8.11543,
11.2793,
7.55471,
10.5611,
246.948,
1.61171,
7.52586,
0.468125,
6.66451,
3.74497,
0.392221,
1.08994,
56.1192,
0.801078,
7.08643,
0.189232,
47.9928,
9.36453,
0.730781,
0.261418,
21.9581,
0.101098,
0.0741408,
41.2325,
6.51712,
144.031,
0.137178,
0.220064,
0.205683,
2.09386,
11.6756,
3.6433,
2.92131,
0.807056,
13.1514,
2.2141,
52.2271,
0.497792,
8.36745,
0.697533,
0.51985,
1.15683,
48.2894,
3.26035,
69.6392,
20.8803,
0.0886144,
40.4308,
11.1483,
17.4834,
350.401,
4.18405,
0.544698,
0.126486,
45.602,
0.185869,
0.186579,
77.2079,
0.602528,
19.4251,
8.65467,
20.1455,
303.688,
4.52828,
94.2688,
0.725824,
118.393,
7.31493,
1.61366,
15.8421,
0.250566,
2.02692,
0.619712,
4.74816,
13.2336,
410.735,
2.4986,
74.7096,
2.39284,
16.6055,
1.03481,
3.87871,
0.400586,
41.2298,
0.687763,
0.21151,
11.3624,
0.349773,
0.973603,
0.325034,
34.3917,
16.4792,
0.138979,
25.0371,
1.17119,
10.0209,
60.4943,
0.654922,
0.0897792,
0.963347,
0.0803168,
0.304733,
0.14625,
1.29168,
0.18031,
2.2651,
136.377,
0.0498048,
0.129507,
1.40721,
0.124198,
4.53792,
1.35635,
5.75791,
1.28351,
4.30991,
485.726,
12.9341,
1.04267,
0.209773,
8.20541,
46.3529,
0.0503328,
0.901302,
0.0607968,
12.3842,
320.848,
0.0441824,
0.790397,
0.0773824,
0.692874,
219.924,
0.573997,
7.90648,
30.0478,
0.275622,
0.466371,
36.9831,
2.99686,
2.01479,
5.23977,
2309.82,
20.0068,
98.5986,
0.191008,
3.65571,
34.1932,
34.1586,
16.2012,
4.58819,
0.139802,
0.0963936,
0.582586,
14.9679,
39.4295,
0.215373,
74.6716,
9.31775,
10.4267,
0.995178,
0.232592,
0.875034,
126.24,
0.147699,
28.8812,
1.23775,
0.0765856,
3.5763,
1.18414,
21.1727,
0.11009,
0.31999,
18.6411,
5.47939,
0.0635904,
0.416208,
0.160832,
5.87189,
151.571,
136.246,
0.30304,
3.70501,
3.52122,
0.267322,
10.6046,
1.91204,
108.578,
0.823002,
30.5826,
0.372326,
18.2661,
0.273859,
8.78867,
28.2169,
0.798269,
905.311,
0.146416,
0.488342,
0.235734,
0.144048,
9.3184,
0.283808,
1.66699,
0.850534,
3.62201,
7.19562,
62.2713,
14.8755,
0.221603,
12.2885,
7.75058,
0.088816,
528.078,
3.18314,
140.695,
5.43512,
0.15208,
1.14512,
2.2933,
2.4535,
0.0466496,
17.738,
1.25024,
2.62378,
33.0475,
0.946602,
2.91861,
0.423174,
78.1488,
168.24,
6.28105,
61.116,
0.918406,
15.0086,
0.219677,
19.9106,
0.127725,
3.35533,
0.602531,
8.21998,
0.49393,
4.14888,
0.977197,
1.04262,
2.88037,
0.988323,
1.12562,
1.26581,
0.257507,
0.165955,
7.4249,
115.083,
0.733462,
0.152838,
2.2936,
9.88767,
0.34336,
16.1551,
0.0755296,
1.09613,
19.9723,
33.7887,
0.062672,
1.42455,
14.4046,
0.168662,
0.670006,
22.1888,
24.0932,
1.29993,
2.13272,
0.452317,
0.473974,
0.793917,
2.28113,
0.846237,
112.936,
0.063008,
2.07514,
16.2828,
0.176298,
3.50445,
0.12201,
5.17434,
1.1603,
2.24941,
0.344538,
0.330781,
0.194496,
0.0813792,
0.502214,
81.2748,
0.459824,
4.90204,
0.829632,
0.537635,
0.0784448,
0.0831776,
10.8226,
0.236832,
0.0683136,
13.6216,
2.51087,
13.651,
0.51336,
0.171898,
22.0114,
3.74895,
0.356813,
0.542339,
0.222211,
0.176422,
97.8171,
2.39212,
1.54006,
71.4272,
0.861216,
0.504147,
98.8729,
13.6981,
3.05523,
0.36345,
0.164032,
5.33271,
34.9776,
3.48291,
1.70329,
4.81465,
10.6679,
0.371149,
0.203546,
15.2898,
1.80861,
12.8374,
119.256,
0.962438,
0.12241,
2.27514,
1.62596,
1.06435,
16.2418,
2.16588,
0.37039,
1.01083,
9.02416,
2.89611,
5.37531,
5.57669,
0.174682,
3.58055,
7.0393,
0.104659,
11.534,
0.365613,
0.766086,
13.776,
45.6646,
1.05731,
15.4083,
0.48712,
11.9307,
0.78359,
4.16915,
6.9746,
10.0633,
10.3429,
16.4938,
3.80352,
5.34362,
0.375709,
1142.17,
2.16938,
0.186704,
3.49712,
0.732163,
0.387085,
34.6204,
1.92818,
0.146771,
45.9853,
1.06009,
93.413,
3.99092,
0.45129,
0.0778016,
0.628717,
7.96463,
0.283834,
0.720029,
0.0703008,
0.523888,
0.392029,
3.3948,
10.9793,
4.03932,
1.78825,
0.138285,
0.233552,
699.064,
0.0905792,
0.198214,
0.0622432,
21.2299,
4.37809,
3.53503,
6.1942,
1.78569,
0.571894,
0.0919552,
22.8843,
1.51188,
1.61585,
0.912659,
70.6995,
0.139866,
1.25141,
29.2112,
17.3386,
0.647747,
1.43234,
26.8733,
4.49781,
0.0990592,
9.23742,
10.6518,
0.509843,
38.6417,
0.304461,
23.2714,
0.321549,
42.8344,
17.383,
30.9087,
0.7964,
1.31091,
0.568003,
0.0380608,
0.271462,
1.58064,
0.584554,
3.2714,
1.55364,
0.784429,
0.47447,
3.11715,
26.4769,
0.75737,
88.3602,
20.6765,
0.0786432,
0.0739104,
69.0075,
1.87153,
53.2322,
0.339581,
38.6579,
21.8328,
9.59743,
10.3713,
1.35492,
0.119914,
7.85294,
1.09773,
286.317,
0.164022,
0.669222,
0.332051,
1.93471,
0.868579,
129.743,
4.57876,
0.278867,
6.29001,
68.6337,
4.0395,
2.24424,
74.3295,
0.0670976,
70.961,
0.264976,
0.180666,
1.86896,
0.746918,
5.34661,
0.0828,
1.06298,
0.413667,
3.17571,
0.217754,
0.326426,
0.136861,
0.552883,
5.37279,
24.8113,
5.29876,
1.2986,
0.0816,
13.1724,
6.20915,
1.86976,
109.574,
0.180061,
56.7683,
0.444784,
2.86151,
306.51,
9.37358,
107.366,
0.431853,
0.13303,
4.27521,
61.0175,
10.317,
39.4129,
1.51308,
0.608525,
0.078096,
61.5691,
32.9317,
2.47231,
3.5225,
1.77958,
0.622054,
0.063408,
1.89337,
1.49343,
1.09239,
0.0819552,
4.46577,
2.35477,
0.191504,
0.46721,
2.51061,
0.0868128,
2.57044,
4.35343,
52.7943,
1.2098,
0.721606,
0.639072,
0.14856,
0.119914,
22.0465,
0.0650208,
59.6839,
150.572,
10.962,
20.4541,
1.4966,
66.1351,
21.4775,
1.43138,
9.69698,
0.407136,
11.5624,
0.0676096,
48.0652,
0.107136,
2.29874,
0.0543968,
0.302563,
0.248397,
0.555827,
0.205549,
0.16896,
0.46968,
0.801923,
4.03019,
2.6624,
1.78878,
0.0578496,
0.514707,
18.0501,
1.50011,
2.93337,
0.492954,
0.412941,
0.322829,
313.926,
0.0783232,
0.97951,
1.42713,
12.2006,
0.450067,
1.32679,
2.67973,
0.930173,
2.26292,
0.290774,
3.34309,
12.0927,
30.4135,
50.0028,
1.5991,
26.0086,
15.7651,
1.29045,
2.16843,
0.08136,
9.03898,
0.0948704,
6.13025,
0.0706432,
2.47315,
21.3905,
0.144109,
31.1708,
1.93631,
11.4002,
4.97189,
0.131754,
1.42138,
0.29168,
23.7604,
2.72631,
28.7791,
27.0267,
0.864662,
0.27993,
10.5915,
0.12265,
0.317834,
0.305347,
4.17349,
1.52159,
0.0758944,
1.71852,
0.984925,
0.278016,
8.21798,
6.52477,
0.056064,
15.4244,
0.189376,
8.64112,
175.747,
5.83453,
26.833,
2.18125,
1.17167,
7.1737,
27.8703,
76.7583,
38.4037,
0.0567296,
5.2087,
9.68415,
1.08008,
6.79632,
0.33641,
5.75945,
0.0957152,
0.061232,
42.9686,
104.814,
0.319613,
1.10945,
2.32941,
3.40618,
29.2163,
2.44542,
1.41377,
0.879472,
0.063728,
0.0981888,
0.374739,
0.166858,
0.22153,
6.13808,
2.57498,
2.03007,
1.1315,
0.643376,
23.8213,
40.0167,
1.41176,
4.80536,
2.45499,
19.2861,
73.8966,
0.0418688,
3.31438,
5.29515,
0.0987072,
4.09101,
0.337142,
0.415206,
0.0830944,
8.37478,
0.153072,
1128.8,
0.0807232,
0.113235,
143.313,
0.103168,
0.189331,
0.0472736,
0.280438,
0.269133,
2.30434,
5.98791,
0.617222,
0.203318,
0.121462,
357.121,
495.716,
0.0768448,
0.255107,
0.397731,
0.191792,
0.0874592,
157.77,
9.2741,
6.17073,
0.652624,
54.4589,
0.256029,
0.684326,
0.122368,
0.109542,
2.09604,
2.27424,
4.38261,
46.4152,
0.100842,
0.154109,
0.427821,
0.0600896,
0.273491,
14.6349,
0.710915,
0.0498272,
5.7972,
0.20607,
0.117338,
4.94617,
1.567,
2.89671,
3.47008,
0.590867,
0.263395,
4.06862,
2.33279,
3.49151,
1.1255,
0.165482,
0.269139,
15.6442,
27.4981,
0.679296,
6.33427,
0.395075,
0.0753632,
9.16744,
0.0899104,
0.757795,
0.530707,
207.446,
21.1418,
2.29267,
13.8989,
9.84248,
2.97166,
30.2012,
2.51958,
20.1014,
0.078624,
26.9402,
0.130794,
2.86183,
2.34097,
5.17743,
0.203917,
0.158621,
7.57778,
0.389808,
13.8659,
2.38986,
0.603072,
0.182595,
1.29366,
2.29878,
0.252826,
6.34444,
0.0604736,
13.1564,
0.14344,
30.2027,
1.96157,
0.473702,
0.19785,
11.6794,
0.717626,
16.6906,
0.09568,
143.629,
1.07328,
0.526128,
1.0688,
1.46197,
48.6377,
6.13922,
0.453616,
6.01131,
0.12295,
0.0972288,
5.18239,
130.612,
0.15903,
0.104851,
1.97017,
0.933168,
0.614982,
0.109184,
13.8215,
3.13435,
7.06706,
0.79313,
2.12357,
0.428051,
10.0527,
0.103629,
1.26087,
2.40543,
1.14156,
3.03901,
0.149133,
4.55564,
3.1825,
0.355024,
0.0628352,
0.443946,
0.138534,
48.5068,
0.496202,
2.26309,
1.05372,
0.0477824,
0.433107,
48.4841,
12.8629,
6.97641,
0.0664832,
0.060576,
0.528211,
5.23764,
0.0628832,
0.772253,
0.122195,
3.6041,
0.262586,
839.922,
20.2307,
5.01067,
8.89214,
4.54036,
3.50198,
0.27368,
7.2566,
0.342099,
0.0922144,
1.07036,
2.24043,
0.145789,
3.62318,
0.0695456,
2.21922,
19.7509,
50.0664,
0.438941,
0.110634,
99.9196,
96.1646,
5.52836,
0.0797408,
7.60546,
31.4742,
0.314054,
10.4928,
1.10759,
0.382176,
0.12999,
28.9084,
16.4397,
4.16841,
1.17648,
23.6178,
33.6151,
2.93342,
1.91196,
2.08679,
5.58606,
19.9926,
0.173398,
0.258058,
0.12024,
2.53627,
3.7874,
6.73655,
4.98738,
2.4333,
0.171782,
11.0728,
0.0415904,
10.2349,
7.31673,
0.60407,
1.67734,
0.103843,
3.19563,
279.159,
15.7907,
0.741277,
4.82961,
17.8571,
1.2393,
29.9485,
1.24331,
0.628605,
12.7848,
0.560739,
0.199904,
11.0286,
12.7047,
4.68365,
0.360771,
0.267171,
5.33124,
3.31753,
0.0711232,
160.628,
72.5064,
1.83767,
201.866,
9.92018,
3.83357,
1.22364,
2.86378,
5.65843,
12.2335,
0.765046,
0.461363,
11.0393,
9.43981,
1.17541,
0.473152,
0.066416,
87.9528,
0.505949,
0.223216,
6.02621,
11.665,
0.377741,
53.6542,
2.99497,
0.83817,
0.667776,
0.972218,
0.171683,
0.972573,
0.372163,
0.0850112,
152.985,
4.97464,
0.383526,
48.3064,
0.524883,
3.6899,
0.34223,
13.4936,
0.291795,
148.712,
9.75733,
0.917626,
110.607,
0.457264,
0.311891,
8.80689,
0.40855,
0.0465056,
0.0535264,
0.308589,
0.032544,
0.119616,
4.73345,
0.128259,
2.03728,
2.94011,
0.328221,
1.3334,
1.27836,
0.342851,
18.6335,
0.830586,
31.091,
1.31148,
0.745059,
1.73166,
1.21765,
0.732618,
2.54849,
16.9988,
0.106467,
0.174502,
0.147731,
2.24978,
6.91342,
85.2555,
1.83049,
14.1299,
0.20031,
1.21159,
0.0774816,
5.36125,
0.126669,
1.33414,
1.59264,
19.4293,
13.3499,
0.470634,
0.240416,
0.0948768,
0.475542,
9.67982,
40.6595,
6.80814,
135.475,
14.989,
584.636,
0.0922048,
0.995805,
2.09183,
0.531766,
49.0608,
7.71104,
0.924669,
0.94752,
36.0511,
15.8542,
0.114544,
9.62093,
10.9608,
2.7372,
4.41478,
40.2151,
10.1963,
20.9157,
2.97138,
0.138557,
2.96278,
3.77224,
22.143,
1.32369,
0.128717,
6.41271,
41.8652,
2.10831,
0.502336,
31.7008,
2.2575,
2.97643,
3.38355,
0.373238,
0.14529,
6.55831,
60.5258,
0.169587,
0.0416096,
0.0712416,
0.332147,
47.4157,
21.5567,
691.094,
0.659309,
12.9767,
59.2497,
71.1541,
39.4442,
0.0630496,
9.99393,
5.76308,
0.872752,
2.73374,
1.12975,
0.269952,
2.19228,
0.342758,
0.161104,
0.789088,
0.368758,
0.0885696,
1.23095,
0.114243,
0.0957632,
14.8459,
1.36279,
6.22875,
0.423309,
14.1293,
0.148579,
0.130413,
4.57456,
81.7257,
18.0763,
1.53834,
124.945,
52.4876,
1.15005,
0.25264,
0.0748,
1.33464,
0.456701,
50.2978,
0.077424,
5.70017,
8.4188,
1.04124,
5.22667,
2.31308,
0.192509,
0.0485376,
0.427939,
85.5406,
0.953382,
1.02309,
0.557997,
11.0572,
1.11153,
1.76176,
2.13172,
0.731216,
0.103843,
7.45266,
0.113795,
0.420006,
0.3956,
7.14782,
9.70895,
13.0667,
38.2521,
0.506694,
2.4978,
0.0856608,
0.140611,
18.816,
0.266032,
0.163312,
0.121206,
7.11564,
0.119779,
0.235594,
0.397174,
0.210483,
0.592144,
4.98745,
26.0635,
5.11723,
3.69587,
317.202,
15.366,
6.2213,
0.0672256,
0.197258,
5.70244,
2.46348,
0.306598,
2.21628,
0.55584,
15.331,
9.00865,
661.848,
445.887,
1.9778,
0.133392,
78.4844,
0.228202,
0.449702,
0.105779,
0.64921,
6.95956,
0.448746,
3.8502,
0.308096,
3.47974,
71.0194,
1.76091,
0.316237,
1.56334,
4.13166,
1.04219,
2.77122,
27.0835,
4.66157,
0.943158,
0.115571,
19.1824,
883.74,
1985.68,
0.10503,
0.069344,
33.1986,
0.044048,
42.4984,
2.12271,
1.07279,
3.44666,
1.28167,
0.293837,
69.7312,
2051.55,
0.211674,
12.656,
1.16081,
147.675,
0.262477,
29.1382,
1.53137,
8.92316,
6.28936,
12.8032,
0.405085,
0.251402,
1.74006,
0.212992,
0.165971,
0.615216,
2.51968,
5.95178,
0.191472,
9.17935,
0.291898,
5.24315,
0.0662976,
0.78591,
0.181469,
0.101891,
1.20381,
3.13027,
0.0632352,
0.131376,
6.31207,
5.10224,
18.7149,
0.640608,
0.06856,
5.38024,
1.52558,
4.84493,
4.9062,
98.5529,
2.25805,
0.108288,
2.09624,
101.832,
96.2796,
3.18499,
6.10632,
3.27732,
0.182307,
7.28109,
48.3189,
2.17025,
1.17067,
12.1109,
10.1084,
13.7439,
0.385126,
0.185747,
0.511357,
6.7455,
0.676182,
0.572816,
27.4022,
0.720765,
24.0268,
47.281,
2.59687,
13.7914,
0.503814,
1.71787,
11.5203,
803.336,
0.930314,
8.19047,
75.7944,
6.25796,
4.44443,
35.6397,
4.10764,
0.274102,
9.083,
0.239514,
6.0947,
0.399331,
9.20422,
0.279661,
89.7748,
2.06054,
1.88276,
4.85032,
7.76581,
5.68208,
7.14534,
11.6202,
0.316442,
0.162029,
17.1195,
4.95809,
0.088704,
0.0576832,
15.1759,
0.152438,
2.65707,
29.3667,
13.6198,
2.14053,
5.80008,
84.3451,
2.02348,
5.60786,
4.20767,
79.8134,
0.0405536,
81.4279,
48.7356,
11.8194,
3.54112,
1.7748,
99.9973,
0.0832352,
1.85674,
27.6091,
0.0935744,
15.3625,
1.43633,
2.42163,
0.280621,
2.73346,
434.914,
0.100045,
8.26485,
0.643373,
3.1395,
2.9204,
9.07109,
39.3137,
112.976,
0.396573,
0.974522,
1.66487,
2.89001,
25.5341,
0.101693,
0.760666,
0.0933088,
0.370518,
0.046544,
0.16463,
8.66578,
13.029,
0.376438,
9.63454,
80.7495,
0.715254,
1.02408,
0.245978,
11.4781,
34.2496,
4.08092,
2.05123,
1.29004,
8.58274,
0.152784,
310.937,
97.4734,
0.308006,
0.256093,
49.5156,
0.086848,
1.53408,
0.0579424,
0.091312,
3.58928,
0.287901,
1.5647,
1.09325,
0.961171,
0.39792,
0.163562,
0.312333,
0.119549,
0.661523,
0.35623,
2.02919,
6.89695,
0.195261,
7.07004,
34.534,
0.166589,
3.80085,
0.0439936,
11.6475,
0.048512,
0.297987,
5.38922,
0.27799,
0.0534112,
6.39738,
0.0858208,
0.0667136,
8.30329,
0.889293,
0.19752,
19.5907,
153.108,
4.95725,
0.804256,
0.366941,
10.3024,
45.0641,
0.441792,
11.3174,
3.11522,
0.161872,
21.1149,
2.01551,
26.1365,
0.73224,
0.0650784,
1.291,
30.2353,
0.428781,
3.0697,
0.0971936,
0.115238,
7.31987,
0.07304,
0.156125,
0.254653,
2.94337,
90.5321,
0.43279,
191.017,
0.621072,
0.375149,
1.94141,
18.9758,
6.96856,
5.9133,
38.93,
1.59603,
0.148666,
0.145936,
0.423437,
0.105296,
38.6454,
4.35878,
1.28711,
2.32031,
1.84956,
7.44769,
1.8349,
1.90041,
12.9116,
0.877408,
0.231888,
1.29253,
0.499811,
1.58096,
5.95125,
19.923,
18.8136,
2.79539,
3.30445,
0.0793696,
2.98129,
8.01946,
2.62301,
2.72189,
0.163642,
0.359446,
7.55212,
0.0672896,
21.396,
32.9606,
0.445987,
1.99875,
1.25688,
0.0562144,
0.144954,
3.89887,
39.1208,
0.0971392,
1.65585,
0.410698,
4.83419,
9.80016,
3.52443,
37.3097,
1.18574,
10.3989,
4.96819,
1.74905,
0.82303,
0.601686,
24.3592,
2.94044,
0.075184,
0.372928,
0.302301,
2.63303,
2.26081,
0.916966,
1.25678,
25.2323,
0.370445,
4.21032,
7.38998,
26.0492,
251.936,
10.1055,
0.121002,
10.281,
1.25037,
5.66658,
0.418138,
0.85631,
0.163942,
0.48409,
7.15169,
28.937,
0.283338,
0.263891,
18.6503,
5.63944,
10.1698,
0.125504,
1.56736,
0.429392,
0.362474,
594.721,
3.59668,
47.4091,
4.12313,
2.2333,
0.0642496,
4.00042,
0.179584,
1.52213,
10.1574,
0.0995232,
56.789,
0.214934,
11.7972,
0.476765,
1.49509,
1.17422,
341.167,
0.18929,
0.430822,
1.07719,
1.8128,
4.15144,
3.90034,
17.4933,
2.1032,
33.8684,
5.42745,
4.94158,
5.29105,
4.92033,
53.6864,
0.36345,
4.94095,
0.0966176,
1.71689,
2.16256,
0.542125,
1.00914,
0.971846,
82.7229,
2.3087,
0.0602944,
0.707366,
0.328522,
6.41476,
0.877219,
0.998115,
93.5183,
0.0885184,
1.50061,
0.252166,
0.110685,
0.468986,
15.5353,
0.175542,
1.73628,
4.93035,
24.3899,
0.621872,
2.50416,
0.129034,
5.69443,
5.40984,
17.0594,
4.69272,
0.0470944,
24.1153,
25.2998,
2.96042,
0.304093,
40.7859,
9.89298,
0.969226,
1.73516,
0.34409,
0.943414,
0.106768,
1.73166,
0.270966,
1.21793,
2.99183,
0.0580096,
1.29308,
1.63577,
0.0884832,
11.0238,
0.061648,
30.1106,
0.475632,
0.780778,
45.9649,
1.59099,
2.71599,
0.145146,
9.75861,
0.0522816,
0.656995,
1.17677,
0.293782,
1.21668,
0.613098,
1.75462,
3.06565,
5.33531,
1.89673,
0.801264,
0.191504,
6.33421,
5.20048,
4.58465,
0.198349,
0.274157,
12.1646,
5.52211,
0.0686752,
2.76593,
54.1051,
1.61738,
67.9632,
0.053776,
5.90381,
1.02333,
10.0125,
0.405763,
0.487798,
0.0762528,
6.69413,
1.72332,
53.0705,
16.3709,
26.7597,
34.8042,
175.243,
5.16187,
0.849978,
249.06,
0.220138,
9.1875,
1.6999,
1.45047,
0.697469,
0.0619424,
22.858,
6.08898,
1.29347,
0.291834,
12.5382,
4.11569,
0.325389,
1.24969,
447.076,
0.196688,
51.2646,
0.668618,
4.24803,
6.66541,
2.06899,
2.03816,
0.06536,
0.295878,
1.49261,
418.281,
0.177082,
1.8827,
16.2071,
28.5065,
0.0490304,
0.0790624,
52.4649,
8.05068,
0.0540672,
5.67008,
33.2346,
0.0426368,
13.8819,
0.0871616,
0.560506,
2.03217,
1.23952,
4.53299,
0.098032,
1.59384,
0.414992,
9.81424,
0.194112,
3.28475,
708.155,
0.0999712,
1.6036,
0.11175,
0.424214,
1.1211,
12.5865,
4.53664,
35.2178,
4.32784,
0.087424,
13.2221,
4.54834,
6.78899,
1.57857,
74.4105,
48.7706,
5.05163,
2.18352,
1.95063,
8.7832,
1.06356,
0.470346,
0.37497,
2.58079,
4.32078,
1.81647,
14.2596,
146.332,
1.30467,
43.9244,
35.9553,
11.7519,
0.279184,
1.91546,
20.7882,
1.35228,
0.32409,
0.181472,
5.05966,
1.60293,
15.3143,
0.120038,
0.190298,
2.08859,
0.0956512,
4.66633,
7.95821,
0.144867,
1.00695,
0.83799,
9.69481,
17.8542,
108.376,
5.49118,
0.0877056,
1.07615,
0.719878,
0.111987,
5.08392,
2.20537,
8.66691,
73.9911,
184.632,
13.9334,
0.74809,
0.372346,
2.81364,
7.54039,
75.2784,
9.08281,
0.986653,
29.9994,
0.298262,
29.7937,
35.3731,
1.12988,
0.0780384,
0.149779,
180.393,
28.2485,
1.30829,
4.95542,
0.103344,
0.25472,
81.0531,
4.60934,
0.27704,
25.6448,
22.8188,
0.368995,
3.29761,
1.6337,
29.455,
6.16904,
4.08307,
3.94601,
0.637654,
6.93094,
0.11583,
168.909,
0.762554,
4.57991,
5.76868,
0.504851,
3.06434,
2.81276,
1.04691,
1.64962,
11.6887,
2.31632,
22.286,
0.505437,
1.45528,
1.56907,
22.8248,
0.0619008,
19.8689,
5.83363,
2.24233,
3.06256,
0.882061,
65.4624,
0.168333,
45.262,
50.4157,
28.6121,
1.03546,
43.779,
0.833856,
26.4778,
0.857152,
2.74385,
17.2274,
0.10601,
40.4172,
66.3914,
16.1505,
25.4826,
0.684739,
6.83423,
0.460774,
0.0418272,
0.546781,
0.0570752,
16.5596,
0.190506,
1.04477,
0.428275,
106.277,
0.133168,
5.38429,
0.90599,
1.10283,
0.208397,
16.12,
1.01945,
6.14498,
0.436918,
52.5277,
2.82378,
0.0965344,
0.125658,
15.0159,
0.978643,
14.2751,
4.95468,
0.619187,
24.6288,
22.687,
0.591597,
9.87973,
5.53725,
0.37703,
18.9954,
13.6972,
1.66119,
30.7839,
15.2392,
0.933382,
0.173629,
2.74716,
0.98288,
24.363,
4.75866,
0.471258,
1.17103,
75.7113,
2.3929,
10.8257,
1.0011,
7.87497,
0.353946,
3.09643,
7.84251,
6.47053,
0.414646,
7.81395,
0.0634144,
24.9269,
9.27234,
0.0985984,
0.181331,
147.886,
0.22105,
103.406,
9.76716,
3.60335,
0.106765,
72.5754,
3.43302,
15.1366,
0.946787,
18.7534,
0.198874,
47.0568,
51.5325,
0.481568,
5.35406,
6.32712,
0.969434,
3.49016,
0.0798944,
62.6799,
0.201888,
3.688,
0.27615,
8.89575,
15.2953,
0.70217,
0.345386,
7.84658,
1.85814,
0.0608576,
0.118912,
38.9732,
39.8845,
15.3986,
4.34933,
40.0047,
39.0735,
1.42933,
26.2196,
0.0684832,
0.0618464,
5.47343,
0.0579808,
0.0608928,
0.147594,
0.158195,
24.2142,
1.25895,
0.168205,
0.644227,
6.80023,
40.575,
13.2579,
5.22988,
0.210694,
5.32248,
0.575597,
43.4686,
29.8121,
1.14125,
575.489,
3.74955,
6.64498,
4.54865,
0.586214,
18.1552,
21.5178,
6.0098,
3.13515,
0.0303328,
182.233,
0.343392,
66.2515,
2.74584,
1.10012,
13.1933,
26.4067,
1.40249,
0.659142,
0.320269,
38.6582,
16.3572,
160.895,
24.8722,
3.6304,
53.9961,
0.376752,
0.0552,
2.01599,
13.0478,
4.72543,
0.460115,
0.150637,
1.73504,
10.4445,
722.592,
2.22414,
15.1178,
9.65505,
9.41669,
0.807603,
5.12235,
27.5178,
0.940259,
16.5958,
0.220186,
11.3529,
9.90642,
43.6508,
0.591754,
0.316262,
1.64215,
61.4322,
5.97361,
0.658627,
5.83117,
12.2501,
0.683722,
9.33933,
0.18961,
5.37713,
19.5882,
13.0754,
1.36895,
0.966294,
3.48536,
0.28984,
1.18608,
121.326,
20.3524,
7.66752,
8.42018,
0.500851,
0.0835072,
0.555395,
17.7936,
2.45271,
4.76815,
25.5382,
0.125814,
0.477485,
86.2919,
6.01074,
0.35423,
434.06,
0.376659,
6.14502,
37.8761,
1.79954,
0.102234,
4.94436,
2.08988,
0.327174,
3.4261,
2.26882,
3.05806,
11.9616,
0.208323,
0.0764256,
0.161517,
81.4587,
3.97594,
0.354755,
0.261562,
0.836477,
1.15981,
65.3704,
0.675459,
0.215808,
0.178346,
0.985082,
4.61565,
1.74769,
1.11367,
5.17305,
2.67489,
165.251,
1.31126,
7.47588,
0.738928,
108.997,
9.16481,
0.0921056,
0.512499,
82.6544,
0.507949,
0.110934,
8.05978,
163.398,
0.815856,
12.4991,
46.8434,
5.70236,
6.42016,
13.0712,
0.212493,
0.216714,
23.5664,
0.106531,
0.535546,
2.49642,
2.58692,
1.03153,
0.268394,
6.98502,
0.359293,
488.812,
19.9446,
9.17434,
0.310883,
2.88921,
0.388531,
0.111917,
0.707811,
0.045472,
0.61639,
0.361072,
0.0615232,
0.833178,
6.49736,
2.1636,
7.64028,
0.217088,
9.12083,
63.541,
0.573517,
5.20903,
0.164352,
0.487734,
0.208765,
0.54463,
0.665446,
3.8039,
0.0689952,
1.36483,
0.379846,
0.108534,
24.4014,
110.808,
0.982736,
4.86045,
37.0048,
2.59819,
3.14746,
0.0917856,
57.6361,
259.114,
2.76176,
0.154026,
2.01998,
25.0555,
0.248042,
6.80775,
4.33235,
240.834,
0.264486,
22.3815,
0.0410912,
180.183,
8.90106,
6.19741,
1.05225,
0.0513696,
47.2793,
0.294502,
3.59059,
0.431549,
5.18612,
0.294064,
0.397626,
30.5336,
60.2749,
3.69652,
0.800957,
1.3512,
0.228957,
0.224323,
2.87187,
0.495498,
7.77543,
0.416954,
0.957696,
0.110438,
5.25386,
22.2399,
0.0695296,
2.92211,
19.7263,
1.59899,
41.2906,
1.12472,
31.1242,
6.03003,
4.32522,
2.59615,
13.5932,
36.6824,
1.16978,
1.13392,
170.503,
13.454,
0.22696,
1.05383,
3.30316,
33.6862,
0.889974,
7.361,
0.751235,
0.0676256,
21.1471,
0.119853,
0.709747,
1.65244,
9.39717,
0.903229,
0.0829216,
14.5506,
65.6644,
0.158733,
0.342938,
3.14037,
8.43388,
1.14746,
24.8265,
0.271542,
0.396931,
32.4094,
343.521,
23.5727,
3.09331,
12.0001,
206.165,
0.114547,
0.745754,
0.207043,
1.30336,
2.40212,
0.514003,
4.52672,
0.607114,
1.28387,
3.31958,
12.0832,
2.09979,
20.6525,
0.511078,
0.163837,
17.8839,
0.389648,
0.0658784,
0.582694,
13.4074,
0.12392,
1.24205,
14.6008,
0.491734,
0.0709728,
1.15111,
0.668266,
1.69729,
8.83348,
69.1701,
1.99595,
0.116662,
59.5785,
0.0742912,
0.267184,
11.3797,
19.6044,
0.800819,
4.03081,
3.98611,
0.0928416,
208.106,
17.3731,
0.216282,
1.25304,
16.5243,
4.8307,
0.343034,
0.39649,
0.190624,
2.66002,
34.4941,
0.320902,
5.58139,
51.9758,
2.29166,
107.13,
1.02589,
1.28271,
0.312202,
0.22129,
24.1702,
319.695,
4.59458,
5.45423,
0.051952,
0.20697,
6.22725,
3.32866,
0.359478,
10.1565,
9.51449,
12.9814,
27.5195,
42.9489,
2.06007,
3.17028,
0.38367,
2.44195,
38.9812,
0.532634,
195.982,
0.047616,
184.286,
0.0773312,
69.624,
0.327923,
3.65176,
0.763949,
0.896832,
18.1019,
437.403,
3.73352,
17.1494,
155.438,
15.3872,
97.1179,
13.2747,
0.555146,
5.35387,
0.152832,
0.140387,
9.5603,
26.5455,
0.394826,
2.2333,
40.0939,
0.711734,
4.65188,
2.06745,
16.7003,
0.647222,
0.441392,
8.91979,
0.341146,
0.0816928,
0.60407,
0.4468,
1.73082,
0.364035,
4.22034,
1.80695,
6.49811,
1.10159,
0.321654,
2491.01,
0.330784,
0.271235,
121.948,
2.1702,
0.462685,
4.66013,
0.31312,
0.456752,
5.62831,
9.49709,
2.7018,
0.0750752,
22.345,
10.4763,
3.30706,
3.13901,
0.046208,
1.37188,
0.0626848,
4.8163,
7.16797,
0.355018,
2.61089,
0.314493,
52.9145,
0.261613,
1.5494,
0.305725,
23.2209,
9.44737,
0.146131,
108.63,
16.1159,
5.53241,
0.19664,
1.96204,
41.4123,
0.175901,
2.41964,
14.9078,
1.89779,
0.699472,
2.73211,
2.10492,
63.3577,
1.95656,
5.08101,
2.68237,
2.34329,
1.25543,
0.38031,
18.9638,
56.5834,
0.314762,
8.51995,
14.1239,
0.299667,
26.6525,
15.0682,
0.08672,
4.47438,
0.0981056,
22.8722,
0.553606,
1.29743,
0.0415968,
0.305008,
0.0541024,
2.46689,
40.6786,
1.48009,
2.72309,
0.546355,
1.16636,
0.187923,
5.80938,
19.2174,
4.18382,
1.51509,
0.0702336,
3.55123,
105.49,
0.620646,
17.6666,
2.4981,
0.762554,
3.2209,
0.144102,
0.346454,
0.136861,
15.9026,
3.01506,
52.0032,
21.2934,
318.034,
0.155021,
72.1342,
0.709645,
4.85799,
34.8353,
2.62198,
0.875315,
3.8987,
1.95858,
3.05514,
1.84374,
1.51544,
0.0563168,
53.9593,
78.503,
7.95104,
0.108614,
0.388762,
32.596,
0.711034,
24.5592,
0.895354,
3.5134,
0.0796288,
0.35745,
0.121651,
0.307798,
9.02793,
16.8865,
13.7513,
41.0471,
9.17773,
2.18802,
3.41349,
2.56211,
202.765,
1.96244,
3.92371,
0.741517,
3.0072,
23.0815,
0.0649152,
15.2332,
32.8402,
2.0191,
5.63201,
3.69128,
0.0910528,
37.031,
964.365,
0.0769472,
0.93959,
0.643363,
11.0492,
4.41638,
33.1274,
5.12259,
0.0564128,
21.3792,
142.469,
0.714042,
0.131789,
5.50254,
21.6121,
0.806147,
0.0746016,
0.155546,
0.260269,
0.620358,
1.27559,
5.5936,
13.675,
0.276557,
35.7236,
133.938,
1.97119,
1.28801,
0.111178,
1.23025,
0.450669,
0.112006,
5.68624,
17.9812,
6.0748,
2.94019,
0.16592,
1.37425,
1.00132,
0.919149,
0.982173,
1.15013,
0.555891,
0.280602,
1.53176,
2.95124,
0.102496,
0.177171,
0.645568,
3.6397,
2.33164,
0.287949,
0.77416,
0.121482,
0.614342,
0.174518,
3.31951,
0.48361,
2.3364,
0.068064,
1.77589,
0.247693,
22.296,
0.12433,
0.0986304,
1.16169,
23.1722,
0.377309,
25.5759,
0.25479,
0.154278,
0.393686,
0.178733,
0.186816,
0.0546208,
8.11187,
1.3646,
0.199981,
0.0687552,
9.58266,
4.32315,
37.4535,
4.47918,
0.079312,
16.8573,
41.3861,
22.5427,
1.42883,
36.1038,
0.404442,
0.627814,
0.863072,
0.63696,
9.44011,
3.47935,
0.114918,
0.155555,
103.096,
6.39276,
0.145098,
0.674614,
0.0648576,
2.04267,
38.6141,
26.2196,
143.827,
1.28173,
27.8314,
15.2029,
0.260352,
0.381309,
7.64397,
0.197779,
0.340179,
2.70583,
122.572,
0.334093,
0.943574,
1.45791,
32.9246,
0.225075,
7.923,
7.13869,
0.161834,
26.4055,
15.6508,
1.548,
3.57486,
0.18527,
0.178083,
6.76834,
1.36069,
3.06085,
28.1206,
0.707069,
0.226803,
1.32241,
26.663,
0.191037,
0.52632,
0.514944,
610.291,
3.22642,
0.818122,
4.55082,
1.10231,
1.65561,
0.451475,
116.219,
1.89627,
0.0777536,
1.33207,
12.8549,
0.468397,
43.7134,
11.8143,
8.12382,
0.182317,
7.07335,
1.52898,
0.459827,
0.37897,
7.82145,
0.068736,
0.175302,
0.571994,
3.5354,
44.9885,
2.34612,
85.0976,
4.30182,
0.117069,
1.52986,
0.531971,
0.466947,
0.466432,
2.47287,
56.8095,
5.84816,
2967.96,
0.350234,
0.055968,
7.18363,
1.08124,
0.134509,
7.35831,
12.4429,
490.127,
4.12113,
0.550205,
18.6355,
0.375581,
24.5531,
0.450554,
12.1019,
0.090336,
0.355664,
0.0802144,
6.73335,
127.881,
0.273853,
31.8958,
0.0713728,
0.99657,
0.814166,
0.641786,
0.752794,
0.53336,
0.104925,
17.7594,
2.482,
8.5633,
2.63295,
2.00089,
12.7946,
4.17748,
1.79764,
0.116262,
0.21056,
208.005,
261.638,
81.5001,
858.138,
171.599,
0.0604704,
35.166,
0.818611,
0.333059,
2.81648,
8.86309,
0.425312,
0.0814752,
55.0033,
27.4084,
1.41536,
5.12922,
0.743808,
0.172992,
53.7657,
0.0577344,
3.06987,
0.0897952,
191.986,
5.74352,
2.94812,
4.21747,
1.94318,
0.202637,
0.0962656,
0.962717,
0.135446,
49.6306,
1.18983,
0.480179,
0.0963136,
0.201501,
23.9493,
0.082736,
0.151645,
15.3851,
0.39297,
0.849821,
1.67479,
1.10974,
28.8614,
10.2706,
0.192902,
6.6839,
4.88897,
3.07656,
1.32531,
64.1819,
0.516787,
1.3042,
0.161811,
8.30462,
4.434,
152.683,
0.475725,
4.12551,
0.102749,
12.029,
3.70511,
0.132915,
2.97169,
0.0834528,
0.705658,
0.645366,
0.331274,
11.1763,
0.159638,
11.873,
17.9581,
3.66939,
1.49247,
38.9858,
12.9418,
1.25348,
38.3655,
0.360032,
2.38017,
4.53832,
1.74085,
2.10446,
0.065216,
5.86026,
0.289078,
1.15317,
13.0919,
0.170099,
0.360787,
18.629,
0.40327,
17.2568,
0.429754,
0.0820768,
0.189818,
1.85216,
0.728029,
0.64408,
2.7785,
0.210106,
7.47559,
0.164931,
1.42518,
19.254,
9.65924,
203.223,
2.35438,
3.89829,
0.729498,
0.218714,
1.34643,
304.002,
1.48628,
0.657254,
76.1162,
14.9223,
3.64031,
0.746333,
9.94037,
1.42536,
0.062464,
0.180848,
0.259309,
1.63537,
2.64282,
1.44774,
1.23947,
4.80983,
17.1725,
0.701043,
0.381859,
0.388707,
1.61732,
0.693322,
0.998749,
12.0887,
12.8631,
0.0436864,
0.980221,
0.411181,
8.07609,
11.4667,
117.25,
0.0941504,
1.1482,
15.2488,
0.153936,
127.404,
7.29908,
12.0346,
0.0842688,
2.38719,
1.84596,
0.246317,
0.955232,
0.313645,
0.514339,
21.0984,
2.97679,
0.140397,
107.704,
261.677,
0.623958,
0.342496,
0.0821856,
1.41981,
7.64843,
3.35148,
0.908253,
0.694438,
0.165875,
0.836826,
47.3138,
1.51303,
134.215,
4.40942,
2.11168,
1.44863,
9.56741,
0.671059,
6.95296,
4.86651,
0.114656,
0.127549,
0.0925856,
5.52049,
0.14673,
0.105011,
2.6544,
5.24939,
6.90129,
2.12361,
0.0786816,
7.02365,
4.24118,
0.646288,
2.33229,
0.766794,
0.568678,
0.138554,
2.07494,
0.176931,
1.13935,
0.0565152,
4.07541,
0.143702,
1.75574,
0.269373,
287.164,
2.25507,
34.3073,
1.36346,
0.0860928,
5.61949,
0.0407712,
10.0477,
35.356,
0.182208,
114.717,
0.162214,
4.08281,
1.06963,
4.79188,
15.6275,
3.41204,
67.1175,
0.17104,
0.515437,
0.200656,
9.0963,
1.40989,
0.764595,
16.9985,
0.308166,
254.908,
2.30141,
1.63509,
1.15911,
1.12143,
27.2236,
2.55011,
1.0935,
0.0756928,
0.0731648,
42.0137,
75.5802,
0.285632,
8.42518,
2.03839,
0.763133,
1.85765,
162.298,
2.55551,
0.122845,
50.6387,
0.691702,
17.6009,
0.484454,
1.44718,
11.237,
0.212058,
0.0832416,
13.153,
2.29339,
0.0896768,
9.835,
42.671,
0.834701,
0.360806,
10.2438,
0.10551,
33.486,
122.613,
0.152528,
0.0552224,
2.30603,
273.516,
0.31967,
0.219126,
17.8894,
0.153126,
5.81812,
4.61358,
0.975386,
1.3456,
6.29775,
3.50893,
1.39881,
25.6098,
7.08515,
0.647901,
3.75177,
1.98454,
315.153,
91.2232,
0.0573984,
0.0994688,
0.732403,
51.7629,
39.9038,
28.4924,
0.344982,
0.129635,
0.213328,
1.82818,
17.3769,
46.709,
0.409091,
0.262288,
18.1586,
7.9935,
4.69664,
1.24158,
0.154925,
0.189475,
9.67254,
0.264979,
30.1455,
1.41022,
1.38583,
0.13535,
0.427363,
65.7281,
9.42825,
5.70498,
8.49677,
36.5191,
26.0355,
215.43,
0.252266,
0.183101,
4.88914,
30.4323,
1.84433,
0.228106,
12.7901,
4.00283,
24.6377,
11.6306,
0.448746,
7.9718,
3.33196,
47.9933,
108.863,
0.849603,
0.40961,
57.5844,
12.7887,
165.362,
4.96893,
137.577,
0.183834,
0.925123,
1.01938,
0.21552,
3.86759,
2.1579,
0.484896,
1.37645,
0.10145,
0.568877,
8.48055,
681.586,
2.91397,
8.14177,
12.3698,
0.659274,
0.139411,
0.52049,
19.0868,
0.588186,
0.438845,
11.7896,
3.88123,
21.3367,
20.0638,
0.243008,
0.0830464,
0.13327,
0.360176,
10.9682,
0.161165,
29.2172,
3.37269,
37.4479,
6.39309,
170.596,
2.33082,
0.829142,
29.8521,
0.377661,
7.05921,
0.506838,
9.31916,
11.7414,
0.0784288,
270.006,
279.659,
3.31654,
0.305376,
0.298771,
0.0949344,
12.8968,
3.26685,
0.154896,
487.872,
2.02458,
256.397,
2.88288,
0.0657472,
1.25067,
0.101037,
69.4756,
0.430704,
1.38894,
12.3158,
5.14132,
3.0429,
0.243312,
8.12447,
13.4409,
0.179168,
0.166864,
91.7774,
43.9819,
8.82291,
4.70063,
12.8638,
1.61881,
0.131776,
0.137347,
0.688093,
1.8908,
0.0499584,
0.477418,
0.406538,
0.945146,
0.210224,
0.399654,
0.609158,
0.608928,
0.0747616,
0.0764352,
34.5704,
10.2376,
0.398605,
36.094,
17.8883,
5.98419,
0.596557,
3.00202,
4.7458,
16.0333,
8.25022,
0.691696,
28.0371,
2.24491,
0.981347,
0.102784,
2.44056,
0.193341,
4.95741,
0.0796736,
9.61444,
2.49274,
10.648,
12.8268,
2.39021,
0.75001,
52.4996,
0.307722,
34.258,
0.145315,
3.81921,
0.56992,
3.54281,
0.69832,
5.76808,
2.2921,
13.9395,
0.520944,
0.158486,
0.081264,
132.49,
0.0607456,
30.0991,
64.8867,
60.6691,
5.83139,
2.25938,
0.265814,
6.53691,
0.102403,
37.9664,
1.40632,
0.29729,
2.84257,
134.839,
0.091664,
18.0497,
2.84902,
1.16889,
0.10631,
0.196317,
0.0697216,
81.9926,
9.10338,
4.35975,
39.4367,
12.7622,
0.909261,
3.1815,
0.193552,
2.17016,
2.90071,
482.226,
11.2551,
3.61716,
1.55188,
0.129037,
84.9419,
19.3923,
92.3957,
5.6793,
1.28334,
1.58148,
0.115581,
4.33737,
0.594074,
31.8238,
1.69418,
1.38236,
0.731331,
2.45783,
10.997,
0.479558,
2.3745,
3.8678,
2.05893,
0.389072,
5.06185,
0.120486,
81.0294,
0.470227,
0.721808,
0.463558,
0.843942,
0.540502,
1.66027,
1.78721,
0.596202,
1.14005,
0.201923,
8.35462,
68.0077,
13.4622,
0.292333,
0.400682,
0.421219,
0.122816,
42.7736,
2.70212,
15.7051,
34.2816,
0.498822,
7.20628,
1.14158,
1.34958,
0.0455296,
490.443,
0.0713504,
10.1612,
51.935,
13.2331,
202.229,
3.90018,
0.12336,
0.22336,
3.91671,
0.082016,
7.72938,
2.50297,
0.414563,
0.31601,
0.133226,
23.255,
18.2858,
5.13799,
11.7724,
1.91156,
0.268435,
7.77852,
250.29,
1.64212,
68.0672,
6.92781,
7.66976,
0.53311,
86.3621,
0.183744,
0.069712,
1.90416,
28.3927,
0.0763872,
8.03748,
0.41137,
0.62743,
0.94016,
18.4405,
3.37601,
0.199725,
3.29613,
0.0873664,
1.04432,
0.386371,
38.9764,
7.60871,
20.8671,
3.11394,
0.436493,
0.721213,
0.175386,
0.519558,
3.75613,
5.0431,
62.818,
1.55132,
6.68252,
0.726723,
43.1824,
1.09045,
4.1209,
6.266,
1.17779,
1.22441,
30.1169,
218.488,
0.198627,
0.222368,
2.49838,
0.204602,
43.7335,
0.976048,
0.172672,
9.7281,
1.50643,
73.4402,
13.4506,
0.482771,
85.3616,
1.40424,
0.257763,
0.668938,
3.69869,
8.27388,
0.0999968,
3.73658,
0.0708128,
2.27954,
0.108451,
10.2505,
0.347341,
21.0669,
0.29832,
0.171869,
4.12853,
0.326669,
5.97928,
126.436,
3.6381,
0.157011,
102.837,
1.05294,
4.91728,
10.7829,
1.16059,
1.15276,
1.22516,
0.545626,
12.2632,
49.6869,
0.0904736,
8.10489,
0.841738,
2.02315,
0.13248,
0.418438,
776.171,
23.3829,
2.70051,
0.111514,
0.0467744,
15.1236,
0.349984,
5.7142,
13.9319,
8.25535,
16.5193,
2.1862,
0.112419,
1.32245,
0.170179,
105.75,
1.93525,
0.046032,
132.046,
0.137456,
0.943779,
2.92745,
15.2081,
57.7692,
0.522448,
1.37533,
2.13847,
67.0356,
15.8323,
3.19728,
9.14041,
0.54297,
1.10096,
13.4406,
1.20216,
0.609142,
0.0631584,
1.3035,
0.240016,
4.14564,
0.291898,
0.896518,
17.9048,
0.074032,
0.470605,
2.08718,
1.25358,
1.80068,
19.6492,
0.500237,
0.17673,
4.0693,
1.73748,
1.00994,
12.472,
26.0989,
4.07441,
0.486835,
1004.26,
0.401139,
43.4983,
0.802198,
16.0952,
76.6543,
0.197392,
7.26831,
10.0532,
1.40214,
9.39702,
2.02695,
5.80656,
2.31269,
2.07174,
0.17985,
0.392134,
15.259,
0.976323,
60.7028,
4.90262,
27.7142,
0.117552,
0.132336,
17.864,
8.43659,
58.5975,
2.15898,
15.6705,
0.263162,
1.92905,
0.248298,
1.15223,
0.267347,
9.0014,
0.0775808,
0.782426,
0.746403,
1.04933,
2.1115,
5.11545,
0.263267,
0.23201,
0.890426,
21.7465,
28.4975,
0.244176,
0.246941,
0.51025,
0.094448,
17.0964,
6.64097,
5.90909,
9.80012,
62.8863,
0.0885952,
416.555,
16.8705,
3.22739,
2.68506,
4.28578,
0.322742,
1.38461,
0.196794,
0.772803,
66.2996,
101.271,
6.01679,
1.20434,
0.220797,
8.48258,
63.6461,
0.0989632,
0.165392,
6.589,
1.14115,
1.33268,
15.9858,
1.85221,
0.376294,
3.35059,
4.76485,
0.0410176,
6.58784,
0.133469,
0.605382,
0.236544,
10.448,
18.0258,
3.3978,
17.56,
0.226451,
12.8031,
6.05112,
8.26531,
0.919299,
1.69788,
5.78548,
47.1204,
6.23415,
0.350627,
1.92702,
1.10986,
0.0870944,
14.3118,
0.273382,
43.5057,
2022.13,
6.36589,
9.65411,
618.351,
0.180874,
1.08764,
2.7861,
1.00273,
4.30667,
0.140205,
61.2625,
26.6839,
8.77546,
22.9376,
11.5346,
81.576,
0.627664,
0.165066,
1.5986,
8.14606,
0.0972768,
15.1781,
3.07066,
0.849341,
1.18383,
0.377002,
9.55428,
53.0785,
0.786269,
0.0474048,
0.811885,
1.10945,
14.4569,
0.104317,
0.14935,
1.65008,
38.9273,
0.350858,
3.63806,
203.003,
60.0412,
0.842307,
74.3301,
74.8621,
3.83527,
23.3353,
6.71438,
46.9842,
4.46063,
2.24821,
0.213536,
22.6519,
21.4516,
0.820845,
0.303232,
23.06,
0.0923968,
2.52721,
232.483,
39.1111,
5.04046,
14.9636,
0.847581,
1.75294,
2.74436,
6.5167,
0.696438,
5.53187,
0.962989,
23.9032,
1.67973,
16.5013,
4.32059,
0.101485,
3.7662,
1.55436,
1.19206,
0.777354,
4.72695,
7.82926,
0.556691,
0.379846,
132.442,
6.12109,
0.305155,
0.147126,
1.82036,
0.0837152,
0.682576,
12.9662,
36.0701,
1.4253,
38.2904,
6.08339,
11.2931,
0.24304,
21.9777,
2.81955,
3.69532,
0.71975,
0.067392,
22.1481,
13.089,
2.57565,
0.20464,
0.0819456,
2.5822,
0.702346,
75.9519,
553.127,
0.366144,
0.84169,
10.5134,
6.47146,
19.3857,
1.02602,
22.8251,
1.02768,
30.8164,
40.3203,
0.506211,
0.453962,
4.56383,
186.949,
21.2163,
5.31259,
4.54595,
8.15236,
1.71998,
0.0475872,
1.50741,
1.65033,
22.8224,
0.0770912,
1.2961,
18.7437,
0.688192,
0.904429,
0.0702496,
2.55344,
8.45924,
0.0459264,
0.884595,
5.42616,
14.1617,
0.62391,
0.894253,
0.0505376,
0.094752,
0.0580832,
2.03886,
0.185962,
4.35126,
2.07676,
53.3769,
1.92125,
11.8098,
118.957,
74.1727,
0.602973,
42.8677,
0.637475,
6.63847,
145.076,
0.303514,
26.9319,
0.747549,
0.53968,
0.243216,
0.27696,
4.7394,
0.432662,
65.6922,
3.76348,
16.7148,
99.9746,
109.443,
18.5574,
14.0015,
1.85367,
5.67319,
6.28314,
3.54901,
0.698771,
0.221805,
84.5509,
0.111798,
36.2965,
4.06483,
0.991341,
1.39213,
15.2125,
0.100624,
40.8259,
0.74024,
0.536182,
0.0680704,
0.123261,
7.55102,
3.6846,
10.5411,
0.171968,
0.0892864,
23.8602,
4.70212,
0.181254,
0.405773,
0.21881,
1.29,
0.0798784,
16.29,
0.0680448,
2.55794,
3.92656,
0.231018,
1.8461,
24.7611,
9.747,
0.182035,
3.57189,
1.7157,
9.41888,
0.874515,
1.80156,
0.408941,
1.2045,
0.473856,
2.83999,
0.149632,
0.465325,
84.4625,
43.7013,
6.57199,
47.9003,
0.354003,
0.855725,
2.93253,
225.468,
0.20255,
33.004,
0.547485,
5.7981,
0.0759456,
16.4216,
0.847654,
4.03978,
2.51702,
0.152522,
1.06404,
0.531891,
4.81808,
12.8464,
9.60596,
0.0888768,
19.4677,
1.37296,
67.1553,
0.443133,
0.986352,
0.369248,
35.4029,
76.979,
2.2307,
27.7288,
0.247379,
214.838,
0.26193,
0.136858,
0.0665856,
0.482326,
455.485,
1.44128,
1.24129,
19.6328,
1.28597,
0.898128,
0.0715712,
1.81998,
2.10849,
0.23784,
2.3656,
0.0646464,
0.275062,
8.32295,
0.070992,
812.678,
0.848195,
0.382419,
0.287363,
0.240198,
16.3632,
15.0975,
0.102384,
1.64332,
2.12972,
0.107069,
20.317,
4.13718,
2.37274,
28.0012,
0.245088,
1.4188,
3.17095,
111.934,
3.67041,
8.8315,
1.14725,
0.121347,
0.351715,
0.113686,
0.265114,
64.6546,
78.5139,
0.0796864,
4.12534,
25.6983,
2.29112,
5.12078,
0.135322,
0.333875,
18.7126,
9.42678,
3.45766,
3.99783,
27.6791,
0.157414,
5.20696,
0.51297,
0.882614,
39.6519,
1.46972,
1.02352,
3.61885,
0.196813,
0.357165,
8.14392,
5.71681,
0.130413,
0.217024,
4.55965,
1.56116,
0.625853,
20.1722,
0.192077,
1.41686,
2.41264,
3.84338,
11.672,
0.146813,
0.486333,
0.479062,
2.28494,
4.03596,
0.176378,
444.393,
3.28292,
1.51264,
25.1311,
395.828,
26.2225,
0.935309,
0.181248,
42.2249,
106.675,
99.5268,
0.899136,
30.1358,
0.920586,
5.3254,
0.398102,
5.65454,
0.127069,
4.18195,
0.216346,
31.6852,
95.7112,
0.196851,
411.427,
129.192,
0.097424,
16.858,
0.103114,
2.35909,
2.04529,
0.477629,
43.0203,
0.299798,
1.52803,
17.5744,
0.48367,
1.74607,
20.2208,
78.9438,
32.708,
1.41156,
0.0831936,
1.08477,
0.391571,
0.388096,
0.0821088,
86.0647,
0.534966,
0.113757,
9.53069,
0.232723,
1.41317,
1.82902,
0.483763,
44.5992,
0.486195,
0.285101,
20.9815,
0.0468128,
22.9002,
1.34471,
21.1327,
12.3804,
6.0572,
0.445914,
0.437325,
19.2437,
0.0745184,
37.549,
3.58015,
0.063152,
27.6531,
5.32003,
6.22144,
0.129664,
6.90667,
1.01555,
0.756662,
396.421,
0.094416,
0.692534,
0.627824,
0.56881,
2.28995,
0.362307,
8.37414,
0.53096,
0.444954,
3.46239,
1.5183,
0.203706,
1.27859,
0.269203,
4.82435,
0.768749,
20.5622,
0.109712,
17.3891,
33.8553,
20.8682,
100.958,
1.1518,
71.069,
0.14696,
2.55928,
0.189248,
0.0737184,
0.758157,
0.63209,
1.98024,
0.174874,
1.08865,
6.13081,
0.302768,
11.8973,
3.3059,
0.960918,
2.77925,
89.4404,
0.173469,
1.5789,
1.98457,
0.101587,
2.93669,
60.9316,
0.443533,
0.638835,
57.7065,
6.46711,
0.0990976,
0.482845,
6.65944,
0.278717,
43.1166,
0.233994,
8.2716,
2.32048,
290.673,
7.17723,
0.161466,
0.418874,
40.4527,
5.43509,
0.0956288,
9.52624,
2.26042,
0.288525,
6.62433,
0.0719264,
3.85606,
159.683,
1.54826,
0.173011,
0.196291,
30.7926,
0.438237,
2.46389,
0.754678,
168.388,
3.43986,
0.752858,
26.7989,
41.2987,
2.30888,
0.556182,
2.3823,
1.33003,
5.44031,
0.14047,
284.948,
0.387395,
0.537082,
0.0950784,
0.135674,
17.0992,
0.279661,
0.270618,
22.9034,
0.322464,
0.263146,
0.407702,
0.591955,
4.87994,
10.9118,
0.781661,
2.18903,
18.3645,
6.95979,
0.485952,
0.302934,
52.2177,
0.803606,
136.183,
0.341155,
25.1229,
0.179376,
2.86637,
19.0972,
0.270835,
1.57309,
0.202435,
3.35676,
0.863974,
0.0862112,
34.2206,
84.237,
5.04593,
33.0886,
0.134547,
0.322189,
86.8517,
92.6213,
0.0627392,
0.12191,
6.34125,
11.0238,
3.34199,
0.225485,
98.6865,
424.041,
0.890998,
0.890384,
4.49345,
5.0962,
1.52941,
0.0828832,
0.777379,
1.82398,
0.701827,
0.223053,
0.079776,
0.0762336,
0.918355,
57.271,
0.20343,
9.62041,
4.42156,
1.25196,
68.3849,
1.73266,
0.232093,
0.213328,
3.27428,
273.108,
229.355,
1.69668,
14.6787,
0.586138,
0.0547232,
0.83033,
1.03692,
0.106691,
1.63993,
7.32669,
19.035,
0.310605,
0.304512,
0.0968416,
0.20081,
1.41876,
0.20967,
19.1709,
1.07006,
0.705821,
2.1691,
0.0455968,
0.0714944,
37.4586,
7.47334,
17.2365,
0.373558,
0.503936,
7.96687,
134.819,
30.2719,
0.814806,
0.104368,
5.8526,
0.200138,
0.118035,
12.2846,
0.296502,
19.6964,
0.895901,
2.21346,
2.34837,
1.16842,
2.50292,
0.20985,
28.686,
0.692941,
0.291808,
0.105683,
7.86499,
0.375149,
5.22204,
9.71622,
0.262077,
6.6533,
3.2406,
33.5934,
8.5289,
9.40106,
30.5109,
0.0652416,
15.3603,
1.48548,
0.187978,
0.35167,
0.0743872,
253.148,
0.527254,
14.6075,
0.246211,
3.69306,
7.59269,
2.9422,
0.237437,
26.795,
2.52067,
3.72519,
351.12,
0.0794048,
3.52069,
0.106525,
0.166627,
59.9352,
1.77376,
0.0974272,
0.588643,
0.264624,
14.336,
84.3245,
1.70468,
168.496,
0.382118,
2.67232,
0.0788288,
1.86925,
0.508806,
58.4632,
1.1973,
123.831,
0.711366,
23.4866,
12.572,
0.0766016,
1.90099,
67.434,
1.37302,
10.6367,
0.0698976,
8.87099,
18.8419,
105.067,
19.2471,
94.6387,
0.459235,
0.115683,
1.71867,
0.46105,
18.3919,
0.29041,
5.11607,
67.7278,
4.98761,
11.0564,
0.186294,
0.597514,
59.8229,
3.41997,
0.702915,
1.79018,
0.149331,
4.76,
1.74169,
0.0961792,
6.91825,
6.77677,
0.568646,
106.7,
19.1762,
3.34462,
15.5514,
5.27625,
12.7068,
0.469178,
2.42389,
1.3345,
0.644954,
3.11198,
0.337971,
0.184646,
42.0663,
2.49059,
2.26474,
0.0770784,
1.32154,
201.333,
34.5514,
96.7908,
26.4931,
3.55481,
0.687706,
2.91278,
0.755379,
0.390323,
0.597926,
0.782269,
0.386995,
2.70206,
0.45167,
42.5056,
3.24476,
13.3177,
0.32081,
1.10004,
1.53812,
1.57525,
1075.19,
0.379581,
3.06601,
18.9463,
20.0207,
0.180115,
11.0525,
1.47026,
61.2815,
1.59322,
0.245187,
1.38892,
0.117955,
1.81706,
76.3639,
107.228,
1.23709,
0.253885,
3.20978,
614.286,
0.0886336,
0.119142,
1.14103,
0.0825568,
0.214598,
0.571376,
0.105984,
1.07505,
0.623923,
1.06865,
199.474,
0.0609952,
5.15587,
8.95407,
17.7072,
2.84638,
0.163168,
1.65621,
33.5874,
0.171014,
0.101286,
0.274538,
0.360045,
0.0698496,
3.92689,
1.5407,
0.697331,
0.173091,
0.164061,
0.194061,
0.475075,
5.37008,
11.9737,
6.4201,
