9.006071166992187500e+02
1.641918063163757324e+00
1.775862121582031250e+01
1.066010742187500000e+02
4.983360290527343750e+00
5.788160705566406250e+01
5.581040191650390625e+01
1.333555889129638672e+01
2.982048034667968750e+00
9.814620018005371094e+00
1.339485073089599609e+01
3.063170051574707031e+01
2.476895141601562500e+01
3.010606002807617188e+01
8.771269798278808594e+00
1.615307998657226562e+01
5.137919783592224121e-01
7.567320346832275391e+00
7.272959947586059570e-01
7.005150318145751953e+00
5.037599945068359375e+01
4.839710235595703125e+00
1.230847954750061035e+00
1.309895133972167969e+01
2.820780334472656250e+02
6.873699188232421875e+01
4.969569778442382812e+01
5.720140075683593750e+01
3.497898864746093750e+01
6.843960571289062500e+01
3.207039642333984375e+01
8.490779876708984375e+00
4.224479675292968750e+00
7.321908569335937500e+01
1.917642211914062500e+01
4.363890075683593750e+01
7.787618408203125000e+02
6.032770919799804688e+01
2.794729309082031250e+02
1.152639985084533691e+00
2.784589767456054688e+01
6.543111419677734375e+01
3.908711624145507812e+01
2.113921928405761719e+01
1.207354164123535156e+01
1.163135910034179688e+01
1.801288795471191406e+01
3.153919935226440430e+00
2.436033964157104492e+00
7.063169956207275391e+00
8.173890113830566406e+00
1.066010742187500000e+02
1.001658935546875000e+02
8.561180114746093750e+00
3.665790081024169922e+00
2.228160053491592407e-01
9.444959640502929688e+00
1.260109138488769531e+01
2.220449924468994141e+00
4.477370262145996094e+00
4.891139507293701172e+00
4.870924377441406250e+01
5.778169631958007812e+00
4.807809829711914062e+00
