2.578680038452148438e+00
2.735290050506591797e+00
3.408320248126983643e-02
9.260799735784530640e-02
3.797759488224983215e-02
1.534129977226257324e+00
1.204449906945228577e-01
4.175710082054138184e-01
2.733629941940307617e+00
1.537600252777338028e-02
6.866459846496582031e-01
7.579200714826583862e-02
2.029760181903839111e-02
1.423970013856887817e-01
1.209920048713684082e+00
2.288140058517456055e+00
1.400670111179351807e-01
1.541270017623901367e+00
7.953599095344543457e-02
3.757119923830032349e-02
1.149379909038543701e-01
2.490370124578475952e-01
6.509450435638427734e+00
6.526080518960952759e-02
7.970239222049713135e-02
2.086720056831836700e-02
2.389440126717090607e-02
2.135040238499641418e-02
3.582399711012840271e-02
5.422340035438537598e-01
2.810560166835784912e-02
9.227200597524642944e-02
3.270400315523147583e-02
2.990400046110153198e-02
1.675279974937438965e+00
3.748480230569839478e-02
2.279139906167984009e-01
2.591580152511596680e-01
1.884099990129470825e-01
1.236609891057014465e-01
3.480319678783416748e-02
7.405440211296081543e-01
2.068040275573730469e+01
1.956159807741641998e-02
2.625400066375732422e+00
1.614910066127777100e-01
2.568279981613159180e+00
2.876130044460296631e-01
3.203520178794860840e-02
4.541760310530662537e-02
5.025690078735351562e+00
1.827199757099151611e-02
4.651200026273727417e-02
3.595199808478355408e-02
2.693630158901214600e-01
2.209539860486984253e-01
1.049200057983398438e+00
2.010879851877689362e-02
2.041620016098022461e+00
2.962630271911621094e+01
5.121280252933502197e-02
4.620799794793128967e-02
6.052480265498161316e-02
1.109990000724792480e+00
1.433519959449768066e+00
6.035689830780029297e+00
2.685400009155273438e+00
1.790080405771732330e-02
2.629120089113712311e-02
3.306570053100585938e+00
3.861280083656311035e-01
1.286549854278564453e+01
1.182619854807853699e-01
1.331229805946350098e-01
1.937279850244522095e-02
6.471040844917297363e-02
7.226880639791488647e-02
8.034620285034179688e+00
8.670979738235473633e-01
1.802880130708217621e-02
1.525759845972061157e-01
9.719680249691009521e-02
1.073540076613426208e-01
2.790720015764236450e-02
1.163140106201171875e+01
3.364800289273262024e-02
7.077760249376296997e-02
3.566400334239006042e-02
1.443810015916824341e-01
2.078079804778099060e-02
1.529600024223327637e-01
1.662680029869079590e+00
1.808639615774154663e-02
1.216459989547729492e+00
1.274440050125122070e+00
1.827399969100952148e+00
2.053439989686012268e-02
6.065729856491088867e-01
4.024959728121757507e-02
2.749120257794857025e-02
4.918399453163146973e-02
8.026909828186035156e-01
3.373730182647705078e-01
3.740160167217254639e-02
2.916419804096221924e-01
3.486079722642898560e-02
1.346050053834915161e-01
3.475520014762878418e-02
1.919040083885192871e-02
7.986940145492553711e-01
5.154910087585449219e+00
5.573440343141555786e-02
2.695139944553375244e-01
4.924800097942352295e-01
2.399680018424987793e-02
3.356800228357315063e-02
2.086720056831836700e-02
3.801379799842834473e-01
2.355839870870113373e-02
1.669700145721435547e-01
6.725120544433593750e-02
3.602690100669860840e-01
2.980799786746501923e-02
8.504639565944671631e-02
2.185559988021850586e+00
4.014079645276069641e-02
9.691199660301208496e-02
1.624319888651371002e-02
2.058560028672218323e-02
3.323169946670532227e+00
6.785920262336730957e-02
1.695679873228073120e-02
2.192770093679428101e-01
2.191039919853210449e-02
2.213440276682376862e-02
6.103360280394554138e-02
1.391270041465759277e+00
1.194839954376220703e+00
1.574079878628253937e-02
7.797759771347045898e-02
4.067080020904541016e+00
5.222049951553344727e-01
7.585600018501281738e-02
4.559710025787353516e-01
7.671300172805786133e-01
2.399680018424987793e-02
1.939840018749237061e-01
7.813120633363723755e-02
2.543679811060428619e-02
2.558140158653259277e-01
8.091200143098831177e-02
1.250129938125610352e+00
5.955199897289276123e-02
2.871039882302284241e-02
2.943360246717929840e-02
2.598719857633113861e-02
2.054079994559288025e-02
1.594240218400955200e-02
3.192639723420143127e-02
1.757410168647766113e-01
4.812700152397155762e-01
1.841920055449008942e-02
3.002240136265754700e-02
9.198859214782714844e+00
1.071899905800819397e-01
1.040579974651336670e-01
5.222049951553344727e-01
2.169089913368225098e-01
6.895410060882568359e+00
2.365439943969249725e-02
8.296579718589782715e-01
3.356620073318481445e+00
1.406459957361221313e-01
8.009599149227142334e-02
4.225919768214225769e-02
7.303360849618911743e-02
1.274330019950866699e+00
1.720960251986980438e-02
9.638399630784988403e-02
3.848639875650405884e-02
1.846079900860786438e-02
2.415420114994049072e-01
2.815680027008056641e+00
1.207460016012191772e-01
3.651839494705200195e-02
6.137920171022415161e-02
7.748770117759704590e-01
1.916480064392089844e-02
4.626039981842041016e+00
1.610590171813964844e+01
9.538879245519638062e-02
2.037440054118633270e-02
1.202639961242675781e+01
3.211840242147445679e-02
1.951010078191757202e-01
1.087810024619102478e-01
2.804899811744689941e-01
3.328960388898849487e-02
1.819519884884357452e-02
1.889500021934509277e+00
8.413759618997573853e-02
8.618559688329696655e-02
2.893280029296875000e+00
9.491680264472961426e-01
1.573120243847370148e-02
1.873599924147129059e-02
1.600539982318878174e-01
2.814750194549560547e+00
2.179520018398761749e-02
1.081750035285949707e+00
2.163199707865715027e-02
3.614570140838623047e+00
4.398240149021148682e-01
5.946380138397216797e+00
5.407679826021194458e-02
2.880319766700267792e-02
2.868320047855377197e-01
1.212060153484344482e-01
6.265600025653839111e-02
1.025379970669746399e-01
3.417279571294784546e-02
3.153629899024963379e-01
2.160830050706863403e-01
2.254309892654418945e+00
1.289440095424652100e-01
1.236800104379653931e-01
1.879359968006610870e-02
8.958269953727722168e-01
7.466080188751220703e-01
2.659009993076324463e-01
6.250749826431274414e-01
7.319139838218688965e-01
5.322239920496940613e-02
6.686720252037048340e-02
3.741660118103027344e+00
8.864641189575195312e-02
2.814750194549560547e+00
4.207360371947288513e-02
2.525350093841552734e+00
1.233889833092689514e-01
3.439139842987060547e+00
4.467709958553314209e-01
4.270880222320556641e-01
3.802879899740219116e-02
2.449820041656494141e-01
2.880319766700267792e-02
1.569540053606033325e-01
2.040910005569458008e+00
1.127099990844726562e-01
4.841340065002441406e+00
2.143680118024349213e-02
1.189569905400276184e-01
1.643550097942352295e-01
1.330180019140243530e-01
3.096960298717021942e-02
1.458300054073333740e-01
