8.399233967065811157e-02
8.691535890102386475e-02
8.197776228189468384e-02
7.933007925748825073e-02
8.103293925523757935e-02
8.083318173885345459e-02
9.763424098491668701e-02
7.971612364053726196e-02
8.491488546133041382e-02
8.442769944667816162e-02
7.990419864654541016e-02
7.863961160182952881e-02
8.945229649543762207e-02
8.491108566522598267e-02
9.763424098491668701e-02
8.177314698696136475e-02
8.261036127805709839e-02
8.124306797981262207e-02
8.175948262214660645e-02
9.849465638399124146e-02
8.258499205112457275e-02
8.100866526365280151e-02
8.192960172891616821e-02
8.213374018669128418e-02
9.550571441650390625e-02
8.091860264539718628e-02
8.454505354166030884e-02
7.942676544189453125e-02
8.877600729465484619e-02
8.417501300573348999e-02
8.123178035020828247e-02
9.739932417869567871e-02
8.144019544124603271e-02
9.719379246234893799e-02
8.164422214031219482e-02
1.002767831087112427e-01
8.073235303163528442e-02
1.006880253553390503e-01
1.002322062849998474e-01
9.755069017410278320e-02
8.162898570299148560e-02
8.501291275024414062e-02
9.959024190902709961e-02
7.992013543844223022e-02
8.966457843780517578e-02
9.826461970806121826e-02
9.717981517314910889e-02
7.811632007360458374e-02
8.197438716888427734e-02
7.802953571081161499e-02
9.625853598117828369e-02
8.684853464365005493e-02
8.130277693271636963e-02
8.154778927564620972e-02
8.099293708801269531e-02
8.041228353977203369e-02
1.008659377694129944e-01
9.886197745800018311e-02
8.623821288347244263e-02
9.568303078413009644e-02
8.175979554653167725e-02
8.430584520101547241e-02
8.439230173826217651e-02
9.678287059068679810e-02
