4.951075744628906250e+01
5.885482025146484375e+01
5.063861083984375000e+01
4.815677642822265625e+01
5.898762893676757812e+01
5.957053375244140625e+01
4.354125213623046875e+01
2.957118797302246094e+01
3.328255844116210938e+01
4.394897460937500000e+01
5.185071945190429688e+01
3.021711158752441406e+01
6.066053390502929688e+01
5.791084289550781250e+01
5.234266662597656250e+01
5.995152664184570312e+01
4.668131637573242188e+01
5.423856735229492188e+01
5.939233016967773438e+01
5.689670181274414062e+01
5.706749725341796875e+01
6.108673095703125000e+01
2.675442123413085938e+01
3.150819778442382812e+01
5.966067504882812500e+01
5.552067947387695312e+01
3.775248336791992188e+01
3.095059204101562500e+01
3.825695800781250000e+01
2.263882446289062500e+01
4.074869918823242188e+01
5.684685516357421875e+01
4.271754074096679688e+01
4.929296493530273438e+01
6.008331680297851562e+01
3.432445907592773438e+01
4.313677597045898438e+01
4.308313369750976562e+01
5.339500427246093750e+01
6.467242431640625000e+01
4.236015701293945312e+01
5.110365295410156250e+01
4.294091033935546875e+01
4.962972259521484375e+01
2.613653182983398438e+01
4.065493774414062500e+01
5.059915924072265625e+01
2.895973587036132812e+01
3.029590034484863281e+01
5.143546295166015625e+01
6.601385498046875000e+01
6.113315200805664062e+01
5.260875320434570312e+01
3.177512359619140625e+01
4.522978973388671875e+01
3.917831802368164062e+01
4.087268066406250000e+01
5.943332290649414062e+01
3.543264007568359375e+01
5.188402175903320312e+01
5.223904037475585938e+01
5.148591232299804688e+01
5.982424926757812500e+01
5.859101867675781250e+01
2.622063636779785156e+01
4.202180862426757812e+01
4.685107040405273438e+01
5.185071945190429688e+01
4.333980941772460938e+01
3.869531631469726562e+01
5.184294128417968750e+01
4.836186981201171875e+01
4.039896392822265625e+01
5.536560058593750000e+01
3.154185485839843750e+01
6.019065093994140625e+01
4.670164108276367188e+01
6.007091140747070312e+01
1.903794288635253906e+01
4.759711837768554688e+01
4.259033966064453125e+01
3.327443313598632812e+01
4.486541748046875000e+01
5.119399261474609375e+01
3.815699386596679688e+01
3.749160003662109375e+01
4.971956634521484375e+01
5.263695907592773438e+01
4.870752334594726562e+01
6.663873291015625000e+01
4.126764297485351562e+01
5.187766265869140625e+01
4.881520080566406250e+01
6.039877700805664062e+01
5.857023620605468750e+01
4.526360702514648438e+01
5.328652191162109375e+01
1.599510669708251953e+01
4.518246078491210938e+01
2.785608482360839844e+01
4.938920593261718750e+01
3.460171890258789062e+01
4.919139862060546875e+01
4.354329681396484375e+01
6.010945129394531250e+01
4.844261550903320312e+01
5.243862152099609375e+01
5.506665802001953125e+01
5.217403030395507812e+01
6.063167190551757812e+01
3.686550903320312500e+01
4.854501724243164062e+01
4.388361740112304688e+01
5.518139266967773438e+01
3.142527580261230469e+01
5.189173889160156250e+01
3.013530349731445312e+01
6.018473815917968750e+01
5.042048263549804688e+01
4.528650283813476562e+01
2.750176048278808594e+01
4.663915252685546875e+01
5.965990829467773438e+01
3.123115921020507812e+01
5.252051162719726562e+01
3.724661636352539062e+01
4.599399185180664062e+01
1.995712661743164062e+01
6.016688919067382812e+01
3.691771316528320312e+01
6.077173614501953125e+01
6.637244415283203125e+01
3.050039482116699219e+01
6.011962890625000000e+01
3.202485275268554688e+01
4.291358566284179688e+01
4.825705718994140625e+01
3.387302780151367188e+01
5.097091293334960938e+01
4.279499053955078125e+01
5.174626541137695312e+01
4.626402282714843750e+01
4.141957092285156250e+01
3.347026824951171875e+01
5.662347793579101562e+01
3.991317749023437500e+01
3.933882141113281250e+01
5.080534744262695312e+01
3.406137084960937500e+01
3.249692916870117188e+01
4.139881515502929688e+01
5.999425125122070312e+01
4.216764450073242188e+01
3.125671577453613281e+01
6.119754791259765625e+01
3.452897644042968750e+01
3.960266494750976562e+01
4.773673248291015625e+01
4.962992477416992188e+01
2.897780418395996094e+01
5.245249938964843750e+01
5.715461730957031250e+01
3.085884284973144531e+01
5.600429153442382812e+01
2.220139503479003906e+01
4.973822784423828125e+01
5.819469070434570312e+01
3.775248336791992188e+01
4.375768280029296875e+01
5.980676651000976562e+01
3.049911499023437500e+01
6.075041198730468750e+01
3.555956649780273438e+01
4.612974929809570312e+01
6.124203872680664062e+01
3.842914199829101562e+01
3.631100463867187500e+01
5.339500427246093750e+01
5.039923477172851562e+01
3.461658859252929688e+01
2.251963233947753906e+01
1.849837112426757812e+01
5.173807144165039062e+01
4.757057189941406250e+01
3.841322326660156250e+01
4.736063766479492188e+01
3.054905319213867188e+01
4.494364929199218750e+01
3.095194244384765625e+01
5.024553298950195312e+01
2.010221862792968750e+01
5.044289779663085938e+01
5.934952545166015625e+01
3.288428115844726562e+01
5.057728958129882812e+01
4.586870193481445312e+01
4.293721389770507812e+01
4.183510589599609375e+01
6.039379501342773438e+01
4.226638412475585938e+01
3.543886566162109375e+01
4.247910308837890625e+01
4.207037734985351562e+01
3.698015213012695312e+01
6.012868499755859375e+01
3.168581771850585938e+01
5.987170791625976562e+01
4.928047561645507812e+01
3.997722625732421875e+01
4.265390014648437500e+01
6.149278640747070312e+01
3.809062194824218750e+01
5.593095397949218750e+01
5.880244827270507812e+01
3.510206604003906250e+01
2.481971359252929688e+01
6.003445816040039062e+01
4.482878494262695312e+01
1.786407089233398438e+01
4.878084182739257812e+01
4.947213745117187500e+01
4.077624130249023438e+01
2.933353805541992188e+01
3.917831802368164062e+01
5.764871978759765625e+01
4.808382415771484375e+01
2.921046257019042969e+01
6.069612121582031250e+01
4.119283676147460938e+01
3.688985824584960938e+01
4.883245086669921875e+01
5.824832916259765625e+01
3.406137084960937500e+01
5.465921020507812500e+01
4.459167098999023438e+01
5.996333694458007812e+01
4.421137619018554688e+01
4.975868606567382812e+01
3.849023056030273438e+01
5.000498580932617188e+01
5.445225143432617188e+01
3.745263671875000000e+01
5.890931701660156250e+01
5.288029098510742188e+01
4.447250366210937500e+01
5.719406509399414062e+01
1.857870292663574219e+01
5.119825363159179688e+01
5.473489761352539062e+01
6.064986038208007812e+01
5.585941696166992188e+01
6.061296844482421875e+01
6.022846221923828125e+01
4.059822463989257812e+01
3.659563827514648438e+01
5.249382400512695312e+01
