1.290920019149780273e+00
1.067219972610473633e+00
6.942290306091308594e+00
7.587089061737060547e+00
2.594690024852752686e-01
2.820419967174530029e-01
8.982589721679687500e+01
2.912509918212890625e+00
9.880830049514770508e-01
1.881610035896301270e+00
6.764160841703414917e-02
2.376370048522949219e+01
8.737699985504150391e-01
9.409351348876953125e+01
2.011600017547607422e+00
2.358179837465286255e-01
2.981340217590332031e+01
4.009600356221199036e-02
9.758300185203552246e-01
1.995490074157714844e+01
8.026080131530761719e-01
2.174539947509765625e+01
6.851610183715820312e+00
4.169970321655273438e+01
2.318779975175857544e-01
3.100509941577911377e-01
9.235198795795440674e-02
1.473209857940673828e+01
1.292659997940063477e+00
7.608450055122375488e-01
4.626910090446472168e-01
9.012160301208496094e-01
1.563140034675598145e+00
7.169569730758666992e-01
5.534719675779342651e-02
2.119169831275939941e-01
2.478500008583068848e-01
1.957860141992568970e-01
8.485449790954589844e+00
1.416099965572357178e-01
5.557820200920104980e-01
2.049440145492553711e+00
1.211549937725067139e-01
3.954890060424804688e+01
2.094959974288940430e+00
4.658429920673370361e-01
4.722880125045776367e-01
2.558040142059326172e+00
6.200000643730163574e-02
4.397789835929870605e-01
1.358270263671875000e+02
1.512879943847656250e+01
1.961979985237121582e+00
1.317860007286071777e+00
4.755520075559616089e-02
3.448929977416992188e+01
6.354780197143554688e-01
3.798319625854492188e+01
8.206649780273437500e+01
1.907939910888671875e-01
2.885439991950988770e-01
1.920460128784179688e+01
7.689580440521240234e+00
6.496490478515625000e+00
1.741150021553039551e+00
3.930529952049255371e-01
5.793279409408569336e-02
6.517270088195800781e+00
1.244580154418945312e+02
1.986609802246093750e+02
3.478189849853515625e+01
2.957659959793090820e-01
1.123099994659423828e+01
8.388159871101379395e-01
7.765419483184814453e+00
7.806380748748779297e+00
4.399400234222412109e+00
1.462929916381835938e+01
2.148490142822265625e+01
2.791489958763122559e-01
9.172880554199218750e+01
3.160220146179199219e+01
1.774879992008209229e-01
2.743870019912719727e+00
3.954270124435424805e+00
2.633599936962127686e-01
7.970150470733642578e+00
2.164190113544464111e-01
1.104509949684143066e+00
1.596199989318847656e+00
1.338339924812316895e+00
2.609890103340148926e-01
3.106440353393554688e+01
3.448929977416992188e+01
1.499930000305175781e+01
7.453120499849319458e-02
5.728060007095336914e-01
2.242969989776611328e+00
3.846009969711303711e+00
9.659520536661148071e-02
8.889280259609222412e-02
1.487620025873184204e-01
3.263549804687500000e-01
3.505779981613159180e+00
1.447830104827880859e+01
3.693340063095092773e+00
3.043910026550292969e+00
3.444260406494140625e+01
4.309419631958007812e+00
1.376840114593505859e+01
1.259109973907470703e+00
5.592000111937522888e-02
6.066880002617835999e-02
7.816960662603378296e-02
1.725229644775390625e+02
7.246500253677368164e-01
1.035009980201721191e+00
8.914849758148193359e-01
1.336259937286376953e+01
8.693180084228515625e+00
4.620150089263916016e+00
1.072180080413818359e+01
1.047020053863525391e+01
1.156220063567161560e-01
1.898429840803146362e-01
2.518650054931640625e+00
7.829380035400390625e-01
4.715650081634521484e+00
2.173969984054565430e+00
1.632989943027496338e-01
2.496129870414733887e-01
3.317629992961883545e-01
6.496490478515625000e+00
2.416059970855712891e-01
1.742920379638671875e+02
9.372200012207031250e+00
1.672709941864013672e+00
2.260210037231445312e+00
1.541730117797851562e+01
3.043219604492187500e+02
2.385259866714477539e+00
1.524609923362731934e-01
7.152000814676284790e-02
1.012859940528869629e+00
4.915619850158691406e+00
1.695390045642852783e-01
2.264509773254394531e+01
6.157019734382629395e-01
1.264480054378509521e-01
7.734899902343750000e+01
5.793309807777404785e-01
4.154560089111328125e+00
1.298720091581344604e-01
4.996220171451568604e-01
5.841280147433280945e-02
4.484159871935844421e-02
7.675059318542480469e+00
4.363610267639160156e+00
1.124660015106201172e+01
2.700989842414855957e-01
1.534140110015869141e-01
1.858429908752441406e-01
1.307209968566894531e+00
6.349480152130126953e+00
6.909700036048889160e-01
1.760420227050781250e+01
1.331309967041015625e+02
1.030570030212402344e+01
1.253719902038574219e+01
7.621539831161499023e-01
1.301700025796890259e-01
8.196610212326049805e-01
6.323649883270263672e-01
3.548289489746093750e+01
4.173959732055664062e+00
3.505779981613159180e+00
2.412079811096191406e+01
2.523739933967590332e-01
1.630700111389160156e+01
1.908850250244140625e+02
1.962239837646484375e+01
2.215250205993652344e+01
3.685659885406494141e+00
3.465379953384399414e+00
6.498240679502487183e-02
2.273609876632690430e+00
3.745890140533447266e+00
1.124809932708740234e+01
9.760190248489379883e-01
7.608450055122375488e-01
1.146610021591186523e+00
4.441349983215332031e+00
1.576370000839233398e+00
2.720490264892578125e+01
3.416579961776733398e-01
2.490210086107254028e-01
4.626039505004882812e+01
9.190079569816589355e-02
1.576069927215576172e+01
8.841699957847595215e-01
4.762400090694427490e-01
1.022279977798461914e+00
1.611069887876510620e-01
5.534619688987731934e-01
4.908760070800781250e+00
1.493539959192276001e-01
9.210780143737792969e+00
3.092259764671325684e-01
1.180429935455322266e+00
3.988639831542968750e+00
3.054260015487670898e+00
3.808670043945312500e-01
1.959780007600784302e-01
1.079469966888427734e+01
4.924160614609718323e-02
4.976320266723632812e-02
2.288670063018798828e+00
4.132289886474609375e+00
4.795380115509033203e+00
1.103340053558349609e+01
4.046079516410827637e-02
5.540480017662048340e-01
1.228990033268928528e-01
3.785659968852996826e-01
1.127549931406974792e-01
1.057569906115531921e-01
3.636009931564331055e+00
1.057139873504638672e+01
4.164479672908782959e-02
2.385020017623901367e+00
5.937919765710830688e-02
3.980080032348632812e+01
3.280229568481445312e+01
2.833429908752441406e+01
5.702069759368896484e+00
9.403519332408905029e-02
4.307450294494628906e+00
4.522780227661132812e+01
7.995200157165527344e-02
1.181780014038085938e+02
2.762269973754882812e-01
6.812488555908203125e+01
1.434379863739013672e+01
2.424839973449707031e+00
8.043820953369140625e+01
1.517749977111816406e+01
5.257470011711120605e-01
5.427870154380798340e-01
1.214429974555969238e+00
2.263589859008789062e+01
1.621080017089843750e+01
1.700959950685501099e-01
7.395379543304443359e+00
1.194100022315979004e+00
3.249480056762695312e+01
9.399499511718750000e+02
