38.2058,
14.38621,
1.818432,
19.17642,
72.7733,
0.531616,
406.123,
65.4141,
3.02361,
64.4667,
8.70714,
4.57974,
0.727296,
9.55117,
6.316,
0.405696,
43.8656,
7.46233,
4.02339,
100.7622,
93.1419,
3.19664,
3.86285,
232.6323,
4.05066,
1.899068,
25.51032,
2.537604,
14.26102,
12.90051,
8.7319,
10.8606,
0.592448,
62.928,
7.96372,
1.26,
56.6107,
28.8701,
140.7164,
231.0081,
203.0147,
25.7011,
1.943008,
128.8807,
19.89184,
198.5425,
49.578,
78.2572,
21.44551,
0.55824,
116.8028,
25.36896,
15.26375,
3.66582,
8.64282,
42.62008,
30.75214,
26.7292,
63.3733,
40.39042,
81.8295,
2.58941,
8.62528,
8.56118,
18.00286,
36.4349,
6.68,
4.92883,
5.69449,
5.7906,
30.79067,
4.54249,
12.84464,
107.6159,
83.7012,
176.1107,
19.703,
44.68342,
13.88859,
15.75475,
21.41446,
11.45008,
12.06487,
2.494944,
5.50809,
14.04323,
38.6904,
30.421,
2.294014,
5.705502,
141.4966,
4.25197,
41.2018,
16.73688,
22.87774,
23.20808,
63.8427,
10.86659,
7.58886,
490.512,
0.738464,
13.08525,
56.0504,
60.1875,
16.55923,
20.04945,
186.2316,
8.81994,
50.675,
43.5643,
35.5969,
75.5903,
1.791908,
75.7861,
0.89072,
3.460188,
11.78339,
44.879,
0.829344,
1.138976,
15.77556,
147.0313,
130.4132,
23.29954,
87.7079,
1.55776,
0.142496,
1.469732,
25.8547,
63.6414,
2.606814,
46.6486,
11.64237,
0.37056,
4.45398,
38.6894,
6.58688,
8.52352,
3.982306,
519.4658,
24.4534,
1.111712,
14.48483,
17.32794,
69.6794,
173.7453,
12.72643,
1.561084,
104.3853,
137.2052,
56.7043,
30.2929,
1.006784,
144.5758,
128.8744,
15.70985,
8.99142,
12.97037,
2.135744,
31.2568,
16.70018,
233.4199,
0.5328,
27.4684,
84.7593,
30.91132,
168.8007,
2.46538,
19.07961,
7.30422,
5.60339,
566.691,
5.96768,
12.92499,
20.69623,
22.9385,
211.7167,
2.85776,
13.33556,
100.6727,
64.6975,
7.56732,
30.4216,
4.22448,
0.45312,
56.4973,
184.8778,
11.91555,
149.2582,
8.05795,
6.55572,
42.2721,
0.558464,
41.1733,
14.31462,
50.4003,
35.9369,
9.43242,
1.630272,
39.789,
40.3753,
0.591936,
15.46896,
73.7783,
17.52269,
78.2752,
2.945182,
42.8922,
2.627458,
18.17535,
5.23764,
1.891778,
105.4765,
16.15308,
705.448,
22.59702,
160.6996,
5.74096,
0.697248,
7.42077,
80.9706,
412.7225,
168.3745,
3.41638,
2.204894,
585.047,
0.341184,
40.28895,
7.80637,
64.3263,
0.673856,
0.724352,
52.1896,
28.2982,
2.436034,
117.7183,
40.86706,
13.46621,
19.70299,
2.495618,
0.715232,
12.24685,
24.76502,
18.87758,
36.326,
4.43357,
97.6234,
65.7952,
47.7167,
26.7829,
0.589056,
52.6392,
179.2528,
20.28263,
5.7015,
16.15756,
98.5056,
309.3327,
27.7769,
10.42282,
7.65955,
90.4888,
62.9631,
40.07941,
4.19005,
82.7779,
151.2222,
3.73318,
4.99693,
13.7318,
64.2895,
10.46547,
78.8483,
67.2176,
5.0538,
36.05091,
39.7204,
4.09625,
6.93923,
5.42554,
4.2288,
22.60626,
7.79594,
0.800544,
40.3617,
6.84019,
3.90038,
17.90117,
207.1181,
50.26534,
12.61271,
31.2909,
1.201664,
29.2145,
111.283,
2.251076,
17.00658,
12.44541,
16.54858,
8.06288,
61.7137,
10.65498,
32.8204,
22.50619,
23.16117,
7.24944,
0.462368,
0.79792,
2.039328,
16.80133,
18.03794,
0.526304,
16.19926,
19.68547,
4.71654,
24.76895,
58.5983,
89.6677,
103.4089,
334.134,
7.11795,
101.7382,
22.45742,
1.936002,
9.23047,
46.92339,
15.87642,
4.764606,
32.3391,
174.9574,
4.74259,
13.47859,
8.41466,
40.1077,
7.16557,
38.6923,
221.5837,
74.1697,
62.632,
565.595,
34.91631,
10.7528,
24.81165,
12.86544,
5.00496,
9.33629,
105.1605,
7.68765,
7.71404,
45.4565,
37.9264,
224.3287,
38.8165,
10.97152,
463.529,
33.3883,
17.75862,
4.98061,
40.1561,
34.563,
4.98349,
168.6354,
4.99149,
50.906,
21.08397,
0.851072,
0.858624,
13.41974,
4.45212,
279.473,
53.652,
0.22304,
0.34416,
82.2722,
35.1202,
82.4726,
142.2971,
63.7326,
140.6729,
8.26528,
52.543,
221.7978,
66.5677,
33.3728,
13.77148,
19.18961,
4.85289,
45.5762,
5.64726,
1.374368,
19.76071,
27.4106,
40.4254,
3.08765,
16.15389,
589.825,
49.3175,
146.5792,
4.394178,
0.222816,
16.64377,
31.7718,
25.3466,
13.27325,
87.6513,
77.8742,
114.0744,
11.8016,
1.376644,
7.67584,
11.92538,
147.7099,
41.66098,
3.96586,
180.9374,
0.999328,
54.0124,
145.1572,
45.616,
60.5611,
339.4443,
3.25453,
1.79846,
18.18724,
1.054784,
0.382496,
23.007,
5.32374,
22.48854,
60.1998,
48.8509,
38.5352,
23.13852,
2.3505,
6.5415,
141.6132,
0.869408,
32.1559,
27.3866,
18.13725,
1.442976,
17.13891,
0.698368,
226.675,
41.6908,
148.7935,
29.4132,
40.6145,
22.98443,
20.35992,
15.06106,
2.154592,
53.2693,
16.59861,
53.84874,
59.366,
193.0835,
26.65516,
3.677634,
199.4553,
40.7653,
43.9917,
3.1783,
0.97184,
53.9709,
95.9755,
0.620928,
17.82674,
32.2509,
44.082,
778.762,
3.59849,
10.54166,
1.968868,
25.53797,
4.238942,
4.43363,
190.6231,
1.145952,
0.739264,
0.394432,
6.61767,
77.2625,
14.77892,
28.4264,
1.603936,
13.87933,
2.400098,
18.03988,
110.1577,
11.94349,
4.641248,
11.62045,
30.6736,
61.7393,
37.0854,
3.87363,
32.5262,
37.16334,
23.15732,
9.94624,
32.6498,
1.916672,
42.7172,
33.1274,
6.60006,
10.75728,
101.861,
4.99136,
5.75114,
1.13952,
7.71052,
31.09076,
105.1163,
109.7932,
16.13229,
47.2391,
4.40118,
9.85386,
8.60512,
28.66875,
6.6089,
12.05101,
5.68135,
2.420476,
33.5989,
9.8416,
63.7715,
21.48814,
11.86115,
40.7594,
0.923136,
6.0424,
77.1684,
12.5062,
2.596578,
25.1364,
2.22045,
40.5307,
11.58886,
16.06374,
22.31912,
7.18413,
57.1526,
14.76402,
62.2464,
143.1197,
8.9928,
2.196932,
4.9577,
20.89909,
1.770462,
92.0885,
92.3397,
9.03914,
3.11868,
156.9441,
0.9096,
18.28172,
1.040416,
1.026304,
126.756,
70.8608,
0.96752,
41.97889,
44.0999,
109.0949,
63.3892,
2.51482,
33.46762,
0.154336,
28.0825,
3.2304,
11.5262,
7.61843,
359.592,
67.1471,
122.341,
168.1821,
3.74637,
17.62464,
15.51053,
0.458816,
8.90234,
1.167136,
10.69229,
4.243556,
15.72817,
11.99593,
4.71705,
3.8648,
15.12536,
23.33892,
1.084928,
39.505,
10.15532,
0.43104,
1.893152,
7.34554,
172.6528,
43.3001,
4.284864,
0.67536,
0.88928,
0.65264,
246.101,
1.658624,
1.764866,
39.1404,
55.8405,
315.7678,
18.6583,
1.46048,
58.2337,
41.03736,
1.92464,
11.59677,
7.94698,
70.4552,
1.081632,
58.8308,
57.2014,
12.50208,
85.3908,
11.20569,
13.5344,
47.0321,
44.3566,
71.3897,
3.600606,
20.11424,
1.15264,
8.77683,
10.37053,
0.666848,
4.708196,
19.35934,
227.8554,
1.366688,
9.37404,
23.68106,
22.21618,
0.486048,
6.62522,
4.9391,
0.485312,
323.7187,
28.8904,
11.42796,
7.53987,
6.59396,
76.8229,
1.195072,
0.548832,
19.20692,
10.55277,
154.8366,
20.68992,
24.20231,
12.8752,
413.808,
0.4328,
518.168,
51.0252,
15.55955,
4.16809,
22.25967,
1.966784,
26.6061,
16.47405,
11.25175,
11.70195,
89.082,
113.2636,
1.997022,
2.396836,
3.842814,
25.85856,
16.12832,
15.91661,
575.153,
73.7973,
71.1385,
40.3758,
8.96221,
72.8339,
37.69,
87.3034,
27.3552,
0.9864,
104.0429,
102.7763,
15.30364,
3.23241,
27.9996,
3.93811,
24.79984,
79.7713,
294.1828,
17.60176,
3.53837,
4.92816,
28.95956,
1.881888,
23.40161,
1.969282,
55.7848,
72.4076,
5.62179,
0.680256,
232.0626,
7.74105,
6.22003,
110.0083,
208.0793,
26.3937,
14.70509,
5.546916,
10.60535,
15.78059,
1.570942,
15.68967,
13.78285,
23.78068,
165.388,
24.59577,
382.3619,
23.88661,
53.4755,
0.282336,
0.743424,
49.8022,
0.242656,
27.98911,
224.5802,
5.95475,
2.74554,
40.19304,
12.62236,
3.493696,
0.366816,
10.44586,
21.14598,
187.9815,
61.6091,
162.881,
3.35626,
18.21965,
91.3713,
22.5058,
88.9104,
4.98336,
146.6388,
6.41558,
0.798432,
73.2165,
40.99924,
3.6599,
33.0022,
2.96215,
3.16301,
7.86804,
1.152288,
48.1619,
1.67194,
33.4021,
15.29289,
63.0741,
59.9895,
125.0389,
292.6848,
12.50351,
4.89114,
97.3281,
7.16986,
100.5254,
37.08747,
25.8955,
8.54196,
35.1947,
7.67648,
22.26639,
3.20157,
13.70408,
