3.632960096001625061e-02
5.606400221586227417e-02
7.262399792671203613e-01
1.113180071115493774e-01
7.243520021438598633e-02
2.198140025138854980e-01
3.876930177211761475e-01
1.786210089921951294e-01
4.765119403600692749e-02
2.345599792897701263e-02
2.708480134606361389e-02
1.753939986228942871e+00
1.361220031976699829e-01
4.308480396866798401e-02
2.912479937076568604e-01
4.021120071411132812e-02
1.964480057358741760e-02
4.007939994335174561e-01
1.866590082645416260e-01
8.097310066223144531e-01
2.393600344657897949e-02
9.328959137201309204e-02
2.725440077483654022e-02
8.767359703779220581e-02
1.725540012121200562e-01
1.943359896540641785e-02
3.318719938397407532e-02
4.079360514879226685e-02
1.774400100111961365e-02
1.771330088376998901e-01
5.750179767608642578e+00
3.014079667627811432e-02
1.936000026762485504e-02
1.440860033035278320e-01
4.228670001029968262e-01
1.391139924526214600e-01
1.296440005302429199e+00
1.481350064277648926e+00
4.361919686198234558e-02
1.108700111508369446e-01
4.223040118813514709e-02
2.115199714899063110e-02
2.253339886665344238e-01
2.208960242569446564e-02
9.465090036392211914e-01
2.272350311279296875e+01
1.775359921157360077e-02
2.059519849717617035e-02
1.449669957160949707e+00
1.975359767675399780e-02
3.883200138807296753e-02
1.658749878406524658e-01
7.883939743041992188e-01
2.113379955291748047e+00
2.937600389122962952e-02
3.603299856185913086e-01
8.094399422407150269e-02
2.831939756870269775e-01
3.632960096001625061e-02
1.673919893801212311e-02
2.390210032463073730e-01
6.397119164466857910e-02
1.763519831001758575e-02
5.001599714159965515e-02
2.713599987328052521e-02
1.167620047926902771e-01
2.023870050907135010e-01
4.310570240020751953e+00
2.112169981002807617e+00
2.171619981527328491e-01
4.349669933319091797e+00
3.475099802017211914e-01
4.070400074124336243e-02
4.089150130748748779e-01
3.159999847412109375e-02
1.211660003662109375e+01
5.762699604034423828e+00
3.717699944972991943e-01
2.395330071449279785e-01
1.442660093307495117e-01
1.951240158081054688e+01
2.345020025968551636e-01
5.172479525208473206e-02
8.631200194358825684e-01
1.258239895105361938e-01
5.084379911422729492e-01
1.074179932475090027e-01
5.011840537190437317e-02
3.048639744520187378e-02
2.872640080749988556e-02
1.814719662070274353e-02
1.538189983367919922e+01
3.357439860701560974e-02
1.754260063171386719e+00
1.145150065422058105e-01
2.019479990005493164e+00
9.807549715042114258e-01
9.429659843444824219e-01
6.591360270977020264e-02
6.571200489997863770e-02
3.620070219039916992e+00
5.019009709358215332e-01
1.143840029835700989e-01
1.893439888954162598e-02
1.415330052375793457e+00
5.137380123138427734e+00
7.856130003929138184e-01
4.174400493502616882e-02
8.321280032396316528e-02
3.278400003910064697e-02
6.315199285745620728e-02
1.295740157365798950e-01
5.763930320739746094e+00
1.960669898986816406e+01
3.885309994220733643e-01
4.472000151872634888e-02
4.976649761199951172e+00
2.706400156021118164e-01
4.752320423722267151e-02
2.124180078506469727e+00
1.934780031442642212e-01
7.077180147171020508e-01
2.361919917166233063e-02
1.198239997029304504e-01
1.127890110015869141e+01
4.673600196838378906e-02
5.721300125122070312e+00
1.932380050420761108e-01
1.814400404691696167e-02
1.472740024328231812e-01
2.010989904403686523e+00
6.272000074386596680e-02
2.158720046281814575e-02
2.747360169887542725e-01
9.566079825162887573e-02
6.791039556264877319e-02
1.889919862151145935e-02
1.868159882724285126e-02
1.912320218980312347e-02
2.391389906406402588e-01
1.982400007545948029e-02
2.494399808347225189e-02
4.095359891653060913e-02
2.881149947643280029e-01
5.268800258636474609e-02
2.228220105171203613e-01
1.044800132513046265e-01
6.323560237884521484e+00
1.179460048675537109e+00
4.549469947814941406e-01
3.865920007228851318e-02
2.088000066578388214e-02
8.609449386596679688e+00
5.223390102386474609e+00
2.011759948730468750e+01
8.308160305023193359e-02
2.265090048313140869e-01
2.133120037615299225e-02
1.223739907145500183e-01
6.275519728660583496e-02
4.132160171866416931e-02
6.323560237884521484e+00
1.441670060157775879e+00
4.212160035967826843e-02
3.479680046439170837e-02
7.443100214004516602e-01
1.915840059518814087e-02
1.289760172367095947e-01
4.308440208435058594e+00
3.671709895133972168e-01
1.894849896430969238e+00
1.631999760866165161e-02
2.279039844870567322e-02
1.572220027446746826e-01
5.320639908313751221e-02
7.190079241991043091e-02
2.336000092327594757e-02
5.650560185313224792e-02
1.799969971179962158e-01
2.051409959793090820e+00
3.121089935302734375e+00
1.952370047569274902e+00
5.111619830131530762e-01
2.136640250682830811e-02
1.613469868898391724e-01
1.685119792819023132e-02
1.605329990386962891e+00
3.339159965515136719e+00
3.100800141692161560e-02
6.447520256042480469e-01
6.507329940795898438e-01
1.651839725673198700e-02
2.010879851877689362e-02
2.379229962825775146e-01
3.478819727897644043e-01
1.807710051536560059e+00
3.536639735102653503e-02
1.698370128870010376e-01
9.527040272951126099e-02
9.806870460510253906e+00
1.957780003547668457e+00
1.525440067052841187e-01
3.740880250930786133e+00
2.848960272967815399e-02
6.526849865913391113e-01
3.993910312652587891e+00
2.821119688451290131e-02
1.579280018806457520e+00
4.638399556279182434e-02
1.306400001049041748e-01
2.615810036659240723e-01
1.631039753556251526e-02
4.413439705967903137e-02
1.205880069732666016e+01
2.282239869236946106e-02
5.762699604034423828e+00
1.613560104370117188e+01
9.030460119247436523e-01
4.106239601969718933e-02
7.435230016708374023e-01
1.484639942646026611e-01
1.134770035743713379e+00
6.704930305480957031e+00
3.993910312652587891e+00
7.043520361185073853e-02
6.951649785041809082e-01
9.923650026321411133e-01
1.642079949378967285e+00
2.091520093381404877e-02
2.020989954471588135e-01
4.929150104522705078e+00
2.026019990444183350e-01
5.039870142936706543e-01
1.960320025682449341e-01
3.092319965362548828e-01
2.244160175323486328e-01
1.846079900860786438e-02
3.285760059952735901e-02
7.953919470310211182e-02
1.231900155544281006e-01
4.827839881181716919e-02
4.382529854774475098e-01
3.028540313243865967e-01
1.844479888677597046e-02
5.341120436787605286e-02
1.664859950542449951e-01
7.663230299949645996e-01
2.268799953162670135e-02
1.939519867300987244e-02
2.171420097351074219e+00
6.310079246759414673e-02
6.677730083465576172e-01
2.194239944219589233e-02
1.272419840097427368e-01
2.167779803276062012e-01
4.620480537414550781e-02
