2.653638087213039398e-02
4.691877588629722595e-02
1.140895009040832520e+00
1.539464890956878662e-01
7.352810353040695190e-02
2.921009659767150879e-01
6.118507385253906250e-01
1.859431266784667969e-01
3.628224506974220276e-02
3.821590542793273926e-02
3.446299582719802856e-02
1.330240964889526367e+00
2.013304382562637329e-01
7.581739872694015503e-02
1.713413149118423462e-01
6.210054457187652588e-02
4.531513154506683350e-02
4.553019106388092041e-01
2.247485518455505371e-01
5.805006027221679688e-01
4.759598895907402039e-02
7.142023742198944092e-02
4.738599807024002075e-02
9.116161614656448364e-02
1.307860165834426880e-01
2.802805788815021515e-02
2.929177135229110718e-02
4.752260446548461914e-02
2.959077805280685425e-02
1.955449879169464111e-01
2.026706933975219727e+00
5.343329161405563354e-02
3.007063455879688263e-02
2.744513154029846191e-01
5.969409942626953125e-01
1.266458779573440552e-01
1.279021620750427246e+00
1.570809006690979004e+00
6.796178966760635376e-02
1.278626471757888794e-01
6.213142350316047668e-02
2.419941127300262451e-02
2.452721297740936279e-01
3.400407359004020691e-02
3.197916984558105469e+00
7.166772842407226562e+00
3.624415397644042969e-02
4.701711609959602356e-02
1.521576046943664551e+00
1.444231718778610229e-02
4.517822340130805969e-02
3.540818765759468079e-02
1.843924641609191895e+00
2.811554193496704102e+00
1.363169495016336441e-02
5.316032171249389648e-01
1.359316855669021606e-01
3.398144245147705078e-01
4.022983461618423462e-02
2.799657545983791351e-02
3.960570394992828369e-01
7.227231562137603760e-02
2.541548386216163635e-02
7.758876681327819824e-02
2.502471767365932465e-02
1.864055991172790527e-01
2.303953617811203003e-01
3.750443696975708008e+00
3.661859273910522461e+00
2.221762835979461670e-01
3.253655195236206055e+00
3.318094611167907715e-01
5.261263623833656311e-02
4.102371633052825928e-01
4.008575901389122009e-02
1.131072044372558594e+01
1.680728530883789062e+01
5.245202183723449707e-01
3.267440199851989746e-01
1.110450550913810730e-01
2.781357192993164062e+01
2.616984844207763672e-01
6.367848068475723267e-02
2.584058761596679688e+00
1.457749754190444946e-01
5.796410441398620605e-01
1.283452659845352173e-01
8.003996312618255615e-02
4.110499471426010132e-02
5.203941836953163147e-02
2.437483891844749451e-02
2.957374000549316406e+01
6.461255997419357300e-02
3.465427398681640625e+00
1.276558786630630493e-01
8.284600377082824707e-01
3.014578580856323242e+00
1.760820508003234863e+00
8.980068564414978027e-02
5.384384840726852417e-02
5.874649047851562500e+00
6.467190980911254883e-01
1.322287023067474365e-01
3.803096339106559753e-02
2.220067501068115234e+00
2.100187492370605469e+01
1.744741678237915039e+00
3.763277083635330200e-02
9.064050018787384033e-02
3.399793058633804321e-02
8.291061967611312866e-02
1.471056491136550903e-01
1.329287338256835938e+01
1.458914279937744141e+01
7.394728660583496094e-01
5.138869583606719971e-02
5.325684070587158203e+00
2.321263253688812256e-01
8.173040300607681274e-02
3.483006000518798828e+00
4.773171991109848022e-02
1.519401669502258301e+00
3.025328926742076874e-02
1.464397758245468140e-01
4.835858535766601562e+01
5.763406306505203247e-02
2.383567428588867188e+01
3.471062779426574707e-01
2.499141730368137360e-02
1.540568172931671143e-01
1.876429796218872070e+00
5.785773321986198425e-02
3.584921732544898987e-02
4.862552881240844727e-01
1.307128220796585083e-01
8.487270027399063110e-02
4.004596173763275146e-02
3.882260620594024658e-02
4.077859967947006226e-02
3.070497214794158936e-01
2.533555217087268829e-02
2.508740127086639404e-02
5.732929706573486328e-02
4.192802011966705322e-01
8.584924042224884033e-02
2.583387792110443115e-01
8.221355825662612915e-02
4.021580696105957031e+00
2.509037494659423828e+00
4.684759974479675293e-01
6.583938002586364746e-02
4.136416316032409668e-02
1.030576896667480469e+01
9.591610908508300781e+00
1.770172691345214844e+01
1.229394748806953430e-01
3.578830957412719727e-01
3.040792606770992279e-02
1.449016928672790527e-01
9.348795562982559204e-02
4.116881638765335083e-02
2.516390609741210938e+01
2.319595336914062500e+00
6.358180940151214600e-02
5.366473272442817688e-02
1.242728948593139648e+00
5.397775396704673767e-02
1.373159587383270264e-01
2.515448951721191406e+01
3.779505789279937744e-01
1.877015471458435059e+00
2.474281378090381622e-02
2.981979772448539734e-02
2.385339140892028809e-01
8.467193692922592163e-02
7.497429102659225464e-02
3.615394607186317444e-02
5.564088001847267151e-02
1.671965718269348145e-01
2.688549280166625977e+00
3.043244123458862305e+00
1.242246627807617188e+00
8.133680224418640137e-01
2.567052841186523438e-02
2.365668416023254395e-01
1.541285216808319092e-02
1.992662072181701660e+00
3.905878782272338867e+00
4.651588201522827148e-02
9.213103652000427246e-01
1.284867882728576660e+00
1.939473673701286316e-02
4.276207461953163147e-02
3.472863435745239258e-01
6.312645077705383301e-01
1.912486791610717773e+00
2.452130056917667389e-02
1.355675309896469116e-01
1.250574141740798950e-01
1.764033508300781250e+01
1.865515232086181641e+00
1.277130246162414551e-01
1.406672954559326172e+01
3.956548869609832764e-02
8.870078921318054199e-01
4.582687854766845703e+00
3.191069886088371277e-02
5.869698524475097656e+00
7.100155949592590332e-02
1.785042881965637207e-01
2.257040590047836304e-01
2.480647712945938110e-02
7.828859984874725342e-02
1.214737415313720703e+01
3.272338584065437317e-02
1.967664337158203125e+01
1.530710411071777344e+01
3.039492368698120117e+00
4.637369140982627869e-02
6.662656664848327637e-01
1.291173845529556274e-01
2.234753131866455078e+00
3.884610652923583984e+00
2.198379278182983398e+00
9.141101688146591187e-02
9.483628273010253906e-01
1.680500388145446777e+00
7.631647586822509766e-01
2.998125739395618439e-02
2.838394343852996826e-01
6.095699787139892578e+00
2.982226014137268066e-01
6.303200125694274902e-01
2.033037096261978149e-01
3.457750380039215088e-01
3.365089893341064453e-01
1.982191950082778931e-02
3.806962817907333374e-02
1.397819072008132935e-01
1.236712560057640076e-01
5.459377169609069824e-02
7.584819793701171875e-01
1.824587732553482056e-01
1.783735863864421844e-02
6.298221647739410400e-02
1.980101019144058228e-01
4.724002778530120850e-01
1.987497322261333466e-02
2.016035467386245728e-02
2.357454299926757812e+00
1.171285957098007202e-01
1.083532929420471191e+00
4.812901839613914490e-02
1.892431974411010742e-01
3.049486577510833740e-01
6.165982037782669067e-02
