7.335574035644530966e+01
2.728202514648437571e+01
4.217467727661132670e+01
7.273947486877440838e+01
6.369037628173828125e+01
3.214244651794433594e+01
4.452903442382812216e+01
5.945447540283203125e+01
2.316105690002441264e+01
3.129472694396972798e+01
9.110343894958495525e+01
3.143414382934570028e+01
2.061325244903564169e+01
2.522111167907714702e+01
2.220461959838867116e+01
6.304467468261718466e+01
2.517662372589111186e+01
3.447593231201172159e+01
2.426564559936523580e+01
2.589355850219726562e+01
2.696870002746582173e+01
2.711241226196288778e+01
2.896752300262451030e+01
2.598198833465576030e+01
3.003057518005370952e+01
2.126309738159179688e+02
3.178611221313476420e+01
3.321732254028320597e+01
5.039306526184082458e+01
2.369683914184570028e+01
8.544053573608397301e+01
2.613796482086181783e+01
1.576103485107421704e+02
2.695678100585937642e+01
2.146912631988525533e+01
2.219028701782226420e+01
2.399428348541259837e+01
5.238070602416992472e+01
7.723943176269531818e+01
3.252682170867919353e+01
4.238552474975585938e+01
2.986966896057128906e+01
1.079477722167968636e+02
2.330196495056152273e+01
2.482767829895019673e+01
4.796766815185547017e+01
7.997445831298827557e+01
2.427770271301269389e+01
2.937088413238525320e+01
3.768587890625000227e+02
3.866749534606933736e+01
2.263962192535400320e+01
8.222690849304198935e+01
3.658408432006835653e+01
4.342446022033691833e+01
2.254645805358886435e+01
2.759641647338867188e+01
6.159275894165038778e+01
2.312754440307617188e+01
2.267543144226074503e+01
2.247580070495605753e+01
2.415838451385497976e+01
3.104560050964355256e+01
3.436204376220702983e+01
