1.894059777259826660e+00
2.528399467468261719e+00
6.253494620323181152e-01
5.552784800529479980e-01
2.657761335372924805e+00
6.484961509704589844e+00
4.188154339790344238e-01
5.030273914337158203e+00
1.831123948097229004e+00
1.845124363899230957e+00
4.161929786205291748e-01
2.100436449050903320e+00
5.531030893325805664e-01
6.061138629913330078e+00
3.824254989624023438e+00
2.394163608551025391e+00
5.184553623199462891e+00
1.866856336593627930e+00
1.522158265113830566e+00
5.482300281524658203e+00
9.634807109832763672e-01
2.197192162275314331e-01
2.682630538940429688e+01
2.243158221244812012e-01
3.181900262832641602e+00
1.481038093566894531e+00
6.499666571617126465e-01
1.118257427215576172e+01
3.410310268402099609e+00
1.258373498916625977e+00
1.486096668243408203e+01
3.521266222000122070e+00
3.427045047283172607e-01
5.557419657707214355e-01
1.112038969993591309e+00
1.319268465042114258e+00
1.825643658638000488e+00
5.156508088111877441e-01
1.405304551124572754e+00
1.758004784584045410e+00
4.470505714416503906e+00
1.301055550575256348e+00
9.918329715728759766e-01
1.770025253295898438e+00
9.247814178466796875e+00
1.714816391468048096e-01
2.990037536621093750e+01
2.183960199356079102e+00
1.980083107948303223e+00
1.664214253425598145e+00
2.682158231735229492e+00
2.977651119232177734e+00
1.142689824104309082e+00
1.389740562438964844e+01
2.534901142120361328e+00
7.042790651321411133e-01
2.529760360717773438e+00
8.069612979888916016e-01
3.381414890289306641e+00
8.176048994064331055e-01
2.738076210021972656e+01
1.733540534973144531e+00
2.660547494888305664e+00
1.445250153541564941e+00
8.202865600585937500e+00
4.262481331825256348e-01
4.222030639648437500e+01
6.532851457595825195e-01
3.209202766418457031e+00
1.543744325637817383e+00
2.384695768356323242e+00
2.296245574951171875e+00
5.367025136947631836e-01
9.924544095993041992e-01
7.060374617576599121e-01
5.471081137657165527e-01
2.493833780288696289e+00
1.508059501647949219e+00
1.005857706069946289e+00
4.968510627746582031e+00
4.065921008586883545e-01
2.898502540588378906e+01
1.535939812660217285e+00
1.210091829299926758e+00
1.521099758148193359e+01
1.051851749420166016e+01
1.137843370437622070e+00
1.150845646858215332e+00
6.483879089355468750e-01
9.738713264465332031e+00
4.748682975769042969e+00
1.692986297607421875e+01
2.755231380462646484e+00
2.589694499969482422e+00
1.073051333427429199e+00
1.665509939193725586e+00
2.234543800354003906e+00
2.157958602905273438e+01
4.775750637054443359e-01
2.881868839263916016e+00
4.327246665954589844e+00
7.471659779548645020e-01
1.101587414741516113e+00
8.747768402099609375e-01
1.452752590179443359e+00
1.232056096196174622e-01
1.634290575981140137e+00
6.390881538391113281e+00
3.744686365127563477e+00
3.521027266979217529e-01
4.408481419086456299e-01
7.792112827301025391e+00
8.300469398498535156e+00
5.004906058311462402e-01
5.013685226440429688e+00
2.668205833435058594e+01
7.806971073150634766e-01
9.116060256958007812e+00
6.667250156402587891e+00
2.792676448822021484e+00
1.927047729492187500e+01
1.140163898468017578e+00
4.693880558013916016e+00
7.895934581756591797e-01
1.587703347206115723e+00
3.412238657474517822e-01
7.135879993438720703e-01
1.053803348541259766e+01
2.580637931823730469e+00
7.643933296203613281e-01
1.398192405700683594e+00
9.696822166442871094e-01
1.633500337600708008e+00
6.953884959220886230e-01
4.143895626068115234e+00
8.407498598098754883e-01
4.394341278076171875e+01
1.028204917907714844e+00
1.577012896537780762e+00
1.504751682281494141e+00
1.940758585929870605e+00
9.707324504852294922e-01
2.686091661453247070e+00
1.129316449165344238e+00
7.171308398246765137e-01
1.944268989562988281e+01
1.236499118804931641e+01
4.001353263854980469e+00
7.121173381805419922e+00
2.584183931350708008e+00
1.239887833595275879e+00
7.661539912223815918e-01
5.695755004882812500e+00
7.103988528251647949e-01
2.767804145812988281e+00
9.428347945213317871e-01
4.282402992248535156e+00
6.859158039093017578e+00
1.321150493621826172e+01
4.230133533477783203e+00
5.673648715019226074e-01
1.167999863624572754e+00
1.423836469650268555e+00
1.119047641754150391e+00
1.401323199272155762e+00
1.046952247619628906e+00
2.776696205139160156e+00
2.257706165313720703e+00
1.215463876724243164e+00
4.703473091125488281e+00
1.739566040039062500e+01
3.105476856231689453e+00
1.010552406311035156e+01
1.432118892669677734e+00
1.174650859832763672e+01
3.591290712356567383e+00
9.071789383888244629e-01
3.653894960880279541e-01
7.436785697937011719e-01
1.013631153106689453e+01
1.764695167541503906e+00
4.135005772113800049e-01
5.241071581840515137e-01
3.070613622665405273e+00
4.393977642059326172e+00
4.718326568603515625e+00
2.140147686004638672e+00
1.966611981391906738e+00
8.733754158020019531e+00
2.260876464843750000e+01
2.730325317382812500e+01
2.019517272710800171e-01
1.021841144561767578e+01
2.815793752670288086e+00
3.209407806396484375e+00
3.169704914093017578e+00
4.568850994110107422e+00
7.443768024444580078e+00
2.245874881744384766e+00
2.316500663757324219e+00
1.836176753044128418e+00
4.752256393432617188e+00
1.963895320892333984e+00
1.481414556503295898e+00
1.635918998718261719e+01
4.294342517852783203e+00
8.278900980949401855e-01
2.556858062744140625e+00
1.634255886077880859e+00
5.527929782867431641e+00
8.473853468894958496e-01
1.605580747127532959e-01
1.308512687683105469e+00
2.100266933441162109e+00
1.857280254364013672e+00
3.067109346389770508e+00
2.789549112319946289e+00
7.882589817047119141e+00
7.549980878829956055e-01
9.149708747863769531e-01
1.991556644439697266e+00
6.999712586402893066e-01
5.945836901664733887e-01
2.793262481689453125e+00
1.657608628273010254e+00
5.321134924888610840e-01
2.149280309677124023e+00
8.379058837890625000e-01
3.531810998916625977e+00
1.829768180847167969e+00
1.792886734008789062e+00
3.984453916549682617e+00
2.729310989379882812e+00
3.604513168334960938e+00
1.586519241333007812e+00
7.586997032165527344e+00
6.963980197906494141e-01
1.022468924522399902e+00
4.050285816192626953e+00
1.822210669517517090e+00
1.210022807121276855e+00
4.323467731475830078e+00
7.077899575233459473e-01
1.146507263183593750e+00
6.670691370964050293e-01
6.239805817604064941e-01
1.995378017425537109e+00
1.687423586845397949e+00
1.444300889968872070e+00
4.230813503265380859e+00
2.096399784088134766e+00
4.274008274078369141e+00
7.652936577796936035e-01
8.289788961410522461e-01
2.272376060485839844e+00
2.786135435104370117e+00
