4.699764728546142578e+00
2.296781730651855469e+01
1.364572644233703613e+00
1.829166984558105469e+01
2.770307302474975586e+00
1.287541294097900391e+01
7.948447418212890625e+01
3.807192230224609375e+01
1.047328376770019531e+01
1.461547017097473145e+00
6.225916290283203125e+01
2.229315042495727539e+00
5.276154518127441406e+00
5.908790206909179688e+01
6.260611414909362793e-01
1.428800296783447266e+01
5.255557250976562500e+01
3.277606964111328125e+01
1.477687549591064453e+01
1.446286926269531250e+02
2.086732673645019531e+01
1.035289306640625000e+02
2.060798454284667969e+01
5.702467441558837891e+00
9.407217979431152344e+00
1.323533630371093750e+01
8.834926605224609375e+00
4.566652679443359375e+01
4.497953796386718750e+01
4.013960361480712891e+00
2.549388504028320312e+01
2.041442108154296875e+02
5.836062011718750000e+02
2.305463790893554688e+00
3.974143981933593750e+01
3.730683898925781250e+01
4.409081649780273438e+01
1.908415603637695312e+01
2.668646574020385742e+00
2.066703033447265625e+01
1.633392715454101562e+01
5.724781155586242676e-01
1.818563842773437500e+01
4.989681243896484375e+00
5.323432159423828125e+01
1.834365272521972656e+01
1.402124881744384766e+01
4.464774608612060547e+00
9.547844529151916504e-01
2.954385519027709961e+00
6.657975006103515625e+01
2.875697326660156250e+01
1.152748107910156250e+01
1.704633331298828125e+01
3.270831584930419922e+00
9.269033432006835938e+00
9.084495306015014648e-01
4.502997398376464844e+00
7.726085782051086426e-01
1.277658939361572266e+01
4.481190204620361328e+00
4.632379150390625000e+01
5.121496677398681641e+00
2.405654335021972656e+01
1.115480651855468750e+02
3.365203738212585449e-01
6.560105895996093750e+01
1.210613059997558594e+01
6.787294149398803711e-01
1.920975208282470703e+00
5.382919311523437500e+00
8.935198783874511719e+00
4.447378845214843750e+02
3.829860305786132812e+01
1.396096229553222656e+00
3.917370319366455078e+00
3.485473096370697021e-01
5.440478324890136719e+00
2.554763641357421875e+02
8.260426521301269531e+00
6.080454635620117188e+01
1.154929280281066895e+00
3.670963668823242188e+01
8.096563220024108887e-01
4.810744476318359375e+01
1.710230255126953125e+01
1.388963165283203125e+02
5.472654342651367188e+00
2.925379943847656250e+01
3.416370773315429688e+01
2.321007013320922852e+00
3.903602600097656250e+01
4.169837951660156250e+00
1.598340511322021484e+00
2.031489181518554688e+01
8.744761466979980469e+00
3.156797599792480469e+01
1.752822041511535645e+00
3.603811740875244141e+00
1.518232059478759766e+01
4.888814544677734375e+01
3.830094337463378906e+00
4.198656558990478516e+00
1.059301614761352539e+00
6.402893829345703125e+01
7.788268280029296875e+01
1.840434417724609375e+02
1.491356182098388672e+01
6.477414703369140625e+01
5.573928451538085938e+01
8.080852508544921875e+00
3.406340026855468750e+01
3.746913528442382812e+01
6.694895172119140625e+01
1.262445688247680664e+00
9.518082618713378906e+00
2.597458801269531250e+02
1.469797229766845703e+01
7.852343750000000000e+01
3.624487638473510742e+00
1.990396976470947266e+00
5.919755172729492188e+01
1.951696991920471191e+00
1.037534904479980469e+01
2.283502197265625000e+01
1.083621292114257812e+02
1.798048019409179688e+01
4.648012220859527588e-01
4.230494499206542969e-01
1.988942909240722656e+01
2.012316322326660156e+01
1.761927223205566406e+01
1.057688713073730469e+01
1.507761383056640625e+02
3.081147909164428711e+00
3.433374166488647461e+00
5.789091110229492188e+01
8.409708976745605469e+00
3.035142421722412109e+00
1.148385143280029297e+01
8.563463687896728516e-01
8.886206817626953125e+01
9.573755264282226562e+00
2.358100652694702148e+00
7.365125274658203125e+01
6.076672363281250000e+01
1.117659091949462891e+01
1.243053436279296875e+01
1.571593046188354492e+00
2.103493309020996094e+01
1.359603786468505859e+01
2.416728782653808594e+01
1.739234566688537598e+00
9.156362152099609375e+01
1.209130382537841797e+01
5.683300781250000000e+01
7.357943725585937500e+01
1.010963249206542969e+01
6.846626281738281250e+00
5.506199836730957031e+00
2.676131248474121094e+01
1.386566352844238281e+01
8.816519737243652344e+00
2.112549543380737305e+00
5.310928225517272949e-01
1.328969192504882812e+01
4.046556472778320312e+00
1.934442371129989624e-01
3.008865594863891602e+00
1.280244750976562500e+02
1.474843292236328125e+02
2.661255264282226562e+01
2.521897554397583008e+00
1.835974578857421875e+02
2.743193864822387695e+00
3.619248199462890625e+01
3.552301645278930664e+00
2.118272304534912109e+00
4.243661463260650635e-01
6.047696304321289062e+01
2.107590637207031250e+02
2.732729673385620117e+00
1.509949970245361328e+01
1.994707107543945312e+01
1.668120117187500000e+02
5.335741996765136719e+00
1.913807296752929688e+01
1.300338029861450195e+00
1.550930309295654297e+01
9.873303413391113281e+00
2.953264808654785156e+01
2.933056354522705078e+00
2.463261038064956665e-01
1.121040916442871094e+01
2.655032873153686523e+00
9.761582374572753906e+00
2.511410713195800781e+00
1.114126968383789062e+01
3.628911972045898438e+01
4.771828651428222656e+00
4.440015411376953125e+01
7.438325500488281250e+01
3.340675234794616699e-01
9.274161458015441895e-01
2.182192230224609375e+01
3.761288070678710938e+01
3.626274347305297852e+00
8.620243072509765625e+01
4.162578105926513672e+00
1.437435607910156250e+02
7.969654846191406250e+01
1.038731384277343750e+01
2.628743896484375000e+02
2.355645418167114258e+00
6.847328948974609375e+01
1.839313268661499023e+00
4.496729969978332520e-01
1.072178649902343750e+02
5.094499588012695312e-01
2.552399635314941406e+01
1.525871849060058594e+01
5.363457489013671875e+01
3.574784088134765625e+01
3.808416128158569336e+00
8.207502746582031250e+01
1.702070426940917969e+01
2.933089733123779297e+00
5.916876602172851562e+01
1.189217529296875000e+02
6.369594573974609375e+01
3.985678863525390625e+01
2.385224533081054688e+01
1.568953514099121094e+00
1.036370873451232910e+00
1.066040992736816406e+00
3.113972091674804688e+01
1.992911529541015625e+01
7.028704643249511719e+00
1.482618689537048340e+00
1.186391296386718750e+02
7.162112236022949219e+00
2.674706268310546875e+01
2.214004707336425781e+01
9.457159042358398438e-01
1.004083442687988281e+01
7.498435974121093750e+00
1.048878073692321777e+00
3.661261367797851562e+01
7.456835746765136719e+00
9.999523925781250000e+01
3.993660354614257812e+01
2.851858901977539062e+01
3.706401288509368896e-01
4.382308006286621094e+00
3.975383520126342773e+00
7.350968170166015625e+01
1.383938980102539062e+01
1.133239746093750000e+00
3.753239810466766357e-01
1.816635322570800781e+01
2.808832740783691406e+01
8.480466461181640625e+01
5.011101531982421875e+01
2.333946037292480469e+01
5.485116577148437500e+01
3.225357055664062500e+00
3.954482650756835938e+01
1.020098495483398438e+01
1.833899736404418945e+00
2.386079311370849609e+00
1.566272068023681641e+01
1.394330902099609375e+02
1.734791374206542969e+01
1.078667068481445312e+02
1.444234619140625000e+02
8.253526306152343750e+01
1.342906188964843750e+01
1.085721740722656250e+02
1.585189361572265625e+02
4.667996466159820557e-01
1.048244357109069824e+00
1.080957603454589844e+01
9.921877288818359375e+01
9.261491775512695312e+00
1.745422058105468750e+02
5.094852924346923828e+00
1.647786102294921875e+02
8.255045413970947266e-01
1.948592305183410645e+00
8.632908630371093750e+01
4.708972454071044922e+00
9.684407234191894531e+00
4.391777038574218750e+00
4.798044204711914062e+00
3.372055053710937500e+01
2.087260723114013672e+00
1.666206359863281250e+00
2.093413162231445312e+01
3.523686218261718750e+01
7.762816548347473145e-01
2.590888500213623047e+00
5.173811912536621094e-01
2.746781539916992188e+01
2.117684173583984375e+01
1.311514735221862793e+00
1.775670013427734375e+02
1.206870937347412109e+01
2.079306182861328125e+02
1.089360046386718750e+01
1.425690612792968750e+02
1.456922912597656250e+02
9.144502282142639160e-01
5.369057655334472656e+00
1.735255813598632812e+01
1.084683418273925781e+01
1.645779848098754883e+00
5.064846038818359375e+00
8.376950836181640625e+01
1.245267772674560547e+01
3.360510826110839844e+00
1.516248607635498047e+01
1.484739208221435547e+01
1.070022463798522949e+00
1.471115779876708984e+01
7.696437835693359375e-01
4.575736522674560547e+00
2.588890457153320312e+01
1.175150871276855469e+00
6.662236785888671875e+01
6.320022964477539062e+01
3.389952468872070312e+01
8.891735076904296875e+00
2.950223922729492188e+00
4.173310089111328125e+01
9.290869140625000000e+01
6.477655172348022461e-01
8.402125549316406250e+01
6.328945636749267578e+00
2.746675491333007812e+01
1.583647489547729492e+00
8.310530662536621094e+00
4.295340347290039062e+01
2.345631408691406250e+01
4.406170368194580078e+00
7.141983795166015625e+01
2.844579219818115234e+00
3.424945831298828125e+00
7.305813598632812500e+01
4.120952606201171875e+01
8.349235534667968750e+01
5.371783375740051270e-01
5.005304336547851562e+01
8.787689208984375000e+01
6.968796253204345703e+00
7.395933532714843750e+01
1.964311957359313965e+00
3.485759353637695312e+01
8.227505683898925781e+00
3.388851404190063477e+00
6.253765869140625000e+01
2.454272508621215820e+00
4.383324813842773438e+01
1.828861618041992188e+01
4.927301406860351562e+01
1.278331398963928223e+00
2.627345085144042969e+01
1.234324874877929688e+02
7.330295562744140625e+00
1.358915424346923828e+01
6.260013198852539062e+01
5.523575592041015625e+01
9.865209197998046875e+01
3.197970390319824219e+00
5.272605895996093750e+01
8.734849929809570312e+00
8.217237854003906250e+01
1.506451487541198730e+00
1.183989286422729492e+00
5.184731006622314453e+00
1.058828115463256836e+00
6.883364200592041016e+00
1.242374992370605469e+01
5.782469272613525391e+00
1.970797424316406250e+02
1.641491055488586426e+00
1.018294692039489746e+00
7.538816928863525391e-01
2.280760049819946289e+00
3.486341857910156250e+01
7.700443267822265625e+00
9.105924987792968750e+01
1.347871704101562500e+02
1.743038749694824219e+01
4.806134796142578125e+01
3.531591415405273438e+01
1.409998512268066406e+01
4.604059696197509766e+00
7.574030756950378418e-01
6.867084503173828125e-01
3.829258346557617188e+01
4.245132923126220703e+00
8.561848998069763184e-01
1.738548636436462402e+00
1.030661582946777344e+00
2.370319557189941406e+01
1.338053588867187500e+02
4.638112545013427734e+00
5.543386936187744141e+00
7.392333507537841797e+00
2.856775283813476562e+00
1.428329315185546875e+02
3.423289871215820312e+01
2.514113044738769531e+01
6.939492702484130859e+00
5.558465123176574707e-01
4.929493904113769531e+00
1.434083747863769531e+01
2.228701934814453125e+02
2.827297973632812500e+01
2.053776979446411133e-01
3.429468154907226562e+00
7.100516319274902344e+00
5.954596710205078125e+01
3.866987943649291992e+00
2.615444183349609375e+01
3.316366374492645264e-01
2.678915214538574219e+01
3.727397203445434570e+00
8.165390777587890625e+01
4.371600341796875000e+01
3.074280738830566406e+01
7.280356884002685547e+00
2.298716306686401367e+00
4.749145984649658203e+00
3.743712997436523438e+01
8.286975860595703125e+00
3.206998825073242188e+00
8.594949722290039062e+00
6.182750463485717773e-01
2.762245655059814453e+00
3.128497314453125000e+01
4.979795837402343750e+01
6.170735359191894531e-01
8.228830337524414062e+00
4.946559965610504150e-01
2.329139900207519531e+01
2.132194709777832031e+01
6.501244068145751953e+00
2.413485870361328125e+02
2.670625495910644531e+01
4.686546325683593750e+01
1.064356207847595215e+00
2.399353599548339844e+01
2.087768745422363281e+01
1.244734668731689453e+01
3.583373641967773438e+01
5.271602869033813477e-01
6.443534088134765625e+01
2.533399581909179688e+00
1.731808853149414062e+01
1.336357355117797852e+00
7.712545871734619141e+00
2.830924034118652344e+00
5.868258476257324219e-01
7.696562957763671875e+01
8.364960479736328125e+01
1.216045665740966797e+01
2.350443899631500244e-01
1.606716156005859375e+01
6.212701416015625000e+01
6.983977794647216797e+00
4.029624557495117188e+01
3.688207149505615234e+00
1.596544933319091797e+01
4.307183837890625000e+01
1.348127484321594238e+00
9.148685455322265625e+01
2.857493638992309570e+00
2.187695884704589844e+01
3.125857830047607422e+00
9.662570953369140625e+00
1.483706951141357422e+01
2.917495346069335938e+01
6.719916820526123047e+00
5.391609191894531250e+00
2.132244682312011719e+01
1.359508514404296875e+02
9.660090446472167969e+00
1.396826076507568359e+01
5.592935085296630859e-01
2.571448898315429688e+01
1.360368347167968750e+01
2.085813522338867188e+01
3.673420333862304688e+01
9.428313446044921875e+01
1.405199737548828125e+02
1.351619415283203125e+02
1.030485763549804688e+02
7.721920490264892578e+00
2.030282135009765625e+02
3.403370666503906250e+01
2.169315814971923828e+00
6.367801189422607422e+00
6.865822672843933105e-01
6.689626312255859375e+01
1.455549716949462891e+01
1.544227981567382812e+01
3.318592071533203125e+01
1.267770004272460938e+02
1.746235275268554688e+01
2.027082061767578125e+01
9.637653231620788574e-01
1.903864288330078125e+01
1.484235525131225586e+00
1.271961927413940430e+00
4.334048628807067871e-01
1.714417266845703125e+01
5.040780258178710938e+01
9.681986236572265625e+01
6.109398365020751953e+00
4.567999649047851562e+01
2.112497711181640625e+01
7.432641506195068359e+00
3.604412841796875000e+01
5.295936203002929688e+01
6.466542720794677734e+00
9.047267150878906250e+01
2.881148159503936768e-01
5.470041632652282715e-01
2.305139303207397461e+00
6.338674545288085938e+01
1.230721588134765625e+02
1.341110229492187500e+01
2.964496994018554688e+01
4.618506908416748047e+00
7.843075990676879883e-01
7.610420227050781250e+00
2.692586660385131836e+00
3.358227729797363281e+00
1.281510829925537109e+00
4.145074367523193359e+00
5.672890090942382812e+01
1.232987642288208008e+00
1.403533782958984375e+02
6.385037899017333984e+00
2.397604703903198242e+00
2.401068115234375000e+02
1.007075977325439453e+01
1.105727434158325195e+00
1.603615164756774902e+00
1.187377929687500000e+01
1.577251434326171875e+02
9.182983398437500000e+00
4.040375137329101562e+01
9.071366882324218750e+01
1.725406646728515625e+00
3.377518310546875000e+02
1.398629283905029297e+01
8.944169998168945312e+00
5.482966995239257812e+01
9.022787094116210938e+00
1.141154050827026367e+00
4.118356227874755859e+00
2.038420867919921875e+02
1.390623450279235840e+00
8.037446975708007812e+00
1.545310058593750000e+02
3.653013229370117188e+00
2.135259819030761719e+01
1.059941482543945312e+01
2.756318092346191406e+00
1.890675811767578125e+02
7.098419189453125000e+00
3.672144174575805664e+00
1.042785930633544922e+01
1.699118614196777344e+01
4.223428344726562500e+01
6.997816085815429688e+00
1.364429321289062500e+02
3.192038774490356445e+00
3.268972396850585938e+00
8.347643280029296875e+01
1.653542137145996094e+01
4.288867473602294922e+00
1.526006102561950684e+00
5.318522453308105469e+00
1.113980889320373535e+00
6.409564495086669922e+00
1.032306442260742188e+02
1.497573852539062500e+02
1.326225852966308594e+01
2.956558418273925781e+01
4.517564392089843750e+01
1.937710189819335938e+01
2.299221992492675781e+00
1.663703918457031250e+01
5.053225755691528320e-01
1.754925842285156250e+02
5.735264778137207031e+00
9.963384628295898438e+00
1.196909561157226562e+02
1.739491271972656250e+01
3.279529190063476562e+01
8.720384216308593750e+01
3.002085089683532715e-01
1.776005625724792480e+00
9.003988647460937500e+01
4.727317333221435547e+00
9.655526280403137207e-01
1.173647308349609375e+02
1.093921947479248047e+01
1.099418282508850098e+00
3.959813308715820312e+01
8.111982345581054688e+00
7.038855552673339844e+00
6.803583526611328125e+01
1.861389732360839844e+01
1.207112908363342285e+00
1.208740043640136719e+01
7.186511516571044922e+00
3.022284746170043945e+00
4.243589878082275391e+00
1.045951652526855469e+01
9.015063047409057617e-01
1.677999496459960938e+00
3.851340866088867188e+01
3.706983184814453125e+01
2.015490770339965820e+00
2.459504318237304688e+01
8.602975845336914062e+00
9.905758857727050781e+00
1.352488136291503906e+01
1.100994033813476562e+02
4.112034988403320312e+01
6.116254043579101562e+01
1.369615650177001953e+01
2.724860191345214844e+01
2.125809860229492188e+01
2.942259597778320312e+01
6.456568717956542969e+00
2.092533874511718750e+01
3.404806137084960938e+00
8.103686332702636719e+00
8.575551033020019531e+00
2.262283706665039062e+01
1.514205694198608398e+00
4.565946102142333984e+00
5.690419673919677734e-01
3.640203237533569336e+00
4.028372287750244141e+00
9.824262619018554688e+00
1.644157218933105469e+01
1.218485474586486816e+00
5.136530399322509766e-01
2.342942428588867188e+01
3.477499771118164062e+01
2.150123214721679688e+01
3.140220165252685547e+00
8.314821624755859375e+01
2.764330625534057617e+00
1.863661193847656250e+01
6.043698787689208984e+00
1.485850214958190918e+00
4.588199853897094727e-01
4.424149990081787109e-01
1.686533927917480469e+01
1.235966563224792480e+00
8.142204284667968750e+00
3.077368736267089844e-01
1.835463196039199829e-01
2.811945152282714844e+01
1.124897861480712891e+01
5.513344573974609375e+01
1.084034442901611328e+01
2.532165336608886719e+01
1.328054714202880859e+01
2.565895462036132812e+01
1.581147575378417969e+01
3.778280258178710938e+01
3.777202069759368896e-01
2.383898735046386719e+01
3.521993875503540039e+00
3.822965240478515625e+01
1.266515922546386719e+01
3.359909534454345703e+00
5.748550415039062500e+00
7.672832489013671875e+00
2.212163734436035156e+01
1.691676378250122070e+00
9.697008132934570312e+00
2.632353544235229492e+00
5.991384029388427734e+00
2.782464218139648438e+01
1.382399272918701172e+01
1.955220341682434082e+00
1.095387725830078125e+02
7.722959136962890625e+01
5.587846374511718750e+01
7.070068359375000000e+01
2.387794113159179688e+01
2.818817138671875000e+00
2.253286170959472656e+01
1.069555187225341797e+01
7.314346313476562500e+01
1.843289642333984375e+02
5.920385837554931641e+00
4.812824130058288574e-01
1.784275436401367188e+01
7.911108398437500000e+01
7.230644226074218750e+00
1.447931957244873047e+01
1.500110321044921875e+02
8.616226196289062500e+00
6.555122852325439453e+00
9.476877212524414062e+00
7.678009510040283203e+00
5.687765884399414062e+01
4.267425239086151123e-01
6.492897987365722656e+00
4.463056945800781250e+01
4.592132186889648438e+01
1.454089641571044922e+00
4.650693893432617188e+01
1.538264846801757812e+01
6.535206604003906250e+01
5.969104003906250000e+01
1.006061196327209473e+00
1.189453125000000000e+01
1.426422882080078125e+02
4.690118432044982910e-01
8.365937805175781250e+01
1.075000915527343750e+02
4.486820983886718750e+01
3.781133270263671875e+01
1.155040931701660156e+01
2.308626556396484375e+01
8.161015319824218750e+01
4.350729751586914062e+01
5.861622095108032227e-01
1.320525741577148438e+01
1.066763281822204590e+00
9.122319221496582031e+00
2.564322471618652344e+00
4.631826877593994141e+00
9.059980392456054688e+00
1.321722984313964844e+00
1.474407348632812500e+02
1.179817276000976562e+02
1.096118927001953125e+00
7.491457939147949219e+00
1.016651630401611328e+00
1.032904624938964844e+00
8.125485992431640625e+01
6.792821502685546875e+01
9.717886924743652344e+00
1.272212743759155273e+00
1.063942074775695801e+00
7.259866237640380859e+00
6.848935604095458984e+00
3.932210206985473633e+00
1.531031608581542969e+01
9.620667266845703125e+01
1.153750324249267578e+01
1.276060104370117188e+00
2.324714469909667969e+01
1.935534477233886719e+01
9.193202972412109375e+01
1.578057050704956055e+00
1.179264354705810547e+01
2.382312393188476562e+01
8.147612571716308594e+00
4.868457031250000000e+01
3.110646247863769531e+01
6.071985626220703125e+01
2.082946014404296875e+01
2.140153694152832031e+01
1.795474815368652344e+01
2.404247283935546875e+01
2.647172737121582031e+01
3.061471462249755859e+00
3.816195297241210938e+01
8.999963760375976562e+00
5.310305786132812500e+01
6.163123607635498047e+00
1.149250864982604980e+00
1.498816070556640625e+02
3.663420867919921875e+01
1.279176616668701172e+01
1.546688675880432129e+00
1.676097679138183594e+01
6.084933090209960938e+01
8.643782734870910645e-01
3.472255706787109375e+01
8.804125785827636719e+00
5.296168518066406250e+01
1.832570457458496094e+01
8.483026027679443359e-01
3.650968627929687500e+02
7.885584259033203125e+01
5.985769271850585938e+01
3.006095886230468750e+00
1.828678250312805176e+00
1.849717903137207031e+01
1.115175151824951172e+01
8.908399581909179688e+00
2.324813365936279297e+00
1.577958202362060547e+01
1.822504425048828125e+01
1.323545646667480469e+01
4.460942745208740234e+00
6.364741802215576172e+00
3.182755947113037109e+00
2.408297061920166016e+00
3.504642486572265625e+00
5.747088432312011719e+00
5.425372123718261719e+00
1.344193577766418457e+00
4.196772575378417969e+00
3.426166057586669922e+00
3.480412006378173828e+00
8.142579078674316406e+00
7.965530395507812500e+00
5.591049957275390625e+01
4.985876560211181641e+00
1.167074298858642578e+01
2.919262695312500000e+01
4.080712795257568359e+00
2.523612737655639648e+00
