3.97966
1.63299
1.4834
2.16111
0.95644
0.86828
2.16193
1.94277
2.97844
2.17077
0.516718
2.1702
0.357673
1.86772
5.04951
2.02766
2.16106
2.57482
5.36266
3.03795
6.265
3.06009
1.95393
1.5785
2.49646
4.02602
0.653132
0.200535
2.87693
0.904849
0.958998
6.36991
7.99562
2.1715
1.61904
1.03856
1.86067
2.02408
2.83618
2.78315
1.83179
2.16169
6.5844
9.59854
5.22022
1.93167
1.79601
0.708249
2.41046
2.24031
2.15451
0.649634
0.549316
1.74512
0.447098
0.865536
0.804924
3.31105
3.7759
4.12522
2.1621
1.72323
1.61803
2.26586
0.991688
1.65601
2.08564
2.24754
2.86096
4.4797
1.13496
2.16253
0.755557
1.32236
2.02758
2.16136
3.45579
0.59842
1.16119
0.427748
0.664615
0.937145
1.02031
3.24279
0.349283
3.95286
4.12148
0.955499
3.60418
1.66259
0.510579
0.794271
0.141254
0.516953
2.22409
2.42105
3.17608
6.11724
0.643619
0.343778
1.81359
0.822815
4.62171
1.62406
1.0883
3.11738
1.62708
2.00226
6.73007
0.67164
1.27969
1.28027
0.162177
0.268202
2.15354
9.9301
1.77885
1.46666
8.09713
1.50988
2.17316
0.357918
1.84504
0.862974
1.84082
0.404102
1.82351
2.36091
3.7428
1.30772
2.49597
14.8139
14.8097
2.15007
4.4861
3.00549
1.31263
2.04664
0.936355
5.1873
0.923692
1.44484
1.3625
2.16269
9.62472
10.2308
2.03597
2.123
3.48224
0.744143
1.97253
1.73924
4.10435
1.71726
7.02814
2.86453
2.42303
1.34869
1.88317
0.413369
0.220189
3.24699
2.08349
0.957449
0.852241
4.30625
3.86245
1.26649
1.26203
1.39984
0.4655
0.77437
2.05541
1.93435
0.601061
7.99193
1.54432
4.32742
2.16208
2.35597
2.20307
1.13201
0.295588
12.8578
3.9239
4.84213
13.7722
0.67345
0.354587
3.85712
2.34861
0.555775
1.2506
0.237331
2.16385
2.72859
3.77517
2.80706
1.41517
2.14156
3.8069
0.466685
4.23483
7.56096
1.55508
6.14387
2.76047
1.20063
2.49264
1.23494
9.61911
1.33718
6.42169
0.85277
1.97114
2.20333
0.174831
1.28989
0.83996
2.30466
0.877106
7.87965
0.0968676
1.40861
3.90848
2.14366
7.39772
0.885182
1.82474
3.19766
0.528048
0.623694
2.44446
9.37311
1.24181
0.645116
1.29865
1.48698
2.09488
1.71094
0.549561
11.2255
0.894315
3.05742
5.25495
1.61775
3.57882
3.57274
2.16175
1.91861
3.2503
1.68727
2.16325
1.90444
2.14305
6.14673
2.13256
2.13028
0.485879
2.12339
1.64194
1.20365
8.35932
1.28299
3.72601
2.35019
0.476751
1.39328
1.69864
2.17884
1.81768
1.67176
6.95386
1.61402
1.8107
3.20841
1.42433
1.65358
0.160862
9.28992
4.86821
2.75773
0.948811
1.38189
1.41564
5.18966
1.96845
1.14718
2.15914
2.76824
0.383392
4.10666
2.16219
6.18801
0.825339
2.07315
0.284846
1.97693
0.565871
2.9598
1.11594
2.25235
1.70254
2.16172
0.701311
11.6162
2.16231
2.29022
1.3717
3.41638
2.61033
2.45547
1.2259
2.52003
3.4825
3.8372
0.849903
7.43726
0.983704
14.8246
0.862803
0.865746
3.93972
3.12335
3.75313
1.35754
9.75283
1.49085
2.12384
2.14184
2.65579
1.57186
2.1639
1.20244
2.20276
14.4114
1.04766
2.97398
2.20338
0.99222
1.36215
2.15239
2.16013
3.42119
1.24207
8.01802
0.518346
2.18798
0.972063
1.77944
0.710959
3.23622
1.50741
2.16219
7.49403
5.06394
0.934526
6.26324
1.25458
2.68339
1.15537
2.08438
0.479106
1.91507
1.90837
7.99426
1.22974
0.808807
2.16181
14.388
4.42574
1.57569
0.999238
9.75388
2.16098
2.00601
8.17019
2.74911
7.53853
1.77164
7.15218
2.1054
0.584611
0.912962
3.11282
2.20705
2.06794
11.6129
2.82552
1.84588
13.7761
0.994684
0.245535
1.59407
2.84342
1.7689
2.94195
0.532416
1.23085
2.21962
7.99563
0.861445
0.877667
10.1986
0.598996
2.15403
2.12405
2.46234
0.970919
2.62567
3.76411
1.93452
11.6001
3.08619
1.02866
1.59665
1.59474
0.499789
1.44162
2.17153
2.1635
2.17226
2.15964
0.44476
0.793966
2.32299
0.871214
0.864056
0.596791
1.45806
2.16615
6.26522
0.636643
1.61275
1.15002
4.00753
1.40638
2.39234
3.06608
2.14585
3.40321
1.50932
0.249424
7.36171
14.8245
0.845372
2.05671
0.555496
1.83924
6.94448
4.23802
1.16821
0.229019
2.15939
1.87254
1.63907
2.1824
2.78816
2.65919
2.30017
1.79306
1.66946
1.93943
4.10622
2.11256
3.06128
2.16308
0.851026
0.0864972
9.55543
0.300079
2.09493
0.689592
1.23412
0.17323
1.66107
0.710142
2.00151
2.49043
1.76486
2.13958
6.70283
1.97974
2.74156
0.235096
2.12418
0.833772
0.651526
8.71685
6.72955
2.95225
2.79312
0.967167
1.6828
11.4133
2.17339
2.16182
6.63277
0.31318
0.0487366
0.911924
2.16305
1.02835
0.568976
1.53013
1.72425
1.19995
1.30866
2.99082
0.410642
1.10172
3.9634
2.16182
1.06638
2.50943
4.83106
2.75469
2.58712
0.455768
1.87406
1.45231
4.54041
2.1637
5.91924
1.06421
5.09238
1.90612
1.41677
1.35723
2.50384
2.76845
2.17135
1.80236
2.3265
7.99514
2.15197
2.75844
1.71911
11.1621
0.374106
0.826269
0.465757
9.62206
1.67103
1.32213
2.3912
2.02642
3.22569
0.615919
0.550995
1.06258
2.03482
2.66829
11.0052
0.377821
14.8246
2.1627
3.26666
1.70524
1.62865
1.65694
4.06652
2.16378
2.76293
13.4586
3.17602
1.59206
1.07253
3.32742
2.09117
0.412091
0.727356
2.71258
0.745232
1.22118
1.70888
4.37538
0.793038
2.81123
2.08004
2.75265
1.17236
1.8481
2.15965
1.60681
1.68904
1.42714
2.17818
2.16859
0.549984
2.12043
2.79287
7.99211
4.50733
5.58407
0.791448
1.06018
0.092776
0.998224
2.16176
2.02917
2.08234
3.48549
2.49134
3.16627
2.77959
0.696582
1.14501
1.13478
1.91773
6.15677
0.767144
0.249089
2.15698
1.65188
0.643391
12.3455
2.15085
0.195438
2.02484
1.81959
3.03381
1.96315
5.01364
1.07035
3.70101
0.700328
2.60398
14.7896
1.1266
1.51692
2.41072
2.15506
3.67096
2.23336
2.14501
1.76013
2.23861
2.68412
1.34047
6.68035
3.25056
0.293907
1.39984
11.4152
1.53202
0.249223
2.16215
1.05707
1.38236
0.92157
1.30379
2.42769
11.3725
10.9067
1.21732
1.92475
2.25278
6.07313
0.380092
0.32551
2.76735
9.56379
2.07129
2.11779
1.98181
0.930193
1.49185
1.47014
0.164879
3.64208
1.87098
1.8799
2.052
1.56591
1.46922
2.15744
6.63698
0.678431
2.56676
0.1464
0.776446
2.16275
2.34101
4.24985
2.16136
2.16163
1.3705
8.017
2.15728
0.88681
2.82163
2.17117
2.14755
9.90362
2.05014
2.1569
2.08045
3.55334
0.639978
2.16796
1.9003
8.75608
0.834388
0.590275
1.23416
2.16195
3.5823
3.5566
0.113168
2.0957
0.928026
1.72598
1.81208
2.76249
1.66698
7.44489
9.22129
3.54116
0.439918
2.16166
3.61567
0.625525
2.84864
10.2283
0.360088
2.16167
2.78057
2.28365
3.04513
0.156816
0.616309
0.951806
2.30174
6.15678
3.65777
1.75427
1.20034
1.2271
0.473018
2.78892
0.850072
1.71682
0.461004
3.33011
2.76599
0.87709
2.53241
2.05851
0.430375
2.1611
2.14372
2.16141
4.53008
0.666071
1.30556
0.198021
2.15602
2.0956
3.59319
14.8241
2.73199
2.16149
8.88479
2.63293
1.18524
2.1593
2.70448
2.88551
2.15529
0.326971
1.48591
1.15994
1.57306
7.17432
1.77338
1.57998
1.69145
2.07309
7.99563
3.02921
2.17473
0.324363
2.57074
0.910917
1.23358
2.09239
2.16474
1.57018
10.2847
0.323266
10.4888
0.750492
5.14538
2.80265
0.204557
4.6713
1.38281
2.08885
2.16222
0.733572
14.2826
0.466906
0.534781
1.73508
1.23877
0.25537
0.674753
1.42994
0.442507
1.23404
2.2105
12.0011
5.15437
2.15792
2.98725
10.2304
2.22066
5.11719
2.16006
1.53266
0.56274
1.99932
2.12934
2.079
0.716016
2.1525
1.02574
1.29582
0.332253
1.21076
1.44754
0.928507
2.2137
1.83817
5.47601
2.16502
0.866153
2.16005
0.0728922
2.15882
0.464473
0.538118
0.985078
2.22722
0.997238
5.80837
1.96181
4.16131
2.64964
0.710274
3.99325
0.423245
1.1971
1.3356
2.16703
1.19684
1.0934
1.50323
3.49249
5.51776
2.15013
3.25764
7.98732
1.3937
1.13255
6.8611
0.121109
2.56239
2.16066
0.50217
1.09686
0.532204
2.65481
2.16928
2.5032
4.09774
2.16179
1.79494
2.16216
2.52154
1.03502
1.02008
0.399089
0.89833
1.65288
0.0774125
7.45593
2.15621
3.20324
2.17264
3.0233
2.16096
5.57702
1.76594
2.29051
13.5554
3.73514
1.27957
0.97624
0.895325
1.24716
2.16159
3.5823
1.37771
1.57733
0.598956
2.42119
5.29223
8.66694
2.16147
2.1368
11.2883
1.2406
7.99549
0.678207
1.14965
2.67782
2.76676
1.66523
1.04399
5.71647
1.82236
2.13995
4.06055
2.16316
0.660589
0.694842
2.02691
2.67045
0.657163
1.31587
0.577176
1.31341
1.78968
3.1514
1.32543
2.16169
0.489584
1.35329
1.42942
2.64649
1.17018
2.12971
7.25627
0.778102
2.17448
3.23894
14.0528
2.00321
2.95404
2.24733
0.366027
2.08303
2.17808
1.08347
4.72064
0.329372
0.473799
0.947476
14.8214
0.883788
1.48774
4.3804
2.04369
0.457043
0.832527
9.61429
0.742402
0.69186
7.8795
0.502496
0.393828
5.04825
0.846415
14.4785
2.16162
0.745363
3.47181
0.106367
0.532632
9.57691
1.97377
7.21671
1.49004
2.16232
1.41989
1.53723
1.81252
0.535529
0.304185
0.460801
1.22866
6.98093
1.99248
2.22038
0.347113
4.32468
2.14887
11.5267
2.16148
0.446782
5.00786
2.16344
0.404247
0.862885
3.5437
1.11809
4.77418
2.15969
1.86985
1.75848
0.39274
5.28925
0.460315
5.90681
2.16037
1.48568
2.75124
3.31043
1.30644
1.82878
0.509033
1.18309
2.2438
5.51437
2.02812
0.23043
2.19059
8.51406
7.90903
0.188138
2.89224
0.35674
0.475913
1.08873
2.1667
0.701181
3.33986
1.23567
5.54851
2.14761
1.98465
10.2988
1.3915
0.978937
2.1667
0.96573
1.81297
2.16193
0.398176
1.68029
2.25121
3.58745
2.59652
1.31039
0.978508
1.23909
1.1087
14.8246
2.15079
6.14551
0.619254
2.08309
1.33788
1.33792
9.54459
6.98187
1.97779
2.21428
7.1913
2.17256
2.16293
0.322166
1.85014
1.41954
1.99732
1.3083
6.9804
2.15929
0.190984
4.84296
1.908
1.62789
2.20643
2.34309
2.25415
0.964391
5.51881
2.80702
1.61176
1.27725
0.644174
5.02442
10.6903
3.84577
4.11941
3.64848
2.03202
1.71414
1.06811
2.13228
4.24989
1.08654
6.64263
1.56547
10.2314
1.28469
8.84411
1.08642
0.294283
0.267154
0.870385
7.98545
0.50807
2.15092
2.16711
6.26523
3.11364
0.455368
1.39876
0.692526
3.41348
0.957731
0.974093
4.77034
2.16166
2.80678
2.83053
0.147735
8.92286
1.74308
3.05949
2.16107
2.11768
2.17479
7.97531
3.90199
0.815204
4.28802
0.603021
1.31476
7.46598
14.7605
2.51117
1.67914
2.0821
2.84509
1.27786
3.07835
1.8278
2.13796
4.65201
0.586378
2.75611
2.4872
0.347143
0.312529
1.357
1.53654
0.296268
5.8422
2.16158
4.31226
1.96709
2.62939
2.53249
6.89911
0.41479
1.81902
2.09735
1.0577
9.47105
1.78959
2.06848
6.61164
14.8214
4.56789
3.47866
2.35985
1.86881
0.471506
4.03113
0.439859
2.63488
1.94898
1.73271
2.15996
2.16411
0.140756
1.68225
0.588607
1.70811
2.61566
2.98643
7.12874
1.68945
3.98371
0.953834
0.427516
4.5125
0.45101
1.07971
2.1619
1.50619
2.14256
3.95415
0.367255
0.871327
2.18269
2.16127
2.16186
2.86379
7.97402
2.63975
2.1675
2.29642
2.12755
0.905864
0.503924
2.05576
8.00452
1.46614
2.1123
2.16474
1.35539
2.62796
0.872656
2.14952
7.40912
2.16243
1.04649
0.784886
0.585689
6.99366
7.88216
0.336643
6.26509
2.18344
1.87715
2.16577
0.782761
2.0716
4.0374
1.23228
0.677092
2.16204
1.71596
2.12287
2.00753
0.382208
0.965345
0.170791
1.4798
0.304414
1.87834
2.02311
2.32111
0.383657
1.10886
2.16135
4.74838
0.937826
1.12006
13.6954
0.623032
1.59184
0.489215
3.23894
6.81932
1.55464
3.97312
0.485228
2.30306
2.23477
0.51114
2.22635
2.18256
2.22126
0.369595
0.979902
1.05307
1.29738
2.18187
2.24826
2.14364
0.222362
8.50039
1.99866
0.770843
2.16681
1.05306
2.00767
2.32607
1.68201
1.49033
1.46027
8.01438
0.215385
2.06582
7.89749
2.01128
0.549614
1.48428
0.712697
2.16142
10.2205
1.0078
1.2472
2.18432
1.1141
10.7824
1.09541
3.58491
2.1702
6.81917
2.16146
1.05924
0.121796
11.4152
1.57898
1.02373
1.49749
11.4228
6.83435
2.2697
1.12404
3.39187
0.80756
2.1248
3.81574
6.93769
2.14629
1.20069
0.40572
2.16263
1.91854
0.0578851
2.75844
5.44481
2.16278
1.97577
2.21212
2.22338
0.34501
0.496235
3.19719
2.22988
3.0408
2.11956
2.15811
2.14801
0.588506
0.141787
2.19022
5.99492
0.877521
3.21322
1.96364
11.3964
1.14655
0.486064
2.14137
1.18615
1.8835
1.78763
2.71136
14.8246
0.490614
1.62111
2.9954
0.671469
2.16221
3.0456
1.23266
1.4693
3.81762
1.33165
1.99205
1.49131
3.58813
1.78835
0.773233
1.65359
2.16979
2.12383
1.62246
2.18095
1.87023
1.85154
1.22952
2.83347
0.700408
1.3404
1.17917
2.03555
11.2274
7.40418
11.5981
2.19211
2.16148
11.2594
3.51197
2.00137
1.16353
1.0961
14.8246
0.575243
2.33812
2.06426
3.55402
0.602685
6.95315
0.655467
1.42815
1.84259
3.42953
2.07413
2.19906
2.19698
3.10081
0.69687
0.652689
1.49569
11.6155
1.49444
7.57334
0.883078
2.14478
2.10237
9.62208
2.10428
2.15277
2.13203
1.53653
2.16057
1.52921
0.880929
1.91091
0.594427
2.16249
1.33145
1.90912
9.22721
2.16769
5.51836
2.15548
1.63024
2.95007
3.30545
0.811288
0.484947
1.55232
2.4793
1.71583
2.14265
2.16742
2.16176
3.58434
2.15622
1.43748
1.06189
0.389902
2.76201
2.16271
0.729561
1.3252
1.84893
0.908577
1.84865
2.5028
5.12331
2.74501
10.2137
1.73037
2.16171
0.355682
0.867303
1.08804
2.8844
1.42093
0.675806
1.62048
2.1019
1.9602
0.755505
2.16073
5.18965
0.768236
0.342528
2.12454
1.72403
2.13393
1.10723
0.925638
1.1505
2.25145
4.12476
0.325987
0.975271
1.57922
6.79439
3.90516
0.763662
2.16323
3.89606
14.8159
6.33011
2.77882
1.97294
5.26845
3.74304
2.1485
0.925089
3.20235
0.371905
1.75965
4.81685
1.09983
1.50209
5.83684
2.89734
1.99613
2.57256
3.51814
1.73202
6.20942
1.27756
1.16137
2.15425
4.15264
1.83704
5.94841
2.07605
1.51915
1.61182
2.16107
1.84056
14.7357
1.8552
5.7571
2.1618
0.53359
1.06397
1.56468
14.8242
2.13973
1.62273
0.968973
3.57718
0.36629
2.16172
7.38627
0.590284
2.16184
2.09376
3.44607
0.603861
2.08012
4.32474
1.12193
3.5808
2.62496
0.827517
6.48664
3.8621
2.14857
4.78653
0.653857
2.38865
2.32047
2.04864
1.58086
1.70803
0.567137
2.16467
4.48938
2.13412
2.18293
1.89737
7.58464
2.43488
1.97978
1.75272
0.887421
0.869045
1.54839
1.26541
0.941881
3.5973
4.82411
1.65543
3.13129
2.17146
9.51929
1.0555
0.874428
4.99381
7.99558
0.855692
0.276888
1.93427
2.13519
0.28361
1.29923
3.87189
3.62968
0.766697
1.09326
2.76044
4.16223
2.163
0.682985
0.230429
0.350154
0.727323
0.396187
1.4515
11.6077
1.99041
2.81412
2.46859
2.76168
3.75306
0.773716
10.2317
4.13913
5.03939
2.15544
2.00262
2.16821
0.588942
1.78337
0.746545
1.37508
2.09104
0.654729
3.61932
0.225358
5.6943
0.489201
14.5463
0.178138
0.341204
2.14898
3.18008
7.49484
0.294455
1.87734
6.02061
2.13328
3.6447
0.765396
2.82196
1.86456
1.07533
1.48549
2.09394
1.35693
2.16284
2.16449
3.51335
0.772817
7.33049
1.70636
3.24874
5.46339
5.16102
1.82141
1.51266
6.49069
2.47574
1.7232
1.69227
0.633808
2.16346
0.0917088
1.08989
2.16146
2.12562
1.68041
2.2169
2.0948
1.07046
3.32638
1.45994
2.85819
1.20589
2.16207
6.12038
1.17387
1.89092
0.52601
2.16262
2.02937
0.913907
2.91918
3.42733
0.339453
0.50458
2.2193
2.16188
2.80697
6.95931
2.16572
3.53906
1.07293
2.10728
1.03772
0.478818
0.316324
2.46265
5.2856
0.872351
3.55266
1.91101
0.233525
2.23487
0.580914
2.06163
0.166267
3.5823
0.433895
0.853233
2.1116
5.14269
1.15165
0.0335221
2.00619
3.83705
2.02515
0.829301
1.16116
0.828011
1.99978
0.625693
1.24542
2.16188
0.885856
2.16217
2.0395
2.1753
2.10285
1.04219
2.65003
0.276166
0.946015
1.92344
2.16942
0.833103
1.17873
6.15675
2.25518
2.95728
1.74378
1.49593
1.56549
2.16278
1.52939
2.59961
4.50555
3.92584
7.40047
2.14628
3.04255
0.723519
0.709197
2.48997
2.20284
2.34581
2.08288
2.1052
1.13686
0.985038
2.16201
1.79312
3.79612
2.07548
2.16181
3.98141
1.3358
2.10181
2.39374
1.86241
10.1994
11.4061
0.407932
1.53104
1.79857
0.482982
0.629159
7.56335
2.15811
14.8235
1.01016
2.78623
2.16283
1.21059
1.8602
1.17727
2.65195
7.3324
1.18398
0.834381
5.30674
3.54135
2.19572
3.47101
0.888961
0.767539
5.52647
1.4678
0.410578
0.780342
1.32554
8.55287
0.48416
0.882597
1.8551
0.681971
2.11773
3.69823
2.08566
0.474918
2.16377
2.10366
2.02607
2.29857
2.15587
0.171918
0.577735
2.12257
1.54546
0.904706
1.35007
10.2302
3.12712
2.84104
2.21928
7.87957
1.13535
5.00498
11.3996
3.29007
2.20295
2.74211
14.7956
2.73271
0.38078
1.62689
1.73752
0.457042
7.99521
0.563551
1.03086
0.541213
0.837548
2.5091
5.74019
1.17679
0.623172
1.13167
2.06203
2.64631
0.568629
2.84805
7.92497
0.862466
0.981173
1.93793
2.0726
2.14793
7.98508
0.0952229
0.796342
3.58523
1.96703
1.63438
3.62038
1.39243
8.94366
2.41236
3.64647
1.77952
2.15813
10.2009
1.45867
0.484074
2.13773
0.677204
0.40087
1.54773
2.10611
7.99563
1.9472
1.68771
1.6816
2.01705
2.00518
0.849299
0.285299
0.805933
1.4714
3.22926
1.89782
2.64501
3.1962
0.625565
2.74951
3.1507
1.41963
2.04626
1.46883
2.10741
2.12303
2.13033
0.783718
1.19071
3.7519
2.16197
9.29758
3.58166
0.329034
3.16126
2.03161
2.13984
0.696654
1.93596
0.308279
1.33327
0.318841
1.92088
2.15937
1.4425
0.326458
0.350095
3.60929
5.76443
4.07994
1.51744
11.3299
8.31259
1.93994
0.900708
0.28221
1.95064
5.41735
2.42589
0.472042
3.52339
2.0477
5.60539
2.15212
0.819453
1.59367
2.16079
0.208503
0.338216
2.16288
0.858832
0.460959
0.201976
9.41072
1.05147
2.13099
3.06981
2.82477
0.378562
3.41482
0.654057
2.13923
