1.549823665618896484e+01
1.115304350852966309e+00
3.777512311935424805e+00
2.992660522460937500e+00
8.662170410156250000e+00
6.723917007446289062e+00
4.889409065246582031e+00
2.445961475372314453e+00
2.146806001663208008e+00
2.123438072204589844e+01
2.423692703247070312e+01
1.396756649017333984e+00
5.455834579467773438e+01
3.972411394119262695e+00
4.676701068878173828e+00
4.892298221588134766e+00
2.611949443817138672e+00
4.119972229003906250e+01
4.319014549255371094e+00
4.170283317565917969e+00
1.139232063293457031e+01
9.396352767944335938e+00
2.843659639358520508e+00
1.642904281616210938e+00
2.531092405319213867e+00
2.090363264083862305e+00
9.266206026077270508e-01
2.638504743576049805e+00
5.382850265502929688e+01
1.963568878173828125e+01
2.964650344848632812e+01
2.852283239364624023e+00
2.993971109390258789e+00
7.286156654357910156e+00
2.287753343582153320e+00
1.857888412475585938e+01
2.924802303314208984e+00
1.570338368415832520e+00
4.577209949493408203e+00
1.137839317321777344e+01
1.304369211196899414e+00
2.715151309967041016e+00
2.127278804779052734e+00
2.049117088317871094e+00
2.501259326934814453e+00
3.432656049728393555e+00
1.692508888244628906e+01
2.635155916213989258e-01
1.241111946105957031e+01
1.061926364898681641e+01
1.169958591461181641e+01
3.445233821868896484e+00
4.955657958984375000e+00
1.757890343666076660e+00
1.165171813964843750e+01
4.037128925323486328e+00
7.003416061401367188e+00
1.304407024383544922e+01
4.672779083251953125e+00
3.142647027969360352e+00
5.648715496063232422e+00
1.298867645263671875e+02
1.336423683166503906e+01
7.995507717132568359e+00
1.197837233543395996e+00
5.704736709594726562e+01
1.871373057365417480e+00
1.727733016014099121e+00
2.232759284973144531e+01
3.618862628936767578e+00
1.722583651542663574e+00
5.499859809875488281e+00
6.331550121307373047e+00
9.964141845703125000e+00
2.618479537963867188e+01
4.958706855773925781e+00
9.783313751220703125e+00
3.611604928970336914e+00
1.103075408935546875e+01
5.610227584838867188e+00
8.717450141906738281e+00
6.136773586273193359e+00
3.840107440948486328e+00
4.671964347362518311e-01
4.163426160812377930e-01
6.328796863555908203e+00
5.230237007141113281e+00
3.827587127685546875e+00
1.070903301239013672e+01
5.699784755706787109e+00
1.646865463256835938e+01
7.266487598419189453e+00
2.865137100219726562e+00
2.022361755371093750e+00
1.358887195587158203e+00
7.842100143432617188e+00
4.784093856811523438e+00
2.950096130371093750e+00
1.515255570411682129e+00
9.729088783264160156e+00
4.140606403350830078e+00
3.283270597457885742e+00
3.082930183410644531e+01
3.068552494049072266e+00
2.738398313522338867e+00
3.664668273925781250e+01
6.325653076171875000e+00
1.184496521949768066e+00
2.208168268203735352e+00
4.242962837219238281e+00
2.899195551872253418e-01
4.611070632934570312e+00
5.612365245819091797e+00
9.659543991088867188e+00
9.551547050476074219e+00
4.341115474700927734e+00
4.818265438079833984e+00
8.301076889038085938e+00
3.409810304641723633e+00
1.574340820312500000e+00
1.723408341407775879e+00
4.386981964111328125e+00
2.377311897277832031e+01
7.546881198883056641e+00
2.259229898452758789e+00
2.573714494705200195e+00
8.536914825439453125e+00
2.549962997436523438e+01
1.332770586013793945e+00
4.024201869964599609e+00
2.511613130569458008e+00
6.284790992736816406e+00
3.904133737087249756e-01
6.018310070037841797e+00
3.445237874984741211e+00
3.366322278976440430e+00
3.714207410812377930e-01
6.500405311584472656e+00
6.374813914299011230e-01
3.780089378356933594e+00
7.360352516174316406e+00
1.971450042724609375e+01
3.472614288330078125e+00
2.211623191833496094e+00
4.885692596435546875e+00
1.972082614898681641e+00
3.770564556121826172e+00
2.949323654174804688e+00
3.883656740188598633e+00
7.174395918846130371e-01
1.805558443069458008e+00
7.512646198272705078e+00
3.034592390060424805e+00
1.391525268554687500e+00
7.086164474487304688e+00
4.419757080078125000e+01
5.501928329467773438e+01
8.519217491149902344e+00
1.216675996780395508e+00
5.414883136749267578e+00
1.728137969970703125e+01
8.149887084960937500e+00
7.615629196166992188e+00
2.793784618377685547e+00
3.423233509063720703e+00
7.499396514892578125e+01
3.278878450393676758e+00
3.662845134735107422e+00
1.188242530822753906e+01
5.144951343536376953e-01
7.640281200408935547e+00
6.003075122833251953e+00
4.080442428588867188e+00
5.182681655883789062e+01
7.642512798309326172e+00
9.917234420776367188e+00
3.349357366561889648e+00
1.061286544799804688e+01
4.140307998657226562e+01
1.094036006927490234e+01
5.267508029937744141e+00
4.653176116943359375e+01
3.878166675567626953e+00
1.204746055603027344e+01
2.886243820190429688e+00
5.671521663665771484e+00
4.011432647705078125e+00
5.948154926300048828e+00
2.227085494995117188e+01
2.235549926757812500e+00
4.525597763061523438e+01
6.354413986206054688e+00
2.890595436096191406e+00
1.549268245697021484e+00
1.620919609069824219e+01
7.565335750579833984e+00
2.588652670383453369e-01
4.404760360717773438e+00
4.264626026153564453e+00
1.183977508544921875e+01
3.321806669235229492e+00
7.649124622344970703e+00
2.411678314208984375e+00
6.298285484313964844e+00
6.713858795166015625e+01
5.322329044342041016e+00
1.120123386383056641e+01
5.828422546386718750e+01
1.429460406303405762e+00
3.425445318222045898e+00
5.516937255859375000e+01
7.929638385772705078e+00
2.820570468902587891e+00
1.698870420455932617e+00
5.674578189849853516e+00
6.593891620635986328e+00
6.609333515167236328e+00
1.283669757843017578e+01
6.363512039184570312e+00
3.718585252761840820e+00
8.491751670837402344e+00
3.504394769668579102e+00
4.169386863708496094e+00
1.358956241607666016e+01
3.403269052505493164e+00
4.557832241058349609e+00
1.811763882637023926e+00
9.572929382324218750e+00
1.551488399505615234e+01
3.285313796997070312e+01
1.205659008026123047e+01
5.359765529632568359e+00
8.659230232238769531e+00
5.362209796905517578e+00
4.197329521179199219e+00
4.898634910583496094e+00
1.886842608451843262e+00
6.448722362518310547e+00
3.722734451293945312e+00
3.244618415832519531e+00
1.299346733093261719e+01
1.735081672668457031e+01
3.360131025314331055e+00
2.133460283279418945e+00
1.156678080558776855e+00
4.049272537231445312e+00
4.414327144622802734e+00
3.381027603149414062e+01
9.312181472778320312e-01
4.986324787139892578e+00
5.128704547882080078e+00
5.878511905670166016e+00
1.549180150032043457e+00
8.761323243379592896e-02
7.733365535736083984e+00
1.886308670043945312e+00
