7.18298
6.32993
5.18575
15.4093
52.8921
58.6516
84.5577
9.27072
8.87134
71.3108
69.7003
46.8358
39.8455
4.60146
3.53066
44.7314
71.2712
23.5225
3.67914
8.12491
33.5362
10.0248
13.6925
60.5865
44.7056
3.29065
11.8168
6.42489
60.9786
12.6816
49.395
82.7271
4.32995
4.26338
71.5038
25.8836
6.27735
92.0981
14.4963
64.9913
60.2234
80.6156
39.5827
4.24018
19.2863
13.178
3.35301
60.2462
27.8992
3.65866
8.60272
14.1905
6.30879
6.09523
12.1229
38.2183
3.51223
46.2696
63.2216
13.8692
22.303
98.9907
3.25529
56.2944
10.6601
43.498
9.56933
10.7162
6.56407
17.7354
25.3482
7.82559
60.1287
12.3536
52.9461
60.9234
5.51305
18.4751
42.301
4.32536
4.44423
8.86018
56.5388
46.4818
13.48
3.46471
56.8427
8.62981
2.87173
13.1732
20.7922
13.1636
11.1109
5.71649
14.6755
45.3494
11.4372
22.9433
92.4929
10.0465
80.5099
42.1796
4.69885
9.29989
36.6482
18.2044
57.247
55.7773
22.892
12.7471
23.182
13.3649
4.17967
53.2087
61.2376
7.02377
9.83645
23.0941
21.1854
13.7834
18.6284
10.5452
12.4392
12.8447
4.09752
53.683
46.3625
8.19528
12.6143
60.669
42.8776
9.3557
9.68837
60.4899
61.3741
8.9857
25.4567
17.9343
11.7779
10.7837
40.4538
22.7519
8.89883
40.3391
61.632
9.94526
45.8612
5.09668
7.43944
6.85621
9.62451
12.1849
24.7129
3.25353
60.1154
20.7344
9.50356
3.45692
80.423
11.9667
53.2106
5.03191
52.4291
18.4788
6.21743
68.937
6.10115
25.5705
61.2639
60.5857
4.23766
9.42612
8.36132
4.25897
4.32384
10.5721
61.8322
52.4547
80.4236
82.3119
84.4723
34.8841
4.3697
69.4464
11.1021
39.6836
4.37001
31.1217
20.0876
36.7325
18.1463
6.15858
7.46758
5.04832
4.7129
3.2729
38.4802
72.0743
19.6581
43.3883
16.5942
13.0385
55.465
9.917
26.6562
2.59668
13.7416
8.80075
5.54793
8.64549
12.2309
52.7208
10.6252
31.8004
117.68
13.1335
82.1976
84.3919
5.36951
4.58634
28.2974
6.98935
8.75862
5.22
27.8871
12.2072
5.3628
75.5182
3.49436
2.80794
54.0458
4.23848
8.64963
13.976
14.0832
3.38076
60.4491
3.45256
45.7436
13.2472
15.5187
10.257
46.2427
18.6543
7.2046
50.1776
7.72886
21.9175
4.08226
50.5619
13.766
5.10423
14.7739
15.3535
60.4163
55.8671
26.9604
8.12777
4.35535
42.1158
2.73557
7.72401
19.7169
5.31898
22.0183
28.8594
15.5695
61.3768
6.4129
46.6901
83.1468
17.9584
12.1655
8.58184
6.54287
17.4536
34.5262
15.6325
12.6109
55.4814
14.7832
80.5118
9.9134
8.71623
100.5
61.1291
2.66137
5.70619
4.31818
55.5492
5.2163
70.9479
13.9891
55.8721
17.7439
21.286
98.8113
11.9411
5.10805
26.8642
10.134
39.2181
3.64056
6.50441
79.9459
13.5478
3.30255
8.96961
11.4534
6.05259
50.8828
63.9748
30.3708
71.6825
22.9738
16.04
59.0678
52.6077
18.8647
51.9811
52.6207
8.73202
4.28795
8.78073
16.3276
3.42026
60.9412
12.7461
18.8997
70.7736
52.0423
12.0057
29.5598
25.0449
5.49743
28.1624
51.9287
8.83435
15.4785
10.445
9.40228
37.705
8.29892
52.27
52.9508
49.636
6.22888
14.7605
23.1651
13.7497
23.8139
18.2011
7.42171
78.6036
4.68414
12.2264
55.0639
18.5871
8.62515
6.59099
60.9156
5.20243
17.8252
9.7736
15.9294
21.8152
5.48593
8.87101
80.2104
5.36557
18.5213
85.1122
14.7357
67.9679
18.1659
10.9127
6.98356
17.6812
60.8661
4.08849
60.8422
3.3266
56.1757
5.5473
61.0114
5.03156
52.0556
9.34466
45.9258
7.2005
3.62691
53.0109
5.15527
8.63606
6.50606
6.15668
85.7971
63.141
66.4237
68.7845
87.7665
27.2983
3.45378
3.42998
66.9181
16.0879
70.0121
12.0228
10.903
49.5733
9.94691
6.65574
14.0986
4.31328
94.1241
73.487
9.96208
71.3315
20.2618
115.507
69.6054
53.3661
51.6718
67.0148
53.3378
93.1325
14.5322
10.1261
69.8148
25.2999
47.9331
70.5897
8.13924
47.5493
5.06896
8.26996
5.87015
65.0306
6.53875
29.9892
5.07248
60.7884
18.4759
58.6959
8.64874
69.7978
2.56856
20.8381
18.4367
70.2663
4.32871
13.7746
6.59123
14.8386
80.3409
3.33822
44.8982
69.6798
22.2104
61.5289
3.37788
69.0987
47.1324
5.27458
54.0998
36.5087
18.031
53.0876
51.7424
4.30056
24.7755
14.6354
3.13889
20.2369
44.6744
14.1308
69.9411
61.3851
16.9746
69.6621
6.32317
5.25543
53.6035
9.6072
9.88557
6.12784
53.6301
18.6288
25.7116
9.14129
8.87009
5.03304
15.1448
5.48647
4.13185
60.7598
60.8955
69.957
10.6003
6.21736
12.6074
4.17704
4.42173
18.2406
10.1748
10.3392
7.52474
69.9999
12.6315
76.7584
18.3879
78.2291
9.97901
14.5316
69.7366
17.171
18.1791
2.69035
57.8488
50.8039
78.9635
71.7518
26.1868
9.71215
14.8424
8.81674
52.8836
69.9367
45.9926
61.5134
2.6329
3.31946
12.0843
20.0544
52.1408
14.0131
11.9946
44.8856
7.46222
29.0331
69.6723
45.8094
58.413
21.7375
6.86777
80.7681
10.988
74.2628
54.5989
18.8081
41.6612
67.2455
6.26061
17.4294
18.5789
6.58835
51.1866
44.6432
52.6074
9.15572
62.0991
4.83767
15.013
46.3496
26.5673
25.3571
9.32529
13.5226
8.9995
52.6487
34.3333
61.0645
40.4752
38.6029
61.9097
17.5783
64.0817
3.53465
64.9432
60.6215
68.6105
7.54692
29.7299
39.402
10.7516
90.5881
15.3055
24.6192
11.2583
3.09814
53.9816
31.8226
11.9561
24.0185
7.32365
70.7861
60.2187
14.0828
6.97971
54.351
29.4165
69.2572
11.8282
61.1046
52.3133
15.523
18.012
73.0263
4.33813
12.1763
48.4661
70.1134
61.1611
9.32584
4.19703
12.3542
14.5252
4.21922
12.2454
7.40694
18.3891
4.95235
9.67379
9.49371
18.1527
12.6192
60.449
8.46486
60.4266
55.1475
60.0065
5.17416
70.3666
45.6494
13.8189
18.2597
6.74938
23.2913
4.11787
20.1102
9.72786
15.1715
54.7712
24.2576
32.2976
24.088
15.0586
39.3599
13.1677
57.0357
70.5757
5.16624
8.49208
52.7476
68.6529
60.5811
46.7112
43.2793
70.3161
14.2353
64.3965
71.8538
12.881
54.6119
60.9149
14.1509
19.053
5.05288
52.5793
18.5901
43.2863
6.4378
60.982
19.2768
3.45569
51.7523
5.12986
18.4494
19.7582
7.90827
71.2364
18.4545
3.94673
12.3591
12.3775
70.8378
17.804
38.9337
61.0894
14.6409
94.3338
61.5403
4.29729
40.7158
13.7801
52.1609
10.0405
60.5351
75.2887
17.9326
3.39527
5.67931
11.2179
16.5167
46.8879
15.9668
5.00951
36.0597
9.28565
56.0517
81.7165
4.49475
10.4346
4.90443
23.8183
9.66584
12.0197
13.7412
11.8755
79.1988
13.5634
9.60378
18.5784
35.1737
45.8699
67.1813
4.74486
18.3144
59.9539
4.13176
5.13445
9.70622
12.8861
7.22265
52.097
12.4906
73.1696
9.72178
11.6796
7.67897
8.66541
19.0756
6.05383
76.1885
14.0883
46.6595
49.27
6.72769
12.0228
8.52459
63.4696
85.2653
23.2681
18.8404
5.20698
6.83035
45.3616
83.2688
4.27164
20.3719
3.67254
18.2831
60.8671
15.6678
3.33371
12.7676
19.5498
11.9487
15.6604
60.2192
5.14802
13.6203
99.4956
9.47603
8.72836
57.6053
51.5279
52.7785
60.386
70.239
14.7335
48.6754
18.7546
21.0189
11.5365
4.11424
45.7837
36.4307
14.1391
8.69425
13.946
59.4477
12.9542
19.2025
18.4231
4.19162
52.1936
17.7216
7.62829
52.686
10.2501
6.55762
12.639
46.1583
3.47424
60.973
4.64646
18.8292
12.4938
18.0226
18.0396
5.07456
6.78113
8.73638
9.01334
25.2959
5.33494
19.3294
5.27005
9.08823
14.6571
42.2989
83.8368
2.64492
52.6098
4.49727
4.70311
5.01059
14.6209
18.9455
42.5876
18.0639
21.599
18.2964
13.8978
3.55646
47.2014
63.3531
9.68206
25.4758
12.4075
46.8369
45.385
56.0143
14.7851
18.3648
84.485
2.52235
70.0161
13.0584
54.963
37.6479
4.36656
9.5239
10.2643
60.6818
4.23107
4.02355
3.08107
8.99551
8.62231
7.08196
52.3789
71.7262
5.25954
67.1231
73.1483
7.36739
15.8837
56.1643
15.6656
18.6161
9.86918
17.021
6.31749
4.49773
53.3561
49.4631
92.8977
39.3957
18.6105
51.5149
28.9577
5.34491
18.3941
3.64844
81.955
69.9024
5.59446
60.6316
9.42585
61.3837
65.0955
5.27011
84.7069
53.2771
3.4133
6.65744
59.7515
35.5285
21.113
18.3836
5.01126
21.631
4.21426
81.1081
17.8091
18.2999
18.236
47.7575
3.46317
83.7155
3.49663
8.61396
80.6924
10.6005
46.7508
6.08413
8.66195
60.8912
5.27336
21.6724
5.10077
3.31157
10.6947
68.6681
9.31052
4.03456
6.28195
16.9013
2.42602
3.87045
29.0437
11.7049
3.46627
52.3871
39.6243
7.91104
32.0782
55.828
69.8959
8.04585
3.33997
68.1586
61.3058
14.1824
3.41238
11.5338
81.0013
19.7043
7.87398
7.29647
10.9501
61.1552
45.2789
49.2666
5.46083
70.2595
59.6833
26.031
18.6622
57.7337
6.48851
8.41696
9.83658
23.1711
4.77154
81.1552
100.88
80.0467
12.6454
3.20345
4.11212
5.24439
7.16696
56.462
13.5012
69.9383
99.3491
42.1662
21.4631
5.05807
13.0905
52.4583
10.4006
61.308
23.2582
4.5452
3.77212
4.63633
51.8681
61.3071
18.4229
80.6318
59.6034
63.4023
8.48407
25.4969
2.71963
8.42043
70.509
25.1399
13.9472
3.53007
51.8171
5.03434
4.1784
3.99135
53.1543
43.9013
102.792
4.27332
18.5258
55.1523
3.43911
8.58815
18.1206
13.2817
29.3918
48.9361
12.0328
47.9768
26.4142
8.17472
24.5894
14.4562
62.2456
70.0062
5.09641
69.7574
14.3868
72.6975
10.0826
62.8671
34.0227
7.31796
45.3205
50.8508
5.02288
9.66035
14.2561
22.1212
52.5891
24.548
7.85811
9.92074
62.356
49.3564
4.51737
81.7851
74.035
45.3716
14.6152
16.5186
50.1698
80.9142
46.5886
70.4367
24.4031
8.94678
6.4667
58.0154
18.0797
60.544
15.6602
12.8166
53.6662
61.9685
48.3786
16.1459
5.14679
24.8621
18.3526
34.6455
13.3912
4.72262
42.6131
34.54
31.5535
57.6985
13.2651
18.6461
28.8608
4.54986
5.14135
38.9331
69.4571
61.0786
16.9879
3.56061
16.5655
5.49748
8.05305
70.3418
61.7023
68.2518
18.5596
61.1723
26.0471
60.4553
6.21785
52.5686
4.14712
4.26509
18.9647
66.1429
5.49736
51.5753
68.5947
10.7118
52.9779
48.3932
15.0947
5.5028
52.7177
9.26147
11.7596
5.62552
7.19285
12.4664
9.00525
5.5813
11.8031
45.5983
9.47632
17.995
61.3298
9.27302
46.0888
7.89797
3.32723
45.5375
11.4526
16.2243
5.27518
80.4315
4.19628
26.1762
69.7207
70.5711
117.531
18.2665
13.6909
73.472
6.16626
60.5674
13.9082
60.247
79.5984
71.161
63.2531
6.07548
69.4387
18.6146
58.9313
22.422
8.34841
71.2172
52.5854
49.118
17.929
18.534
9.35988
16.1103
45.4261
5.32156
16.9663
80.4635
60.3049
9.68085
6.54656
73.1365
4.07618
53.4824
12.7746
3.0203
9.13347
10.4771
18.6488
3.56996
5.61044
6.50056
51.0439
6.75914
28.8131
42.6655
5.37412
12.0547
60.653
4.29567
61.917
9.88662
9.58234
14.3381
9.24205
74.8929
6.39059
10.3506
45.0559
46.5171
45.2518
6.95755
66.0477
79.9139
48.8845
5.31381
15.6468
5.18592
4.22537
50.7301
84.5417
62.7417
50.3028
10.9871
85.089
95.8982
70.176
48.4116
8.41038
5.69677
80.5193
12.7728
9.52338
7.02886
6.9438
9.32646
60.2805
10.8188
14.0425
61.5741
30.9494
8.17355
4.06103
46.2007
8.72907
3.98995
98.8127
21.6102
71.6415
7.55754
5.65297
42.6375
5.55089
45.2486
60.4772
9.66157
3.60955
6.67042
16.0778
57.2672
8.99623
8.94227
34.6191
4.06013
19.7073
12.8585
38.8414
95.9917
5.09572
80.6282
6.3703
61.0385
7.61544
9.37282
6.21142
4.62337
8.98038
69.7574
32.55
4.0918
18.2638
19.8856
18.7058
63.1593
8.4883
29.0542
6.18415
4.0555
46.6184
15.3457
52.9426
11.5367
8.9582
10.4483
44.0112
20.1454
65.2593
4.32664
9.813
18.3727
70.0164
41.6889
53.3907
58.9043
81.7045
18.3166
18.3464
70.4165
3.04763
68.626
70.7156
61.7595
10.8999
18.7281
23.3924
25.0533
9.09085
3.40516
5.41649
72.047
3.36221
13.4515
19.7132
7.91581
68.2302
4.11388
46.0196
8.47695
46.1396
44.016
11.1427
13.3621
7.90967
70.8683
5.45929
5.60308
64.1723
18.1066
69.9011
18.5361
5.68587
6.30465
12.2905
13.9601
4.44411
6.61141
10.442
12.427
13.2553
18.5373
84.9145
70.9113
12.0857
10.5868
5.2555
16.2726
45.2687
18.7471
14.3705
13.8245
70.5042
52.0531
22.5153
39.5722
53.4135
17.8305
5.10763
7.76674
80.1953
43.2619
80.6479
15.5323
14.4296
60.5045
9.64073
13.8833
71.8103
9.31076
60.8921
61.2823
5.08001
52.9367
18.7164
60.4401
17.7907
58.7006
57.8305
52.5757
5.12265
5.38593
2.64995
44.096
18.4013
18.6625
73.8143
8.26366
6.22369
17.3413
4.2264
32.718
69.7816
68.966
3.3247
8.85629
8.09364
78.7854
5.15055
61.7363
63.8251
7.26159
5.50649
3.67406
24.6123
52.3368
66.027
10.5559
7.06789
60.6575
4.16773
80.7279
16.3498
3.96157
18.9243
63.1683
52.7045
15.5625
3.87684
69.795
18.5957
11.5368
5.75302
79.2637
8.3409
6.02607
60.6261
70.5272
3.49789
117.68
5.05544
63.4705
61.0181
4.21719
39.576
4.06356
7.9013
54.0271
74.1854
6.27967
3.87909
53.3
40.0347
3.89378
24.3051
3.40323
69.2716
4.22158
80.8613
17.7815
53.1746
26.9973
19.8551
6.39855
5.56945
18.1671
16.4765
60.7115
18.6509
13.1137
11.6809
19.0631
57.471
14.1039
2.68945
12.911
5.92496
84.5092
6.26011
5.37258
37.9741
14.1926
38.8874
18.9069
5.2617
14.121
80.7896
15.0277
10.1176
8.5231
23.7512
56.7685
4.18748
29.7202
47.3433
15.5177
71.3827
31.7421
5.03113
18.6052
13.4572
8.44697
8.72869
6.34748
5.21527
80.0235
69.9922
26.3802
61.3096
8.86612
6.19818
5.56264
69.0593
16.6845
4.21745
51.4548
18.8327
55.7436
4.3124
57.5158
81.7329
45.0437
81.677
4.0672
16.5614
14.7101
60.8218
80.6672
5.13281
53.0979
25.7845
5.87042
50.047
51.3834
31.4365
8.51536
68.7646
10.6843
4.58158
70.5051
13.6628
8.78607
6.36653
81.6246
10.0308
27.693
5.37013
46.3249
6.32224
52.0672
21.7293
13.0535
14.4787
84.7885
13.8147
5.41354
59.1171
56.1692
22.3029
46.095
4.95429
17.9534
4.27138
9.47175
13.619
13.1601
18.6216
12.9876
7.81997
8.54729
22.7998
69.202
27.3003
62.8691
5.10684
9.17872
12.3689
61.0933
8.9535
44.5012
39.6796
8.904
4.15
4.22575
49.4524
17.8313
69.8138
8.47681
70.3515
4.55991
5.41614
37.5471
53.5671
4.11479
23.4738
3.79947
16.1479
46.1868
4.59468
18.3206
5.56838
3.48158
36.4199
7.2438
4.22029
18.9213
18.4866
63.9047
3.39375
3.04151
80.9357
5.25615
61.0866
21.3465
4.19023
8.94824
14.6374
61.1547
10.4769
12.5146
52.3857
3.14068
3.31565
5.3662
5.38235
55.7958
55.072
81.6176
80.7707
8.94445
53.4611
19.0734
11.1131
3.56737
17.0075
15.4119
6.88112
7.84732
14.1376
60.2383
38.5922
55.9016
70.3643
60.2212
11.3049
4.22054
17.4365
46.6298
4.27067
6.47709
12.318
17.6084
7.03125
23.33
41.4668
18.2074
20.3853
4.30292
16.681
4.42167
83.5402
39.491
7.49726
82.0318
46.17
52.5583
80.2073
30.3437
6.45566
6.56816
10.4145
11.8228
4.30706
26.4612
24.0458
4.16242
46.1843
51.7473
11.6557
5.14854
83.0604
36.1261
18.6047
4.59596
16.2822
5.50085
75.6841
12.1808
25.4332
21.0125
15.1067
52.0109
10.6147
31.0269
14.6022
60.4369
4.25197
4.15533
7.44154
5.11572
85.0821
46.2116
90.8065
3.39069
4.88183
45.8013
4.24598
11.7856
70.2762
45.9143
46.4221
11.2165
12.0809
57.2933
4.31153
11.0881
6.23297
3.60916
9.97839
61.2544
51.336
15.2557
21.4402
100.009
15.884
13.4194
9.32539
9.67097
11.1749
36.7462
61.6569
14.8858
16.3915
32.0458
4.42989
8.77331
11.7968
13.0077
97.8537
61.6929
39.2927
42.3417
10.6968
9.72783
39.6737
23.7135
13.5047
45.5067
17.1511
60.5577
99.4981
6.26566
10.1723
21.7845
58.5361
45.808
52.6371
3.33963
11.78
52.0105
18.5258
20.3482
51.5353
53.265
10.7285
10.7295
3.48003
33.6952
38.3738
86.413
9.9014
60.3373
35.9645
20.3797
4.22667
8.60616
6.78803
9.80028
7.59499
3.87562
4.2224
10.7655
11.4668
12.7676
12.2418
12.797
53.1121
28.9036
11.6035
53.0415
5.35563
79.6911
72.591
69.6411
5.49818
12.9504
52.9286
26.9171
7.98454
96.1594
16.0307
14.5189
3.33047
70.0624
5.28178
4.02483
61.0769
9.6408
14.9035
6.97534
70.7714
6.38765
80.2067
40.1136
26.1299
61.3849
80.4223
11.7519
12.6354
3.44231
9.98598
59.8667
93.6311
17.3882
54.8696
45.5016
68.7531
70.1834
71.0771
18.4664
4.71938
31.2534
9.9147
56.2879
11.496
11.7411
57.1671
10.115
55.1277
80.6975
19.5046
11.0806
69.9207
12.5843
30.9585
19.7665
4.43689
5.43087
43.0462
39.0255
37.932
18.2118
12.6412
52.6171
16.4488
24.7381
45.8521
60.7268
44.393
52.2101
10.5584
5.08021
33.1768
16.8
71.4586
17.7233
17.951
18.4343
22.3105
44.6406
4.349
11.5097
45.5861
9.18186
18.162
5.07151
14.758
9.54732
48.0903
11.6139
22.2282
17.7013
11.4871
14.597
30.8612
85.0304
5.22471
53.1539
42.3447
52.3809
3.18821
89.5063
9.4682
16.4693
17.1992
14.386
45.4416
4.2277
5.64303
70.4712
36.8553
70.023
39.1516
23.787
8.90558
4.23299
9.637
16.5193
12.7235
45.8024
14.0956
18.2091
54.2394
5.47373
13.5805
4.65103
39.5292
10.2246
17.9954
34.2133
10.1866
72.0167
4.50199
30.4076
18.1881
30.1642
4.20729
6.6818
12.0223
8.7063
13.0429
3.38213
10.4123
3.78134
15.823
46.411
14.5879
69.2395
6.98544
33.9495
8.79287
11.8967
16.3034
33.0196
50.0841
60.6988
60.9476
4.6832
29.03
9.39088
41.3858
15.9995
53.4444
81.1038
10.5219
29.1291
10.8866
8.15653
60.2058
18.4112
11.1731
5.17716
10.3176
8.86657
80.5197
60.6585
8.79341
5.21332
52.4226
6.2249
25.8867
10.0739
45.4601
60.6326
9.55685
6.58055
17.0873
13.3717
61.6065
9.41237
12.7069
59.9392
84.1248
24.6576
6.43634
61.6198
3.34386
73.8562
53.0101
60.6025
67.9433
18.6165
4.16152
11.8257
48.7884
52.1284
14.6457
20.915
13.5158
5.64182
4.48528
11.1996
3.28068
52.6895
52.3099
65.6372
28.9327
81.2235
28.2281
51.0805
38.1208
84.5971
16.2685
15.1207
6.63493
4.23404
14.0272
9.03048
54.1109
18.4529
91.8621
14.9802
60.1579
7.97103
3.45739
7.37093
62.1435
80.4074
60.295
70.5329
7.82317
67.4031
4.57622
11.2366
40.0325
6.33701
35.3923
39.2025
18.3002
58.309
2.76303
17.5162
4.13847
5.21956
26.31
53.3584
11.0213
93.8617
46.286
7.67788
8.18699
18.6076
44.1313
3.47683
57.4204
18.0708
23.8769
10.5686
13.4968
13.1284
44.2076
71.0657
8.76851
61.7675
21.3003
7.53469
5.21643
18.3082
5.01807
84.5562
11.7798
18.5994
28.1451
71.4769
5.41104
60.7047
52.165
15.2913
18.2871
51.8018
65.2112
18.8149
38.9299
17.3701
82.8683
12.8836
19.9833
4.11115
4.07448
9.03863
11.6252
60.8271
50.1114
6.81108
22.4858
56.0264
51.8851
61.1325
8.60781
9.8944
52.6508
6.17097
30.6774
13.252
88.2131
17.9102
3.96663
8.24901
11.6142
66.2916
13.6298
40.999
34.1965
19.8569
8.82996
17.8767
52.4895
4.40923
94.2687
3.46262
41.9995
3.64952
6.01166
10.4068
49.6539
45.731
3.48353
50.6228
6.07162
61.1906
10.7415
59.0613
33.7015
5.3628
2.96669
5.12008
52.5241
70.0751
8.91829
11.8799
78.177
76.4423
4.66544
5.19522
9.9637
69.654
46.691
32.4393
52.8321
6.45413
53.0515
18.3272
54.5882
46.8705
11.7302
12.4241
57.3864
4.263
17.759
4.52875
10.6381
7.21271
21.2692
52.2182
53.644
13.0842
12.5588
5.97152
53.3115
59.8873
5.80049
15.6302
26.5462
6.44215
70.1043
36.7289
52.6609
41.7871
7.17258
9.73404
3.06559
68.098
2.84406
39.9438
9.18472
4.37775
6.42053
43.2476
31.4454
80.6229
54.3192
2.95917
70.5713
4.19028
4.34175
4.69994
3.41878
5.51806
62.3715
60.3432
17.953
60.6205
4.93311
11.7884
12.6273
2.76101
65.698
65.0027
7.63251
7.02914
80.8777
42.288
41.8889
9.81763
18.4991
13.0051
13.9516
5.79507
28.8813
19.757
73.9988
5.85104
7.93926
4.20511
14.7992
5.22881
8.19927
45.9424
11.8386
6.30723
18.2861
34.0339
14.4316
6.67217
26.4564
10.2577
7.67559
5.36139
69.9381
4.31231
52.6048
3.53169
6.96884
18.0768
60.8136
8.33078
23.7
44.8354
14.3657
7.85258
10.5086
7.7908
80.5036
45.7131
64.4716
26.3124
4.07319
5.88788
18.4452
7.59685
3.05117
9.03836
4.09562
3.70331
13.0785
20.5645
12.491
17.8545
9.57429
54.7154
11.5775
4.16741
5.03101
10.5645
70.5003
44.5034
37.3138
84.684
3.31546
16.9453
60.4479
80.0368
17.9177
44.2337
16.0022
45.621
25.1826
4.51931
11.7044
51.445
8.1079
89.7712
15.5543
66.6383
34.3405
10.5256
24.8106
45.5073
7.32946
17.5756
60.7133
23.2928
23.9195
50.3215
3.27702
52.5253
17.7242
8.87539
8.81136
18.5089
44.3231
12.5911
18.0307
42.7619
6.41168
16.5137
12.0562
80.64
15.301
4.25394
16.5409
39.4947
8.19032
8.30249
56.0223
74.7169
17.9107
72.2105
13.3951
59.4795
4.37609
21.9138
7.15207
2.50294
60.7811
82.6538
3.41255
8.0403
45.1569
45.1147
9.283
25.0415
19.0651
13.5956
80.7133
3.26585
45.2156
6.07898
26.4823
51.1587
74.5331
23.2132
61.6795
13.9021
33.0752
17.9789
7.29524
18.6345
40.3839
7.23073
3.45094
18.7873
12.8323
11.298
64.903
5.04977
50.5614
4.24663
42.8552
18.3793
6.41714
60.2232
57.7453
23.6963
10.1309
69.9651
71.123
4.28685
5.2485
73.0631
6.82299
51.4761
21.7546
80.5569
58.6208
15.1348
18.3542
5.14668
10.5279
17.2145
80.281
10.7544
6.59106
61.2764
20.9942
22.9957
9.1752
4.12919
12.8079
70.2399
12.4437
18.9593
17.8004
72.3598
45.4138
6.24573
23.405
6.31283
25.079
60.4018
39.5565
9.6565
60.3027
6.05481
11.6293
80.5259
60.1955
31.6374
18.47
5.26667
3.38108
80.7296
14.6647
18.0336
38.285
12.2076
6.00499
8.63966
61.0382
53.0397
50.9024
59.5425
65.9285
31.382
13.1826
18.8949
72.7567
60.3112
7.73572
3.91463
2.80653
6.8592
60.7042
12.6728
59.9165
15.6421
15.0476
11.83
14.7312
69.9904
52.4162
52.1281
8.18186
5.14485
4.11303
16.7001
12.1961
18.5191
9.5543
23.7387
8.13581
4.14645
11.9547
38.565
45.4287
16.6498
93.2189
51.9994
10.8636
5.18928
45.5786
9.1976
33.9546
71.3506
5.21676
13.4088
9.95889
71.8715
15.299
12.9946
51.9935
35.4755
35.1785
6.46432
6.71182
80.7692
9.71162
6.32668
52.1459
18.8178
61.3139
4.99612
18.1513
11.8666
69.2013
4.26168
45.5745
9.87735
17.9617
14.5456
7.83107
5.51494
92.1647
71.9984
45.099
93.1931
3.28988
10.7245
8.43356
4.76147
60.4927
11.9176
60.6669
13.5939
7.75368
50.1131
3.77516
4.20491
70.3672
5.35203
10.9176
10.8003
24.1217
8.04232
3.32731
94.0589
21.0859
18.1838
60.7624
61.3699
18.5175
10.3241
4.25092
53.8124
10.5914
17.9692
70.0947
5.05964
24.7953
17.5761
10.3299
9.88157
16.788
54.1451
70.5032
25.8751
5.2077
7.70688
18.1211
50.0867
60.4279
6.56909
52.5132
14.4479
18.4443
28.9918
18.3093
2.64535
14.6073
4.25198
79.5107
40.6424
14.1843
42.0045
8.7223
26.7242
49.3113
63.487
40.097
3.87353
60.6318
60.5762
4.23545
61.9904
60.0763
14.5845
8.87
5.08824
18.1971
25.7576
70.9158
7.76986
18.4775
12.3784
18.749
49.192
12.4973
21.1004
12.8765
18.9466
24.0742
63.3094
20.056
61.4773
39.3081
10.9781
85.0742
60.8239
24.6294
29.007
52.1887
11.5392
70.807
6.36648
69.8265
65.7933
13.2027
46.4466
8.96892
4.41076
60.9643
9.77057
93.2131
53.2743
9.85422
8.06836
8.5418
8.84443
11.6789
53.1135
18.3364
5.34246
17.4236
64.4505
45.0159
8.36437
52.4589
6.30696
45.7707
16.0823
12.2725
39.6119
39.8123
14.1766
40.688
46.2697
3.26735
61.5777
5.25313
69.8101
18.6773
29.6016
16.309
49.4571
4.64565
52.8591
51.2845
5.21704
13.2673
18.9368
60.4208
18.2574
38.5608
11.4734
59.5142
11.4496
26.5912
13.1587
62.1986
3.45111
45.0285
70.0161
8.50309
49.1051
12.9382
15.5796
11.0685
69.782
25.1675
18.5014
2.69954
7.40902
3.54198
30.6025
7.91435
4.69644
13.0693
70.7208
18.43
18.9412
13.3965
58.7074
59.6828
8.71307
13.7214
70.004
5.54763
80.5066
6.63389
12.9482
17.5319
10.8836
4.57162
8.06507
8.22669
5.28057
52.8113
54.0518
60.446
4.28485
58.5241
9.29377
59.2805
93.0388
8.62239
10.8647
14.7756
15.8567
43.0003
5.4198
3.23185
69.2025
6.74471
64.2932
5.26867
54.0069
55.7842
6.49051
23.3044
25.5745
13.1066
35.9388
3.26226
6.37308
27.7684
11.8691
12.9426
44.4398
25.5086
11.879
60.6331
12.3231
52.2899
18.6621
11.903
23.4099
80.6373
69.6564
4.64524
26.2807
61.8198
8.8794
38.4263
24.8514
45.1208
31.3018
28.9656
37.5282
3.4411
10.3421
22.5804
46.8772
100.407
18.8032
6.88532
9.80509
14.6433
2.70888
6.26894
3.41653
4.98075
5.13828
10.6462
6.3553
61.4804
52.8238
8.25927
12.8572
9.5619
46.1294
7.33201
6.41911
18.7446
39.842
13.526
46.4248
71.4777
59.8846
60.0703
12.458
33.3332
58.6306
7.35304
80.5197
38.8468
18.3238
3.46886
19.8799
3.64651
5.31716
23.2942
4.2677
54.6105
60.6349
22.3817
4.46214
69.8927
16.6449
80.7424
7.22967
9.15396
13.2899
15.0568
18.8615
10.5759
4.78652
9.67653
3.61145
9.75014
9.92922
7.8354
4.16593
18.957
3.36712
18.6442
6.76659
81.0247
8.50107
18.7619
18.2339
5.06614
70.467
60.7138
42.6705
18.7046
61.8393
9.61626
10.5567
60.454
79.7829
17.157
46.2273
33.3312
13.144
11.6987
28.4678
38.6466
22.1237
5.31362
8.97056
70.576
18.1016
36.5891
5.4575
20.1743
12.4586
61.8187
25.8104
14.3137
45.8695
8.02226
4.30063
18.9146
51.1141
46.3325
62.3403
8.90181
80.318
7.98017
14.3536
14.1461
13.3531
32.2571
3.0887
68.7409
37.0288
80.5879
5.62918
8.19981
32.45
70.062
12.5115
16.5111
5.14962
6.49193
58.9911
18.7205
52.5576
60.5743
7.63781
16.3475
29.2729
18.6597
5.30863
24.91
51.9669
72.31
5.37711
61.2558
8.26436
19.8119
4.32858
13.0752
11.8155
4.2562
5.29485
34.9097
60.7541
14.4191
27.1799
6.21369
34.4452
3.34866
52.9186
81.1883
60.6755
3.29678
5.51748
9.04591
4.3
9.41984
61.1545
71.3242
14.42
60.8321
5.73846
13.8499
14.7172
12.4692
58.4203
4.48209
64.1109
24.4854
8.20502
81.9628
67.468
83.2118
8.88718
61.864
56.3285
12.3477
63.3153
37.3568
81.1994
4.1605
24.2463
77.3269
39.0523
3.25368
12.861
53.5454
8.95231
70.3663
42.9913
71.4856
4.31304
48.0397
56.8725
6.8965
9.30479
9.61344
22.9899
26.8889
42.7878
61.4288
5.219
5.33556
18.4759
72.3797
70.5048
8.87474
8.8329
52.4462
9.93686
45.9049
62.174
12.2432
46.6424
13.5241
18.4609
60.6576
6.41503
27.9326
61.4318
17.8306
23.1497
7.78576
3.38463
25.299
3.47333
3.26388
28.0559
12.2812
52.1397
4.33388
51.7655
54.6453
63.8086
62.7104
7.08597
72.925
103.123
81.3438
10.6771
44.2015
7.96629
70.1947
45.4
22.8425
71.4558
4.16896
7.83588
74.6892
70.0035
39.8085
68.1735
18.044
8.43984
12.3744
14.5419
18.0134
24.632
12.6696
5.97269
6.40808
14.6488
5.43477
60.189
14.2623
52.4003
40.2703
7.1651
9.09168
93.2347
60.1938
65.0471
8.2804
13.8636
4.23772
35.7221
70.8273
10.5226
5.88918
3.45449
4.60793
9.66153
37.2294
7.12447
22.4812
65.5578
6.74891
14.6139
8.23183
20.0955
64.8153
55.9726
11.7481
10.0001
5.52713
18.3045
13.7752
7.92528
10.7945
18.4672
29.8815
61.5792
69.7942
3.28235
24.6568
70.0213
8.28086
47.2071
61.0248
11.676
70.4158
3.6695
52.7008
47.9894
61.5104
18.0736
5.38536
48.9093
4.35771
42.726
8.08168
52.9288
4.33531
52.1131
13.2659
36.3948
4.44788
8.33357
50.4226
81.7327
11.4684
7.92321
5.29348
4.19695
61.6375
29.4474
18.4666
17.9054
30.4533
83.3544
60.5122
10.5675
12.9835
9.69569
44.6496
34.1984
80.6534
8.12981
14.6301
8.05024
60.4755
60.4511
52.7506
51.9746
18.2035
8.87588
11.5131
9.64271
71.1855
5.46375
37.3923
11.2893
36.2926
14.2641
70.3018
75.0894
45.9165
61.0467
60.7996
23.6125
8.64694
26.7776
15.5502
12.1439
25.6968
70.291
69.6911
4.09132
23.9212
69.2048
3.43984
14.256
54.2564
27.5544
5.51291
13.1101
18.2494
61.446
42.2386
69.6097
41.3681
14.75
58.2116
93.2678
57.3168
12.6985
5.65778
8.38063
10.2365
9.39812
4.15514
49.9635
15.3527
9.87386
38.7557
28.2175
3.42284
25.9299
3.5435
18.3504
73.1343
39.457
3.44654
17.9818
60.2222
22.1803
56.5438
84.5136
13.6585
68.6066
70.6998
80.9754
69.5647
17.0401
45.6041
12.3906
60.4953
8.46185
98.9999
9.5943
11.9721
62.0404
9.80847
8.54264
60.8506
59.9212
43.3639
5.03446
11.253
65.4498
18.8073
86.0058
16.3766
16.6474
7.84982
60.9232
42.9403
8.15948
39.5159
3.30742
60.8872
14.264
3.59331
60.2209
60.3974
52.1853
6.56556
5.36589
80.7747
6.44247
69.811
5.47784
74.3879
57.3368
5.66674
18.9328
60.1754
3.99356
21.3308
4.94995
84.8367
46.1307
68.055
4.3181
18.4211
10.3795
8.88482
9.34769
63.4438
22.5373
9.26407
44.9628
5.19849
67.7621
4.24888
11.849
45.7624
7.89966
61.2289
12.7689
77.2033
2.61663
5.14846
65.6092
13.9203
3.59035
52.8253
52.7457
61.3292
13.6872
9.06789
56.7175
54.1276
4.00441
3.29918
59.7033
31.9172
60.3756
50.6721
3.27121
19.6087
46.2952
18.4905
4.18284
8.88426
11.6397
4.23885
18.3633
51.9203
53.1588
26.2745
4.29587
16.6438
43.9561
13.7638
11.9326
45.1621
29.8153
10.4922
58.8734
70.4997
6.78355
60.8904
11.8069
48.7015
48.4563
12.6261
47.1054
6.5655
27.6727
4.32377
18.6245
28.7208
13.9036
52.9138
76.3102
4.25421
2.40877
21.8347
4.19907
19.5683
3.53562
37.8053
13.1453
37.9959
44.225
5.26469
61.0825
8.05652
80.4206
7.39954
18.6508
23.593
55.3739
23.2853
12.0131
5.33162
17.2813
53.3767
46.8877
16.2504
8.62248
51.281
4.31244
7.77321
70.1296
5.47692
61.1563
21.8285
18.6674
4.23848
33.2484
4.85737
70.6188
52.7635
19.3957
52.1708
14.8299
81.027
13.1452
8.56224
4.14262
3.3405
80.5927
60.5855
6.34097
4.77196
4.30089
4.22644
52.1649
4.27437
6.87149
12.6309
7.93739
14.144
53.0949
18.142
25.0695
20.4064
7.1419
84.761
10.6904
30.9005
27.2007
12.8926
4.2336
100.459
9.41507
52.5207
5.59422
45.9758
66.4561
40.966
45.7616
4.93612
17.8032
14.4776
6.02784
52.5622
13.5822
69.9337
81.2961
12.8535
6.88404
25.0308
4.18206
15.2162
13.0942
69.6876
9.5581
19.9192
6.10073
10.2939
32.1556
60.826
10.7181
4.22473
60.8142
15.6522
47.3272
61.0112
12.25
4.94661
9.94147
18.6107
70.2955
44.5072
85.6598
15.8286
82.484
45.2119
18.3377
8.16742
82.9691
9.1631
3.92339
7.70573
60.8845
6.26258
22.6926
44.4815
40.5918
12.9683
45.3688
66.2762
9.23967
40.3116
4.30082
12.2473
5.10316
69.4699
5.63039
8.27132
5.44134
18.5274
41.4624
70.0968
6.71366
18.5782
12.9133
69.4613
18.7927
9.79268
7.29918
25.3104
44.1817
21.4876
9.82682
48.0386
3.93188
5.49215
11.2264
22.6993
13.3601
84.2945
18.7214
3.77073
22.7126
70.4748
9.97174
9.84744
6.19326
16.0824
71.0972
4.22294
3.15485
2.83423
20.0298
7.42849
3.236
6.16993
19.9114
21.2042
10.4063
7.63253
8.38452
4.29056
10.8494
13.8871
15.881
12.2249
44.2141
13.725
27.9976
47.6149
12.3479
4.20092
9.06732
11.5245
52.7055
79.3315
11.6208
13.5669
14.2599
10.6713
6.6283
3.31814
9.71487
14.5633
65.9962
6.6255
8.19614
9.35163
10.8335
71.5053
61.102
8.4125
45.853
7.36337
18.8852
58.8277
69.4353
3.34003
45.0349
5.161
7.445
72.935
13.7944
58.2012
12.9335
116.869
7.73396
31.3396
83.0613
18.5403
8.26576
10.5765
60.9562
3.6795
60.825
4.68723
12.2942
18.1265
13.3721
6.67927
56.795
6.19487
25.8765
4.86045
11.4631
4.20515
12.7057
76.8171
20.0107
7.78388
6.38714
4.12227
7.30691
59.9284
68.6515
7.57584
51.3034
40.8547
60.3282
61.0745
72.4019
72.694
5.65167
60.2999
33.6167
10.9982
39.9928
6.64574
7.16245
85.0411
10.1814
11.169
10.7262
9.62711
45.0825
18.9675
4.16327
83.9402
3.73067
10.8447
98.9994
62.7272
3.27742
5.31065
6.08519
5.6557
13.0225
3.60253
5.13073
7.71268
5.12138
69.937
64.9044
59.9683
4.11383
15.2416
24.087
60.5067
8.0402
12.0565
6.42721
5.13256
45.6746
81.2058
70.6197
61.2455
14.2687
69.266
14.0918
7.95836
16.7145
3.85575
14.112
18.9513
12.9304
5.18949
9.71229
43.5631
12.7912
4.17725
58.9931
53.1431
51.4039
18.2408
9.52623
56.5584
6.17427
7.12939
9.59865
2.4862
73.083
18.451
4.03517
53.2268
52.2506
5.13534
6.48027
69.9624
61.1409
50.0703
61.2419
13.7765
80.4239
52.1637
55.0891
14.0006
67.3197
3.03721
10.7145
11.918
22.3365
53.2792
30.399
51.6506
9.33504
18.5025
61.228
2.54302
52.182
70.5706
69.8122
24.7463
13.8193
18.3584
70.292
17.79
18.2515
16.3106
23.8069
59.9576
60.576
22.8845
60.6446
9.78347
45.2129
18.1651
6.10596
28.433
10.4878
71.5076
4.53681
39.698
60.3375
53.7387
13.8742
6.67793
6.06495
11.6208
11.9034
7.51155
7.03423
7.50399
81.0785
56.7492
53.6765
23.522
36.3252
69.7767
9.22003
81.1338
3.92225
60.8272
11.5644
4.24025
43.2806
3.36572
2.56018
32.3865
49.6101
46.864
47.2481
60.4641
4.26019
10.1327
16.5506
16.4954
3.45381
4.36842
5.35618
7.66309
49.6836
66.4699
22.6508
54.3895
12.912
46.3161
22.5457
8.6628
61.4207
70.0234
12.467
4.4415
7.53907
70.4991
60.1568
25.4698
12.5007
6.37746
45.6824
8.88649
18.2958
6.3042
8.06973
15.422
9.66399
80.7462
8.23649
13.0768
21.0768
20.9918
8.3514
60.5958
12.1646
9.41301
58.0629
7.50741
12.5746
15.281
72.5932
61.5447
80.7261
17.8267
81.1482
46.1554
8.47229
66.0118
80.6371
18.0503
58.5012
8.49455
11.1313
70.0624
36.6994
5.0954
9.68262
117.677
4.46986
5.26672
11.7974
8.56314
89.248
6.95791
17.9294
62.3113
10.5215
14.6487
81.9308
77.9051
7.84952
9.96519
52.2907
11.5055
18.5063
51.196
30.0917
11.667
18.2538
96.3157
93.0013
80.915
13.3919
49.0045
4.12566
92.1053
40.0972
11.5542
6.33912
4.04999
85.6117
52.197
70.3644
5.21847
65.7883
20.3874
14.0472
7.48896
69.4576
52.412
70.3664
61.5312
8.69047
12.5991
58.1392
10.3156
9.25076
5.13491
28.0333
35.076
4.99925
53.1473
13.4468
39.2663
24.7746
18.0705
11.7296
5.34422
59.1373
69.9555
44.3004
6.41035
52.5129
4.33881
8.06464
28.4664
81.0793
26.6908
7.94951
61.3947
8.81997
41.5352
11.6523
93.2323
60.1244
59.5295
45.8275
7.9425
4.96551
54.5657
7.1037
12.6977
52.7623
69.94
75.1278
43.1639
8.01956
30.3076
28.2072
36.6747
4.20161
19.9028
29.2812
22.7743
8.78778
3.12996
61.3666
77.9621
52.7649
69.6687
28.9969
5.09922
22.2122
14.905
3.2001
4.24417
70.6197
18.4013
7.00919
5.2148
8.08552
52.9687
11.5258
3.34069
3.4159
4.55329
77.2138
51.67
6.70431
18.1958
12.9888
8.40324
9.41115
25.8668
61.5025
42.2841
10.704
6.54121
8.78366
11.9682
12.8536
5.19191
4.3596
25.2557
2.84418
70.2236
13.188
8.74004
17.9484
69.9393
49.396
58.9304
69.1937
69.9413
6.4161
4.43797
72.4025
11.5872
5.63132
15.3759
48.6857
57.7305
12.2547
69.1955
12.7188
8.91905
19.4856
32.7561
20.9837
71.6989
4.41461
45.4224
11.2315
15.9455
53.0614
38.7789
13.9561
24.3611
12.6772
9.59603
45.6511
34.0213
7.76548
51.6992
64.7377
13.1744
3.49485
7.79558
52.7326
83.2353
18.5948
3.1635
16.8173
60.7289
58.0298
18.088
8.33991
16.2656
7.49516
5.35365
10.4148
13.0789
7.62889
9.76187
70.0809
69.9574
42.4673
61.6227
3.78481
6.16517
69.7499
71.1411
10.6594
63.7412
40.6084
10.4867
14.002
8.11425
18.4
60.0914
6.22814
42.8928
7.82818
18.3264
42.9931
54.905
6.29133
9.64507
5.45083
73.399
6.46789
10.2064
5.02142
65.8303
69.7153
6.62095
81.191
4.00956
36.6033
63.1254
60.7126
25.1154
18.0153
52.1583
71.5812
47.6787
39.4714
15.9914
31.2029
49.6916
9.17054
70.0389
52.7988
6.49259
68.851
68.4163
48.626
12.8826
7.74699
51.3697
54.1367
4.48193
8.63046
44.9057
31.8304
15.1089
5.21975
16.3744
5.37596
37.1695
66.0286
4.13644
8.70077
7.6281
18.7685
69.7926
53.7935
43.8991
52.1615
72.5133
12.6481
71.4224
52.1612
13.6686
68.2081
69.6387
5.02561
67.0359
8.00608
27.342
6.25203
45.1683
70.417
12.4666
13.2505
51.0347
29.8302
34.9393
9.48161
5.87947
3.45701
18.1572
80.5469
51.4502
13.5435
18.1385
7.6472
9.85229
9.17227
22.0782
14.0475
6.33197
4.99222
70.26
9.89272
9.06024
16.5379
70.0504
30.4747
15.3341
52.7647
62.5977
5.11914
35.2857
38.5913
70.5488
11.7111
8.03105
12.7963
28.1115
69.7983
50.0338
44.4101
50.6115
80.8974
61.8953
27.8878
81.6805
80.9167
4.20401
6.28329
10.9713
3.60776
52.3184
19.5135
7.23094
70.4572
66.5862
41.953
9.82886
60.6624
18.3075
46.2172
18.8522
30.4661
55.3427
47.0817
70.736
51.4686
8.80384
52.8571
57.3738
11.1453
6.15493
4.16414
8.43213
4.11623
12.1039
52.3352
70.5781
6.08771
42.1472
27.0544
36.6101
69.4568
48.1853
4.25728
18.5742
14.7601
8.58306
60.6986
57.0402
51.892
48.5276
6.15576
5.19596
18.4864
79.0172
9.32978
52.0097
71.0776
33.6389
8.8685
9.40148
16.1678
8.24901
38.5835
3.57319
70.6258
18.0583
40.2114
5.20136
42.7563
5.49305
12.8079
81.0759
9.10504
7.26933
9.26265
68.4379
76.4116
5.63659
16.3347
52.1123
60.729
8.12373
9.87735
10.3143
23.2775
13.1394
27.0624
14.1804
8.73627
60.3962
14.7521
18.6234
11.9997
4.61276
5.401
34.0172
52.9913
66.4525
8.18842
10.672
72.4885
51.1586
7.89119
26.278
26.3148
81.0798
67.1236
8.12318
12.1372
8.07846
61.6745
4.23601
25.2605
51.9733
18.1739
7.81344
73.2324
3.61339
4.67614
4.20007
12.9932
80.4416
93.2311
5.05359
9.87325
5.32454
50.5443
5.35839
13.4122
34.2808
60.6308
5.45894
3.83236
14.7565
10.1085
2.7806
4.33298
62.9019
52.7572
85.1909
13.4681
69.5999
27.2098
2.7051
7.33158
60.9765
21.0514
89.9744
51.9987
70.8281
52.2879
9.14081
70.0571
35.1842
63.8731
12.5662
14.0032
70.9357
4.06979
3.92046
52.975
4.20075
71.7061
46.1655
62.5941
47.9265
43.5298
5.44007
20.0333
8.22263
45.9763
52.9254
58.0711
2.70944
61.0479
18.5852
18.6475
55.8801
74.081
5.23743
52.7513
62.6827
44.969
40.1187
55.3392
29.5024
14.4904
18.1608
10.5602
6.16635
3.12312
52.549
11.3508
8.61221
12.835
3.26614
6.17359
8.08822
13.0016
19.8985
3.41859
12.2957
97.7187
3.20745
4.38816
6.99244
46.449
6.98412
18.1954
6.37828
8.1974
69.7083
8.15562
9.9096
61.1228
45.4465
70.2488
8.54607
53.1883
18.0533
4.32063
66.6911
13.3552
26.3057
9.80377
12.2123
22.9662
17.8881
9.25391
40.688
61.2412
8.7541
7.21597
84.2428
10.5401
24.3629
30.6394
93.2324
71.7011
52.2132
23.7011
46.661
9.87898
9.72426
80.7294
96.6207
62.6248
18.4016
60.917
8.7742
5.22183
34.9757
5.10426
14.1249
45.0354
13.5535
14.8217
14.8007
6.40094
20.5048
69.2229
14.6716
24.1612
17.5549
14.8347
41.8896
5.20692
22.6458
54.2971
22.5033
44.1163
45.6045
17.3034
52.4011
100.185
46.0848
4.21467
22.3577
63.656
69.7985
51.7932
34.6145
3.76622
21.7225
93.98
9.73843
4.90131
10.6066
13.4065
36.2527
15.1645
8.02783
60.2759
9.8164
41.1323
68.0604
8.17189
11.7499
52.9506
6.48481
11.3841
70.2186
45.4712
10.2785
11.4252
25.5468
69.7728
12.3489
7.05543
69.6987
2.6054
67.6273
85.1949
68.5713
7.69417
13.6504
19.4133
65.633
39.3686
5.44672
6.86664
4.39637
9.18982
4.67795
7.81295
26.6357
12.3718
53.9823
5.04116
70.4693
12.7477
65.4826
34.2078
70.2638
4.01639
28.6416
80.994
3.06653
45.5674
35.8315
55.6421
39.2735
44.9157
11.0005
51.7826
8.60014
14.7679
18.8176
4.28999
7.68648
80.4428
70.5701
82.7292
69.6767
45.6582
8.57708
7.65655
45.2254
16.2067
4.75233
7.62247
70.2669
5.30081
57.9787
9.95391
81.1469
18.2654
5.55145
38.2883
61.4441
45.706
25.9141
8.2478
11.072
2.80811
21.6739
59.4443
14.8825
9.14968
61.3874
59.868
12.9474
72.2696
61.7543
9.10377
18.3798
3.47462
80.4395
13.7114
11.6604
51.8733
3.28786
7.89397
6.19524
13.5045
57.5244
62.0245
84.3265
51.5627
15.1378
6.50899
9.80046
10.1027
12.8397
14.6626
52.6388
71.0059
4.19548
4.38012
83.4776
52.8891
47.1881
4.35378
4.21566
14.1824
18.3206
6.39475
72.0032
58.98
8.74126
93.1358
17.9768
81.7319
6.57451
6.94742
28.0379
80.7688
19.0539
52.7602
13.983
18.2872
10.8079
34.2477
66.9978
18.6112
4.22263
14.3813
3.2632
52.4176
72.59
16.0723
6.05607
9.04649
9.59486
81.1473
9.91437
63.4567
11.0752
16.2781
9.16941
18.4942
52.0568
5.36024
5.98872
40.0196
8.45354
10.6429
23.8043
7.81673
43.7933
4.22379
6.62267
6.22576
5.445
69.5408
60.7847
66.1004
2.36392
3.21135
11.299
7.07912
117.678
30.3757
5.26017
18.4296
13.1337
17.2287
5.33324
12.6586
99.0029
52.6194
66.0682
12.8362
60.4159
32.0002
11.4577
61.4145
11.5535
20.4778
72.631
5.09005
39.9102
5.7557
7.70006
5.63404
93.2362
34.5196
9.45156
10.1649
52.0555
4.32155
5.35779
61.6996
11.647
7.94156
5.19382
14.0462
9.70524
15.084
42.4652
46.2945
69.9992
18.6729
61.495
72.3859
5.68813
13.6349
16.736
51.031
60.6032
84.8187
41.4713
52.7177
11.0035
13.0784
18.7106
15.017
12.875
2.91104
3.55493
27.9661
8.7579
79.0451
78.1377
18.4669
55.3881
19.9667
61.0141
59.9208
43.135
60.468
57.4081
39.1718
80.2712
9.37848
19.6657
18.1087
8.02497
8.18394
46.1363
24.6422
18.4274
23.6734
16.8415
18.4166
71.0889
7.78477
6.24972
17.573
51.143
24.4812
6.02198
83.7054
9.79006
54.2678
4.09127
52.0986
38.5202
65.3298
77.8301
15.5252
7.86508
9.59294
61.3903
5.15926
89.8563
18.1485
69.4825
10.3767
21.5767
60.2789
11.9403
42.8491
53.7317
11.8111
52.8641
43.343
15.2216
45.7786
8.80543
38.6844
10.2612
4.21446
8.18784
9.30442
60.2887
81.7339
52.4207
10.2572
19.6144
13.1236
47.0943
59.9163
80.7277
5.16666
17.4748
71.8222
4.95472
36.7547
13.2887
24.1924
13.2061
5.05198
8.48695
60.3998
18.026
3.99129
4.00759
3.3291
11.7644
3.45129
60.7388
3.28756
52.3774
8.09846
14.5412
12.416
7.1343
44.9388
52.2913
18.9368
14.0051
60.8642
4.59578
9.51194
3.29008
40.6496
8.67654
8.08867
42.3938
11.7982
8.37337
4.97487
53.004
58.3494
17.1765
19.7344
42.5002
4.92641
66.1749
4.86169
69.7194
27.0994
34.9674
59.3916
3.59382
2.98214
18.3821
39.7884
11.9119
12.5702
41.1643
80.0366
5.56346
5.09604
17.9736
6.51846
61.0569
17.6167
60.8501
45.9228
8.96079
16.3282
27.5621
17.5845
14.6926
85.3825
78.9403
18.3491
11.7891
12.8346
5.17292
3.5199
51.6405
34.472
16.9501
26.622
6.60373
9.43339
61.3188
66.9763
17.7635
18.6666
81.6375
3.42879
3.47828
3.30269
8.78428
5.34189
3.46753
6.37973
17.9364
43.4094
67.4818
5.54144
7.1553
13.1698
14.7744
7.3544
14.3548
14.5069
20.9373
10.8728
10.542
9.98593
23.9854
6.84694
5.21697
60.1004
10.8806
4.46213
6.89861
18.608
10.3279
13.3087
18.0543
6.25041
60.1322
6.39228
9.25162
60.1665
69.7499
78.3307
15.9524
17.9309
8.58628
8.61999
19.3657
69.7834
60.5532
6.70253
11.7233
40.7684
57.7923
98.4926
14.5912
4.77685
7.56332
25.223
4.20724
83.7742
8.98186
60.7979
10.7554
39.6563
18.6462
6.42917
61.7068
4.20109
8.14307
6.99834
60.3998
14.8079
4.18853
12.1542
61.3276
5.47905
59.6484
14.6659
8.80714
48.2487
7.57837
3.7213
11.4432
51.7602
6.15252
71.1312
80.4761
39.7754
60.458
18.8037
11.2214
11.1012
10.5733
70.2654
7.98408
36.5428
6.41313
20.4137
78.793
70.5062
18.2679
41.7085
60.4026
5.24294
60.9048
7.58431
2.85568
61.1621
5.72604
53.44
74.0677
72.0783
50.9458
85.5456
12.7159
6.5577
54.322
52.5868
3.36988
12.2792
18.1084
17.6085
70.5823
21.8566
76.7454
80.9136
6.55737
18.5007
5.10314
25.5702
97.4389
23.2
10.4262
45.3332
18.8251
14.2725
14.0911
18.1311
7.7691
7.96576
72.8296
11.028
48.1405
20.0181
52.9886
5.33331
5.35449
21.0991
5.35436
9.67726
9.86109
69.9892
52.5058
8.82154
6.44629
29.1609
10.5915
4.37402
4.2244
10.86
19.4799
71.0499
9.54025
45.3654
5.40188
15.1883
46.084
11.775
5.26206
33.9407
13.4841
10.1579
12.4723
7.43665
12.1737
52.7217
62.453
4.12846
6.02147
8.32395
12.7046
59.7731
61.0044
52.332
53.9799
2.62532
8.91088
10.7445
9.68013
60.4877
45.5672
60.824
8.74236
10.1254
18.0074
6.15216
19.6285
70.4809
79.2876
9.65803
8.8904
52.1355
61.2371
44.8282
5.09072
7.03067
64.8605
3.39067
9.58506
5.07641
4.05969
22.9002
10.4433
18.2163
4.06589
18.5623
18.3568
3.34496
36.9845
4.24625
14.076
12.7605
8.50111
4.18881
11.1587
60.2556
44.3357
12.3643
19.0181
16.1529
8.74638
38.8149
4.20457
46.4775
46.3311
5.31355
9.26298
4.17989
3.89763
17.2031
55.3241
66.6401
9.48601
53.1541
9.2576
60.8282
67.1388
14.2173
11.1783
80.2081
11.7075
6.27255
15.9097
4.09045
51.1349
45.4424
4.60853
4.46007
13.5804
61.677
17.3626
70.3831
10.4899
5.69228
5.20687
12.6242
12.6644
9.68065
7.60659
3.4523
4.27628
18.6911
6.22135
22.2758
64.8824
10.1558
68.9704
56.8194
6.49104
61.3753
27.5549
60.518
20.5752
6.7024
75.3572
4.19594
10.2628
16.5142
4.92057
15.2237
7.83799
26.39
60.0341
8.10777
28.5628
3.93484
4.34325
15.6359
60.5914
13.0246
45.7852
17.8592
11.8758
10.7748
9.06278
18.2585
85.2882
44.042
20.2898
43.0243
28.8299
18.1763
24.2429
13.24
6.56029
5.08902
25.3547
15.1028
6.48349
46.3885
61.4253
39.9526
18.2287
59.5999
6.77516
23.9894
33.4827
24.4187
3.45899
4.16119
56.7634
7.20512
45.0616
52.9235
44.9658
70.3154
4.56376
7.04396
58.347
39.1886
4.13217
29.681
17.5705
20.4093
5.38354
60.947
7.68926
5.23657
52.9805
5.08131
19.3359
5.90584
3.32114
8.05213
60.4877
53.4911
4.38113
4.2624
48.0697
24.8511
64.7074
4.46663
4.24899
9.94857
24.6747
56.3529
22.4251
59.2018
4.66117
21.982
60.3205
38.8054
45.1759
16.7563
6.21774
6.77607
5.02815
69.7433
9.57687
11.0832
9.74715
5.25947
14.1954
11.098
4.45783
75.9169
25.7656
74.2784
10.5434
62.5726
14.1558
5.16741
60.3875
70.3799
3.40369
53.3269
83.7284
12.9474
17.8143
2.90464
29.1315
4.55234
10.8249
18.6154
17.1588
45.0755
3.15917
5.4004
15.6248
70.2029
44.4239
81.8319
13.6487
11.7085
55.1373
9.96338
60.9174
71.8714
53.1277
50.6293
5.12033
60.8993
18.4539
16.9768
94.6898
15.4341
3.30389
32.8827
41.7758
31.6869
15.1555
93.23
69.0733
70.0238
61.3412
19.131
46.6518
6.29366
61.0064
6.19952
61.4142
61.2037
20.0721
9.47368
9.2538
5.23096
61.5486
52.137
7.19776
97.8151
8.07642
70.0536
4.30736
4.30481
18.8538
60.3284
60.8724
20.1702
8.85415
7.02592
70.6108
10.9954
25.4493
52.1096
52.7976
13.74
3.23059
53.6605
17.6637
9.56915
19.8603
51.9584
18.9345
14.9145
8.47371
58.5246
80.8551
12.6985
19.8832
11.2885
32.1383
2.80948
8.00987
9.68276
70.4784
52.1302
7.11069
6.54445
4.57418
84.8992
33.1067
16.6625
32.5768
12.9564
18.9513
18.0962
9.64051
11.0726
3.50194
81.0772
60.868
47.5995
8.24592
3.66349
71.3554
38.8679
69.8019
61.3861
12.881
9.36299
7.42188
8.65275
13.4402
54.0696
12.0758
4.37615
9.15268
69.4626
5.3581
15.342
10.7429
35.8098
4.03197
7.90909
15.031
36.3823
57.6786
4.2505
81.1344
91.0159
13.4009
18.1105
23.0741
9.26295
9.97516
8.18656
6.69047
7.13806
69.4543
52.8283
8.35314
9.10777
42.8191
17.8397
4.89332
5.41072
20.6169
26.5447
62.0918
45.9572
9.72746
5.5428
18.3683
23.1297
60.7823
6.70558
33.8002
18.5463
5.75575
12.8967
40.2707
4.55906
47.0838
11.0981
70.2494
10.619
61.2688
79.343
100.195
11.5107
44.1445
12.8525
18.4836
11.7985
8.13296
18.5418
60.5708
70.5656
14.7456
46.4131
3.41984
12.7246
84.4778
17.3929
4.03079
6.29842
80.9406
55.3833
3.30313
16.3467
4.20953
52.6309
7.59498
22.9519
7.14291
22.6543
80.7708
59.5867
8.74796
4.64142
4.12201
9.30761
46.6028
56.3877
7.76674
40.6292
69.9523
46.044
21.5594
9.80617
74.1126
6.91224
12.9168
3.46964
51.9769
45.8145
71.9887
3.64028
6.3956
13.6571
16.3453
68.996
6.16022
8.75658
9.75165
26.9009
60.6061
9.66983
13.8357
70.2401
61.5568
18.2247
46.0468
13.4518
62.9474
5.97477
15.3494
30.8074
44.842
55.9029
5.09375
50.4824
7.83372
70.3984
80.2064
4.13378
12.5562
5.72853
5.87165
56.3457
5.25888
11.574
61.9901
45.514
60.5515
5.17614
52.0395
9.64426
6.40176
4.92056
26.9154
8.79156
22.6793
14.4883
8.90535
5.7546
40.83
7.9405
14.5558
70.4231
6.35049
5.45361
11.154
17.9583
18.6873
15.0794
11.8152
25.4988
13.1968
6.47102
94.2395
8.04667
22.7811
3.9316
34.233
7.64616
52.3562
7.03165
11.8109
6.51808
6.59582
5.0219
69.4482
6.30099
12.5995
82.6776
14.9461
72.403
9.88359
81.0436
24.6034
70.6357
4.19292
51.1077
43.1481
7.25091
4.24375
47.3146
4.14556
39.7807
71.1122
18.4401
19.5374
19.9379
10.6279
5.82315
12.4004
11.39
11.6585
9.06157
4.19771
57.0997
5.002
34.8025
5.22925
18.3853
18.3744
31.5475
60.0024
62.0089
28.361
8.2166
18.3698
16.2775
19.5132
4.97645
11.4522
4.73784
28.4993
75.1713
3.99969
17.364
14.5189
81.1495
52.9867
31.4452
14.3949
4.14363
68.0673
4.11405
15.0862
8.84845
8.70955
2.65257
63.5095
53.0749
20.5922
2.62361
79.2349
72.7408
71.3029
17.375
3.3559
6.25769
81.1342
9.72748
11.6016
14.4992
10.6092
18.7197
30.6513
20.4807
77.8967
7.37964
69.8811
77.6894
4.40315
38.2874
15.4336
15.33
45.5703
7.3406
4.20878
42.3684
10.6606
10.4876
33.4987
59.2837
61.4144
30.1375
4.19646
68.0207
16.2148
4.30714
7.87225
44.5895
34.29
61.2356
12.4108
29.791
6.36686
9.49053
3.56471
14.6093
8.58569
61.8279
10.6523
18.253
50.1238
7.04368
81.0781
52.5388
42.3545
57.7279
53.0677
52.0304
61.3563
5.32254
24.3667
4.00231
7.6445
10.9958
8.05255
66.309
11.9046
84.5109
52.213
60.2119
5.61258
11.0844
7.67546
84.6667
3.32605
8.76127
5.22259
12.3987
24.1883
18.8533
4.38491
2.62057
14.2619
60.9165
70.0827
3.47002
79.9497
4.10615
11.7479
8.90256
52.5545
5.71272
8.76395
18.8147
43.8964
60.3324
52.7685
7.40393
64.8318
13.9638
4.07738
5.38515
3.22219
80.2223
51.0392
62.0076
34.3516
20.1783
7.73146
18.0937
17.9543
3.9057
25.6876
29.014
68.2864
69.4373
10.7355
4.05031
79.7812
18.8413
7.77935
39.5169
60.6262
60.4945
52.7952
52.984
52.9535
7.25379
4.21795
24.7706
4.30907
71.8879
60.0542
53.958
60.2248
5.37673
36.916
11.6554
6.28956
52.3612
41.4642
8.28574
43.191
80.4204
3.45917
47.8404
12.0328
11.789
60.5713
59.8523
4.76309
53.1538
52.3447
5.44486
48.3172
17.2496
8.73166
9.10884
4.90613
17.1647
80.9141
16.0128
9.41098
54.3185
20.3405
17.8713
3.52839
69.3525
10.4853
30.4381
10.4411
79.1367
11.9814
8.54172
13.0447
6.11287
61.0755
35.4761
8.28221
13.2284
8.84223
4.49822
48.3508
18.3218
12.6741
50.6989
81.0534
7.75105
45.619
18.2299
79.4176
81.1606
85.9556
15.7591
5.07473
14.0054
60.6981
10.7757
5.22518
7.90066
5.13597
14.8714
70.5232
12.5239
13.0215
3.6028
6.38796
18.8662
6.03296
3.32604
12.5067
9.43226
80.8606
24.9751
6.32467
3.37627
61.1205
28.3447
87.017
81.1032
53.7853
13.2685
14.8557
27.4984
4.22579
39.4805
8.31878
57.8967
18.0964
13.9158
20.5792
61.2854
80.9473
18.5929
8.81528
25.6974
49.9492
3.35576
9.23735
57.0325
48.9033
53.5692
24.1157
9.82681
78.3793
19.5954
70.5321
13.9577
5.27457
38.6566
5.10213
4.15919
53.1577
6.82012
14.1297
8.36556
60.0147
7.56917
5.2281
70.9943
4.19377
70.8393
61.263
12.5643
13.1692
7.14666
61.4143
23.0237
73.1871
10.5218
3.28379
70.5704
52.7444
9.46192
60.7108
3.57719
8.78714
10.0554
69.8817
12.7856
60.3868
25.038
5.51995
52.8998
11.6074
10.4157
69.7052
4.1456
66.3247
13.9036
2.45081
23.8256
52.5127
3.8146
11.0917
14.6611
19.3115
80.5154
17.874
11.8434
6.26003
15.9796
3.38439
52.9653
24.8211
40.2156
70.9903
5.51691
3.53311
2.69231
8.80755
56.9901
18.2479
3.40409
6.91919
13.4934
61.4112
20.4495
70.225
87.3601
12.2762
8.69656
6.30779
7.74462
42.7349
9.07683
22.7813
77.539
3.40463
71.5061
12.0394
25.5548
3.56313
60.1788
16.8891
33.6696
4.42313
2.86861
6.65933
22.2354
67.8331
68.131
11.0288
6.19558
48.3562
30.2239
4.47249
20.1395
18.2864
53.0893
72.9302
8.23695
60.7726
6.42987
62.2159
29.6101
9.40982
12.4361
61.8829
5.82289
8.90395
13.6078
8.27194
17.6068
97.6544
3.28896
11.3035
4.31855
60.5175
10.4727
30.6834
51.6327
78.6135
39.5547
53.3594
28.7793
11.8039
18.9773
80.935
12.4957
53.0552
5.40962
18.3503
18.9324
6.26856
23.179
3.96739
9.55329
23.2087
10.107
52.6894
50.0421
5.43086
5.03058
9.95652
17.369
14.5287
46.1064
18.8051
60.6911
3.36878
14.3612
67.2723
4.96725
13.5162
67.1964
6.21103
4.31677
69.3685
4.35656
32.9905
49.3638
24.3514
9.48721
53.7604
13.79
49.6049
10.0689
16.6463
11.1451
18.3024
60.2512
40.5777
12.4473
70.2455
13.5581
4.34412
12.6052
5.29008
4.18302
45.3499
18.8434
10.7768
18.7739
17.8996
9.84277
45.73
4.39919
34.3454
51.7798
16.3522
13.2574
11.108
5.06422
6.93263
13.9502
2.62519
8.89996
13.8157
52.4208
71.4418
67.3312
76.8433
4.96622
5.28219
4.52727
6.25269
7.66443
11.7658
13.9744
4.25351
17.7903
76.6568
15.4921
14.2688
3.07641
70.4946
41.8569
14.2616
49.4339
80.7689
5.24584
61.116
99.4972
6.13268
17.8563
13.393
12.5489
41.2434
11.83
4.24094
6.40883
7.36196
69.9386
74.5604
29.8733
70.1176
5.72829
70.1838
53.0914
8.84978
12.0347
3.16715
65.9307
68.902
6.01872
11.6894
12.2427
15.625
9.69687
11.4413
72.7039
60.6862
63.1674
3.20208
22.1176
12.6731
51.7771
29.7511
36.9499
12.4485
11.3497
61.7414
3.53676
13.8944
18.8707
68.9653
53.0511
8.03338
20.045
70.2639
29.0314
6.89972
6.43791
9.50883
15.9053
4.65578
6.79339
53.4519
31.205
7.89469
5.33131
5.04299
3.92989
48.5744
7.51329
14.2941
44.8397
7.26935
7.785
9.75722
6.31062
52.8387
17.9874
4.35152
45.9567
61.3115
50.0505
71.1193
4.74862
6.9705
75.9871
22.587
3.97151
7.81848
4.12538
60.5869
2.8131
8.61474
9.1872
7.61429
53.3078
80.8229
70.5582
98.8693
24.011
3.28395
52.0065
19.0705
23.9066
41.4329
61.3735
70.3855
58.3587
5.18418
4.06204
39.6846
93.2332
18.6531
10.7286
11.2553
5.47769
15.7085
81.1244
6.84363
14.9543
13.383
7.73494
3.31653
2.78079
46.958
2.54373
22.4945
6.98854
81.9324
3.56001
26.8933
19.7903
21.5556
10.8151
45.8007
11.4735
21.8384
59.505
3.50568
12.8274
50.5906
59.8582
60.3431
26.1356
8.77206
26.5701
62.8871
80.4244
4.52365
17.7027
4.78365
3.30026
71.0788
43.7122
60.8662
12.4447
20.7129
9.09631
14.5234
60.1012
18.1875
9.90934
10.632
9.97131
78.3374
10.0281
4.71657
12.648
18.1365
70.0157
85.8539
70.5574
3.11507
70.2885
45.018
79.7153
81.11
5.14152
24.3457
6.39126
17.6086
8.24546
15.2934
12.8783
5.69647
3.33012
13.5201
9.76789
8.68149
16.4876
6.52173
46.9024
12.9333
9.7928
10.3889
14.735
5.94549
9.76954
72.8844
60.8851
60.6849
70.3099
80.9375
60.6973
10.5332
12.6643
5.42829
18.2223
14.3408
4.1646
24.4126
19.1168
85.7758
4.41937
4.9214
18.0245
6.37132
26.1592
60.5445
3.5207
52.1329
13.2991
69.8435
53.2992
19.045
46.1009
61.5774
92.991
80.2399
5.01662
9.2696
10.9064
24.5001
68.7981
34.3398
13.9663
61.1297
11.4595
2.90023
18.4872
3.94097
22.0728
2.36636
58.5015
45.8572
70.0893
72.567
80.4942
18.0496
4.25266
66.3424
4.33171
5.03967
8.94492
19.5704
12.3328
73.0601
17.9573
39.7762
53.002
49.0072
10.3082
4.20622
15.8486
66.4976
70.643
70.2638
12.9818
12.9654
6.60886
53.3659
7.05574
21.3615
8.12049
7.35941
39.4514
11.5347
79.7834
69.2006
4.7272
37.6083
19.8247
56.3019
14.6443
9.75889
13.0963
5.17683
13.6421
100.196
5.14441
52.199
5.56896
5.84161
3.36597
6.80719
3.57987
37.8502
13.9061
80.7715
52.93
7.00777
18.0324
59.4957
6.24588
17.0883
3.59956
19.9217
83.6333
80.2073
15.1577
18.9088
4.3944
18.6357
69.9406
60.5719
77.1542
36.6669
17.526
41.6722
80.8539
72.8895
18.4004
45.4236
4.08026
46.6049
62.5377
4.36281
7.114
36.2806
14.6122
58.826
13.7968
60.2377
9.41522
15.8906
4.24469
40.4053
59.8441
59.3988
60.3906
16.4676
5.06425
9.8995
52.4006
10.3546
15.679
7.06778
15.0852
48.7881
5.23981
3.44122
38.6445
3.2346
10.4526
13.8409
5.05431
5.31224
12.6097
44.9567
9.48622
18.0488
10.2987
5.11268
61.9933
25.1882
5.31325
17.4578
61.1914
52.8762
6.44094
9.44421
3.65074
13.2237
7.61943
10.0444
93.2324
5.76741
61.0852
8.67969
34.208
4.28052
52.955
23.0824
62.9609
5.63397
10.4466
25.6815
52.2136
18.3292
43.5361
13.6053
8.29879
8.06014
39.199
6.13541
4.10649
3.96409
5.17453
25.0087
18.4187
43.767
12.1332
10.609
61.4748
4.28135
4.01321
16.1219
6.22278
6.57651
5.24378
17.9757
15.7227
30.132
71.375
31.2467
35.0576
7.22925
19.015
62.3048
8.47862
36.4303
4.18606
8.80318
70.5297
7.67965
9.7551
61.098
34.5272
25.1332
7.52771
69.4458
8.04001
43.7753
74.7282
11.0079
7.8076
42.8072
34.9743
17.8107
63.5698
18.1897
5.93865
87.5287
70.2534
8.9832
15.8211
6.24133
85.9417
50.9186
25.8133
42.8148
9.39329
75.2095
10.7175
53.6745
24.0343
9.79263
4.43605
9.74212
5.69741
17.4239
21.5592
16.0936
70.3234
18.2758
5.08813
21.7521
11.9484
10.8973
7.83584
14.0007
10.6161
25.669
52.2772
52.436
98.3779
59.1219
16.5394
11.0299
70.0834
99.501
52.7229
12.436
52.5762
20.1619
85.1862
12.5033
4.25116
5.31073
18.55
69.484
61.219
80.519
15.769
53.4668
7.4285
70.2486
59.8852
3.76678
17.2142
43.492
30.2885
84.298
17.8053
61.3868
10.4586
65.5974
8.99842
56.8761
6.3201
45.2589
3.20701
11.5765
13.3951
3.49813
73.7482
11.6677
18.438
81.1346
23.0945
55.9723
20.4313
6.65071
21.8946
58.2606
70.1905
70.7081
18.6785
9.12471
18.9959
22.3248
51.8123
59.0949
27.624
11.6241
17.6657
81.4397
60.8788
12.9352
10.9277
73.0816
6.34567
13.6482
48.676
67.0734
29.0384
7.37466
6.41503
54.3512
3.49223
18.2157
43.0139
12.8785
60.7113
4.21216
5.25747
5.14977
47.7505
4.40947
62.3538
5.38901
17.8252
27.4249
22.7015
7.75611
39.2719
83.9858
3.29042
3.35713
8.47325
9.65543
55.3827
51.8998
52.6052
18.2433
5.51937
60.5591
25.7721
4.0632
16.4119
23.3917
10.9003
4.40117
9.8564
9.7198
80.9835
5.46153
8.41106
5.00084
52.4799
24.4175
12.6654
13.6619
35.1349
71.0083
16.0678
52.0768
10.0392
49.291
11.57
12.3609
6.32866
53.5597
12.9977
12.2975
72.0618
29.4593
63.4949
4.31554
71.0045
5.26781
14.3542
60.9649
9.21045
6.73731
78.5935
66.8943
17.3419
46.7246
61.2056
53.4327
80.131
5.12759
60.6673
31.005
18.5294
3.48732
8.84473
5.28605
4.26856
12.1046
3.06599
37.9678
19.183
24.9048
68.7529
15.8907
17.9381
52.536
4.54039
4.0821
12.441
12.2035
60.987
51.9069
7.02649
4.79691
13.1291
39.4575
3.31063
18.3766
5.97023
61.6462
6.22231
21.7892
60.6735
41.9224
54.2615
6.6036
60.7424
15.1871
24.2594
76.9328
6.32174
10.2693
6.63735
52.7673
18.4678
57.2374
5.19135
5.51266
6.5337
9.36347
59.9259
10.1097
45.6837
39.9993
9.63256
58.4469
70.2717
16.5292
12.3558
36.2039
61.356
12.0556
3.23802
4.2292
74.064
13.3873
14.6532
83.9719
29.3613
6.19962
45.6761
23.2735
4.95795
10.2251
38.4205
81.9999
15.5087
17.6135
76.6906
5.56405
9.991
69.6122
4.29397
69.6506
57.7638
2.5567
3.49662
9.88911
45.4529
51.8099
24.1538
5.15593
62.6486
12.7063
47.7367
69.7123
67.9563
61.741
45.2272
9.65221
6.54384
12.364
11.0968
61.2199
51.5988
55.0121
17.6766
68.8786
12.4537
63.4986
8.50334
6.83819
15.3277
9.23379
14.7113
12.954
16.1006
15.6125
13.5125
84.6949
34.1078
6.35887
10.6356
8.70871
79.1673
18.5123
49.2681
14.2547
11.7259
14.219
11.4693
3.97594
9.09317
15.1924
4.12514
7.39381
5.42126
11.796
5.17618
19.7536
21.7453
5.32978
53.7814
45.4911
51.2841
8.19708
6.16466
52.3941
5.27116
70.2037
52.5589
7.98487
58.9733
2.99055
38.4618
18.5963
62.503
4.78117
51.7366
13.1057
4.97635
7.70384
80.4438
57.176
18.6705
4.60506
8.68973
81.567
3.97286
14.0575
18.2316
14.5098
7.76031
11.2106
13.4894
8.86794
7.61109
39.9618
44.3414
85.159
81.1157
92.7493
40.9154
73.237
12.4016
8.72996
10.0157
6.51066
81.0783
7.14933
27.1451
8.60775
38.3341
34.3029
13.51
4.93518
52.1529
5.65214
11.0909
23.6925
8.9303
51.82
60.9043
45.1032
60.1085
4.25825
45.8526
60.8497
25.9433
52.6555
42.0877
18.5863
67.4724
6.79955
50.6077
6.36703
70.0107
12.3726
8.47912
19.9444
4.65576
4.24397
93.218
74.5208
40.6724
3.36808
5.36785
6.76264
4.16466
52.2753
8.30224
78.4707
5.95379
5.31615
50.8119
52.5434
56.0191
70.6444
5.4057
12.8213
12.1434
3.61428
11.1581
5.458
60.3152
42.3946
53.0237
70.2117
6.4496
11.7753
11.5271
45.5898
24.9639
58.213
60.5744
6.67249
63.7714
11.7985
41.8351
38.2755
80.2173
15.1745
51.3261
3.33872
60.2748
7.48903
53.4883
5.24896
5.105
69.825
35.5228
17.3248
2.72011
45.7399
6.43968
14.4009
9.36184
93.231
9.93646
60.755
5.22401
34.1623
80.3787
35.7031
70.9935
5.07643
69.0909
5.0216
4.42455
26.2735
80.7324
60.3283
11.1886
9.94117
60.0818
16.9791
60.6499
9.12305
56.9049
17.7622
63.5837
39.0766
8.11902
18.5765
52.3411
9.51563
4.05291
12.8475
60.873
18.4521
24.9187
15.9816
4.20145
6.21432
12.3145
15.5674
89.8013
48.9781
28.8811
9.42473
9.98393
24.6804
13.2096
99.9296
8.92326
70.1642
70.3669
62.0454
13.7637
18.342
13.1901
17.7896
44.3261
11.7093
5.07846
4.21626
4.38202
53.9128
80.877
8.6794
53.6467
18.8504
7.4236
18.4581
8.111
60.1651
13.8122
34.3167
5.24189
54.3504
46.2336
8.73491
7.73392
3.37342
14.7331
23.2852
31.4301
7.56299
6.45145
41.2423
7.32974
18.0863
5.96469
53.174
11.5637
9.57853
21.5831
25.3312
8.01808
4.2328
6.78072
49.0971
3.36069
61.016
8.67874
84.5163
9.55915
5.7669
29.7825
2.84625
3.99474
16.0705
13.7101
5.24564
3.47975
5.18527
6.12642
10.5381
61.4018
40.1668
17.5352
6.44507
6.66368
2.5999
81.0636
6.60137
7.09192
34.1608
2.59008
17.0209
6.77342
70.5921
40.3495
23.5719
4.87075
28.1304
61.2029
18.0343
9.58267
4.0229
17.2155
80.915
10.5367
61.7138
5.24619
12.7511
11.2489
10.8126
15.8904
19.6354
70.5017
84.7927
60.6366
7.60464
12.7253
22.1677
38.079
32.7785
56.9172
70.4228
66.858
38.4063
4.45907
69.6485
17.9663
72.1928
5.06966
11.6268
46.8793
8.30179
60.6608
11.3451
5.31754
6.21044
61.8554
61.097
3.98941
4.20264
44.3274
57.5276
71.7624
26.7832
9.63402
4.24379
63.8086
2.60477
52.2674
19.9485
47.5512
53.2846
12.5701
73.431
52.9537
11.975
4.20354
5.18066
78.1926
11.9189
8.16502
18.4232
8.32265
46.6764
6.37465
5.26402
92.0905
16.2053
8.63898
8.8153
10.0751
7.38494
48.9174
10.2684
5.30434
11.6778
51.1659
18.1184
57.6834
4.08562
15.1952
52.5993
53.3096
81.0773
4.0674
13.3346
69.6715
18.2465
3.81493
7.63956
6.01973
30.3559
27.368
8.64182
4.23167
5.32795
17.4455
50.1636
60.2666
11.0654
11.2507
71.0524
8.80165
11.2145
49.5876
7.45713
3.3962
41.0913
77.2975
9.95913
58.6501
4.23555
18.1229
82.5165
7.72509
18.1909
5.40726
8.67895
9.33851
8.97631
2.44935
17.7926
9.90817
4.76835
13.3808
3.96834
40.1185
17.3612
14.2688
19.2079
50.9816
39.178
44.9311
5.48673
3.5379
93.7371
7.37044
70.0299
10.8951
46.0191
50.2143
4.21031
46.3563
4.63493
30.8322
4.54934
25.7784
54.4331
81.4718
60.0488
9.36132
17.3037
28.8483
71.6064
4.90265
3.13954
8.79841
80.4467
45.2637
5.9328
9.10639
13.6654
44.9194
50.8245
20.1991
53.5554
11.2004
65.5696
9.82339
5.19512
20.3642
17.2244
11.4609
59.6988
71.9925
38.4059
12.5666
43.8241
80.1511
36.0231
17.4974
69.9915
70.492
52.1255
4.29856
23.8678
5.62745
62.2778
4.50434
5.21551
42.507
14.1277
30.0106
28.0988
72.8727
50.9113
8.69453
40.1946
17.9873
62.0885
8.33594
14.6727
44.9745
55.5019
50.2444
18.3107
12.4373
45.2495
4.14702
46.6731
13.1161
6.65371
24.1653
4.74803
16.7994
12.4167
14.6158
3.48954
13.4454
51.6035
73.6646
61.3925
7.74261
17.989
85.7458
15.8194
18.8327
10.9255
3.95448
31.9485
46.3334
96.434
12.7984
9.12731
19.7993
6.97011
23.2727
44.8705
49.2521
5.19255
14.4152
4.3796
8.76091
60.1678
13.956
59.0868
22.8574
6.26789
93.2478
81.67
67.4744
60.3515
17.6904
33.854
12.6436
22.4033
58.5068
49.8137
23.8045
7.29671
5.21323
10.3097
31.4592
4.56186
73.1118
11.0303
52.6661
38.8187
10.6422
61.3209
5.39698
76.3729
98.217
14.4656
6.24772
7.51544
13.5278
6.79858
3.50091
14.5606
3.51562
36.6716
18.3915
4.37199
60.1656
45.1567
8.87005
81.673
71.2272
61.3843
70.2325
69.7185
8.55868
6.16419
12.8724
11.1559
9.12938
5.47376
75.8848
5.12472
5.07837
10.7112
5.5773
4.24682
52.1767
70.082
5.17722
16.5087
67.5482
17.5547
60.1385
9.97541
3.89241
70.5876
45.7029
9.41229
9.33464
60.0032
51.1505
70.2833
5.23524
100.224
73.1084
67.5177
60.2348
13.4246
27.3832
18.1742
9.48662
5.80082
91.5722
24.9736
60.5749
60.5085
52.2161
4.10262
22.5084
47.341
5.25235
4.48429
9.69244
87.0078
10.4323
4.50604
61.8082
16.1543
15.2834
70.6533
41.4436
7.80195
36.0948
19.9384
6.14269
24.8768
8.63142
30.2792
61.304
14.382
7.66327
23.341
9.68739
75.2064
8.89083
9.54632
15.1016
6.94153
6.93535
70.5152
63.1497
4.02604
81.0945
117.584
3.82031
15.8604
9.17642
18.7822
52.9398
14.3764
17.963
59.7633
69.931
10.8875
15.9698
17.7072
7.72096
8.37309
19.9636
45.304
45.1126
52.41
3.42995
80.7711
10.1355
20.1118
46.8132
5.78384
14.2769
9.52247
14.0719
3.59348
30.2732
61.1808
14.5022
3.43701
3.24612
18.6371
73.0372
2.67529
26.4684
5.12645
8.41542
59.7435
79.3796
14.0774
7.96592
12.0256
24.7358
7.8624
52.6407
2.4778
5.03449
3.64092
93.231
35.7181
16.787
19.0791
4.29427
5.2051
18.3657
4.18339
15.0621
25.861
22.5679
10.8979
9.15994
25.1814
69.9569
11.1475
5.18103
54.7133
79.794
14.8882
62.2373
60.5445
52.7587
10.7651
10.6798
8.03399
78.8703
4.19925
15.822
29.6522
79.5375
8.9127
61.3815
34.472
7.4698
61.1079
66.9014
6.76609
17.9615
18.5843
65.4717
52.9884
6.43647
3.2899
61.6812
86.0261
56.4697
8.09389
5.38247
5.17778
5.56753
14.2608
11.4699
52.9773
14.3495
3.32506
8.12949
4.32351
59.2062
7.7174
4.80248
5.02592
12.4112
83.0375
4.06812
8.95122
61.4981
34.1528
8.87702
72.2566
28.0973
8.84704
6.62769
3.63026
35.0592
4.71794
20.302
24.254
30.0697
12.1358
52.4533
53.5206
9.39726
4.49224
10.6712
4.1722
23.7407
6.41204
8.5737
52.6411
61.4573
13.0431
13.3531
20.4857
5.24953
25.7227
18.2457
53.3502
60.1669
21.904
3.46665
6.51014
30.7621
15.9778
69.6308
11.6419
39.3766
10.313
3.31952
6.40681
34.1449
90.4519
46.1527
15.4553
73.4079
12.6983
11.0501
25.2284
15.0175
41.2199
6.28173
5.23264
4.99027
10.0432
46.0407
19.9851
2.48011
8.38848
20.4658
52.3087
51.5182
7.40883
52.8683
11.9672
62.828
5.3596
14.6991
52.3392
8.18239
8.94388
14.2629
14.0659
4.51534
7.80585
47.297
18.2284
29.5061
9.53709
17.9379
68.5074
70.0786
15.5217
15.8903
70.1144
54.4969
4.2201
80.9965
61.7867
52.3738
4.21446
4.28616
53.4785
6.06426
9.16696
13.9474
12.9532
17.3826
9.99
69.4549
8.67309
10.6754
80.5731
18.4562
14.5201
34.6469
18.232
7.12368
10.4662
11.8195
80.9201
36.8175
92.7922
70.5565
9.79185
10.7421
29.681
3.93382
4.19047
13.0452
5.16869
18.7646
16.3976
72.0927
57.0756
8.90308
9.70842
9.48169
5.4338
43.5171
51.55
10.663
60.2374
4.62803
24.516
6.69137
60.3993
5.2731
9.71184
18.2141
76.5806
4.01546
51.2797
17.347
5.30372
18.0261
7.62345
6.32214
15.9664
3.39199
45.0848
10.3926
4.32449
3.92922
10.0078
61.1358
6.32038
7.7256
2.90349
2.68573
45.7484
20.1351
51.9516
8.61497
83.9062
8.43907
60.5578
10.1619
29.8571
17.0548
9.61323
53.2229
9.06406
50.5343
9.3244
18.6301
7.39301
5.41356
18.1235
60.9568
10.3787
20.3242
45.921
60.6899
15.2253
3.16792
4.05677
14.4163
59.1194
18.5081
31.1576
95.3718
83.6583
87.3623
18.7791
7.30293
5.36956
60.0026
60.426
10.3803
22.6064
72.8877
69.7265
52.5555
9.31197
24.0458
14.9696
99.8135
5.46207
60.7131
6.79626
49.5107
12.4957
70.7191
80.7326
4.20184
12.235
43.6681
52.5103
53.5012
16.4205
69.5279
62.9517
19.8517
17.906
58.2956
36.8907
7.16392
57.3845
18.4228
85.365
8.26839
6.66638
6.24615
20.706
9.36633
3.2865
26.0487
8.84565
59.1246
5.37157
18.4041
42.5838
39.2041
70.0342
40.0905
10.3357
9.97152
4.27204
10.8926
17.7698
8.56816
13.9288
4.04555
22.4607
16.1436
4.91604
6.54314
48.9739
19.7208
57.955
6.15669
8.71359
6.20894
51.0521
41.2703
50.2864
59.8533
80.982
20.3344
11.9214
13.0553
8.94879
71.1352
3.25007
17.9786
73.3942
70.0027
80.2058
12.8532
15.2275
70.0648
3.4657
11.8981
10.7621
13.6846
60.7087
10.334
22.7541
24.0456
58.7074
10.3255
5.6572
23.7276
57.9335
71.8048
5.25946
12.2006
8.76591
5.15262
58.2282
11.1561
97.8647
8.66807
6.77356
7.23081
60.5617
64.4216
4.87489
61.4625
75.6307
55.3222
52.5495
5.16903
81.0772
12.2219
45.2291
17.6076
3.52033
18.3466
13.2724
61.1532
5.45295
58.0745
4.13639
26.4184
4.22716
71.058
4.27608
8.53539
4.5472
6.52516
31.8012
12.2326
80.8902
36.8597
5.12817
14.5419
12.5278
7.34295
46.5891
14.3618
20.5519
4.31283
70.0536
5.67317
7.42761
81.4593
12.9157
7.77732
10.7924
70.334
16.8143
60.8564
9.55769
14.6953
5.18011
9.66958
13.0078
52.8943
58.564
3.07595
7.1308
43.5768
5.47315
68.6273
72.2507
45.3473
77.3863
9.19559
3.4117
60.9593
4.81045
6.31534
15.0303
80.9174
60.0304
13.3788
12.9742
93.3173
16.9084
12.9654
49.6082
30.9088
46.1698
5.26543
69.516
14.0802
45.3764
7.37309
45.2404
9.24823
4.21077
6.04449
18.352
79.3489
13.6298
39.4224
39.9962
67.7687
8.02179
6.18015
4.15157
9.58028
5.43528
18.4749
14.2468
71.4833
20.687
62.4681
93.2309
34.4767
48.0699
9.18827
4.2455
5.10775
13.5755
8.10176
3.55871
12.5763
44.2858
80.5208
6.5768
3.05399
80.5089
9.67997
8.95658
3.3065
52.6633
58.4874
21.6048
11.2032
8.22341
6.12844
87.5755
98.9996
5.30119
5.85671
78.2707
22.7684
4.23537
4.63336
61.8627
3.52044
70.3128
80.5196
12.2589
3.23971
57.8104
9.38183
43.418
7.49049
10.8759
12.7278
26.6272
36.9245
3.39904
5.59098
4.85654
4.42465
12.1302
26.1276
3.50936
6.75393
38.673
69.8829
8.04867
69.5725
11.8254
12.3118
12.3714
18.5823
52.6312
5.11857
59.6136
9.81461
4.95574
9.74947
60.6573
60.65
71.2584
14.2756
4.16885
29.7322
52.1468
2.61537
43.9427
9.84946
6.78383
80.7318
71.0882
5.45355
43.0747
39.9548
54.2007
51.7315
13.8457
4.2382
12.3057
5.16853
14.9711
14.2653
35.2213
61.0138
45.6392
3.48258
12.2195
70.3153
4.54749
14.909
11.917
13.2088
23.5527
13.007
70.4608
53.1832
60.6015
6.36839
10.1374
46.0724
56.397
70.0457
46.562
2.78984
40.6185
8.97789
51.0878
63.2615
65.386
8.56666
71.4967
4.70314
19.3709
33.543
17.2966
10.2737
47.3901
52.9364
4.9879
5.39534
2.78964
40.615
33.6475
44.7145
60.2502
3.19871
60.1796
11.7326
27.9228
7.24497
26.071
11.6602
50.3584
51.9817
6.22194
89.8072
4.15985
60.5585
60.7412
60.9613
70.1191
51.8884
7.847
14.1984
6.21517
11.0838
24.2457
10.3743
47.1699
5.58375
4.46763
22.2579
15.5389
12.5477
11.704
9.52139
14.066
5.44655
12.2992
13.0279
71.1404
7.74299
18.3251
9.93131
5.43087
10.6071
7.67739
57.9049
60.3845
52.5424
60.151
69.8109
71.5188
61.1625
70.5902
18.7472
10.8744
9.73672
55.3202
4.20401
70.5703
6.37175
99.5528
60.2931
5.74061
51.773
13.9509
13.2441
70.2122
60.8265
9.67849
69.69
3.41905
3.19196
19.9217
12.1116
60.5408
8.26343
52.0637
13.3941
53.5508
5.38515
9.77696
8.80813
36.5538
6.18142
39.0413
13.002
66.6687
6.68917
3.30979
25.5596
52.5065
93.2326
18.299
7.82176
58.3837
5.07986
16.7408
9.19352
40.0252
7.75491
13.5988
4.30095
41.311
18.6658
81.0796
45.6867
5.04203
49.5728
6.34449
3.4554
17.8866
6.62086
47.2233
18.5812
70.2586
62.1512
9.99286
52.7727
18.3021
13.8612
18.56
47.5771
20.0982
9.04182
83.3927
12.4698
3.71514
45.4839
16.4037
32.6581
48.7268
14.7486
15.7049
71.6286
14.9989
71.7194
64.2914
6.99304
62.1798
8.61218
20.0872
80.3849
52.5961
60.3202
61.7881
5.37391
60.9827
16.5761
51.9182
3.26937
60.9361
18.466
17.605
53.9731
18.4114
50.1966
5.437
26.6455
60.8168
69.4856
6.71115
10.7146
54.0518
81.1874
2.84902
34.1656
63.3221
18.0138
17.5564
26.2439
5.11452
26.1427
13.1632
4.90085
13.8982
56.8841
9.60798
30.7089
52.5393
34.288
9.62107
61.8362
45.5027
16.2285
61.1394
14.1413
4.78745
18.3305
52.0251
73.3518
6.95688
45.502
46.3956
60.1141
14.8103
17.852
80.5186
13.0259
6.91396
52.526
33.9917
7.90186
12.8305
10.4051
10.3392
52.7088
5.47379
53.201
12.4931
4.19756
3.73094
4.21249
19.8563
7.01629
29.2524
4.33046
45.1912
29.2763
5.44098
9.10708
4.26006
12.7934
6.35885
6.61424
69.077
7.45779
4.0784
4.19546
9.14043
40.0096
12.3622
12.2944
27.9019
12.4962
70.2431
95.054
8.16727
4.10384
13.7386
8.85144
66.0181
9.23448
6.12853
34.3286
2.55997
5.23783
54.491
18.813
8.23731
2.6694
4.19045
8.16325
3.49348
11.5403
99.5018
45.4173
70.2436
12.6944
4.16425
25.1669
10.7862
50.4821
11.6832
13.7649
25.5484
53.8039
45.9438
23.8685
54.8967
20.4801
18.1136
4.2204
3.4444
8.45802
8.87013
81.0781
12.6206
15.6089
8.39896
12.9351
18.3662
60.9886
13.5573
5.1864
8.16826
17.7277
12.2696
52.983
4.80727
15.345
39.3988
70.9597
9.59711
60.5839
7.56171
61.0925
26.5405
82.252
6.80984
51.9771
70.2045
17.1867
35.0824
70.0894
3.2814
15.4926
18.7954
24.2631
57.0567
5.30646
73.6904
45.7015
46.3952
28.4231
60.864
81.8848
3.86201
12.9915
5.35033
14.2792
60.5154
16.0672
61.0896
51.8769
4.43712
59.662
14.5207
72.6179
17.4214
69.8504
18.2656
38.671
6.36605
39.7671
13.4418
56.6482
4.47995
6.58635
14.7
10.8939
9.66739
18.2993
5.05666
61.2544
9.8867
8.82992
9.53796
61.5626
8.57149
7.91907
8.32935
50.0916
20.2823
10.5045
45.7067
8.26504
54.371
14.8672
5.03175
4.8103
5.44562
70.4156
59.113
11.9704
52.8439
81.1384
7.00891
9.53764
93.2211
45.9637
16.0494
34.0926
8.76571
17.9317
7.99085
6.43695
17.2668
22.5437
25.4823
57.1836
4.46126
26.3016
57.1297
6.7764
23.3839
13.3333
17.0998
30.391
18.831
15.6305
48.7708
8.75944
4.34065
32.0276
17.6363
81.109
11.4658
8.87827
61.0805
67.8795
70.8657
60.9627
8.50555
14.0644
30.5528
8.67908
80.661
4.26012
53.7697
8.6932
4.52144
4.16702
40.8672
3.2605
72.801
12.9324
4.36472
68.5669
2.49128
60.2814
37.7336
3.31761
67.059
7.67389
26.3457
18.8615
70.1822
55.5136
3.30644
60.7156
5.17224
19.3883
6.33701
45.831
23.5612
58.7593
12.0187
35.5988
18.4083
61.3816
61.1676
39.3577
42.4125
12.9659
34.0081
17.8714
8.25026
9.16131
61.6016
15.9305
52.1632
10.5581
93.0623
71.4357
29.323
60.2789
5.29763
77.3848
4.28688
11.4329
2.50018
46.187
7.64105
16.4425
63.6187
60.379
54.3402
9.71314
2.62348
64.5649
6.7213
4.70161
81.079
24.629
27.1183
4.31039
8.64836
17.892
15.4462
12.2125
9.40809
3.06695
52.8429
34.3699
37.3034
8.47287
9.1421
19.6504
3.26885
18.4216
18.0889
8.29025
9.8126
71.1388
50.1184
18.3281
40.8772
49.0871
3.56546
7.70058
18.4406
9.03861
52.7577
71.5137
34.2096
41.244
23.7924
14.1344
73.6889
13.5955
84.0946
23.4477
29.9191
51.5164
7.22258
6.35227
13.094
83.9735
4.28656
17.946
70.5025
58.7332
3.98268
16.5158
4.05911
4.49708
41.5364
33.5208
56.5508
62.2267
50.4119
53.9005
18.9967
4.1559
54.7753
8.5152
60.1568
6.4375
72.9027
6.08111
4.21695
34.4047
69.528
90.763
70.3993
84.4289
22.7381
18.2704
4.13147
5.20326
81.7375
67.0892
7.15096
5.09887
60.3489
8.21598
12.4194
13.8681
5.46742
69.7577
4.41377
52.7092
20.3742
49.5611
12.1296
18.2251
29.7834
58.3493
18.1305
46.8412
51.6025
70.0162
11.8532
80.9301
10.3802
70.5736
93.2506
13.732
9.58932
26.4434
12.7444
12.3405
39.827
32.3166
15.4574
61.7135
71.5233
59.9009
45.2692
19.8351
12.3896
19.858
18.7724
4.68058
18.7553
45.9151
15.0104
80.4234
98.6029
5.06089
53.0682
26.5075
4.37267
45.3914
45.7889
3.52106
6.62133
8.60074
19.1839
15.0254
6.56389
18.2481
51.6972
12.2837
23.4865
50.7729
69.382
60.4582
22.9357
45.2465
17.781
12.0154
17.1955
6.50119
71.4905
14.121
5.07251
52.3802
47.8975
23.571
80.3325
8.58865
6.66649
4.54463
18.8065
61.1074
53.1544
70.9548
70.2535
40.5049
19.458
14.0528
10.5621
12.6651
17.6473
52.2763
4.37147
22.8823
6.34895
10.7491
47.5015
9.03618
5.0997
40.1483
52.1415
71.8517
19.5498
66.2251
52.2953
15.8156
53.2185
61.822
55.6483
2.64854
7.59563
5.23139
21.9823
15.8101
50.7349
25.9372
9.99383
52.644
5.73078
46.7559
40.1305
19.208
10.1321
10.5785
8.64326
63.563
15.0858
61.1477
13.6396
14.5274
5.93143
39.0423
19.6848
18.0165
60.8735
73.8484
70.0248
60.7145
3.47856
66.6436
7.90407
9.84716
4.22926
5.32653
84.0922
18.6806
8.05576
45.5542
60.7795
5.94957
5.36994
69.9553
4.20693
60.9032
45.7787
2.57715
48.9225
55.8766
14.8384
32.4348
51.8927
7.28832
55.7836
18.3524
80.9309
79.3612
10.6553
10.0798
17.4429
8.88914
14.1829
18.4804
70.4263
6.82609
18.2567
19.5452
51.2234
10.1701
5.42104
39.4379
18.2441
15.6914
14.2327
31.2297
9.84936
7.435
13.3526
12.5147
59.9329
4.19865
18.1126
11.8076
8.06935
15.0909
61.0112
4.52995
38.1437
9.77518
15.5202
4.23141
11.6773
70.5788
17.5922
66.553
8.82857
3.29626
67.3668
8.81374
4.44983
8.77216
70.9042
3.65781
46.3074
93.2311
24.2196
15.0973
9.83731
15.9755
6.98299
46.3706
6.38285
10.5339
14.4139
60.929
7.36135
18.613
5.87057
92.9708
59.7623
2.36156
12.1813
57.2977
4.2382
5.26381
6.26298
27.2131
67.7107
9.03747
69.9288
3.18309
5.04082
15.4404
23.4208
5.35413
14.8077
60.5898
7.74131
12.5683
5.1246
24.1212
8.61449
4.13001
73.1899
7.50036
27.4982
61.2679
93.2338
39.4705
21.7316
60.4385
68.1603
61.1917
17.8905
72.9921
12.9862
65.9493
6.20019
5.89576
70.8089
5.57383
3.61217
18.3893
57.9045
79.5161
10.6531
16.9437
22.4765
60.6904
9.8296
61.1486
8.49139
48.2828
49.5137
18.6418
18.1854
4.13575
17.552
61.3427
70.5837
37.1649
8.76094
10.1337
53.09
17.6245
80.9019
6.31506
6.83415
17.8188
7.70065
18.0843
70.1824
8.89398
4.25077
21.7141
74.5229
18.3011
54.4854
52.4239
61.4321
117.524
10.4346
69.0651
12.8247
60.4535
81.0764
4.34368
4.08389
9.93672
4.68521
10.5625
13.3483
10.4815
51.6741
35.3702
61.4567
11.4595
5.06335
18.9012
4.35301
13.3167
66.484
17.9205
23.1371
52.4385
18.8465
13.6077
71.5159
11.6885
38.2936
12.8708
12.7638
12.8981
77.3784
45.4647
5.09726
4.09078
49.4943
61.7586
79.9323
17.5662
6.36042
11.3892
23.5196
13.7532
41.7655
18.907
8.72203
69.8001
13.0464
63.3058
69.7505
11.8632
60.0288
11.7773
10.9561
52.693
52.6805
60.7256
6.14031
5.27072
72.7274
81.5288
8.55271
20.0825
8.84733
72.8524
53.6837
5.55876
38.1918
53.2272
7.05072
8.64111
33.0125
14.5938
60.791
18.165
75.7493
3.9522
65.6132
38.9105
60.3291
12.8277
7.82818
49.184
46.0904
2.7694
69.653
18.8311
43.2482
17.9298
60.6252
12.4139
8.91481
8.51127
18.86
5.21455
5.041
61.2012
4.41418
53.2629
6.03048
13.5171
19.0808
68.7885
4.07709
17.789
17.7767
48.2389
23.466
18.107
5.45916
13.1316
3.23352
85.386
10.4119
17.7717
3.48747
70.0844
80.3929
14.5213
6.26336
69.8547
23.2318
4.65842
22.0538
16.9461
24.9881
17.1866
71.1696
32.6969
9.1039
5.05879
22.6596
8.24233
61.3256
69.8072
2.9058
46.0682
34.4345
81.1622
46.0244
38.7932
9.11448
47.4507
6.82792
45.4012
63.646
7.19762
7.3727
17.8117
7.88594
22.7777
9.2593
65.6907
19.2797
46.7227
62.1445
69.4898
14.3875
4.62735
61.8791
8.23036
14.3201
3.45599
52.7273
45.1685
52.7934
9.90013
13.8495
6.09276
43.2541
12.2682
29.9441
84.2044
44.8303
3.48992
6.59126
17.5209
33.6589
6.1583
12.3338
60.9296
43.9721
60.655
58.2963
12.6827
5.32157
17.3648
6.67214
6.57605
70.0995
70.288
6.49027
18.8921
44.778
8.79982
5.01752
4.07402
61.355
38.4605
11.8718
26.4728
13.0248
72.2684
33.1392
60.873
14.3682
3.32793
18.3793
33.664
17.8643
81.1415
5.63967
6.71123
14.3828
6.12564
13.0776
19.9023
53.4248
49.8741
53.5873
6.06405
72.5455
3.34947
6.6574
9.18835
2.60945
52.4213
6.3049
5.04157
66.2614
61.3703
14.976
82.2302
23.1731
13.1434
13.3452
9.6373
79.6462
5.17562
52.2696
18.3294
39.4568
10.5263
18.7253
4.43488
60.9226
39.96
12.7662
8.28392
18.8047
9.43494
3.87641
93.218
11.6288
7.50244
12.5425
12.3655
39.1636
22.1055
4.49849
80.8181
81.0895
17.1795
6.90453
81.2616
3.46445
50.1971
60.9274
52.9013
12.8169
20.7762
44.144
38.7933
64.8305
14.2519
43.5235
27.1722
15.4229
12.324
58.0708
16.8239
13.7586
15.5505
18.4658
9.77729
65.3929
45.6239
18.4427
52.4288
11.8264
13.8066
3.42979
23.8037
12.0669
22.4801
25.9396
17.4204
13.9369
13.7559
49.8138
18.5654
61.5112
33.8492
35.5817
63.3692
11.352
18.8295
6.14474
93.2311
45.9434
22.6355
24.4176
6.18403
5.53733
71.0097
80.5212
6.65476
13.1245
7.2994
12.9606
16.5493
69.4497
80.4333
13.9422
71.1605
49.1975
91.5071
20.2982
5.27901
18.1334
53.2771
4.52417
7.42912
11.8091
26.943
5.47231
5.20706
34.7435
4.2644
37.3861
16.007
3.40101
5.31053
69.9583
14.1606
3.36434
5.89078
13.2832
69.1844
28.8813
81.134
60.7626
85.5971
53.4212
9.51512
57.4326
4.54268
5.45532
4.25672
45.6015
60.3441
4.2967
71.1493
7.81154
28.0336
18.4254
45.1848
5.22684
3.73764
2.96869
65.3256
85.3752
52.3552
32.6185
18.8947
15.5241
6.30501
6.27232
14.0458
61.1076
39.6374
13.1907
65.0319
4.26866
52.6816
21.4437
3.73172
60.6331
52.8974
38.2274
60.8909
59.6592
11.8719
33.2663
45.9133
4.30409
71.7315
69.5014
37.7142
69.1737
31.8223
11.4162
29.7613
4.34844
6.36831
44.8903
17.9583
49.0969
10.769
7.22761
70.2142
58.237
18.5201
4.97687
58.9124
10.1838
60.9317
12.4193
7.00383
5.12579
52.1384
8.12142
71.3332
4.21696
10.7301
15.2939
5.50568
49.2003
12.5057
79.9812
10.4157
6.25271
68.3463
4.25826
51.9635
15.587
4.70423
54.9991
10.3002
11.1119
39.5796
12.5806
23.8398
4.82028
6.7808
4.28522
52.9874
23.0056
35.4929
7.11934
68.8341
80.9348
25.8445
93.2308
11.2439
70.0963
3.25473
52.5088
61.3557
17.9834
73.3751
6.09212
11.7049
38.9562
69.5221
81.7463
14.256
5.03955
18.3304
2.62142
69.7333
7.9825
69.7142
68.0323
91.7163
59.2515
21.2282
13.295
45.4915
3.31018
71.6325
11.7054
4.10831
45.0044
5.24712
18.7217
62.2683
71.5398
7.67936
7.21808
12.6666
60.4024
11.2645
15.4691
99.2961
5.41677
78.3183
67.3903
4.2333
9.52997
19.8718
13.2787
7.52795
11.7244
9.87046
4.17825
61.2995
63.4826
9.86331
70.6207
70.396
60.3828
59.697
61.9424
4.24209
4.96796
7.2146
16.6647
2.48337
27.4393
10.8356
13.4427
15.1877
9.7806
46.8095
11.861
47.55
13.5081
11.6893
45.5982
4.36747
46.0409
4.97154
18.1086
70.2855
54.0178
46.0074
9.57306
18.3315
4.26517
3.73934
12.6831
7.36683
69.5994
6.51395
52.6124
61.242
82.091
58.1074
5.194
6.42042
27.265
3.85405
52.4998
45.5111
5.37822
17.9414
8.62723
17.805
66.5738
11.7599
14.0638
14.063
38.3214
67.3933
26.7849
45.2274
13.8939
52.3408
52.7035
19.4419
8.60497
18.761
18.8528
5.5245
45.9433
5.65603
4.15722
7.72308
18.5768
6.16368
60.6584
5.19227
59.8213
3.3266
2.7032
51.9949
38.3315
86.4585
18.0551
11.2936
60.6502
71.2112
14.8171
3.52813
12.4326
47.9042
61.1556
7.27603
56.0215
11.0887
58.5652
10.7411
18.5181
46.819
6.0665
77.5283
62.1014
13.4318
10.4584
60.6199
10.2836
12.148
6.62481
12.8078
71.402
95.032
4.16119
52.3685
69.8114
15.5818
11.9601
6.8241
60.9117
69.4262
22.4653
9.03368
5.07241
85.4638
7.1717
52.8176
61.5881
69.388
49.1392
45.5169
5.18471
5.05747
5.07197
18.2426
23.7765
66.592
59.4675
13.285
45.0547
69.4644
100.199
7.51315
59.9385
12.5947
32.3113
5.55809
9.0633
6.10482
12.362
48.4923
80.9715
61.0814
14.2035
58.3667
5.73774
5.49527
61.3284
7.99006
24.4348
61.2467
71.5526
86.0029
57.2827
92.4842
13.5686
15.0822
52.9831
3.34846
7.57872
60.8984
5.36107
13.9741
5.1941
5.45942
39.3538
12.7434
4.20502
6.66227
13.295
60.3089
3.19626
12.0464
2.52893
12.3279
93.2334
59.7658
5.16885
52.7487
4.18362
5.82975
53.4621
18.5176
5.48501
14.406
52.6271
12.9801
6.88925
18.5583
46.3635
3.27872
6.31004
55.2666
60.3059
65.3066
14.0784
3.1747
9.54951
69.6379
18.3908
60.4681
6.32602
4.27396
81.9143
42.7069
52.0127
18.1741
74.1794
44.1027
18.8365
70.3887
33.733
8.82996
4.44803
4.70114
52.6091
10.5702
71.1583
5.11226
22.8544
69.8826
70.8681
45.1646
13.4712
53.4702
70.6936
9.74084
5.3619
60.0657
59.3277
64.1296
72.2867
29.5443
5.26114
59.2524
10.6658
3.93303
81.0704
34.4882
18.2512
18.1683
9.36083
4.6938
5.12651
66.4613
24.6461
3.61542
18.1665
17.7552
71.4564
10.5927
85.2549
24.0239
6.73932
13.5377
18.2943
5.30306
45.8751
18.1836
18.4581
6.24135
20.4641
2.82687
17.1262
4.68452
21.2718
12.4164
6.10831
25.0103
7.12475
7.05417
39.5181
8.54041
3.43991
12.699
3.37312
12.2728
6.25373
68.565
17.5944
42.4947
84.7179
5.91328
18.5694
6.50233
17.9043
12.2077
18.4836
10.9357
31.0525
13.769
4.36101
98.9994
6.12969
70.4162
28.7534
7.25962
7.714
5.40204
14.0492
17.4978
6.26183
4.46356
12.0948
7.99127
18.3616
12.0063
52.4434
70.4701
5.23933
9.85604
63.5434
22.8796
59.9209
12.896
40.1984
45.01
3.57421
13.1952
18.6324
57.5608
60.4091
18.2396
69.9485
69.3889
60.8639
11.9112
17.4329
63.265
70.7142
9.7113
8.55123
24.8092
13.2681
5.32057
14.0141
70.6139
70.2139
69.6626
4.26693
5.14743
9.68704
18.879
80.913
3.70312
19.4563
13.1904
13.2748
6.53908
35.2406
52.3591
13.6287
69.2045
11.9762
8.91907
27.9809
52.752
8.7915
70.5309
4.66418
2.79493
9.86355
10.0607
4.54193
58.0966
12.4632
46.4514
11.8014
9.09934
6.74766
13.2848
8.56682
13.5241
10.1378
15.4299
4.95669
3.42477
5.08232
