2.092726898193359375e+01
7.082695007324218750e+01
8.531846046447753906e+00
3.280009508132934570e+00
1.267419719696044922e+01
1.038130474090576172e+01
1.114991092681884766e+01
6.933370971679687500e+01
6.318158626556396484e+00
1.086044216156005859e+01
2.147600555419921875e+01
4.602853775024414062e+00
2.722224712371826172e+00
1.855766487121582031e+01
6.088393211364746094e+00
1.255922698974609375e+01
3.652051544189453125e+01
1.416926383972167969e+01
1.496723480224609375e+02
4.023006820678710938e+01
1.149171733856201172e+01
1.849124526977539062e+01
3.439241409301757812e+00
1.431816959381103516e+01
1.087016201019287109e+01
5.636320114135742188e+01
8.193671226501464844e+00
5.069213390350341797e+00
1.313478755950927734e+01
5.520484542846679688e+01
9.997349548339843750e+01
1.849517250061035156e+01
4.362739562988281250e+01
1.032577896118164062e+01
9.109590148925781250e+01
9.564622879028320312e+00
1.312794303894042969e+01
4.932189464569091797e+00
3.448889923095703125e+01
1.351818561553955078e+01
8.246638298034667969e+00
1.150646209716796875e+01
8.192198944091796875e+01
7.393229007720947266e+00
4.086388015747070312e+01
2.325123596191406250e+01
3.150967025756835938e+01
1.366934776306152344e+01
9.069757843017578125e+01
1.073403263092041016e+01
6.097507476806640625e+00
2.325976181030273438e+01
5.632744216918945312e+01
1.026959800720214844e+01
1.527147216796875000e+02
4.310926437377929688e+00
1.398476886749267578e+01
4.372781372070312500e+01
1.273616409301757812e+01
4.271341323852539062e+01
1.410582160949707031e+01
9.197127532958984375e+01
6.448371887207031250e+01
7.188535213470458984e+00
1.203872146606445312e+02
1.125482749938964844e+01
1.131402969360351562e+01
3.681341171264648438e+00
4.377676773071289062e+01
8.324814796447753906e+00
2.478112602233886719e+01
9.200964927673339844e+00
3.154690933227539062e+01
1.184167480468750000e+01
1.377105712890625000e+01
5.369491577148437500e+01
4.164868164062500000e+01
5.522764587402343750e+01
3.477989196777343750e+01
8.605946540832519531e+00
2.126389122009277344e+01
5.235925674438476562e+00
1.050713253021240234e+01
3.567026376724243164e+00
3.841550445556640625e+01
1.791948699951171875e+01
1.263677597045898438e+01
2.959268569946289062e+01
1.491338443756103516e+01
7.102208709716796875e+01
1.848905754089355469e+01
6.642411804199218750e+01
1.106134605407714844e+01
5.264698410034179688e+01
6.985461425781250000e+01
9.001914978027343750e+01
5.319137573242187500e+01
8.644815444946289062e+00
1.572827816009521484e+00
5.072220230102539062e+01
5.342233180999755859e+00
1.262498664855957031e+01
9.591585540771484375e+01
3.917272186279296875e+01
4.920169830322265625e+01
4.188191986083984375e+01
1.854607200622558594e+01
7.328422546386718750e+01
4.552052021026611328e+00
1.785025215148925781e+01
1.591586399078369141e+01
6.211757183074951172e+00
9.397767066955566406e+00
3.554899597167968750e+01
4.315421295166015625e+01
1.355431175231933594e+01
9.285266113281250000e+01
3.785094070434570312e+01
3.436049270629882812e+01
8.145285797119140625e+01
1.843447875976562500e+01
3.302811384201049805e+00
1.853213691711425781e+01
1.154444599151611328e+01
5.460304641723632812e+01
1.790027236938476562e+01
1.313535976409912109e+01
5.025426387786865234e+00
3.012993621826171875e+01
1.430142784118652344e+01
5.950502395629882812e+00
1.975755691528320312e+01
7.359642028808593750e+01
6.469670104980468750e+01
8.326787948608398438e+00
3.735445404052734375e+01
1.439136505126953125e+01
2.419433212280273438e+01
8.715919494628906250e+01
5.582230567932128906e+00
2.506057977676391602e+00
2.783755064010620117e+00
3.179343986511230469e+01
8.222201347351074219e+00
7.213742828369140625e+01
1.839730644226074219e+01
1.618310737609863281e+01
5.930264949798583984e+00
1.376239871978759766e+01
3.759507369995117188e+01
1.060408115386962891e+01
1.847944259643554688e+01
9.046649932861328125e+00
6.979587554931640625e+01
9.331960678100585938e+00
1.854490470886230469e+01
7.497885227203369141e+00
1.257297229766845703e+01
9.052643585205078125e+01
4.063121795654296875e+01
9.483750915527343750e+01
4.179806518554687500e+01
9.622546195983886719e+00
3.815731430053710938e+01
7.849513053894042969e+00
5.836415290832519531e+00
1.042755317687988281e+01
8.570776939392089844e+00
4.472434616088867188e+01
1.849551200866699219e+01
5.532778167724609375e+01
5.465858459472656250e+01
8.247856903076171875e+01
1.499503784179687500e+02
6.783277511596679688e+00
4.435237503051757812e+01
9.545038223266601562e+00
2.582037210464477539e+00
2.947241020202636719e+01
6.050338363647460938e+01
1.848678779602050781e+01
4.843575954437255859e+00
4.122265243530273438e+01
1.140955448150634766e+01
8.263780975341796875e+01
9.135063171386718750e+01
1.345003986358642578e+01
3.693581581115722656e+00
1.183213043212890625e+01
1.851082992553710938e+01
1.166371154785156250e+01
2.795129776000976562e+01
1.221587219238281250e+02
9.222022056579589844e+00
9.629492759704589844e+00
5.313683319091796875e+01
5.330355072021484375e+01
1.621836853027343750e+01
4.157839965820312500e+01
5.003708839416503906e+00
1.208924560546875000e+02
2.417251968383789062e+01
5.935586929321289062e+00
5.529317855834960938e+01
6.932543945312500000e+01
5.818356323242187500e+01
3.227820968627929688e+01
6.172994136810302734e+00
4.736695766448974609e+00
2.464863300323486328e+00
9.681473541259765625e+01
6.426312446594238281e+00
6.995921325683593750e+01
1.183197498321533203e+01
1.175446224212646484e+01
9.266419410705566406e+00
1.444485950469970703e+01
9.228620910644531250e+01
6.026865005493164062e+00
6.102046966552734375e+01
9.505437469482421875e+01
9.514230346679687500e+01
1.851385688781738281e+01
5.493948364257812500e+01
2.793020057678222656e+01
8.209289550781250000e+00
1.848905754089355469e+01
8.727039337158203125e+01
5.129592895507812500e+00
1.243681335449218750e+01
6.016391277313232422e+00
1.407948970794677734e+01
5.261009597778320312e+01
4.021683120727539062e+01
9.318465423583984375e+01
9.631192779541015625e+01
9.338598632812500000e+01
6.815292358398437500e+01
5.568756103515625000e+01
9.565318107604980469e+00
1.272913360595703125e+02
1.840755653381347656e+01
1.851328849792480469e+01
6.194284915924072266e+00
6.813258361816406250e+01
4.441449165344238281e+00
1.479226989746093750e+02
1.325675773620605469e+01
6.824879455566406250e+01
3.667033195495605469e+00
2.539337921142578125e+01
7.220119476318359375e+01
7.151123046875000000e+01
1.418353462219238281e+01
3.139498949050903320e+00
3.129608917236328125e+01
