4.78877
4.99381
5.03775
16.2942
57.7363
66.4425
43.691
8.56467
9.30737
81.3821
82.1038
58.6456
89.845
3.37541
4.46112
40.051
82.0086
16.396
9.10347
4.52073
39.2611
5.79017
14.4095
39.5634
43.6537
3.55717
11.8238
4.75437
78.5293
12.6274
49.9743
68.0693
5.07958
6.09872
45.616
21.7416
4.31233
59.3082
14.2212
69.4241
76.8644
39.7027
48.7366
6.08741
18.1989
12.7364
6.77514
52.3047
25.4637
6.12215
8.88909
13.121
6.97562
8.35553
12.8245
70.4403
5.24591
45.9657
50.5777
15.9008
23.7804
53.2745
2.59591
44.6884
10.3088
35.6943
9.47089
7.85779
6.62511
17.5652
37.7756
9.93056
59.6797
12.0486
60.0048
51.9669
7.80903
17.6339
57.0791
4.19498
4.13489
7.24499
52.1134
49.3733
14.3406
4.28588
49.0888
8.86715
4.53448
12.0827
17.4584
13.9385
12.1158
8.24939
14.2961
45.3193
13.9867
17.7091
77.9775
11.1889
89.6464
61.4083
5.63931
12.4064
41.7113
17.9357
49.9912
47.6564
27.3128
12.431
20.8766
13.3219
4.20093
42.0388
68.4354
8.01957
8.04716
24.0319
24.5922
14.2023
18.0477
8.63702
11.8509
13.5311
10.6522
45.3884
79.8729
5.81971
11.9721
52.0976
42.2657
10.3901
9.5662
79.5684
47.2979
7.57858
28.3609
18.256
12.5315
7.64294
37.2925
27.0805
9.91869
34.2692
52.1137
10.6377
52.262
5.95196
9.2256
5.73831
9.40481
13.0091
29.4372
5.68581
52.2501
20.2817
7.70329
3.0931
59.8743
10.718
78.2336
5.83442
51.9333
18.1866
4.74796
59.2118
4.90633
23.935
77.3784
39.6007
2.60564
8.16603
9.68576
4.71343
5.62767
9.46129
45.6708
69.762
51.9677
69.7496
60.0888
37.8844
4.4892
65.2533
10.3676
79.7289
2.65205
33.858
20.1327
30.6402
18.4973
4.67757
7.10473
6.16201
4.72174
4.22966
50.3312
59.8004
18.1769
39.6196
15.7276
12.0035
44.729
9.35586
32.4522
7.13875
14.6691
10.1825
8.336
11.6389
12.6455
80.5473
9.4533
26.9676
60.5
13.2805
69.5576
82.2609
5.16552
5.51334
25.7999
4.51135
11.5274
3.84484
21.6165
12.3967
2.81375
67.9697
4.39278
8.56152
69.3499
4.10854
8.53197
14.0866
13.6522
3.58788
68.3384
6.29388
59.3907
12.3065
15.2027
9.20863
59.7314
18.19
8.08677
94.4767
4.11649
23.7719
3.73475
44.3861
14.0981
5.41021
15.0595
14.5274
63.766
50.6422
27.3501
11.6721
3.99138
50.8229
5.72928
5.00334
20.4552
5.33783
20.9746
26.8885
13.0505
52.3477
4.96195
41.3488
69.4962
18.0062
11.1647
8.53483
6.04586
19.6246
37.6588
14.2722
10.8267
57.8104
15.0124
68.2722
10.4816
6.61626
59.9083
89.8347
4.51926
7.01499
5.27547
44.0467
6.75751
60.7101
13.4743
57.0528
17.4757
16.5904
62.8328
11.6165
5.56176
28.5125
7.32765
53.1707
5.65578
6.39622
61.487
13.105
4.8475
8.00957
13.4887
7.07726
66.8584
68.6695
33.1346
82.625
27.2283
16.7026
64.7457
45.3693
18.3255
59.801
78.1051
11.6954
4.78379
8.35167
16.2079
6.8966
52.1017
13.089
17.7041
45.3356
51.4749
11.7222
48.6994
26.1433
4.28274
30.3171
52.0439
7.26162
13.9265
12.8491
8.981
60.7227
8.62839
51.9343
45.5629
71.5365
3.82856
15.0284
22.7436
12.0827
19.0072
19.0302
9.15799
64.5988
5.59554
12.1724
48.1987
18.9451
7.96275
5.60652
68.8163
3.07149
18.0046
10.59
14.6721
23.6669
7.79326
8.76591
78.9362
5.1135
17.8385
84.7048
14.8372
49.742
18.4674
11.9047
10.0208
17.4792
62.4596
8.53197
50.5603
5.60003
44.5789
9.64969
67.8927
5.14683
40.9483
9.49956
60.1639
4.57005
4.54468
59.7397
6.35454
7.79395
9.80683
5.11994
51.3511
59.7591
74.4262
54.9276
51.8444
21.9187
7.43624
4.43514
69.8961
15.7139
52.3336
9.66156
7.20273
52.1904
8.18136
3.54223
14.9856
4.4501
68.4292
69.8232
8.03112
51.6234
21.3133
60.4676
57.8703
60.1886
46.0418
76.8707
34.4777
78.0686
15.0551
10.2378
51.8228
20.9936
47.6264
60.0021
8.37447
49.6729
3.15276
8.68509
7.04154
78.3824
7.02784
26.5243
5.03467
59.9197
18.538
59.9639
10.3171
45.8342
6.67742
20.3948
18.5021
51.9008
6.43429
12.171
7.12964
15.6133
67.8139
5.58329
37.2984
78.3516
26.3005
51.9761
6.99603
90.3156
45.5267
4.90746
97.381
36.1011
17.7254
59.4296
95.6818
4.21505
22.7167
12.8553
2.91285
19.6623
44.6034
13.6335
59.2189
69.6017
17.0844
52.1206
9.52691
6.77196
54.897
9.34151
11.9157
5.90449
39.1708
18.0525
23.1257
10.2146
13.4999
4.77199
13.5716
7.03346
3.76619
52.3416
67.8146
52.0094
8.57993
5.98569
12.3373
3.89544
3.69278
18.0266
7.28792
9.42341
6.70802
51.8928
13.3923
52.0942
17.7704
58.622
11.5989
13.9444
45.5146
17.3849
18.4736
3.55747
35.6621
55.7632
68.5454
82.8675
24.5541
9.56853
12.9084
9.41756
51.6262
67.7724
52.8987
52.1685
3.62519
4.46535
10.5138
20.2117
54.2204
12.2548
12.6684
51.626
12.7818
22.1001
44.2381
89.8438
61.1586
21.3358
4.46364
39.643
10.7072
85.7527
44.0549
18.1047
41.4318
75.8342
9.48391
16.4599
18.3061
4.83274
51.4488
52.8746
41.7429
7.72636
68.5119
6.86013
14.0775
62.0442
31.1439
21.3701
9.00847
12.921
10.3877
78.4323
51.7145
60.5019
89.8438
34.7727
59.8331
17.666
75.0957
9.831
59.5728
60.0519
62.0853
5.7798
48.6262
59.4551
13.0526
64.1348
14.3684
24.5216
15.3068
3.13162
53.6501
49.3006
11.5474
23.1614
3.52784
52.6128
68.5424
13.2376
3.01253
44.5301
78.559
54.5113
7.78286
42.9179
68.1521
14.2727
17.3438
68.7549
5.18246
13.3959
49.9125
51.5268
60.4941
7.67075
3.12358
9.12865
13.9687
5.63186
12.1853
5.65127
18.1142
4.67912
9.22875
10.3807
17.6422
11.0594
45.4273
3.15742
73.0527
52.5594
38.5323
7.35121
68.6546
89.7685
13.6209
18.1991
4.86821
23.081
3.27199
20.2401
7.57434
13.5678
44.386
24.1022
45.8685
21.9314
13.8215
56.5278
13.5564
56.7343
68.7594
4.05466
7.25772
70.2466
53.9148
39.5017
47.6105
46.0702
45.4621
13.5034
56.6125
69.5737
13.5867
59.7842
70.8049
13.0772
18.3593
3.58637
59.2261
19.9565
44.2634
5.20637
96.0169
18.395
3.54477
67.5677
6.63157
18.4822
20.0372
9.88695
70.8458
17.8619
5.70871
12.6256
11.6409
81.8676
18.248
53.4772
52.7723
15.811
45.1517
47.109
3.52251
55.5769
13.7356
89.8451
9.95814
59.3537
78.219
16.9121
4.83827
5.31661
13.065
14.6469
72.8234
15.7919
4.62544
33.3119
8.0187
43.6984
60.2334
3.72422
8.93384
8.77974
23.8821
8.36082
13.186
15.3379
12.0955
57.9018
11.7101
8.4437
18.1575
26.4728
54.6156
38.0089
5.23117
17.4797
60.015
5.37085
5.91783
10.0436
12.5085
4.58477
60.2745
11.6254
49.1335
7.05398
9.48048
11.5803
8.82675
20.5066
4.73783
45.4369
11.5856
61.4883
63.2396
8.62421
11.9583
8.46418
57.7859
44.2265
23.4138
18.0913
3.66857
5.40154
78.0445
60.375
4.47744
19.2217
5.52972
18.5115
95.9827
13.5458
2.83166
12.6035
19.4742
13.3912
14.5867
39.6603
3.29368
15.6243
44.6134
9.13005
8.07984
36.8583
50.3827
52.1457
51.4869
59.117
12.7742
53.7827
18.0666
23.9132
12.7838
5.15206
51.7358
43.5921
14.2293
7.02787
14.1645
45.8002
10.6772
19.1659
18.0259
3.7253
68.7943
16.7501
6.67003
46.6207
7.15585
3.63847
13.2949
47.8543
3.88874
67.4491
7.05976
17.9617
13.3603
17.3972
18.3245
4.7139
4.58924
8.3967
12.829
25.0839
5.85886
18.3092
7.43483
7.62061
13.6776
93.463
68.5927
3.46834
51.6435
4.3162
4.85759
4.78363
14.4544
18.2414
50.4965
18.5097
21.4524
18.0979
14.228
7.12851
57.2695
50.1727
10.5387
29.397
12.0155
47.2611
60.0623
45.7725
14.5157
17.9263
94.5732
4.62227
59.637
10.0457
51.16
51.686
5.8106
6.09541
11.7174
68.393
6.31096
7.53496
2.938
7.34687
11.4647
5.60286
58.974
59.4698
9.58563
61.6737
81.7615
6.12342
15.9443
38.9089
13.5021
17.9156
10.6412
17.1556
3.83009
4.48966
52.0781
53.4088
59.6847
52.4187
18.2754
33.9788
33.913
7.1869
18.3033
3.66386
79.3613
68.7927
4.22317
78.2333
8.75675
59.1169
39.492
3.47143
60.0922
45.2572
4.47435
7.2937
78.4316
31.6948
23.8641
18.367
6.13389
19.5694
3.26924
59.6379
17.8901
18.715
18.2165
37.1428
7.22467
60.0076
6.11581
7.41365
39.6601
7.89138
50.6667
3.40098
8.43615
51.4574
8.09469
27.3585
7.24646
13.4209
8.42778
45.1648
9.48988
4.82084
6.59659
15.8255
3.26036
4.58178
26.3093
12.4825
4.54535
52.1164
45.7171
4.71855
39.1131
43.5774
59.7231
6.35698
4.57289
77.1757
81.5285
15.9675
4.65086
9.06783
68.6249
24.0939
3.88147
4.50982
10.6785
78.6453
59.414
47.3412
5.54679
46.1669
63.4123
21.0165
19.458
48.8099
10.4262
8.08415
9.35042
21.1111
5.85453
53.2949
82.2808
52.2987
11.6309
2.84028
5.89937
4.12462
9.9119
62.9588
7.90106
74.5964
68.663
38.8914
23.1704
5.35126
12.5929
89.8406
10.4482
79.4247
23.0259
3.69451
3.79189
4.50923
64.2731
56.3462
20.3376
53.121
40.9079
49.3272
9.22892
21.2834
3.36124
8.64284
45.5611
20.5651
13.4037
3.41074
45.3346
6.05233
5.41167
4.55502
57.4746
31.723
68.8913
3.81246
18.0516
31.271
6.7246
4.50878
17.9988
15.0415
33.9351
58.7369
11.8039
78.1361
35.1456
5.02868
21.318
13.4086
56.073
60.0581
3.12642
45.123
15.6595
60.3917
10.5719
59.8679
32.0984
6.72614
59.447
63.3919
3.88994
8.60603
13.4993
22.748
68.3056
27.1435
7.29409
8.17285
85.214
55.7664
6.98239
75.6694
66.4108
60.2014
13.8423
20.171
20.0091
59.323
57.9254
68.1471
21.5364
10.7504
5.07815
50.3491
17.7148
39.2958
15.3779
14.5832
45.182
46.9958
48.7246
17.119
7.63258
21.4865
18.1142
28.9439
13.308
5.52659
52.2218
39.1972
32.8874
71.2884
12.7646
17.8328
43.3533
5.67911
4.06832
70.8567
77.2318
52.0892
16.5458
5.16109
16.6753
2.88079
8.38548
59.4942
95.9364
46.5935
18.1699
69.4184
27.1556
68.5151
5.91367
58.7627
5.0354
4.24696
18.4212
61.1038
7.40779
45.279
51.9659
10.5139
59.5702
39.3769
15.1901
4.22947
51.6517
9.7113
11.0479
6.72084
5.89737
14.7092
6.36602
6.15799
9.39255
68.0882
7.62906
17.6765
52.4167
7.37618
59.5607
8.91632
3.47498
79.555
11.4952
13.6425
6.91044
61.9626
3.74566
26.7446
64.0614
39.0971
94.0213
17.5631
13.2977
66.602
6.56814
68.3787
12.5601
68.3184
68.2655
68.6612
44.1208
4.66026
76.7242
18.0354
45.1832
21.4338
8.29224
55.0939
68.1302
45.8367
17.6671
18.4291
9.20364
15.1814
78.2326
4.14824
16.9807
89.4664
64.5459
8.24669
4.22264
45.2208
2.76407
45.1827
13.3514
9.20213
11.6857
9.33229
18.0891
5.6715
7.28101
4.36877
53.5697
2.76717
23.8224
48.7729
7.98532
9.59029
51.7539
4.92096
68.7971
8.56283
11.4392
13.6884
10.8915
65.5347
3.19564
14.6205
59.3305
44.6498
49.4472
5.50805
75.3449
68.6478
52.9319
4.34336
15.2482
6.29128
5.81488
38.7381
46.7929
60.8364
51.538
13.163
78.2363
45.6089
51.9364
44.2296
11.3717
7.32036
59.7722
10.3654
7.5323
6.16316
3.54409
5.89751
51.4981
11.5158
13.6628
51.8197
42.4077
9.3648
4.09916
61.2937
9.04326
3.39538
60.3144
21.6571
45.6118
3.93691
7.53978
63.8116
4.40604
51.8349
59.625
7.15257
6.51423
5.71918
15.472
59.567
8.43633
8.10126
36.2032
4.22844
19.2692
11.3814
45.838
68.5675
6.17916
52.3832
6.10923
61.1002
8.66464
9.07805
6.09995
2.90875
9.00711
68.7327
42.649
4.22735
18.2244
18.5489
17.9555
55.6379
9.43906
21.9844
4.84076
4.17959
44.8725
16.1124
76.3637
10.2345
8.45444
8.27518
58.0508
23.6232
61.9719
3.75087
10.2369
17.364
68.3924
49.8202
96.2425
51.4202
59.3093
18.1251
17.7663
59.5633
3.75785
69.0726
36.171
54.0213
8.12396
18.5044
21.2085
20.414
10.5574
4.00495
4.39331
57.0757
5.39101
12.6331
24.3224
9.97066
68.2686
5.44237
78.0831
10.5276
67.8149
51.5245
11.9907
11.8413
5.14774
69.1315
6.87073
6.57243
65.1494
18.1131
51.8467
17.6405
8.6928
3.06342
13.0221
14.7974
3.59855
6.36444
6.88784
12.0052
14.6361
18.0133
81.613
69.0553
9.40495
3.48723
7.47692
16.7002
66.2467
18.7273
13.558
12.9244
51.9403
51.7206
23.6527
68.6203
59.3946
17.6786
4.39013
9.99762
47.7005
41.5243
59.5007
14.997
14.9701
60.1312
7.24734
13.373
79.0787
7.61736
52.0023
92.9327
5.11107
67.8328
18.1398
52.278
17.4283
63.6717
56.9788
52.356
5.14028
6.51521
5.72782
52.4688
18.2712
18.7592
56.8575
8.52659
4.82747
17.1178
3.35912
34.949
69.0519
59.112
3.44534
11.6956
10.5231
48.0099
6.46395
29.9355
27.9355
5.6989
3.65554
3.01212
30.3915
67.8102
57.0857
9.42006
10.1458
45.0496
5.13672
52.3004
16.233
2.88095
19.635
46.2257
58.3092
13.576
3.60195
68.3147
18.1054
11.2074
4.62725
59.0971
10.5004
6.1224
59.3967
68.2722
5.69646
51.4098
3.86966
40.7987
51.499
4.67645
48.6103
4.89598
8.91567
60.2827
68.9507
5.10392
4.72258
78.7346
61.5873
5.73439
21.6827
3.51926
78.3527
11.0096
45.5037
17.3512
68.6406
23.9972
18.7242
4.06829
4.53907
17.4924
17.3928
78.4313
17.9895
14.3872
13.3009
19.7561
52.0837
13.9388
2.68922
12.8803
3.81358
95.933
4.20042
4.64916
39.8529
12.2338
57.1784
17.8534
5.6892
9.51344
79.3584
13.8942
10.6898
12.025
23.7306
68.7487
3.69652
27.2936
42.823
15.7394
61.8528
23.6747
6.24593
18.2491
14.3194
9.98075
9.0789
3.18934
7.00431
59.5776
45.3708
21.6404
52.1841
5.81151
4.25365
5.9259
60.0912
17.1235
7.56914
52.1592
17.927
37.4878
8.30332
48.1945
60.1882
58.6119
69.3759
3.46662
17.0494
14.7253
60.0673
78.7345
4.20898
45.3987
30.7821
4.74803
43.7166
67.9903
38.3434
9.74191
51.44
9.43835
3.81688
52.2489
13.9891
9.48079
7.48335
52.0407
7.94707
25.4673
4.49261
38.7418
7.19522
59.8733
20.9659
11.7083
15.1187
95.0632
12.9518
7.81014
73.8477
41.2169
22.6894
91.1793
5.68398
17.8459
5.57582
7.68395
12.6669
13.1909
17.8995
14.3817
7.19204
5.71873
27.8005
51.0612
27.3888
65.7528
8.49667
3.86121
11.0072
39.17
6.18487
57.4571
77.8876
7.96246
2.64267
3.88535
68.7819
17.5324
60.0217
9.25637
52.4283
5.72663
7.05161
32.9429
78.2097
4.21731
19.0531
4.54569
15.5144
52.1015
3.82027
17.5127
6.93911
3.59974
25.7241
5.61634
5.3647
18.8108
18.2433
48.6481
5.60889
4.09378
53.6831
3.32548
89.845
24.7844
4.40602
11.6985
14.5327
68.6178
10.605
14.0878
52.5506
5.47291
5.55059
5.0746
5.49274
48.0951
37.6859
53.5146
78.4314
7.72456
78.6129
18.8606
11.7488
4.09848
19.2452
15.9286
8.49042
5.3586
13.1674
49.8786
47.1246
61.2751
78.3678
68.4405
11.5424
5.50907
17.063
44.352
3.5313
3.65987
12.2011
17.4586
5.57693
26.8742
38.6225
17.9165
23.8611
4.52228
14.2629
6.35617
78.1761
37.4613
8.54141
68.8337
78.4818
68.0972
52.1169
41.9174
7.54341
5.22233
11.0864
12.1839
5.37189
24.5409
19.7394
4.38868
59.4463
37.5332
11.7942
7.7759
73.1008
32.6088
17.44
4.36833
16.3008
5.39396
67.3785
12.6478
23.3325
22.7896
15.869
43.5312
13.2131
30.8107
14.8239
43.6444
4.51089
5.78152
9.14035
4.72761
95.6906
59.5401
68.3244
7.01957
4.74265
78.0281
5.57699
13.4731
53.0253
59.5348
52.2787
13.937
12.07
48.8085
4.03525
14.3971
5.00131
4.59736
9.37434
61.0815
73.9707
14.1033
22.8011
70.1876
14.2711
12.1159
7.66032
9.70214
11.1039
49.3078
59.9762
13.1984
17.3132
33.2811
4.33264
8.66586
11.4304
13.7133
66.9454
68.7794
60.1646
38.1144
5.28296
9.41037
59.3757
24.4797
11.678
59.5051
17.0361
45.2688
47.8752
4.68088
6.93474
23.7837
66.8686
26.2588
68.0857
2.84031
14.3196
50.9294
17.5772
19.3905
74.2183
73.2022
7.88166
9.52947
7.16877
31.4787
42.7432
70.715
9.8295
59.9747
23.1069
20.5721
5.42076
7.48358
4.57466
8.52864
5.78693
4.90321
4.65394
11.8576
11.5807
14.5928
13.3122
12.3397
45.7943
23.9596
10.9669
56.2276
4.55451
74.1546
82.0486
59.5966
3.66837
13.4557
78.4821
23.9952
11.177
80.7259
15.3776
13.0647
2.83926
68.0843
6.54053
4.11369
70.2153
9.55888
13.4464
3.55014
58.6152
4.0214
34.463
59.953
19.1719
68.2284
66.3114
10.5373
11.9207
4.16023
12.717
32.5424
59.6232
18.2622
68.6761
72.0995
64.0401
75.3627
89.8453
17.8899
4.66402
31.6759
10.4853
51.8627
10.5944
12.6908
42.6256
8.23759
45.5419
57.4131
31.5401
8.67098
67.815
9.1282
34.6762
18.1562
4.43386
4.42618
41.444
48.6347
39.5393
18.0661
11.6034
68.7705
17.4466
23.0071
45.3178
55.1321
55.0674
59.5338
8.54211
4.6413
64.0524
16.8331
111.511
18.1799
18.0531
18.408
23.8912
52.1058
4.46886
7.69016
67.5766
8.17336
17.6722
3.22893
13.9091
11.2651
52.9946
11.9852
27.2571
17.6926
8.56656
15.0018
34.1399
82.44
4.63443
69.5784
59.4875
68.4007
3.27828
60.541
4.84358
15.6292
16.9862
13.1947
65.8665
3.92275
6.6029
68.5833
81.9277
68.4443
57.0195
17.8551
8.43464
4.81159
10.1325
16.7221
12.699
60.0028
13.2835
18.2529
36.3426
2.91168
11.4277
5.96202
41.864
9.44265
18.0572
30.0093
11.8656
53.7512
4.41518
30.7821
18.5915
31.0647
3.08302
4.12936
11.8868
9.93588
13.8879
3.17576
9.39784
3.73623
14.9154
47.5224
13.9631
77.6628
6.01187
34.5235
9.00389
11.854
14.3346
33.9258
60.8181
34.6304
51.9705
10.1033
40.3575
8.48934
24.7023
16.1973
69.4565
69.4973
8.4833
34.3016
10.5176
8.61493
88.2122
18.331
10.7967
6.20111
8.52351
8.32634
67.793
69.9406
11.4786
2.89485
51.7359
3.77837
71.0048
8.12022
76.6856
67.0539
7.95233
8.46888
16.8955
14.9994
46.5805
11.7537
7.91381
66.797
51.7132
23.5126
5.9506
68.701
3.50404
52.9396
63.5381
46.1005
63.5112
17.7836
7.18328
12.6396
48.4302
52.0074
14.9531
21.4083
14.3943
6.7166
7.47438
10.1477
4.52467
68.1876
68.543
52.4372
40.9498
59.8536
30.2434
45.9033
51.0301
54.1846
16.6369
15.9632
4.53492
4.97109
14.9152
9.96819
46.3426
18.683
75.5619
12.6564
45.2917
8.87567
4.55205
6.56124
54.8563
59.6628
59.5718
78.0871
6.59328
94.4136
5.14167
12.0728
34.6427
3.29091
33.2572
32.63
18.0745
50.2591
4.69148
16.8429
2.85026
4.91371
27.3233
66.5359
8.8343
46.0961
59.6859
7.72879
6.43364
17.4767
39.964
5.9406
68.1887
18.209
18.0417
8.48232
11.8663
12.6824
55.6939
60.5741
8.46723
60.1039
22.5474
7.49162
4.89508
18.0814
4.62019
76.8159
11.3575
18.6299
20.5566
52.1817
4.52141
79.1317
68.7339
16.1108
18.1234
39.6452
76.1933
18.4935
24.4133
17.3687
68.6516
12.6524
21.0565
9.273
5.13739
10.3824
13.2238
59.257
53.7448
5.80194
23.5689
58.6271
95.5652
46.3198
6.94191
9.61812
59.637
4.20311
30.8792
11.122
44.6756
17.6796
3.82469
8.38942
11.5043
61.1336
12.6662
37.2176
52.3462
22.7856
10.3992
17.4335
52.474
6.2741
45.453
3.08937
48.5192
7.29006
5.68061
9.21752
40.5295
73.2371
5.38037
44.2926
6.13712
68.2952
10.406
70.1698
38.5806
4.39176
4.57303
7.8853
52.3061
52.4401
10.2373
8.69461
51.9799
53.1003
5.68874
7.67529
9.82415
78.0697
32.1577
29.2775
59.7859
4.87293
67.9482
17.6989
45.7852
52.9227
9.4839
13.3762
58.7156
3.48796
18.4601
7.08732
9.05653
13.7125
22.1153
59.4948
70.7112
14.3071
15.0282
9.52236
60.0142
59.6993
4.94932
16.1364
25.8918
3.81253
45.9121
33.4609
52.7201
59.9741
6.42987
7.92964
3.02184
78.8337
4.63809
51.8282
9.51283
5.49538
4.33538
49.3023
43.2432
45.5152
78.9215
7.26476
51.689
6.18462
5.12752
4.35517
5.48932
5.5277
63.9246
67.9206
18.6015
69.5799
4.20245
13.1824
13.0239
4.62045
68.4383
71.2802
5.20637
7.19365
51.9684
33.6768
40.1612
10.4949
17.8804
12.1137
12.3977
4.6781
24.9159
20.4702
68.425
3.74977
7.39785
5.86444
13.118
5.84287
7.28608
30.5673
13.0561
5.79165
17.4599
36.0985
13.4978
5.51712
20.0713
10.0486
4.70223
5.07225
45.4062
3.85513
59.9976
4.56765
3.69617
18.2573
76.5145
9.9571
27.3763
55.8173
16.0316
6.53723
9.63704
4.53584
59.2377
68.6162
34.729
21.1595
4.42064
3.72132
18.321
6.75064
3.26634
10.2973
4.05729
5.71277
12.9834
23.4581
13.7876
17.339
9.3843
68.4618
12.1341
3.16507
2.91263
8.67284
57.3605
44.6256
32.0812
69.4221
3.47886
17.4119
77.5177
81.5895
17.5915
46.0707
13.848
61.4316
19.9754
8.11209
9.84658
46.1253
10.5789
58.8733
15.4661
44.2056
25.6485
7.01122
21.634
49.3372
8.43037
17.3752
44.5298
19.8773
19.6967
60.5759
9.68041
51.2439
16.8452
10.5064
8.46287
17.7688
48.8077
14.4033
18.1787
75.2985
3.50598
17.1258
11.7887
79.6746
13.5129
4.32142
16.8789
55.2917
9.33528
9.15897
55.9974
60.0943
17.6884
43.3102
13.35
53.2859
4.68537
21.7467
6.60303
2.57004
81.5128
40.7525
6.93289
8.56208
48.1865
46.5116
8.85319
25.0179
18.0686
12.9171
68.315
10.972
59.9488
4.70833
40.7891
57.0499
50.243
25.1361
81.8522
13.063
36.8135
17.7962
8.77536
18.3122
46.236
14.0944
4.33789
18.3277
12.8652
11.0446
33.4351
5.18819
69.8859
4.84091
40.4592
18.0127
7.45591
59.3242
53.4084
27.1821
9.3626
44.9443
68.1726
6.18379
4.25611
82.3112
6.90952
62.0689
21.3281
51.9913
33.3917
12.8293
17.8679
3.7838
9.46376
18.0132
68.5399
9.27347
5.26564
59.2712
20.6822
17.4464
10.0969
4.65692
13.9304
78.6455
14.1814
18.4997
12.5672
81.5077
68.2721
4.21054
29.4772
4.86728
21.8661
51.9252
59.7214
9.72439
68.2948
7.47102
10.3972
68.5126
59.8097
94.7598
18.2215
3.85969
5.53872
52.0789
13.7729
17.4724
63.7017
12.0707
6.25075
7.14336
51.6975
78.4325
57.0235
72.7072
55.8861
34.803
11.154
17.835
82.081
79.5625
7.0746
4.6236
3.66396
2.76867
39.693
12.4538
111.145
15.6544
14.6426
13.1217
14.4559
45.0702
51.767
59.5244
9.44191
4.3805
4.24921
16.1338
11.5751
18.1851
8.11824
21.7102
7.81341
4.92326
13.4808
36.5667
60.0513
16.8341
59.6682
60.0581
10.1431
9.89194
78.6014
8.62789
36.2105
69.9001
3.45629
13.5876
9.78546
86.466
13.9847
14.2288
59.4353
35.4267
22.6862
5.35946
5.56083
72.4467
9.35488
6.41063
78.5935
17.4556
59.2377
4.2101
17.461
7.6516
45.3835
3.66334
51.6487
10.0906
17.7968
13.5477
7.66473
4.48655
67.9843
68.4806
59.1168
78.233
4.10845
12.9328
7.59085
3.72426
25.5261
13.1415
45.3057
14.544
9.00305
65.5429
4.73471
3.56876
38.9691
6.67208
8.69946
10.2811
19.0009
6.19498
5.44125
46.1143
21.061
17.7704
51.9657
59.4163
18.3164
7.74168
9.67729
88.4939
9.58555
18.14
52.0129
5.49147
20.0721
17.9552
8.88892
11.0904
17.0866
59.3593
77.9383
27.0814
4.29034
6.66388
18.2771
40.7138
39.5819
3.70643
39.7701
13.6148
18.5216
31.0864
21.2078
4.33517
15.006
5.78615
78.2506
51.0814
13.0389
46.9535
10.543
24.2764
69.2047
50.9943
43.2553
5.48668
45.9222
59.5919
5.23389
81.4167
45.879
13.6975
8.64045
3.86702
18.4601
26.4919
81.6126
4.9554
18.1396
10.2221
17.9868
53.7637
15.3327
23.5458
14.0195
17.864
22.1619
45.6762
18.8814
90.2615
78.3438
10.371
82.6576
52.2239
23.6675
26.4162
68.7918
7.96906
67.8912
9.82936
60.1041
51.8429
13.6476
53.726
7.00027
3.56173
46.4893
9.31225
90.0121
50.1634
10.6065
8.60823
7.73637
6.38398
10.865
52.1131
17.7636
5.22288
17.2234
68.2823
59.7894
10.7416
45.3863
5.99128
52.9484
13.5786
13.1867
36.9316
52.2962
13.3235
88.8315
59.3284
5.53526
58.4857
3.16357
63.1889
17.7221
68.5778
16.3352
73.1932
4.49892
68.4909
31.7013
3.45158
11.9005
18.1302
68.6529
17.6199
34.2164
9.56701
63.2723
8.13748
31.4067
12.427
43.7389
4.76048
68.4439
78.1582
13.8923
46.8727
12.8338
14.5454
8.90118
51.8627
19.4341
17.6962
4.6635
7.59431
4.84249
27.4007
4.00995
6.72797
11.7521
68.481
17.6844
17.8624
13.5376
62.7669
67.1053
12.916
14.2027
59.7306
5.65066
52.3997
5.24134
13.9458
17.6554
7.35858
6.19167
7.42416
8.50772
6.65238
73.6787
48.8161
45.6055
4.51621
50.7417
10.6621
73.9427
59.5953
7.99113
9.15356
14.3482
16.2234
27.0571
9.78034
3.22405
58.609
4.30494
50.3834
2.88736
60.3
79.2218
5.63621
23.6427
29.3591
10.2224
30.8723
5.17898
7.82579
43.6922
12.6986
13.8666
49.5431
27.0787
12.6185
68.2719
12.6252
68.4012
17.7584
13.1826
27.305
45.3343
77.9037
6.31159
27.3677
57.7514
9.31986
28.2053
28.4936
66.8979
23.8916
31.924
32.338
5.09066
8.85815
22.2112
46.8728
95.3512
17.5089
6.74336
9.56019
14.3253
4.33235
3.38565
2.8928
4.96257
3.17302
10.4513
3.86436
39.8008
68.4127
6.29176
11.7631
11.263
59.6161
7.98328
3.8829
17.7907
52.0656
12.4865
45.8085
32.8736
65.0223
45.1297
11.9976
37.5861
46.8645
8.15036
51.5646
48.8031
18.334
6.07927
19.0568
4.25735
5.82543
25.5669
4.21224
37.0597
53.643
24.6498
9.5072
52.0186
15.5991
59.7515
2.97233
10.2209
12.8078
16.0166
17.936
9.48327
5.8723
10.5995
7.25114
9.31775
7.0596
11.2474
4.18853
20.1225
4.42727
17.9652
2.82445
66.9931
7.3774
18.2314
18.3014
5.67157
68.5317
59.4082
80.5724
17.4649
68.9232
9.97709
12.6203
59.4288
68.3398
17.6368
45.0571
38.4934
11.5262
12.4118
21.5867
29.9254
22.3903
3.4115
10.4666
59.5989
17.9233
37.6296
2.8143
23.7873
12.6667
69.5932
22.4006
13.4569
78.4817
10.2197
4.98342
19.0053
66.3875
68.7351
32.5716
8.67917
59.2805
10.458
8.61464
14.5944
11.6259
35.8287
3.70933
68.075
34.8085
52.9441
7.76216
7.62562
42.5387
59.941
13.2742
16.9951
3.17236
8.25223
57.8302
18.137
58.9923
52.1391
7.49775
16.5641
21.4589
17.7779
5.40003
21.4249
58.8138
37.7681
4.5353
57.9127
8.56598
18.9012
3.36584
11.8542
12.4024
11.0637
5.15713
39.7294
46.665
12.96
34.0384
6.62137
40.5498
3.16474
68.6619
67.9209
82.0813
4.40651
8.28832
9.33599
2.88143
9.37368
54.1435
80.5994
14.7669
46.2956
4.74396
14.0679
14.4877
13.3706
46.6379
7.09474
55.2718
25.0152
8.04025
61.9387
53.8477
51.8238
10.4081
52.1006
76.4477
12.5696
95.0616
40.8193
45.1296
3.67178
21.5111
49.6183
72.5317
3.51299
12.8079
52.2797
6.72896
59.1166
38.0647
69.7813
3.60121
60.5985
49.2155
9.57563
8.89947
9.37427
22.0834
28.8934
36.0316
52.1343
6.13673
7.64323
17.4686
54.5387
34.1859
7.91739
9.93243
59.832
13.2985
52.1862
48.7986
10.3555
55.5956
12.7388
17.4001
78.2258
6.11682
23.5443
80.9349
17.7218
20.5609
8.59304
4.72601
21.0539
4.82809
4.58923
23.4628
13.0522
59.7438
3.41169
51.7282
86.3911
51.726
52.3015
5.18719
82.1883
68.8086
60.7473
8.36606
81.1642
7.1911
78.4315
33.1565
26.0533
51.2956
4.43982
7.92902
57.8033
34.2671
68.9186
43.6734
18.4471
6.69789
12.1778
13.5063
18.1991
22.7916
11.6985
6.30125
4.29784
14.8997
5.4999
45.1385
14.7215
45.1006
56.5352
8.98151
7.99058
59.563
52.2284
43.7322
8.13042
12.3023
5.9424
23.1536
78.433
7.64943
3.08268
6.99593
6.99863
11.6128
45.6929
6.5007
21.2278
57.3516
5.36557
15.3872
8.06496
19.8859
44.7489
41.3278
9.5408
11.4248
8.51371
17.8803
13.2494
8.88238
12.8718
18.0684
25.4834
68.1723
51.634
4.28476
20.0407
52.4729
8.9544
54.6279
45.2396
14.4631
78.5528
5.22844
95.5614
38.6367
59.3122
18.1307
6.74251
49.4448
3.59428
39.8803
11.192
45.0991
5.32282
59.3228
12.3466
34.6082
5.41933
8.61023
49.0259
68.4955
10.3191
5.53603
4.50659
5.3919
61.3638
25.0205
18.044
17.8381
26.7931
51.5163
59.6313
8.62454
12.7735
10.5761
60.1719
67.8503
59.8716
9.74067
12.0245
7.15034
39.7428
67.9795
48.9108
78.5064
17.2623
7.27082
9.39559
8.61708
60.3582
3.54008
49.4882
8.03813
50.4719
14.0283
68.5587
91.3172
46.0598
79.2099
68.0607
21.057
10.091
26.7129
15.7452
12.5128
25.5245
52.0851
59.3049
7.22918
26.4181
59.8786
5.46114
15.2023
28.5907
31.2424
6.90526
12.3156
17.4783
82.1537
36.53
78.1564
52.5205
14.6912
43.3281
59.5444
71.7047
9.5763
5.52902
7.02854
8.96981
9.36754
5.4967
87.5565
13.2292
7.9356
68.7956
27.8297
7.02298
24.2622
4.48036
18.7546
82.4023
41.6953
4.38901
17.8583
78.354
21.3666
56.8764
95.7078
12.7699
54.5201
59.7266
68.6582
77.9804
17.0403
59.3908
12.5521
52.0565
10.4029
96.2467
8.56925
12.5647
37.555
12.7138
10.5517
52.672
87.0111
53.8512
4.13508
11.5102
51.2299
17.5912
51.7016
17.2066
17.191
8.90914
68.7978
44.8111
2.78153
51.4843
6.92207
78.7211
12.6422
3.37932
70.423
58.9623
59.7009
8.65487
3.63307
68.543
5.30172
67.5988
4.08297
59.6351
57.7251
4.64806
19.1714
67.6327
4.03589
21.2109
4.93094
69.6125
38.2383
61.2054
3.52501
19.0265
10.1484
10.1733
7.34337
52.1187
21.713
8.77989
36.37
4.00858
53.3984
4.95436
11.6878
59.5579
3.91942
51.3941
10.9593
60.5226
4.49523
6.08291
65.602
12.1928
9.46473
89.8443
51.9182
59.5403
14.2445
8.9951
68.8411
44.9317
5.40172
4.54102
51.5557
25.8206
68.6299
52.2341
3.3607
18.834
68.0547
20.3912
5.64952
7.59439
9.43561
3.90525
17.9886
53.4279
52.0106
20.4445
4.19097
17.2439
41.8358
12.0036
10.3644
95.3499
33.7389
9.36994
40.0487
78.2331
7.37742
45.6122
4.84125
59.9855
41.8372
13.7443
68.6667
3.49088
21.2803
3.53482
17.648
23.9978
13.8463
59.7864
39.3331
6.81529
4.29713
21.1667
4.06445
18.5293
3.67302
69.4224
15.8377
36.1373
66.2387
3.61987
59.9707
7.86766
89.8447
6.90561
17.6612
26.2083
51.4621
21.724
9.91939
4.38902
17.02
52.4415
69.2858
13.2506
9.52971
45.4654
5.75289
4.88675
54.3679
6.66748
68.481
24.4907
17.8342
4.34129
39.7062
3.78985
66.8878
59.3283
18.3759
59.6884
13.6141
52.3294
13.2112
8.03669
4.50259
7.22829
67.7561
67.9779
2.85001
3.82691
4.52287
5.06723
59.1001
5.8012
5.09366
11.2313
6.85014
12.0552
37.9867
18.3262
28.6016
21.2455
7.77491
59.8583
8.77733
25.4179
21.5598
14.2643
7.09119
81.4341
7.71649
58.3222
5.66183
68.2709
43.6018
45.6792
78.1722
3.84701
18.4434
15.669
3.06601
59.6007
11.319
70.7132
59.4939
13.8191
7.46465
19.0823
5.35941
14.811
11.9302
68.1334
11.1265
18.8029
5.03473
11.8134
24.6363
68.5429
12.5211
5.58256
68.7578
15.1369
58.0654
59.5138
12.1289
3.03746
8.3886
17.4178
59.9323
40.7062
56.2044
16.4654
52.2818
63.1469
17.6061
4.3622
52.1237
8.94346
3.64915
4.58374
52.6353
7.38118
31.1534
49.9739
45.6809
9.31268
61.6681
50.6489
7.61653
41.1892
3.69829
13.0094
6.03432
52.1172
7.32378
6.65534
5.70469
17.5347
51.9309
52.1871
11.5605
18.0441
12.7859
68.4374
18.3034
9.44359
6.48383
21.6616
60.1189
19.9585
11.8374
42.6455
7.14052
4.46679
11.1257
19.7079
14.0848
44.3553
18.3327
4.42857
21.4928
46.6942
10.9773
7.95269
5.57029
16.3705
70.2386
3.87526
3.15234
3.28105
24.253
9.0093
2.72392
4.91416
18.7365
18.1316
9.43942
8.00815
8.45458
4.17232
10.2345
13.7166
16.413
10.637
81.4129
13.5394
22.0179
30.4391
12.5762
7.39611
8.08325
12.7338
68.4429
59.6413
12.4222
12.825
15.5187
8.51521
5.22384
4.02285
11.8455
14.3272
57.856
10.8026
8.37828
7.76072
10.1428
61.4549
52.2869
7.60769
77.4843
11.8784
17.9207
59.7582
58.5495
3.47582
51.3795
4.65295
6.49769
60.4961
14.4474
92.6732
14.7114
59.772
9.83095
37.4258
60.1383
18.0762
9.49495
11.5998
65.0721
4.39936
59.6441
7.2389
14.1529
17.9252
13.686
7.81319
47.7923
7.38791
23.8158
7.1858
9.82373
8.88118
10.4064
66.4509
20.3157
9.06987
3.42438
10.7423
4.64841
51.7878
67.6176
7.76149
54.616
42.1377
67.7821
61.1788
48.1431
59.2939
4.70366
68.813
37.7581
11.5984
68.3012
5.27115
12.3535
95.6913
10.0997
11.0071
11.8523
9.27462
55.1955
17.4598
3.99381
60.1284
8.73541
10.4678
95.9379
66.35
3.48633
5.24096
3.74111
6.81518
11.2297
4.64012
4.70891
8.81106
4.40995
68.0837
49.8866
63.0114
3.40987
14.0565
19.8407
68.338
7.9758
10.2217
6.10808
4.80602
45.2604
79.4713
59.7285
59.7597
14.2281
60.1638
15.7748
9.2546
16.5899
5.00685
14.759
18.0052
11.9314
3.36877
11.498
46.5304
12.242
8.05785
39.6433
68.7609
68.2722
17.6522
10.4378
59.9448
6.46376
4.76364
8.48883
5.27298
43.7562
18.2138
4.28984
68.0842
73.7263
7.13609
7.48203
68.3702
59.8362
80.1658
78.5967
13.4743
68.1301
59.9522
40.6324
13.4998
53.8546
4.58863
10.5563
11.9702
18.8033
45.4081
26.2124
70.6262
4.96442
18.155
59.5397
3.17419
45.5076
55.0663
43.4248
21.4847
13.2383
17.6436
67.8914
17.7567
20.3694
15.8231
22.7956
68.0617
42.941
20.8146
69.8225
8.05083
43.9643
17.3283
4.74252
26.7309
9.00352
46.1092
6.40059
59.8951
60.5643
59.4144
11.8791
4.34796
6.63883
12.3147
10.7568
8.48743
4.55118
10.3228
78.1529
38.5941
51.8234
21.9112
24.3043
52.1175
5.24453
52.1072
3.99354
59.41
9.41999
5.09029
58.7023
3.24403
4.37633
39.2315
57.1425
54.2752
43.7331
52.0986
3.14111
11.9192
15.5179
15.3264
5.26178
2.92034
7.5628
6.08272
56.5141
78.2968
22.2783
46.2512
11.7761
51.7362
20.4589
8.8642
59.5997
51.8831
13.3997
3.36653
8.48668
68.4799
77.6272
25.5229
13.4136
7.04404
59.351
8.8488
17.7327
7.39594
10.1109
14.6865
10.5483
67.7944
10.4195
14.4878
23.9822
19.579
4.18982
52.1115
13.2337
8.5354
55.3386
4.04307
14.6822
14.0926
90.2589
78.0686
59.5963
18.2403
68.0618
78.433
8.55397
58.479
66.5779
18.0644
66.9454
3.51888
13.4401
67.8903
68.4352
11.5884
10.6999
94.3498
7.17959
5.27182
12.9878
10.8395
75.4454
3.28005
18.2531
46.6824
11.4875
15.2522
92.2605
65.5782
4.99694
9.47527
68.3709
11.3171
17.5927
50.9417
34.4084
11.9131
17.9704
47.3307
45.1754
51.8964
13.0666
50.827
4.51875
46.0465
43.0603
9.25073
3.63204
3.36864
81.5268
59.514
59.9333
6.35657
59.7951
20.77
11.6706
8.96729
67.095
82.0935
67.8148
45.5519
8.38017
10.9366
43.3058
9.9723
4.05628
6.10025
30.3056
48.1879
3.74363
51.7826
13.0875
42.4782
21.7085
17.1283
10.55
7.60599
52.9093
51.7181
37.6258
5.49521
58.9083
3.08513
8.81702
27.1999
51.2047
29.6273
6.3464
52.3084
8.56678
46.3508
11.6685
67.8323
68.1872
45.16
78.3534
4.63319
5.14269
44.568
8.64417
11.5397
60.0973
59.2706
59.787
31.8475
9.8157
79.1745
25.9045
41.7991
4.78965
15.6661
26.933
23.5133
8.55996
4.77103
66.8336
67.4251
68.4784
65.9924
40.2046
4.2394
20.0875
12.5479
7.24607
4.40959
68.7577
17.9806
5.86458
6.45039
8.56324
59.6187
8.52735
5.91418
4.68061
5.48657
38.3486
43.7064
6.31696
18.5414
12.029
6.93886
7.72836
18.484
68.7626
35.5535
9.36376
8.92575
7.96526
11.9678
11.4497
3.83232
3.2201
22.1986
5.85328
45.2069
11.2348
9.17994
17.7964
68.049
76.0893
45.1166
78.6454
75.9471
6.41229
3.71913
45.5549
13.9727
6.55409
14.0811
68.6738
48.752
12.8988
57.3083
14.1996
9.90107
18.5081
26.4609
19.8921
43.1969
4.60263
78.6448
10.8557
14.7908
58.9072
71.2505
11.9145
18.0116
13.2621
8.72
78.1328
67.6336
3.21473
37.626
40.9672
14.1899
4.79985
4.33451
68.4341
53.5684
18.0166
3.89647
16.4499
54.0824
62.7458
17.41
12.0549
17.0628
5.69412
5.45513
9.09079
13.4306
10.0297
10.3851
51.7481
59.7611
36.1938
79.2759
5.79972
3.83308
39.5887
22.9954
8.46537
50.271
36.4148
10.3868
15.4776
7.64843
18.0795
52.2447
3.22719
68.2958
8.74896
17.2951
40.2336
45.4055
5.18036
8.89281
5.56738
69.2481
7.99873
10.1248
4.75142
38.3604
50.5648
7.34379
68.6982
3.18293
25.4789
75.9526
66.3809
29.5227
17.6345
67.8144
62.2659
47.5679
73.1088
14.5393
34.9263
41.4211
9.71707
39.5375
59.344
6.06431
56.3485
77.9296
40.6444
12.8173
3.65768
67.5036
62.706
5.59079
8.54757
67.9881
26.5729
16.3186
3.16743
15.2672
2.65433
35.0718
47.5003
4.43088
7.72031
6.28907
17.8507
58.8259
62.0593
43.3608
51.5552
45.4982
12.2609
60.4526
45.9208
14.1771
56.3408
51.8849
3.05762
69.6692
8.82831
24.4904
7.53641
44.1476
64.5904
13.8384
13.5282
80.3708
26.5061
38.9385
10.449
7.34504
7.09053
17.7107
45.7425
60.0467
14.0099
17.9891
8.81352
8.68168
7.59571
22.0623
14.5142
6.58949
5.92531
89.8442
10.4692
10.1409
16.9076
68.0623
35.1165
12.249
73.2655
61.0907
6.123
39.1183
40.0149
68.6555
12.3316
7.17374
10.7101
24.9087
68.4801
48.2917
94.5947
52.9622
34.6502
62.5376
27.2287
89.84
59.3706
4.98689
6.0204
11.7032
4.60026
39.5476
18.3811
4.49228
73.9289
50.1996
39.2977
9.39846
45.2554
18.1458
52.1175
18.9505
26.0585
89.9013
52.9791
51.8873
57.1859
11.6937
68.3945
55.6293
9.78241
6.78823
4.92561
8.47582
4.59114
12.7981
68.0628
78.4806
5.95448
31.6228
24.6528
68.3065
59.7803
68.5916
3.07473
18.4841
13.8926
5.03262
59.2193
53.7695
52.2664
58.7596
3.5349
3.80461
19.0056
45.1065
9.30597
81.6114
45.6259
37.9994
10.3276
9.39758
14.7878
7.73909
39.7356
7.0957
68.6543
18.227
52.8466
5.34751
50.9132
5.86375
10.5562
68.7363
4.53477
8.80189
7.45547
51.073
53.8935
5.29911
16.8143
59.5776
60.3656
10.8848
10.4103
8.47713
19.7111
12.4603
21.9826
13.823
10.1005
52.375
15.1861
18.1658
12.955
2.43075
4.24745
25.1484
45.4151
47.896
11.1932
9.558
59.7427
49.0547
8.14791
24.48
26.5533
68.76
64.3724
7.26909
13.0884
8.83239
51.9284
5.12437
19.4201
59.6259
17.4278
6.30464
56.7496
5.2515
3.66387
7.15404
10.1032
68.2936
68.6312
4.81295
7.69316
5.02678
38.5725
5.96999
12.0729
51.556
52.2663
5.54752
5.92918
15.4328
8.61716
4.40929
3.26553
38.5266
58.2031
69.7885
12.2427
68.6974
39.5776
5.48665
10.3008
59.5438
27.4026
64.0896
46.5151
52.2199
39.4212
9.06448
45.386
24.3151
68.8145
13.5988
13.0346
53.9709
4.18364
2.44333
78.6009
5.81082
60.7682
78.6024
59.5478
40.1341
49.2451
4.48746
19.1889
8.51514
66.8017
68.6975
57.8015
5.67398
96.0285
18.1946
18.2008
36.4364
51.7563
3.36081
59.2658
39.9187
70.4928
67.8149
59.1882
48.6786
15.876
17.4924
9.61583
4.9456
2.56521
59.4165
10.3472
6.57014
13.0266
3.74279
6.61398
10.6292
13.914
19.7136
4.78356
11.3064
45.7951
5.5943
4.32538
6.8024
53.8051
7.21753
17.9598
5.06232
4.31587
51.4887
4.9223
8.7673
67.1646
45.6929
59.206
12.2112
78.3527
17.4857
4.34409
47.9956
13.5308
21.3319
8.4037
12.7026
20.3899
16.1326
9.75725
34.1726
60.7963
9.19132
4.88298
81.2146
9.52618
23.8383
21.2858
67.4573
72.1914
48.8904
21.5789
69.7065
8.10721
8.5056
51.6221
48.0452
48.559
18.2432
68.4135
9.20156
4.34195
43.7022
3.80446
14.0414
54.0465
13.7411
14.2048
14.7045
4.59134
18.693
67.7948
13.679
19.0463
17.9059
14.8897
30.6785
5.61597
23.8347
49.6045
23.1677
71.0041
75.52
17.5533
58.8638
95.5558
75.6991
5.1045
23.1319
46.7805
59.6409
66.4934
26.5574
5.84878
21.5664
68.3697
7.58984
5.82271
8.41674
12.3231
35.9858
14.4038
4.45875
68.152
9.33348
48.8538
34.3246
9.37435
12.928
60.6374
4.1313
13.4141
52.2486
59.3526
10.7604
8.56063
23.9969
67.9941
11.3111
7.49703
39.503
3.06245
60.174
81.8273
48.9621
6.03916
13.376
18.63
67.038
60.5045
3.51169
7.91696
5.41706
6.22808
3.88873
9.91747
26.4184
11.4404
60.1672
4.89914
61.046
12.8244
59.9319
23.8448
59.8291
7.14592
28.522
78.5757
4.5725
45.6712
47.7231
55.6883
61.9558
68.1307
10.8155
111.509
10.3966
16.0616
18.3727
3.86433
7.88194
52.2271
45.508
82.7395
59.7891
59.45
8.6609
3.3584
68.7314
15.7834
3.8001
4.28113
59.637
5.14551
47.696
8.0439
68.7318
18.2316
3.78153
76.4067
62.8872
59.4484
24.7001
9.63782
14.1386
5.52901
23.724
62.6105
14.6197
8.58748
78.5955
66.5309
9.62601
68.1648
51.7365
4.73802
18.0938
5.2451
59.2659
11.8956
13.142
59.6937
5.65912
7.21135
5.08464
14.1295
44.3091
47.323
61.0157
68.7325
13.9939
7.7183
10.5401
8.13809
8.26029
14.4116
86.7384
53.7622
5.48438
3.36996
60.1033
45.5438
46.5804
3.79181
4.86135
11.1149
18.73
6.80627
53.1565
58.8238
8.67694
59.5545
17.5705
58.7969
5.00928
3.62564
21.6621
78.7481
18.8541
58.3581
13.2617
18.3994
8.76504
35.7963
58.298
18.0627
4.28062
13.2435
5.4341
59.7487
78.9755
14.8466
5.83899
8.53198
7.68543
45.3515
11.3362
68.1928
12.595
15.048
10.7582
17.9176
70.1287
3.48506
4.6053
45.144
7.7294
8.42605
26.7472
5.63815
38.8574
8.93424
10.1886
7.18054
9.08899
89.8453
45.3667
44.4134
4.85058
2.87885
11.8107
6.672
95.9368
25.6355
9.27365
17.6753
12.9229
17.1336
8.87398
13.3295
82.0086
52.0196
62.4372
11.4899
51.4814
22.0789
11.4403
45.0796
8.4016
18.902
51.3864
6.32331
60.2014
3.58081
6.9745
4.74136
52.3808
92.3135
9.05062
12.6722
67.0876
7.19299
3.59699
51.8078
9.26241
8.36032
7.65717
15.9452
9.92228
14.3622
88.7946
60.6695
89.8453
18.0923
59.536
81.5738
9.0587
13.2429
16.9499
52.8658
45.1717
82.3105
50.0244
52.0895
11.0324
11.967
17.9408
13.6736
11.3907
4.47292
4.13026
25.9262
8.14983
51.9287
51.0613
21.2431
37.2146
19.4113
51.7873
68.6024
74.1642
52.2146
50.5456
89.8333
51.729
9.82685
21.0516
18.3355
4.06431
8.82191
52.1368
24.1857
17.8579
19.0551
17.0942
17.7921
52.0514
5.18797
3.45045
17.3318
62.1164
28.9872
5.07935
60.504
8.53452
39.7532
4.6493
59.4289
28.0719
80.0227
59.7249
13.4027
9.93433
8.30336
67.869
7.95389
59.696
17.9767
51.9401
8.60812
21.3771
29.9976
9.40536
24.2382
52.2789
11.98
60.6657
33.9956
12.4996
34.6591
8.19507
59.6796
9.5657
4.34165
7.30225
8.18453
68.1732
78.217
59.7492
12.7806
19.374
12.162
60.4692
78.6009
68.405
5.11455
18.335
68.9985
3.85055
52.0599
12.2879
19.0963
14.3603
6.0631
7.98445
51.5645
17.6186
4.07057
4.85327
3.79381
8.14252
4.42806
52.8418
6.6647
39.4652
9.72736
14.9486
11.7062
7.65728
72.6378
59.2626
17.9018
14.5386
51.9287
8.38245
4.85353
6.3122
46.3719
7.154
6.57
50.743
9.30507
10.7216
6.87713
59.6752
53.5956
16.6032
19.1774
44.2522
4.83839
44.4395
7.09231
52.1365
31.4127
32.0628
68.4258
3.65753
2.75676
18.1007
66.8435
12.7068
12.4804
33.6962
68.0714
4.65751
6.77373
17.9501
6.12311
68.5112
18.7553
59.7838
40.0786
9.47491
16.1483
35.3912
17.1062
14.207
68.7456
45.8102
18.3377
9.37129
9.44134
4.37377
4.92267
44.6863
70.3127
17.4958
25.1466
9.74867
11.0821
68.6976
58.21
17.4752
18.3136
67.8067
5.55139
4.08615
4.3603
7.93346
5.62602
4.6258
3.1389
17.4839
65.0004
68.8541
3.71425
6.51374
8.86674
13.8413
10.3946
13.3552
12.1729
20.1369
12.7373
9.66465
10.1925
21.4249
4.34391
5.0731
47.3775
12.8881
4.43243
4.39158
17.4761
9.43184
13.6393
17.7227
4.84877
50.0467
3.86503
8.5913
68.2948
66.3761
74.8473
16.9538
18.2399
9.4102
8.43817
20.0721
45.6931
60.1915
5.64615
11.624
34.704
69.1561
95.5506
14.6937
4.57982
7.71517
21.4645
4.41848
48.9626
9.44337
59.8292
9.9808
35.7984
17.8071
5.14065
75.613
4.39604
8.41375
7.00168
60.0655
14.95
4.22912
11.1487
67.8989
6.32518
57.5348
15.354
11.1977
67.6791
8.12348
5.8226
11.3228
59.3243
4.6754
59.7477
52.5021
78.0678
59.844
17.507
8.20609
12.2856
11.3788
59.5139
8.6993
59.7747
3.26431
18.695
45.6603
59.7901
18.0228
49.9488
45.2238
8.6869
79.6292
3.79999
4.6588
67.9297
7.5991
59.7278
57.3308
79.371
86.1687
50.5861
12.4901
3.57648
48.2266
51.8794
4.30155
13.5195
18.3365
17.6324
52.1871
23.2187
46.0018
68.1946
6.86005
19.4632
3.82387
22.061
46.2597
24.286
9.22306
68.2757
17.8481
12.8585
14.6253
17.796
5.65689
8.3758
41.2269
9.85249
63.6169
18.7657
45.2296
7.58164
3.91943
21.6509
5.06425
13.135
10.4152
51.9867
95.5649
10.1005
9.35095
26.7178
8.56488
3.66858
5.38255
8.70534
18.4457
59.5227
8.55349
42.4658
6.2007
15.0052
69.1494
10.3828
3.61012
47.2653
14.967
10.4005
14.4503
5.29875
11.799
59.1995
52.3405
5.42251
3.77382
9.47241
12.6983
68.338
59.5994
68.3379
52.2422
2.80931
11.5207
10.5939
10.3881
78.2194
59.979
52.7451
9.23523
12.7364
17.3955
7.34811
19.0249
78.0456
82.8194
4.18147
8.43021
66.4099
59.4142
78.3997
5.04063
7.39511
38.2094
4.43323
10.3589
6.12103
4.12857
24.2478
10.3317
17.9785
5.2614
17.9048
17.7458
2.74081
53.3273
4.28012
14.022
11.1927
7.09407
6.10819
12.0309
89.8422
51.4727
10.3651
18.1536
15.0797
7.20445
33.4927
5.591
40.0817
66.8166
2.81823
8.82914
2.60634
7.50025
16.8705
56.2649
61.0785
3.07676
66.5639
4.68527
43.5813
58.9623
9.87955
9.87493
77.9126
9.44989
6.81568
14.0736
7.08607
51.3868
48.3535
5.22275
3.64366
14.3605
68.2732
17.4768
59.9189
9.24713
6.76055
6.57288
13.5476
9.76731
9.73223
7.25611
4.53085
3.39295
20.3795
7.69969
27.2054
54.5794
11.5703
68.4873
42.8314
4.47851
75.3308
21.4193
59.0846
22.9285
7.93497
60.6889
7.74661
6.07455
17.3877
2.55002
15.3223
10.2285
26.3655
59.1095
8.69233
44.0632
4.73454
3.63366
16.1891
51.6842
13.4804
51.7349
17.4903
12.5258
11.6246
9.53551
17.8547
95.2357
35.7659
20.3518
32.9255
23.4843
18.1244
18.3844
13.251
4.53224
3.86261
20.2433
15.741
4.91559
69.6666
89.8447
34.4323
18.2988
44.4236
6.37979
23.9047
30.8359
26.7042
3.28161
3.92692
32.7462
7.26773
73.2944
52.7652
66.1294
40.3121
3.65784
8.91507
59.666
37.4579
3.45298
28.7824
19.1966
18.8543
7.014
78.7321
10.6438
7.83285
51.6165
6.71279
17.3402
5.02493
4.65025
9.39781
59.7604
78.1568
5.48275
5.72836
57.6411
21.1873
38.6722
3.91867
8.17926
9.64073
22.6176
30.0728
26.6179
59.4789
6.69519
19.5685
68.3273
40.5566
78.4326
17.2392
3.75934
5.68851
3.73669
43.9914
8.30266
8.79754
10.1181
7.81614
14.1106
10.0824
4.47901
43.9601
25.8339
82.564
7.69098
38.9121
14.061
6.85737
52.2446
80.8786
4.4269
52.3246
53.2126
13.7414
16.4259
4.57025
64.4912
5.69981
11.0962
17.7334
16.5142
45.691
4.43109
5.73155
14.2731
59.7581
95.5994
60.9865
14.0973
11.4694
38.4551
8.13144
59.3448
70.5145
68.2704
66.0472
4.47093
59.261
18.0853
16.4368
53.1716
14.8585
3.60789
37.0862
34.4061
38.9635
12.6274
51.6448
59.8196
45.2637
68.6169
19.7337
48.3259
9.37599
68.4904
6.3204
81.8469
68.2774
19.2242
10.4024
9.22443
4.30578
30.0379
59.1412
9.96665
70.9338
9.33848
68.5858
4.02873
6.43797
18.1257
52.1813
68.3152
18.5817
7.54656
10.2172
68.4149
8.79603
26.4611
76.8044
64.6717
14.6619
4.3659
59.6665
17.1383
7.58756
19.1783
59.2076
17.4358
14.9433
3.54805
43.5444
39.7436
11.8107
25.1134
9.17371
32.0952
3.5489
9.23066
7.88394
59.1372
59.0379
5.50831
4.46686
8.21781
69.5446
29.8284
15.6924
41.2597
12.9328
17.4692
19.0751
8.43078
11.6066
6.03234
51.9751
52.0386
47.8315
9.24787
4.78443
69.7269
34.5546
59.5869
68.5248
11.3892
10.4846
6.63348
8.94619
14.2483
50.6272
13.3963
5.85312
10.0148
48.4383
5.41909
12.7605
9.27897
25.341
4.86938
4.10725
14.7384
44.9394
31.6181
7.44914
52.6393
50.716
12.9141
17.4683
22.0656
8.7083
8.78531
9.45104
7.87078
9.94624
68.3108
45.5343
5.48115
9.5983
45.5422
17.7454
4.87518
7.22572
21.5643
30.0678
81.5275
68.6977
8.45522
5.99301
18.059
21.4758
60.9506
7.7687
48.4778
21.2982
6.00974
13.9271
52.2994
3.67267
57.5117
11.9586
52.3574
8.57879
52.6533
59.7656
82.0485
11.3053
59.7581
13.2157
17.6296
10.966
12.8299
17.8647
34.752
68.7321
15.2538
59.4285
6.97027
9.49294
70.3852
17.2432
4.30157
4.00176
61.1605
45.0054
4.45706
16.4075
3.5786
52.1432
6.01816
23.5897
8.28778
26.7726
68.4914
68.2826
9.04376
3.90938
3.53446
8.06487
69.0842
54.5859
8.90806
48.5556
59.3548
51.6026
22.0057
10.3353
34.7254
3.6378
10.4154
7.88201
45.5756
59.6443
44.0751
6.84419
4.14159
12.7454
15.7853
68.0028
6.22002
11.4712
7.12955
20.318
59.6893
8.45057
14.2082
59.7894
70.6288
17.7694
52.0942
11.8607
68.6865
5.72004
14.7938
42.5919
57.2001
44.4719
9.11521
75.6082
5.0636
57.7296
60.9457
6.61062
13.1366
5.79888
3.71361
50.6472
3.84024
10.5254
70.1274
58.2095
39.7828
3.81424
68.056
8.55742
6.15614
4.78564
21.1455
11.644
18.9293
15.5248
9.41955
6.47536
50.0408
3.57133
13.175
68.2704
5.83537
6.60804
12.8913
18.3857
18.0177
13.4139
10.659
18.8403
13.2422
6.39143
30.2617
9.42673
23.6741
3.97657
69.7846
5.77628
59.5443
10.1271
13.4032
4.16544
7.19985
3.38822
45.9486
6.6986
13.5045
68.1633
13.892
56.0511
11.7112
45.4677
20.976
78.4773
5.19248
89.1164
52.8912
6.02837
3.17681
61.6237
7.07853
45.3718
68.7741
17.7136
17.8677
19.8746
8.37113
5.9317
11.6601
8.55935
9.01945
9.49623
6.66655
17.2767
6.20718
22.6644
5.20178
17.0145
18.048
29.0083
52.0713
45.4037
23.3378
10.4265
17.893
16.1218
22.8577
4.96997
12.3327
3.76903
21.7195
62.2738
4.06207
17.8769
13.8899
76.8555
80.6574
23.7147
13.3912
5.65767
35.262
3.60729
14.9947
8.39536
9.8287
4.28179
51.2311
52.0092
20.3729
3.62617
74.9662
43.1037
74.6683
19.6296
2.83268
9.11724
59.4527
8.57443
9.60443
12.6888
10.1993
18.4268
34.4276
17.4546
51.4403
4.88019
77.6263
33.6654
6.49675
61.0319
15.5751
16.1712
68.0098
9.49606
5.84319
35.2947
12.9105
10.3472
23.8532
62.6177
52.2335
32.893
4.05831
44.9197
14.7308
6.90353
7.41221
40.6627
55.5633
45.338
11.4153
44.9862
7.65468
7.703
2.88479
13.6235
7.00725
68.6924
9.44517
18.0314
51.9258
7.17743
67.8915
51.834
61.3881
62.3255
46.022
34.2943
59.6444
4.41678
21.9192
4.4378
8.11572
11.743
8.39264
66.8072
14.1503
59.6989
68.9185
67.7932
5.41895
11.7911
7.36141
60.2494
3.49841
9.01463
3.37551
11.5388
19.4546
18.17
4.42045
5.47831
13.958
67.9555
45.3962
4.5941
51.8739
4.45342
10.7173
7.84984
39.5929
9.85118
10.0164
18.0952
57.0943
78.4319
92.363
3.83335
68.7996
12.672
4.71094
2.97098
5.33506
60.0625
62.7416
46.4701
32.3145
19.1141
4.07211
17.1683
17.7975
7.50306
21.3806
20.5407
28.2822
67.6461
7.58704
6.66439
110.474
18.1875
9.17419
52.1854
69.3998
67.3103
68.0555
36.1474
68.3203
8.44258
3.06304
21.5291
5.85951
58.997
45.4091
39.5051
49.6844
5.97107
54.7628
14.0962
3.44029
59.6364
41.423
11.5242
58.5198
64.9805
4.27992
57.4831
11.7959
12.7148
73.8601
78.7034
4.99232
32.3358
59.6744
5.47017
63.3238
17.6003
11.4818
11.1449
2.46738
17.1277
67.8138
16.5159
9.49057
52.5438
19.3591
18.2014
6.17192
59.6187
8.49847
25.7916
10.4786
77.7125
10.131
7.67522
12.0858
6.09265
45.391
36.7691
8.93895
14.4983
9.39767
4.49593
48.8239
17.8928
11.4206
24.9442
68.2273
10.2814
39.6618
18.446
69.2431
40.0878
59.4365
16.0208
4.69507
14.1261
75.6756
11.663
4.67649
7.141
5.43941
14.3867
78.5958
12.5218
12.6538
5.35238
5.96956
18.309
7.08331
3.45758
11.0926
9.04001
43.6831
27.2793
7.32332
2.85043
59.8522
46.8198
89.9007
45.6369
59.4874
12.8741
14.3938
22.6947
5.38323
41.5434
9.81612
50.8738
18.6338
10.926
20.3521
80.0356
45.1763
17.9405
7.82096
32.1784
40.5651
5.65161
3.19263
55.8401
44.7608
64.6441
18.1429
9.33403
77.2273
18.5941
59.6375
14.1682
6.87131
58.3064
5.18829
4.91492
78.4806
5.55268
13.1083
9.27838
68.2955
4.98605
4.49146
78.0439
5.95544
60.6153
52.2261
12.3948
13.2972
5.9549
54.5644
21.6494
43.7568
9.29741
5.38374
51.5818
35.005
6.50642
78.0438
6.1802
9.42495
11.5896
79.3076
13.7128
68.2006
20.5976
5.58437
59.5387
12.6712
10.5466
59.4939
4.22777
34.7681
12.9083
2.59278
21.4296
68.6984
5.88955
8.98752
15.0507
18.5359
89.7764
17.2347
11.8971
3.95713
15.9981
6.94233
68.1612
18.4041
45.6412
70.7567
3.71147
4.52374
4.37976
6.80597
39.6539
18.2948
8.93903
4.77916
14.4091
78.6443
17.5287
79.9061
79.144
13.3777
6.22864
5.82805
7.60776
47.9626
7.64812
19.6692
39.0285
3.26083
111.291
14.3788
24.1459
2.92013
45.307
16.8979
54.1384
5.34104
2.8269
6.54663
19.7038
54.0603
59.1827
10.3806
3.20298
68.4696
51.8679
6.15385
19.3169
18.2243
89.8544
58.5942
9.65195
52.1063
3.24431
62.605
21.6777
9.42711
14.4629
78.0799
8.98135
10.6017
13.0969
4.89932
17.6283
80.1786
5.52348
8.3576
6.18414
59.6025
10.2043
29.6081
38.2321
54.2821
40.956
59.7472
17.4565
10.6315
17.6295
59.5386
13.4038
53.6541
3.89075
17.7454
17.9721
7.72327
21.6704
4.97859
11.7747
23.8168
6.27663
67.9614
51.9368
2.82512
6.01847
10.5689
17.3009
14.7018
45.1928
17.5566
59.9977
4.3665
14.2033
72.6254
5.75159
11.6658
39.6405
4.87621
4.30632
59.7139
3.80722
40.2632
62.8529
23.5759
9.31955
68.9765
14.0962
40.2853
9.67144
17.1317
13.3079
18.6404
44.6184
68.4935
10.4206
39.9453
12.3411
4.98602
11.8222
7.52086
4.65385
42.1182
18.318
9.35549
17.5171
17.8944
8.61787
45.8652
3.54565
31.0217
40.9613
14.4719
10.0846
8.19462
3.16435
7.63729
12.7772
3.47581
10.3651
15.1556
39.2692
50.9231
44.0279
52.0122
4.70483
3.44005
5.99441
5.89601
6.4825
11.478
14.5037
4.41066
17.4207
43.8168
14.7401
12.8121
8.89765
66.1619
34.2117
15.1026
40.7869
45.2077
3.3545
59.3232
51.1899
8.52321
17.6164
13.4142
13.9048
49.0506
10.5636
3.28878
7.3108
5.2829
52.09
68.3307
33.1974
68.4009
5.02524
52.0188
51.1493
8.90602
13.16
5.66509
56.9785
72.056
7.1765
11.4419
13.1725
14.4954
8.52082
9.59871
43.2612
59.7424
61.5349
3.25528
24.1965
13.6258
32.7136
36.6709
32.7156
11.5795
8.57735
81.565
11.4771
14.7893
19.7236
59.157
24.2234
7.45843
23.8956
59.3341
26.2109
10.0045
5.8633
9.51522
14.0546
4.20942
5.58047
67.8909
30.6068
9.94429
5.53917
4.69012
4.55281
52.8013
3.80191
12.0464
41.4739
8.47015
7.1477
6.67731
3.83297
68.0525
17.9402
4.41016
34.3193
52.2663
44.2655
46.7807
5.65512
4.5797
92.3169
17.6344
3.39019
7.92746
8.36347
60.2302
3.6154
4.69126
8.97036
8.75836
52.4364
68.3166
52.0806
89.8839
19.0479
2.61134
39.5958
18.0493
21.2642
46.3486
78.7328
69.6992
55.4238
5.82269
3.54666
52.9715
59.6891
17.9428
9.40793
11.1537
3.53228
16.4402
78.432
10.0027
13.2523
8.87622
8.0569
5.41978
4.56835
52.0546
3.26058
19.0629
8.06653
59.2009
6.19099
25.5391
21.2656
21.8092
9.37663
35.6237
10.642
17.6662
94.2312
3.57563
13.892
63.909
88.1304
61.9626
25.4947
10.7237
20.6975
59.4672
89.8439
4.29399
15.57
5.82684
3.88162
58.647
68.8194
52.0401
13.2946
23.3622
9.40116
15.2583
51.5902
17.5775
7.61585
11.0795
10.2727
52.2162
9.06217
4.58577
13.9491
17.6744
52.1394
50.9354
46.1043
5.52014
68.061
52.1736
59.3223
78.6839
7.06218
25.8676
5.54365
17.4585
8.73687
13.9096
9.57358
4.30655
2.73721
13.4883
11.496
11.2559
17.2556
6.25793
79.6942
13.0775
7.66329
8.4512
14.1231
5.30796
7.69735
67.9632
78.4308
80.4181
78.965
59.8353
51.9879
9.61208
12.1899
6.45379
18.255
10.6579
5.80278
27.3759
18.0973
68.8314
4.63808
7.47374
17.9417
5.58101
27.0558
48.891
5.63121
59.7858
13.8571
52.6636
78.5954
18.2868
45.8045
46.9035
59.5962
59.7417
5.79604
9.29953
10.6422
26.7852
39.1346
68.4443
13.9598
59.3913
11.6692
3.49311
18.0549
4.88381
22.2949
4.91733
58.8102
52.507
68.5428
59.9088
45.0791
20.8682
3.95659
56.9842
4.69921
3.98735
8.33313
17.4064
13.5016
95.5651
18.1582
77.3483
45.0155
48.7253
10.884
2.78696
13.7552
60.6286
74.7016
68.5585
12.6586
12.4425
4.62104
60.2562
3.02345
22.8065
10.2867
6.29127
78.6027
9.8739
59.6981
59.9711
3.88671
38.04
23.5217
37.4827
14.327
12.3677
13.2865
6.83406
13.4707
81.2489
5.08515
68.2275
3.72579
7.41026
4.76826
8.3962
4.14023
28.1769
11.0325
59.2024
59.8457
7.13825
18.2209
57.483
5.16775
18.1967
6.18933
19.0805
51.5902
45.4366
15.3833
18.2792
3.56576
17.7317
78.0444
59.2191
59.5863
35.0252
17.0073
49.3377
59.7626
50.6249
17.505
48.641
3.21913
78.4867
32.5432
6.62642
6.14333
30.7794
13.6586
39.0221
12.8992
59.1667
8.46817
14.5356
4.10818
48.9269
66.5702
38.5275
52.1049
16.522
4.39714
7.68321
81.2128
10.4583
15.4134
6.59639
13.4773
31.3986
4.62615
4.09338
58.9797
3.61035
8.92199
12.8039
6.43645
9.10401
14.8478
47.6672
7.82022
18.2717
10.6825
7.27401
68.6879
20.0059
2.8431
17.7593
78.6019
40.1592
4.13374
9.00301
4.29357
13.1679
3.12045
10.0489
67.0153
4.79259
59.4529
7.3014
25.0126
5.63906
68.152
26.1864
84.7811
3.78675
10.4807
24.4776
68.2676
18.0881
43.0884
13.2565
8.57138
8.72156
68.1735
4.36658
4.64267
3.03
4.01804
23.78
17.6828
56.5837
12.6608
9.05744
54.8048
3.61158
3.72676
15.7576
4.32937
7.6182
2.84832
18.2179
14.9467
37.2173
69.6139
40.464
42.1683
5.29819
17.4604
72.132
7.55288
28.2402
4.47586
8.95689
62.0656
4.75985
8.54771
51.9701
46.7638
26.4904
10.4404
53.0978
8.26952
39.3165
52.8882
7.1855
8.45561
41.7352
38.8861
17.8883
41.7939
15.7918
7.39192
41.2938
78.0863
9.40996
15.3744
5.00607
81.1732
81.5038
26.9479
44.5112
11.251
68.6242
10.2001
45.8775
24.0076
9.33338
3.82537
7.9319
3.55806
17.5979
17.4523
15.0022
68.2995
17.7333
4.88977
40.1937
10.9702
10.5756
9.11101
14.474
12.5889
25.0809
68.2716
59.4533
53.2492
45.4851
16.4255
10.0518
59.9731
81.0434
89.8438
12.8376
48.1939
19.0419
69.3419
9.35483
5.50465
7.10072
18.077
66.8022
68.4131
39.9924
14.0696
50.2675
7.9232
69.3637
89.2389
3.69532
16.9995
36.0821
20.2005
70.0939
17.914
77.3081
8.46371
58.0277
11.2778
63.0977
10.7154
45.2887
4.24155
11.8939
11.9873
3.85081
89.9409
12.0036
17.67
68.1156
24.3826
45.149
20.3259
3.69728
21.2578
53.5285
73.3781
46.6403
18.4924
8.49586
18.0317
21.6363
54.0444
77.9737
28.69
10.5599
17.6125
82.2898
67.9804
12.5074
7.83463
78.6621
6.17791
12.4848
56.0068
61.9608
31.0694
8.0909
4.73309
43.1703
6.28018
18.4946
32.6618
13.475
68.4139
6.38504
3.64582
3.18931
36.8563
3.68798
81.8284
4.62719
17.8859
29.0289
48.8472
8.91817
59.6753
52.0949
4.28507
5.52488
4.29597
11.6464
40.674
59.4488
45.6166
17.9281
4.17019
51.3734
22.1275
4.41754
16.471
23.5578
10.3842
4.1107
10.0749
8.50333
61.1955
3.60525
9.64647
9.65887
52.0944
21.6947
12.6466
13.9187
21.5582
60.8997
15.276
95.929
11.6902
53.3042
8.54595
11.0236
2.74931
70.2799
11.482
12.5534
60.1523
25.5075
66.4008
2.88077
52.2693
3.97443
12.4497
68.2719
10.2588
6.13601
68.2023
43.7812
17.2071
38.1129
53.6267
78.7753
52.0186
4.4091
59.1128
26.8014
17.7066
3.17986
11.4726
6.6273
3.87893
12.279
2.99555
46.2407
17.6421
22.2997
94.9875
14.3749
15.6958
89.5712
5.25346
3.66278
14.9184
11.2219
70.4919
68.1735
8.61021
4.71018
11.024
45.1408
4.34494
18.3036
5.38394
61.1928
7.69215
23.9947
67.2099
54.4212
47.8525
6.39183
78.433
13.8355
28.6649
57.4986
4.23148
10.105
6.67141
68.4292
18.1574
51.773
7.52713
6.54111
7.94354
7.24037
51.6608
11.9457
57.7134
90.3923
8.50834
44.3027
52.0586
16.8819
12.2528
48.6165
52.2284
11.4334
4.75871
3.91424
49.8782
12.6487
13.3946
80.2031
21.0808
5.83689
52.0618
22.0593
3.77923
8.92855
36.2955
79.0366
13.4592
17.5581
64.3738
5.76076
9.59857
54.3369
4.54724
44.6497
53.4528
5.6454
4.3638
7.83771
55.0537
78.4818
24.3723
5.59954
52.6965
11.2763
35.6229
44.9907
60.1137
50.309
78.0691
11.2174
4.79001
12.2205
12.042
59.7255
47.538
60.0722
17.4561
89.5858
12.8114
47.106
7.35796
10.8568
14.6275
10.3841
13.4813
13.3523
16.1726
14.3551
13.763
69.0357
66.4991
6.6565
11.218
7.81364
58.0203
17.9925
66.6669
12.9587
13.6157
13.4467
9.50521
5.04625
9.65035
16.0395
2.70974
6.00427
7.92777
8.43519
5.94155
20.1432
20.5943
5.22064
41.1152
59.7821
37.1869
4.74221
8.45177
47.0525
5.35942
59.9422
78.0439
9.24676
58.7889
4.1943
34.1549
17.4461
72.0293
4.80585
60.9144
13.8945
5.80414
10.1966
66.6959
33.3711
18.1784
3.65746
8.48754
70.0435
3.2435
8.3487
17.9175
13.2934
7.655
9.82385
12.2418
9.03981
4.81161
59.3002
42.4571
80.9993
75.8312
59.6245
53.4893
58.5805
12.757
8.87854
10.5041
3.79578
66.9611
11.4492
21.9635
9.28897
37.1684
51.2232
13.7878
7.35437
52.8075
5.9668
11.5448
21.9451
10.1242
34.73
68.7598
52.5484
67.8167
3.77271
52.4307
45.3069
27.3893
59.3686
41.7967
17.9792
51.3541
6.9041
58.5506
4.44951
39.7671
12.952
5.50509
19.1061
8.12369
4.37941
51.6965
74.2599
31.0327
3.56337
5.66377
6.56001
7.41262
48.7503
9.4439
55.7041
6.43241
7.96459
39.0999
78.4319
79.5245
62.3543
4.07308
12.2975
8.83314
4.10788
12.3613
4.28236
62.3943
60.9591
68.6539
78.2292
6.95613
12.6519
11.2194
58.2086
26.8065
59.9526
52.1061
4.55574
50.1398
15.0203
71.0958
47.821
34.4278
14.748
43.1922
2.88235
44.9995
5.80993
68.7582
6.11421
4.53887
78.019
41.045
17.816
5.32782
32.4745
8.55119
15.1322
11.0021
68.8828
5.68936
59.3514
3.56941
55.966
78.0409
24.9134
60.198
3.66299
51.9674
3.96601
4.18201
26.7805
68.294
53.1126
10.4378
8.98239
78.5925
17.0705
68.4795
8.93146
63.8525
17.4597
58.8001
59.4813
2.65511
18.1028
51.9996
11.5008
4.67743
8.49621
60.2014
18.3188
24.4068
16.512
4.8755
4.64952
12.9373
15.6315
45.0749
52.0488
21.6175
8.87162
10.6974
26.1928
12.9191
81.7663
7.67694
58.8478
78.2332
59.8057
11.5489
18.3298
11.6513
17.7948
72.6838
11.928
3.99542
2.79269
3.27284
45.0506
59.7864
8.63276
52.3511
18.0942
6.51726
18.1804
5.3614
68.4435
14.8079
68.4436
5.05305
59.4556
68.3249
13.0875
5.18438
3.37168
14.727
25.032
33.4564
8.50981
9.11777
50.1496
8.70486
18.5049
6.07466
59.4544
11.8788
10.7225
25.1045
25.4405
9.92828
5.05322
7.39678
43.6858
4.9534
59.3251
12.9961
82.0809
9.0485
3.7539
26.5819
4.7365
3.00585
14.8404
13.9524
4.80024
4.01248
3.8315
7.54993
12.7073
51.8258
37.1809
16.9666
3.82596
7.54634
3.5658
59.4723
5.05764
3.58997
38.401
6.86305
16.8867
3.61401
41.8659
48.9274
19.2478
4.951
21.4982
60.5931
17.4601
10.5337
2.70711
17.9134
64.5981
11.5701
68.9205
4.46141
12.8868
8.50764
9.87843
14.1583
21.3165
59.0509
69.8716
34.6589
8.58596
13.0742
22.6622
36.4495
36.6021
40.8537
52.1738
64.2017
50.5287
4.62464
44.8853
18.2943
60.1831
3.30205
8.65475
62.1728
9.33762
68.0554
12.9476
5.98062
3.55217
52.5754
78.6423
5.30111
7.09349
72.1089
69.7092
69.6485
24.0108
9.39642
3.57459
51.79
3.60239
47.8677
18.9054
52.9244
92.1858
11.6716
82.7991
51.8696
11.2039
5.3225
8.53381
67.2902
10.1885
4.59362
18.3973
10.2971
56.7152
3.96407
3.79615
45.029
15.507
10.7224
8.82399
13.779
8.11469
59.5027
11.912
6.80422
11.7487
48.831
17.5817
59.8932
5.24312
14.7755
34.4363
60.7943
45.3386
6.88571
12.4027
58.6911
17.9759
3.62889
7.68041
8.56086
35.8562
23.9344
8.48071
3.42366
5.18731
16.9151
43.1487
40.285
11.979
13.3879
70.3919
9.87822
11.5606
41.765
5.96167
4.38214
38.8714
46.0305
10.6451
62.6758
3.24411
18.1741
78.6192
5.21844
17.8702
4.60962
10.2871
8.53687
10.0996
4.25896
17.2944
8.59011
5.9788
12.3568
5.5691
58.642
19.6509
14.0557
19.3954
52.2649
52.2213
52.355
5.44458
3.83008
52.5163
9.424
60.3206
9.8318
40.7224
53.0405
3.85068
49.067
7.36519
30.9142
3.66116
24.262
32.128
68.2711
60.9861
7.1956
19.6165
19.6731
72.3304
3.67455
5.15301
9.38527
59.3246
89.8451
3.93381
10.5093
13.3173
38.5895
42.4298
19.0711
59.9338
8.12715
45.3502
10.4452
5.9219
21.5739
16.918
14.1142
51.5776
80.889
34.4886
11.8172
49.2244
68.2955
37.6126
17.5152
51.8656
69.5951
58.2784
5.31869
26.8388
4.67215
51.657
10.0781
4.43682
54.1811
15.1129
34.2662
30.6828
60.0835
74.8346
7.95709
47.2571
17.4756
67.8198
2.87041
15.806
70.7338
48.462
78.434
18.7666
11.6931
44.1905
4.52176
52.6246
9.12386
4.2974
26.8093
5.80174
16.9256
13.2292
14.0261
3.81981
13.573
51.2956
82.0486
45.3239
6.84021
18.4483
59.5249
13.8675
18.0073
9.22374
9.01199
39.0586
45.5485
34.6415
9.39172
9.26876
19.6521
5.71739
24.304
78.4812
59.2165
4.10736
15.0362
4.23275
8.5647
68.2723
12.8176
45.3749
24.2395
6.57781
45.2716
59.7871
53.2067
59.7752
18.3679
32.3451
12.4229
22.6056
48.7071
60.007
23.7291
7.77345
5.00293
5.94098
27.7608
6.67737
111.511
11.9103
45.6592
32.9144
12.2558
61.5987
4.48564
61.7929
52.5901
13.2276
9.06372
4.10864
13.5301
8.60978
3.5943
14.3594
3.8401
51.4501
17.9169
3.35558
39.5337
67.3154
8.48884
81.8636
46.2365
68.6175
58.9746
52.078
9.89193
3.87805
13.3411
12.7626
7.5198
4.52581
68.2108
4.83068
3.83875
10.7514
8.05968
6.07465
51.9281
59.8756
4.78593
16.0866
51.84
18.3427
51.6109
8.63443
4.24995
45.5609
48.0945
10.3086
9.00555
54.7428
46.2535
59.6188
5.22533
80.7788
88.2994
51.1665
89.8449
12.4273
30.1176
18.4699
4.18839
7.63069
68.8433
24.4745
67.7283
95.0628
51.7977
4.56774
23.0235
40.279
3.40097
5.90289
10.3352
45.8311
10.3958
4.45613
79.6851
16.3153
15.0537
52.2109
43.7217
7.79923
25.8362
21.3922
6.16318
27.3206
8.45755
28.308
68.5131
13.5771
8.35786
27.2337
9.53906
45.3371
8.4911
8.49572
16.4884
5.84876
5.16901
45.8674
63.8134
5.56774
68.6157
60.6565
4.43332
16.843
11.5694
17.8839
32.9995
9.26591
18.7552
38.8569
87.7332
9.68907
15.2015
18.3485
8.65699
9.50914
19.7854
51.6574
45.6602
66.9932
4.47778
68.9189
10.8666
20.5637
69.8881
3.56913
14.6619
10.8522
15.8685
4.73289
49.0584
68.7603
13.9885
4.65089
3.85284
17.9138
82.3625
5.50003
25.633
3.12205
8.47317
84.9715
74.1876
14.5268
8.39501
12.9894
23.3381
10.0409
52.3082
4.00941
4.88378
4.1329
68.2768
34.9235
16.7351
21.1919
4.77912
4.35577
17.7273
3.78492
13.9538
24.4829
21.6027
8.04606
7.78771
21.6762
51.9333
8.90326
6.12069
37.632
53.6538
13.606
70.2613
45.0102
39.6976
11.5818
9.52007
8.10824
59.788
3.83383
14.3911
25.4972
50.8992
9.44277
68.6115
29.8382
5.44275
59.656
37.1475
3.44429
17.8662
17.9445
68.3782
51.8273
6.34684
3.76388
72.8554
81.2497
51.5037
12.0461
3.32145
6.87987
3.67286
13.512
11.4644
54.4572
11.6947
4.53215
10.3076
3.44569
51.3883
4.77514
7.25601
5.13896
12.8661
39.9782
3.43956
9.44048
80.2531
31.9537
9.0602
73.7166
36.5259
9.45954
8.08458
4.80149
44.027
3.91077
18.0709
23.7047
35.0242
7.99494
49.8226
59.4724
8.17969
3.79496
11.0692
4.79514
21.0
5.44177
7.27433
68.654
43.9496
12.6225
14.1329
20.136
5.09133
20.1573
17.922
60.1875
59.577
17.0232
3.86627
3.89136
36.2177
13.9086
69.6739
8.72538
60.7261
11.5578
5.52937
3.77712
70.4369
67.8166
51.9768
14.3139
69.1529
13.0765
10.7651
21.6782
13.4274
91.1128
8.20911
5.34774
3.99014
6.7228
48.7699
21.5633
6.76759
10.6025
25.3612
69.8232
42.538
7.71313
39.5473
10.9793
52.0887
5.03555
14.2927
51.7594
5.89601
7.09619
14.0473
13.0949
8.77136
5.41466
49.4332
18.614
48.7251
10.9245
17.5868
51.95
68.3145
15.5877
16.4424
66.8474
50.6374
4.96181
63.5057
52.1238
72.0831
5.03701
3.7586
68.2739
5.10594
10.6973
13.4367
12.7248
17.3714
9.39122
76.1808
8.05558
7.81326
39.7001
17.5663
13.5373
47.0735
18.2603
4.81995
8.57598
13.6449
78.1569
35.9868
52.4369
50.5166
7.79691
11.6397
35.3507
3.94004
5.63988
12.6104
4.4087
18.9162
15.5011
51.6529
67.988
8.41952
7.81309
7.1569
3.80438
51.582
95.5406
11.3065
51.6614
5.65512
24.314
5.5881
59.4411
3.50731
9.59023
18.0579
45.7443
4.28002
44.91
17.1526
11.2627
17.7441
5.44919
4.6447
14.6943
5.3056
43.3031
11.7864
7.6944
3.77101
11.3942
47.8964
6.73036
10.2326
2.94752
6.8457
62.2447
19.6892
59.5944
7.7982
87.3094
9.36225
67.9151
3.53679
21.8348
17.0489
6.38734
39.4883
9.47025
59.8746
9.34196
18.0237
6.48901
2.88704
17.9868
45.6764
12.0896
23.7262
54.2179
60.2209
13.0149
3.46229
2.33356
13.0532
36.4786
18.5869
38.0161
59.4162
51.7893
68.4469
18.3834
9.76708
4.32602
55.3888
68.5995
10.1335
34.7997
95.5822
68.2286
78.2322
7.9108
21.5171
13.664
70.4009
3.48469
78.5946
4.98993
44.2736
12.2346
69.662
68.0562
5.44211
12.6141
64.6178
41.2202
74.0203
16.7686
77.8568
68.5774
19.1289
18.5407
48.7635
35.6226
5.91776
45.6837
17.4479
59.9021
6.44147
2.60682
6.0509
23.1944
8.11322
4.38299
21.7257
8.47351
75.9933
3.64577
17.6658
51.7173
68.5159
59.6188
42.249
11.1146
11.7314
5.15207
9.33844
17.0389
9.22851
13.5401
3.22635
25.9513
15.5664
4.64905
5.4942
63.9108
20.2262
41.7789
4.94302
7.73617
3.89918
50.6674
26.3116
49.2863
34.6711
60.8291
25.0223
12.5251
12.2365
9.99845
59.329
5.58661
18.4908
60.2395
68.8817
76.373
11.2383
15.7436
51.8267
3.54176
12.8877
4.6811
12.3012
51.8387
7.03311
26.561
17.8773
41.2679
8.25678
8.57418
23.1663
57.6151
78.0507
5.03049
12.3361
10.6037
4.87901
34.8707
13.079
60.3677
9.4193
7.2047
4.15983
45.4814
31.0886
4.65111
43.638
59.3767
57.5639
59.6732
8.0135
59.866
9.19114
55.7235
17.1967
3.54523
17.9109
13.2574
60.164
4.33005
38.624
2.76389
23.5375
9.41903
51.8424
5.16774
9.02062
2.94989
6.73779
44.725
12.0667
68.2287
38.5483
4.90894
13.334
13.4781
8.66295
68.1237
14.3568
24.7402
4.15305
60.7276
6.11975
4.88427
92.7113
11.8346
5.82342
9.41021
51.3681
17.2969
43.5593
7.84997
14.7441
4.76573
9.48935
12.6992
68.5534
45.4187
6.00226
6.63676
49.2385
2.84609
57.9955
50.2096
68.3151
79.0936
11.246
5.78355
52.0956
3.80124
5.19949
16.0609
69.2082
45.3839
11.814
13.674
78.3549
17.8339
13.9132
54.3527
49.056
68.3684
7.08966
59.422
12.8978
68.1634
10.2683
52.1432
11.1752
4.88019
3.11929
18.7248
40.0085
13.7624
64.522
68.5434
59.6334
8.39573
3.87908
7.10178
9.30059
5.74897
18.1266
13.9453
40.1817
24.1481
95.5927
39.0983
33.5293
47.3143
12.3527
5.89274
7.78293
14.5056
8.54385
2.79635
12.4904
55.3154
89.8453
3.78644
3.85841
51.754
9.09635
10.2564
4.43225
89.8426
49.2811
22.94
8.02171
11.6713
4.66505
51.0037
69.9424
4.24758
3.65131
45.79
23.5931
3.65743
4.62309
59.2018
5.45827
59.9381
51.8662
12.9361
3.59035
60.7939
9.11344
49.8416
3.85195
10.8384
11.4527
29.0022
34.3223
4.52724
2.63562
4.80408
2.91615
11.5975
22.1343
5.52931
5.36503
88.8065
68.7961
9.73453
52.0841
10.1517
12.861
12.9767
18.371
59.724
7.66974
65.9738
7.83431
4.17504
8.08649
80.5567
60.416
61.3623
13.2794
5.50876
21.0511
89.8443
3.57668
56.6163
9.36664
5.18072
89.7941
68.2933
5.27911
40.6198
67.8621
29.2109
65.3058
14.0377
4.21898
13.2621
4.50668
12.5311
13.4232
45.8912
60.0249
45.5123
7.20206
12.4478
51.4581
5.28565
14.3455
8.51403
11.7695
21.0126
12.7823
59.2617
45.4074
59.704
3.42775
9.03308
59.705
37.2233
45.6795
52.379
2.87899
42.4485
11.2563
64.6077
51.7273
60.3151
10.0482
60.2317
4.41488
21.5195
50.7795
17.5306
8.98299
46.2885
46.5745
5.87721
7.20371
2.89906
34.6217
28.0049
78.414
50.7072
7.00157
67.8899
12.0032
21.151
7.5361
21.7021
9.59801
44.0167
67.815
6.39178
51.9054
3.24528
60.3349
52.013
68.3935
36.8464
70.5701
8.74856
13.0201
6.01909
10.6781
24.3949
8.11552
51.5714
4.29382
7.7665
19.8486
13.667
9.73595
12.4622
10.8951
8.43714
3.89451
12.4312
11.0421
60.3534
7.54802
17.9184
9.09631
5.40875
9.28238
4.14882
66.5429
47.585
67.816
78.6352
68.4774
70.02
61.9875
45.4367
18.0736
11.647
9.57563
48.7526
5.54596
78.3531
3.33428
60.7854
59.363
3.95676
35.7101
13.3346
12.4691
59.9328
57.7788
8.40325
78.3531
2.83063
6.08523
18.4234
11.3594
59.911
7.43087
70.0143
13.8823
45.2469
7.69337
10.0578
11.0549
51.5398
3.37431
44.6751
11.35
45.2251
7.81232
3.59709
25.2268
52.2797
59.5401
18.1034
8.07994
83.1864
5.50329
17.2306
8.99333
50.7196
9.2849
13.5898
3.25409
44.6123
17.8939
68.7984
49.3986
3.80682
57.7127
5.49901
6.18981
17.7816
6.29178
42.359
20.4828
89.8449
51.2864
8.07555
45.2033
17.4506
14.6661
18.7722
39.516
18.9638
11.1121
62.0662
12.5437
2.42437
58.4118
16.0448
33.9165
47.2801
13.9244
15.5631
111.511
13.742
82.247
59.8436
8.02685
70.396
8.07391
20.0431
59.3265
55.2701
52.5017
52.1877
7.15215
65.9838
16.7367
42.3951
5.15587
50.568
17.9364
17.4767
34.7768
21.5653
75.4782
5.26796
26.7326
59.7626
54.7372
6.92331
8.43623
39.508
44.4143
5.58021
77.791
56.0531
19.4106
17.4439
24.5597
6.91387
22.9369
13.668
3.72577
12.7768
39.7956
10.3921
38.3149
25.7239
23.7949
10.7014
45.2653
68.9188
16.3369
65.3135
13.5558
3.71831
17.4803
78.6448
76.4663
5.65242
59.157
46.7611
78.6
12.6859
17.491
59.8661
9.3792
4.8538
45.2874
40.7004
8.48455
13.1623
12.3778
8.9532
45.4824
5.88394
68.5864
12.9584
4.30988
4.75114
4.74864
19.4835
3.04757
35.6273
3.88087
28.5288
27.2266
6.17818
9.1848
3.14998
13.5209
4.88956
8.0977
77.5557
8.99928
5.6314
3.66809
7.84624
43.8774
12.3062
11.9066
35.1847
12.7
59.9782
59.6015
7.10539
5.42296
12.4869
11.732
50.1804
7.68089
9.09859
25.6788
2.65173
5.37493
36.4076
18.3037
10.4798
5.59485
8.22726
5.9246
5.9992
11.4085
70.3179
59.8275
59.8404
14.0737
2.87078
26.2454
9.63945
70.4036
10.5515
15.2877
17.4483
60.4771
45.2234
23.9005
44.0923
23.62
19.0425
6.13291
6.03436
8.10932
7.47012
45.5809
11.6425
14.7786
8.6341
12.05
18.0039
59.1421
16.9283
3.82535
7.30316
18.3999
11.6715
45.8383
6.84693
13.458
37.5958
68.1927
7.62583
60.4503
11.3886
60.1634
27.0398
53.1732
9.84493
49.0618
68.2942
17.4377
37.2676
58.519
2.86143
15.5984
18.5177
20.2033
42.6537
4.49269
52.2888
28.1161
39.5441
42.0223
59.3282
93.0486
3.04667
13.8419
5.61982
13.8834
45.3817
16.8512
52.3481
51.8964
5.55619
59.8655
11.6477
78.0611
17.4236
78.4518
18.1436
46.2639
6.32876
62.9849
12.5869
39.7191
4.51203
4.57692
12.8451
10.6012
9.57472
17.9537
3.616
59.9738
11.4594
9.54773
5.85547
81.352
8.82599
5.80483
9.92223
81.8008
23.827
9.21164
59.2657
7.44064
45.7435
14.1624
6.3369
7.2665
5.47467
53.0949
54.7409
12.583
54.6422
68.5475
7.22333
11.4475
59.5722
67.6668
16.0188
23.5861
7.7805
21.2031
9.50978
3.99744
17.0002
22.3138
22.6778
59.3999
8.59668
35.3012
72.7077
6.73601
21.3885
15.0271
16.6168
34.5126
21.4644
12.1359
48.0213
11.1624
5.17972
37.9222
17.6359
52.3372
11.1862
4.62118
78.0451
51.3382
52.3449
66.8751
8.55951
12.5657
25.4324
8.9692
63.0928
6.8345
52.7639
9.08241
5.91728
4.5613
46.9518
4.45632
81.5791
13.2046
3.06507
54.8909
10.5438
51.6817
38.3252
3.67978
34.1776
10.3395
24.8512
17.7497
52.0269
37.3351
5.62347
56.376
7.95945
20.8195
4.7795
43.807
23.8326
51.5918
11.9494
35.2522
17.6019
82.5209
39.6917
71.8091
52.5577
14.2364
68.0572
18.4412
7.85755
6.39497
69.0156
15.5004
59.6314
8.5337
68.3661
54.7581
37.7666
78.4322
5.49216
34.4416
3.36508
9.29553
3.18058
56.0603
9.48869
16.597
61.313
68.3383
38.9802
11.3632
4.39071
38.1074
5.64791
4.73147
52.3599
20.3846
26.7029
4.6781
8.46477
17.7472
12.9749
11.8957
5.94791
3.12272
38.647
39.4599
77.1385
4.38935
8.56259
18.2681
4.47121
18.3175
17.8184
8.65573
11.1703
57.4664
55.418
18.393
31.984
39.1607
5.18235
3.81516
17.8818
8.31511
67.9804
40.7438
33.1845
30.4626
21.2123
14.7068
69.1896
12.5638
79.2565
25.9794
30.9826
38.2783
6.90917
9.41965
12.7564
71.2462
6.79387
18.0402
51.9643
47.0973
3.84363
16.0917
4.11153
3.60485
50.7135
61.3691
45.173
45.3433
47.5378
35.4506
17.9174
3.87091
48.9242
7.38942
78.327
4.56518
96.246
4.88252
5.21845
30.8866
67.5372
44.811
52.2408
74.4346
24.5121
18.8813
5.63226
7.65426
59.6755
48.6459
6.03713
4.78827
67.2478
9.50501
12.6689
13.8735
6.85577
51.7702
5.4594
78.305
17.7703
73.7844
11.2257
21.1539
51.505
78.9839
18.8986
59.7427
48.8574
59.9416
12.9447
78.0388
10.5222
68.5421
78.2339
14.7222
7.91194
27.2174
10.1545
14.6746
52.42
26.3552
13.3951
52.3575
96.1495
51.8935
39.7027
20.1349
12.5901
20.2281
17.8246
3.73461
18.3291
68.2724
13.1052
45.1147
59.7302
4.88804
68.3993
20.4314
7.07871
67.4134
52.1398
4.61206
4.44769
8.6821
18.5483
16.5598
6.33891
18.2952
54.2073
12.0908
26.4345
53.1591
46.8218
78.6443
24.6374
52.2624
17.7491
11.7703
17.1958
5.38021
45.5563
14.0027
5.733
52.2297
59.3174
23.6877
52.0099
10.8109
6.22353
6.15802
17.7216
60.0956
58.1376
68.2739
51.7685
57.675
19.1897
12.7179
12.4737
13.4139
17.2522
39.4589
3.58707
25.1132
9.1993
7.69655
73.0264
7.20705
3.80232
59.4275
68.4146
51.9005
19.329
56.4336
59.325
16.176
68.8808
49.3749
39.1479
4.51328
3.78509
4.85642
21.5115
15.3413
78.9448
26.2484
10.8226
52.5382
7.10498
78.0759
29.3953
19.4767
9.96271
10.1591
9.97359
68.1487
14.3562
59.3622
13.2569
14.19
6.2276
32.4056
19.8219
17.8069
59.5731
39.4761
44.0585
45.2213
2.78742
61.1272
3.89477
11.6746
3.76946
5.6738
80.3916
17.7362
9.99627
45.7011
59.8758
8.01075
4.26503
52.2029
4.35491
78.0416
78.5886
8.74078
49.6835
57.3419
13.6658
40.0724
67.9035
7.99106
51.1061
18.2759
78.4297
78.8842
10.3158
8.9231
16.913
10.4323
14.4327
18.2331
59.637
6.73171
18.306
17.9345
34.7391
11.6923
4.6452
89.8405
17.822
15.0009
15.0337
29.8235
12.073
4.89784
14.4726
13.7485
45.7638
2.54301
18.5897
8.55228
6.13575
14.6128
39.3958
3.5311
46.1493
8.58343
13.8843
4.9394
9.11879
61.2483
17.9159
91.524
8.68577
5.46519
51.7996
3.73395
5.47494
9.25659
66.4054
7.12
59.9037
59.5277
25.9405
13.3314
9.60868
15.6029
7.09379
45.5691
7.94405
7.62162
13.8528
89.8463
6.97829
17.7076
4.79334
51.8923
74.3018
2.22112
13.1645
59.7707
4.45246
4.9624
3.72658
25.0716
73.7598
8.68267
59.547
6.66248
5.94125
15.7511
19.2073
5.48253
13.898
51.9114
9.37282
9.22806
4.42073
26.886
10.022
5.75744
111.497
7.45688
25.4524
62.0779
51.9577
46.283
26.0314
68.2959
35.1767
78.0437
17.8259
88.3969
12.4123
72.4467
7.8798
5.87507
78.1555
7.31237
4.53623
17.7134
50.7306
52.0943
10.5327
16.8284
21.7347
59.9165
10.7629
89.3881
11.3336
49.5449
55.9546
18.1481
17.967
5.98761
17.5632
68.2573
51.7708
30.91
8.92983
8.49289
45.7934
17.7186
59.4152
7.401
2.74913
17.4052
5.38694
17.5042
59.9836
9.90069
4.4371
21.1859
53.525
17.7317
34.2843
59.6945
68.663
50.5169
8.52904
60.4489
12.7767
52.3552
45.5365
6.64095
2.20989
8.32904
3.0778
9.46547
13.1313
10.2088
39.8639
40.0619
38.179
7.6679
4.80352
18.0294
5.71745
12.6172
40.9731
17.9897
17.4523
59.7076
17.4429
14.0015
68.8846
11.9928
64.7948
13.7075
13.0995
14.3481
68.5608
68.3392
5.72564
4.30027
46.9483
68.7135
68.234
17.1441
6.25102
10.2537
21.2211
11.9561
55.4021
17.5232
7.17895
59.4092
12.7951
56.6797
51.5506
10.9541
59.5115
12.4426
10.0504
33.9921
49.4326
78.3511
4.56304
6.2973
81.2509
60.125
11.3211
21.3326
9.1262
59.6315
45.5516
7.22975
65.8983
52.5427
6.31661
7.60174
25.3493
14.6027
59.3336
17.4598
79.9996
3.99427
58.0111
57.5689
52.1347
12.1979
8.07653
52.9592
45.483
5.56847
68.1134
19.7482
38.8718
17.8553
73.5101
11.3787
8.45849
12.6895
18.6803
5.63241
4.9004
55.6553
4.43853
45.118
4.77522
13.3872
19.7696
48.4862
3.51068
17.0836
18.257
45.0682
25.3056
18.1399
5.38455
11.2852
4.01247
70.5578
8.0299
17.2607
3.9405
89.079
72.5011
14.602
4.87521
59.9413
21.5636
3.60734
23.8704
16.9362
20.326
17.2472
68.5145
27.43
8.35297
4.98997
23.3173
8.5884
51.9169
45.428
3.60874
52.286
78.4375
78.4818
60.4696
81.8699
7.52651
52.3881
4.57387
59.7876
68.3894
6.67666
4.38406
18.4773
7.48042
23.4581
9.5159
49.2534
17.9482
44.5181
72.692
59.7612
13.8492
9.13056
80.0204
5.44247
14.264
4.28959
62.9762
67.5698
39.317
7.98581
14.3873
7.36646
64.9103
8.3883
33.8271
60.3483
49.5978
3.84406
4.29849
17.7282
23.9908
6.81044
12.1296
58.5949
48.1314
78.4534
34.4388
11.7488
5.04649
16.8288
7.20262
5.57152
45.6275
78.5948
8.80389
18.5286
59.8869
11.1899
3.19366
3.181
59.3943
26.7863
11.9194
34.744
13.1748
59.6673
24.8686
51.8823
13.9617
4.37338
17.7863
45.4545
17.7769
53.294
6.93902
7.88342
13.4385
6.8545
11.4825
21.2504
59.3907
50.2567
52.0616
8.96999
50.2607
4.51268
7.23458
10.989
6.98054
54.8963
6.47139
3.68648
92.7784
41.7886
16.2125
61.5711
21.4203
13.3684
7.96126
12.7863
51.894
4.41408
78.3528
17.9808
52.4999
10.0709
17.8743
5.73625
51.7132
59.9109
13.04
6.77493
17.9079
9.02544
5.19077
68.4372
13.7292
3.85822
11.3132
13.3723
48.7565
21.695
3.64561
68.9055
39.687
16.5154
6.8219
52.9514
3.64787
74.9192
59.9738
78.3313
13.1747
26.0065
36.0907
50.1147
68.3028
12.9509
43.2458
28.8409
15.4846
11.6395
45.0734
17.3191
12.4242
14.7161
18.1086
10.6764
33.9098
59.8338
17.7344
38.9395
13.4713
14.0212
4.29051
22.8029
7.66124
18.8816
21.6069
17.1592
13.3776
9.54872
63.6585
18.2888
45.4321
24.8295
30.9089
57.4894
11.5961
17.8728
6.26756
78.1563
59.5531
16.7722
27.4122
5.58321
5.50712
62.4125
51.901
3.71687
12.2999
6.468
12.7339
16.7758
59.3009
44.2664
14.6521
47.4139
39.6927
59.7241
22.202
5.15181
17.8621
59.2012
4.55982
8.44084
12.9977
25.017
5.28267
5.46854
24.7697
4.00376
32.1915
16.6313
4.93803
3.67657
60.1263
16.1738
4.45746
7.20914
13.5774
52.2488
33.2457
59.9191
82.4055
50.6213
59.8534
8.83939
68.8436
3.74667
5.68962
9.38609
45.1589
68.5421
3.40436
66.1753
4.63575
21.8319
17.8803
51.4705
4.82789
4.37507
6.97713
66.8259
60.1525
52.1456
28.1565
17.8021
14.0628
4.78748
7.48719
13.1783
69.5968
37.6369
11.8672
56.2879
4.17178
59.819
19.1406
4.39901
89.8454
68.7599
43.7128
39.6283
47.0275
11.4057
20.2981
64.3572
4.32498
69.8823
78.1439
96.2382
78.1293
35.7826
10.6293
45.6383
6.29742
6.2681
65.1663
18.383
27.6226
10.5622
6.73813
89.8426
47.1998
18.0861
3.39674
65.3836
6.55942
52.024
13.6543
8.89458
5.14872
51.8498
8.37047
78.734
3.03177
8.75162
12.5742
5.12267
43.5272
11.1937
51.9311
11.5279
6.57392
54.8678
4.66873
30.2803
14.5915
7.3145
59.9041
10.6892
10.2528
22.7484
14.1529
21.3843
7.07991
5.61952
5.65605
59.4871
35.0271
59.616
4.11062
44.7644
59.604
17.4487
39.6901
7.77595
60.2895
3.71201
89.8448
78.0454
17.9838
55.6661
5.04682
11.7064
53.6584
59.4808
59.3169
12.7383
3.83196
18.3696
5.27171
61.0923
7.2478
52.0659
58.3093
59.5731
77.8271
20.6673
11.8906
77.0263
3.46543
40.127
12.8819
4.89167
33.7014
3.6392
17.9237
39.7102
104.504
5.88893
11.2336
12.1436
39.711
13.4923
15.3452
60.3428
3.60363
88.1447
58.7076
5.53171
10.5824
18.8063
11.5637
7.06073
11.5005
7.16018
4.6931
60.1639
51.9164
9.62331
60.0582
68.2355
68.8322
63.2609
53.6188
4.76441
4.06883
6.69823
13.9682
6.2346
27.11
13.0747
11.7898
15.2513
9.14458
53.1936
12.6509
50.6603
13.2566
11.5923
78.7287
6.66498
31.5524
3.99219
17.8521
69.2244
44.9527
39.6862
9.56115
17.4615
8.62273
7.04611
11.196
7.14938
51.8038
7.62086
45.289
37.844
35.713
53.7736
5.29868
4.27209
26.4274
3.10769
69.9458
36.4345
4.40599
17.8103
10.5736
17.6366
45.9459
10.3946
13.9427
13.0591
43.3647
79.6296
31.3215
50.8373
13.4391
59.4862
78.2329
18.6862
6.91279
17.8908
18.0223
3.62613
44.2452
7.30887
3.48657
6.39876
18.0327
7.58234
52.4076
3.83267
66.3199
3.47629
5.43842
68.7584
27.3187
95.5942
18.5049
10.7235
78.1563
39.7437
12.8179
2.87391
12.6994
75.2378
61.9683
8.47841
36.6466
9.13018
90.4761
7.63276
17.8684
38.5206
5.81288
56.714
69.6482
12.1801
9.27856
83.1408
7.30459
13.5693
4.76186
12.2609
54.7135
68.5242
3.87192
51.5584
45.286
17.8621
13.2758
4.60513
80.1789
89.8414
18.7622
9.5555
6.70145
74.1101
8.02078
51.9843
52.0647
68.2726
54.9283
58.5635
4.29879
4.41553
5.94843
17.8988
21.4488
29.8188
65.2963
15.1125
68.0557
57.1917
60.7764
7.4683
39.8036
13.1274
31.407
4.69806
10.4361
6.53851
13.6973
68.6141
45.2145
59.5718
15.4457
44.4697
4.45496
5.45806
39.4905
9.9023
25.215
39.6904
60.9663
51.0507
60.6535
45.5478
14.8729
14.6391
68.6558
2.62898
5.24721
45.5065
3.61453
13.0382
4.22499
4.41313
53.6253
13.4047
4.45653
4.44552
12.4331
59.8774
3.16962
11.5298
2.58889
11.0282
52.0614
68.558
7.88578
52.5132
3.8979
4.81508
51.9647
18.108
7.1399
13.8258
39.7715
11.2948
4.91644
18.2899
39.6154
2.7448
8.23353
44.6617
78.2329
40.9865
14.5579
4.30283
11.2532
52.1021
18.1493
57.6647
4.12607
4.37284
68.7337
38.1059
59.7444
18.1721
56.2356
50.9126
17.4492
52.286
21.1969
7.99561
5.74217
6.32078
78.4812
9.64001
61.1574
4.01795
18.6043
51.9118
46.7265
46.3936
14.4776
37.4775
45.8336
9.02916
5.31834
44.8944
53.1162
102.29
69.0199
29.2323
3.64008
59.7673
7.71823
7.26361
68.3925
52.3418
18.1049
18.5215
7.38079
5.26588
6.71748
68.9347
23.6165
5.76696
18.0343
18.1055
69.3903
10.2977
95.6106
24.7985
6.28689
13.1646
18.3733
5.94622
68.2259
17.8257
18.9847
4.1301
18.5272
5.48242
17.0819
8.71391
21.4426
13.8976
3.15943
21.6051
6.0149
7.2793
23.4928
11.9987
7.58249
11.5049
3.5678
11.4969
4.70513
78.9021
17.3701
55.8036
95.9844
9.07003
18.3936
3.33011
18.0298
12.9938
17.4786
11.5412
34.1042
14.9376
2.94932
70.3178
6.72459
58.426
28.6155
5.52172
8.92106
7.13901
13.9133
17.209
6.04434
3.45935
8.05478
10.2094
18.645
12.097
52.0866
45.5803
4.89482
8.50007
68.3542
21.7136
52.0844
11.3503
70.272
59.679
2.98255
13.5423
17.6899
37.7264
59.6326
19.0314
59.4277
67.9794
78.4805
8.06065
17.2302
61.0689
58.2737
8.5821
3.48608
27.1713
9.4124
6.95015
14.3749
46.1527
51.9868
59.6567
3.64814
3.83698
9.34353
18.0927
51.4977
5.70066
17.703
14.8395
11.4899
8.6791
64.2266
78.74
12.4134
68.3145
11.6092
11.4931
23.3191
45.5288
10.3935
89.8465
3.88074
7.33068
10.3255
9.10563
5.66694
54.3091
12.1714
52.0681
8.55603
4.41278
5.33424
13.1937
9.43361
13.4737
10.8865
15.5548
5.80293
3.5241
7.8553
