1.500660037994384766e+01
1.138810038566589355e+00
4.078020095825195312e+00
9.816699981689453125e+00
1.228690052032470703e+01
6.033520221710205078e+00
1.093209981918334961e+00
1.672519836425781250e+02
1.285570025444030762e+00
6.842979788780212402e-01
4.084189832210540771e-01
8.897811889648437500e+01
1.226990203857421875e+02
1.223120117187500000e+01
3.498030185699462891e+00
6.733379960060119629e-01
3.211149930953979492e+00
4.481559753417968750e+00
1.215639877319335938e+01
2.072349935770034790e-01
6.874320507049560547e+00
1.062959861755371094e+01
1.293969988822937012e+00
4.383759975433349609e+00
2.786259889602661133e+00
3.106500208377838135e-01
7.162879407405853271e-02
1.119320034980773926e+00
1.142230033874511719e+00
1.182690113782882690e-01
3.783750610351562500e+02
1.371280097961425781e+01
3.604219913482666016e+00
2.728669941425323486e-01
5.231640243530273438e+01
2.756189823150634766e+00
1.885700076818466187e-01
1.191010102629661560e-01
8.024960011243820190e-02
1.117730140686035156e-01
4.387869834899902344e-01
4.576829969882965088e-01
2.933540046215057373e-01
3.579240417480468750e+01
3.162539672851562500e+02
2.504110336303710938e+01
1.471679955720901489e-01
6.496490478515625000e+00
5.547549724578857422e+00
1.141209959983825684e+00
7.091869711875915527e-01
3.304579854011535645e-01
1.593460178375244141e+01
7.995200157165527344e-02
2.420900017023086548e-01
9.911079406738281250e+00
3.271590232849121094e+00
1.061679959297180176e+00
1.660380065441131592e-01
1.355299949645996094e+00
5.759999528527259827e-02
1.142639923095703125e+01
2.993629760742187500e+02
9.936460113525390625e+01
2.105820083618164062e+01
3.593149900436401367e+00
1.640959978103637695e-01
1.020820021629333496e+00
2.419169992208480835e-01
1.096179885864257812e+02
2.022189903259277344e+01
1.428300023078918457e+00
2.007800102233886719e+00
3.577599823474884033e-01
3.221290111541748047e+00
8.618061065673828125e+00
1.089499965310096741e-01
1.109219932556152344e+01
2.173659950494766235e-01
1.090919971466064453e+00
2.523179817199707031e+01
2.917889952659606934e-01
1.729979962110519409e-01
3.432930231094360352e+00
1.412920093536376953e+01
2.852009963989257812e+01
2.544270324707031250e+01
3.139649658203125000e+02
1.489380151033401489e-01
7.126399129629135132e-02
2.310810089111328125e+01
8.972469329833984375e+00
4.762539863586425781e+00
2.411089706420898438e+01
1.126859863281250000e+03
1.696460008621215820e+00
2.300110101699829102e+00
6.245819926261901855e-01
4.346980154514312744e-01
1.439170002937316895e+00
1.198820099234580994e-01
1.675450134277343750e+02
4.888339233398437500e+02
9.576801300048828125e+01
1.183179974555969238e+00
1.491120052337646484e+01
1.481889963150024414e+00
1.458220005035400391e+00
5.888300323486328125e+01
4.070169925689697266e+00
1.823080062866210938e+00
1.915160217285156250e+02
2.773770093917846680e+00
2.570940017700195312e+00
1.649060010910034180e+00
7.302870178222656250e+01
9.406719356775283813e-02
3.834900283813476562e+01
2.874770164489746094e+00
4.045050144195556641e+00
6.073480224609375000e+02
2.696059942245483398e-01
3.789789974689483643e-01
1.745149940252304077e-01
8.477429389953613281e+00
7.475039958953857422e-01
7.544639587402343750e+00
5.652390670776367188e+01
4.276259839534759521e-01
4.041249752044677734e+00
1.826169776916503906e+01
1.204100012779235840e+00
3.416579961776733398e-01
1.336089968681335449e+00
6.760609745979309082e-01
2.539550065994262695e-01
2.053420066833496094e+00
5.570399761199951172e+00
7.086959838867187500e+00
5.793279409408569336e-02
1.421149969100952148e-01
6.656000018119812012e-02
1.026430130004882812e+02
1.558050066232681274e-01
1.666880100965499878e-01
2.087129783630371094e+01
1.795240044593811035e+00
7.533240318298339844e+00
1.040260028839111328e+01
7.427019500732421875e+01
1.106340050697326660e+00
6.735099792480468750e+00
1.256320095062255859e+01
1.287599945068359375e+01
1.612859964370727539e-01
3.044609725475311279e-01
7.515839487314224243e-02
1.232560038566589355e+00
2.976049900054931641e+00
2.145040435791015625e+02
3.270669937133789062e+00
1.951000213623046875e+01
5.466919326782226562e+01
9.768959879875183105e-02
6.438019871711730957e-01
1.311229991912841797e+01
5.221709823608398438e+01
2.627260088920593262e-01
1.422979980707168579e-01
1.719069927930831909e-01
1.966289901733398438e+01
1.348680114746093750e+01
1.082439994812011719e+01
8.074049949645996094e-01
1.288669854402542114e-01
4.258120059967041016e+00
1.167829990386962891e+01
7.409600913524627686e-02
2.406750023365020752e-01
1.135449886322021484e+01
6.832349896430969238e-01
2.161930084228515625e+01
2.264509773254394531e+01
2.080999851226806641e+00
7.152929902076721191e-01
5.508460044860839844e+00
1.950380086898803711e+00
4.105149805545806885e-01
5.150499939918518066e-01
1.636260002851486206e-01
1.183320045471191406e+00
1.560209989547729492e+00
1.127200031280517578e+01
2.690520048141479492e+00
3.135119915008544922e+00
1.309540033340454102e+00
1.666979980468750000e+01
6.996769905090332031e-01
4.682890319824218750e+01
2.473019957542419434e-01
3.696960210800170898e-01
1.809469938278198242e+00
1.172059997916221619e-01
2.573850250244140625e+01
7.208000123500823975e-02
3.094289779663085938e+00
7.378240227699279785e-01
8.333760499954223633e-02
1.136380136013031006e-01
7.640960067510604858e-02
1.440150022506713867e+00
5.904379653930664062e+01
7.897719860076904297e+00
3.672739863395690918e-01
2.016969909667968750e+02
2.599109840393066406e+01
1.209099807739257812e+02
3.995809853076934814e-01
3.554970703125000000e+02
3.350310087203979492e+00
7.495879650115966797e+00
5.877629756927490234e+00
1.416110134124755859e+01
1.563999950885772705e-01
4.218780040740966797e+00
3.187490105628967285e-01
1.555729675292968750e+02
4.867220401763916016e+00
1.608310127258300781e+01
2.885439991950988770e-01
3.006909847259521484e+00
8.303620219230651855e-01
1.067420005798339844e+00
1.506399959325790405e-01
4.807360470294952393e-02
9.990849304199218750e+01
1.764640092849731445e+00
4.478260803222656250e+02
1.733129978179931641e+00
5.467140960693359375e+01
3.188889980316162109e+00
6.690210103988647461e-01
8.022239804267883301e-01
9.976640343666076660e-02
3.210569763183593750e+01
2.463089752197265625e+01
8.000099182128906250e+00
1.124619960784912109e+00
3.806469726562500000e+01
3.654519796371459961e+00
9.878270030021667480e-01
3.633470237255096436e-01
1.762889981269836426e+00
5.954430103302001953e-01
4.487099945545196533e-01
6.706179618835449219e+00
5.487390160560607910e-01
1.412490010261535645e+00
2.186760406494140625e+02
2.131840139627456665e-01
2.176120042800903320e+00
2.997570037841796875e-01
1.071969985961914062e+00
2.649260139465332031e+01
5.626560002565383911e-02
2.370359897613525391e+00
1.396349966526031494e-01
1.556120038032531738e+00
2.520750045776367188e+00
5.242590308189392090e-01
1.019670009613037109e+00
2.420779943466186523e+00
3.205919861793518066e-01
9.512639045715332031e-02
1.436640024185180664e-01
3.123489916324615479e-01
2.330749928951263428e-01
4.032139587402343750e+02
1.626719856262207031e+01
1.261469960212707520e+00
1.123099994659423828e+01
6.383039951324462891e-01
9.948838806152343750e+01
2.085249900817871094e+00
6.095069885253906250e+00
3.540650129318237305e+00
1.296900033950805664e+00
1.474399948120117188e+01
1.233410164713859558e-01
4.607870483398437500e+01
2.432859802246093750e+01
2.768049955368041992e+00
1.078820005059242249e-01
6.222519874572753906e+00
2.064569950103759766e+00
5.009449958801269531e+00
1.080969905853271484e+01
1.072260066866874695e-01
1.499780118465423584e-01
4.320740222930908203e+00
1.046500131487846375e-01
6.039040535688400269e-02
1.323940008878707886e-01
1.002560034394264221e-01
2.636369873046875000e+03
1.899690032005310059e+00
3.474199771881103516e+00
4.032410144805908203e+00
1.004060134291648865e-01
3.548289489746093750e+01
2.693320035934448242e+00
1.313019990921020508e-01
3.948029875755310059e-01
2.369610071182250977e+00
7.749459743499755859e+00
3.508419990539550781e+00
4.960319399833679199e-02
7.768579721450805664e-01
5.829140186309814453e+00
4.342629909515380859e+00
4.934400022029876709e-01
2.434279918670654297e+00
8.206719160079956055e-02
4.469119906425476074e-01
2.111160039901733398e+00
1.016129925847053528e-01
3.026610136032104492e+00
1.313730180263519287e-01
3.041020035743713379e-01
5.011469726562500000e+02
8.750720322132110596e-02
1.082669973373413086e+00
6.424130201339721680e-01
5.717830181121826172e+00
3.198999881744384766e+00
9.226239472627639771e-02
1.394430100917816162e-01
4.684450531005859375e+01
5.013790512084960938e+01
3.670639991760253906e+00
7.892080688476562500e+01
7.084009647369384766e+00
1.989919990301132202e-01
8.171269416809082031e+00
1.322729873657226562e+01
5.058410644531250000e+01
1.943650096654891968e-01
2.021789997816085815e-01
1.255819702148437500e+02
3.375070095062255859e-01
1.070770019531250000e+03
1.659999936819076538e-01
4.241369628906250000e+01
1.018770217895507812e+02
1.560290008783340454e-01
9.593579292297363281e+00
1.393059939146041870e-01
8.613760769367218018e-02
9.966150283813476562e+00
2.370209932327270508e+00
2.947479820251464844e+01
1.222659945487976074e-01
7.129599153995513916e-02
1.310019940137863159e-01
8.626239895820617676e-01
4.577919840812683105e-02
8.551810455322265625e+01
2.632580101490020752e-01
1.267369985580444336e+00
1.364100074768066406e+01
1.077790021896362305e+00
1.577110099792480469e+01
1.961979985237121582e+00
1.343999952077865601e-01
1.490059971809387207e+00
1.872159987688064575e-01
1.160439968109130859e+01
1.784330010414123535e+00
3.182189941406250000e+00
1.575649976730346680e+00
1.159299984574317932e-01
6.906939983367919922e+00
9.654399752616882324e-01
4.722880125045776367e-01
1.377180069684982300e-01
5.981159687042236328e+00
5.046269893646240234e-01
5.528510212898254395e-01
1.608770042657852173e-01
4.845089912414550781e-01
1.687099838256835938e+01
1.938559889793395996e+00
9.880319982767105103e-02
2.594650268554687500e+02
1.342170047760009766e+01
1.137759983539581299e-01
3.043780028820037842e-01
1.253719902038574219e+01
3.189679861068725586e+00
1.395220184326171875e+02
7.125149965286254883e-01
2.068220078945159912e-01
2.175419998168945312e+01
3.753269910812377930e+00
6.875259876251220703e-01
1.088600063323974609e+01
8.269139289855957031e+00
2.274170303344726562e+01
4.926539993286132812e+01
2.403620183467864990e-01
2.205310058593750000e+01
3.124489974975585938e+01
4.278180003166198730e-01
8.996159583330154419e-02
1.517889946699142456e-01
5.589860081672668457e-01
1.861979961395263672e-01
5.007329940795898438e+01
8.444479107856750488e-02
9.353150129318237305e-01
1.181279945373535156e+01
7.948390483856201172e+00
1.117179989814758301e-01
5.553199768066406250e+00
1.627650111913681030e-01
1.541440039873123169e-01
7.843100547790527344e+00
3.494769897460937500e+02
2.982669639587402344e+01
3.607870042324066162e-01
4.284259414672851562e+01
2.115279912948608398e+00
8.329670715332031250e+01
2.215250205993652344e+01
2.451630115509033203e+00
3.320100069046020508e+00
6.990798950195312500e+01
5.620290040969848633e-01
2.144949913024902344e+00
1.507740020751953125e-01
4.526299953460693359e+00
4.641000270843505859e+00
8.669999694824218750e+01
3.708990216255187988e-01
7.618780517578125000e+01
5.068140411376953125e+01
3.816919708251953125e+01
1.002430021762847900e-01
4.603810012340545654e-01
3.904060125350952148e-01
3.999700069427490234e+00
5.364030003547668457e-01
1.366249942779541016e+01
1.693609952926635742e+00
1.139360046386718750e+01
2.601819992065429688e+00
3.850879520177841187e-02
2.914690017700195312e+01
1.876179809570312500e+02
2.100749969482421875e+00
9.995520859956741333e-02
1.807189941406250000e+00
5.010739517211914062e+01
4.766180217266082764e-01
4.355899989604949951e-01
1.459859967231750488e+00
4.544630050659179688e+01
6.983579993247985840e-01
1.588079929351806641e+00
2.542240023612976074e-01
9.520639479160308838e-02
8.540279388427734375e+00
1.466969966888427734e+00
2.886590063571929932e-01
8.287490010261535645e-01
2.889350128173828125e+01
7.556419849395751953e+00
9.984318912029266357e-02
4.176939392089843750e+01
1.038529992103576660e+00
1.728700065612792969e+01
6.383989810943603516e+00
6.214500069618225098e-01
9.696640074253082275e-02
1.170099973678588867e+00
9.822399914264678955e-02
1.113649964332580566e+00
1.086259961128234863e+00
2.865489501953125000e+02
2.400099639892578125e+02
1.588129848241806030e-01
9.314240515232086182e-02
1.539460182189941406e+01
7.977150082588195801e-01
1.825580000877380371e+00
1.253979802131652832e-01
2.720780181884765625e+01
1.748180031776428223e+00
1.181090101599693298e-01
1.788540035486221313e-01
9.916510581970214844e+00
6.345710277557373047e+00
1.019880104064941406e+01
6.249121475219726562e+01
1.650269925594329834e-01
3.815079927444458008e+00
1.447989940643310547e+00
3.982380151748657227e+00
1.267470002174377441e+00
1.020779953002929688e+02
1.918109893798828125e+01
4.037649917602539062e+01
1.484019994735717773e+00
4.936290085315704346e-01
2.315709888935089111e-01
2.022140026092529297e-01
6.423739790916442871e-01
1.105690002441406250e+00
8.850559592247009277e-02
6.771579980850219727e-01
1.071629905700683594e+01
1.913699984550476074e+00
2.865310013294219971e-01
1.197440102696418762e-01
2.141829967498779297e+00
4.924160614609718323e-02
2.555819988250732422e+00
2.803519821166992188e+01
4.405829620361328125e+01
1.116160005331039429e-01
2.852990150451660156e+00
6.246399506926536560e-02
1.921020001173019409e-01
5.527970194816589355e-01
4.394429922103881836e-01
8.033339500427246094e+00
1.159489899873733521e-01
1.227319955825805664e+00
3.096359968185424805e+00
5.284569740295410156e+00
5.775690841674804688e+01
6.747520714998245239e-02
6.120380163192749023e-01
2.471430511474609375e+02
1.846789956092834473e+00
6.568320095539093018e-02
9.342909812927246094e+00
1.470670127868652344e+01
1.596460056304931641e+01
9.760190248489379883e-01
6.789600253105163574e-01
1.085350036621093750e+00
1.051870059967041016e+01
2.405960083007812500e+00
2.476850032806396484e+00
4.860980033874511719e+00
8.038849830627441406e-01
1.300059814453125000e+02
2.657240152359008789e+00
2.522689998149871826e-01
9.483579711914062500e+02
2.117500007152557373e-01
2.088909912109375000e+01
2.305089980363845825e-01
2.208279848098754883e+00
6.751039624214172363e-02
1.889590024948120117e+00
2.657690048217773438e+00
2.703180122375488281e+01
1.361400008201599121e+00
1.555300056934356689e-01
9.514139890670776367e-01
4.890500009059906006e-01
1.041640043258666992e+00
6.668459892272949219e+00
1.719650030136108398e-01
3.078149795532226562e+00
4.439000320434570312e+01
6.258299946784973145e-01
8.764480054378509521e-02
4.824549484252929688e+01
4.055579900741577148e-01
4.235690307617187500e+01
7.076980113983154297e+00
1.217039966583251953e+01
2.109249572753906250e+02
4.683200269937515259e-02
1.082900047302246094e+00
1.302460098266601562e+01
1.258260011672973633e+00
1.176580041646957397e-01
2.547970116138458252e-01
4.742239952087402344e+00
2.552640140056610107e-01
1.631460040807723999e-01
1.271010041236877441e+00
7.630079239606857300e-02
8.352670073509216309e-01
4.075960159301757812e+01
8.203839510679244995e-02
2.448410224914550781e+01
5.959400177001953125e+00
1.465530014038085938e+01
5.857749938964843750e+00
7.337599992752075195e-01
8.231779098510742188e+00
7.741749763488769531e+00
1.984199905395507812e+01
1.499809920787811279e-01
1.500060111284255981e-01
4.103079795837402344e+00
8.117629885673522949e-01
5.987120151519775391e+00
1.028829956054687500e+01
5.145100708007812500e+02
7.243219852447509766e+00
1.278140068054199219e+01
4.632990062236785889e-01
1.012800112366676331e-01
2.423139959573745728e-01
1.918120026588439941e+00
8.113520622253417969e+00
3.667969970703125000e+02
2.153410017490386963e-01
1.549309968948364258e+00
5.416309833526611328e+00
1.455240011215209961e+00
2.162930011749267578e+00
4.456669986248016357e-01
5.876421356201171875e+01
5.145980119705200195e-01
5.653629779815673828e+00
6.645700335502624512e-01
2.911289930343627930e+00
3.198000144958496094e+01
5.362229824066162109e+00
2.662789916992187500e+01
2.865729904174804688e+01
6.093759462237358093e-02
2.822720110416412354e-01
1.375879669189453125e+02
7.310079932212829590e-01
7.274619936943054199e-01
4.959619998931884766e+00
1.912770122289657593e-01
2.789789915084838867e+00
7.067988586425781250e+01
9.807360172271728516e-01
1.176039934158325195e+00
8.976901054382324219e+00
2.434179931879043579e-01
3.436159896850585938e+01
2.551259994506835938e-01
3.737589645385742188e+01
2.518559992313385010e-01
2.369179916381835938e+01
2.709280252456665039e-01
7.033599168062210083e-02
1.707520103454589844e+01
1.900979995727539062e+01
3.139949798583984375e+01
1.384479999542236328e-01
2.208449989557266235e-01
5.352030396461486816e-01
4.951359927654266357e-01
3.877759873867034912e-01
1.880290061235427856e-01
2.704840278625488281e+01
1.202009868621826172e+01
1.945419883728027344e+01
2.816829919815063477e+00
9.084408760070800781e+00
1.338040065765380859e+01
8.808451843261718750e+01
2.920979976654052734e+00
1.307209968566894531e+00
4.088900089263916016e-01
5.365799903869628906e+00
1.787809878587722778e-01
3.365819931030273438e+00
2.190880030393600464e-01
2.508830070495605469e+00
1.187340068817138672e+01
5.179200321435928345e-02
7.828800380229949951e-02
2.873209953308105469e+00
3.839630126953125000e+00
6.602029800415039062e+00
5.048079967498779297e+00
6.795420050621032715e-01
3.239070177078247070e-01
8.172557983398437500e+02
2.041770172119140625e+01
1.832999992370605469e+01
2.207420043945312500e+02
1.961559753417968750e+02
3.292450010776519775e-01
6.921920925378799438e-02
4.064350128173828125e-01
6.097440123558044434e-01
7.680319994688034058e-02
2.897390127182006836e+00
1.207849979400634766e+00
4.427389800548553467e-01
5.532969951629638672e+00
2.883470058441162109e+00
8.532799720764160156e+00
3.213540344238281250e+02
1.536800116300582886e-01
9.804480522871017456e-02
1.652349948883056641e+00
6.520999908447265625e+01
5.804120063781738281e+00
2.173969984054565430e+00
7.869541168212890625e+01
3.104370117187500000e+01
1.255739927291870117e-01
2.644179725646972656e+01
2.465929985046386719e+00
8.816379904747009277e-01
8.790850043296813965e-01
1.513279974460601807e-01
1.459849834442138672e+01
1.807110214233398438e+01
1.213979870080947876e-01
2.450520038604736328e+00
5.261320495605468750e+01
5.316540002822875977e-01
8.749479293823242188e+00
4.420100152492523193e-01
5.360630512237548828e+00
4.748180389404296875e+00
3.015810012817382812e+00
4.954889774322509766e+00
4.388830184936523438e+00
3.998079776763916016e+00
4.901170349121093750e+01
2.336580008268356323e-01
2.926450014114379883e+00
3.215070068836212158e-01
3.298759841918945312e+01
7.909119874238967896e-02
2.488850116729736328e+00
1.725589990615844727e+00
1.351060104370117188e+01
1.524609923362731934e-01
5.198540649414062500e+02
1.008889923095703125e+02
4.471329748630523682e-01
1.069810028076171875e+02
2.977809753417968750e+02
7.775740027427673340e-01
9.305279731750488281e+00
7.689599692821502686e-02
1.692420005798339844e+00
6.134400144219398499e-02
3.443749694824218750e+02
4.589220046997070312e+00
9.730558842420578003e-02
1.114120006561279297e+00
8.130880445241928101e-02
6.855390071868896484e-01
2.558979988098144531e-01
1.548300027847290039e+00
1.881610035896301270e+00
2.136159986257553101e-01
2.194730043411254883e+00
2.223560094833374023e+00
3.730360031127929688e+01
6.375330090522766113e-01
3.579519689083099365e-02
6.816320121288299561e-02
1.482139974832534790e-01
5.076399803161621094e+00
9.699518978595733643e-02
3.341710090637207031e+00
4.307329952716827393e-01
4.841360092163085938e+00
3.911720037460327148e+00
1.534140110015869141e-01
1.544059991836547852e+00
3.634079742431640625e+01
5.755500030517578125e+01
2.375420033931732178e-01
1.315400004386901855e+00
7.976480126380920410e-01
2.879520058631896973e-01
1.030570030212402344e+01
1.445499956607818604e-01
1.767419874668121338e-01
4.735680297017097473e-02
1.487620025873184204e-01
1.145610046386718750e+01
8.995461463928222656e+00
1.014599990844726562e+01
1.657460093498229980e+00
7.174779510498046875e+01
1.123299971222877502e-01
3.110429942607879639e-01
1.351189899444580078e+01
5.965660214424133301e-01
8.243880271911621094e+00
7.488960772752761841e-02
1.819169998168945312e+00
1.146129965782165527e+00
9.225569963455200195e-01
1.164600014686584473e+00
6.512639671564102173e-02
2.359240055084228516e+00
1.476770043373107910e-01
1.180429935455322266e+00
1.630460023880004883e+00
1.480190157890319824e-01
2.873019874095916748e-01
1.191230010986328125e+01
1.780699938535690308e-01
2.046969890594482422e+00
6.399680674076080322e-02
2.305280119180679321e-01
3.800770187377929688e+01
3.761869812011718750e+01
5.651550292968750000e+00
1.315879974365234375e+02
8.562819671630859375e+01
2.056319999694824219e+01
1.163870096206665039e-01
1.128520107269287109e+01
4.587500095367431641e+00
1.531139945983886719e+01
1.990639877319335938e+01
3.419000244140625000e+01
2.681950032711029053e-01
9.893758594989776611e-02
1.289730072021484375e+01
4.141950011253356934e-01
1.100649952888488770e+00
4.441349983215332031e+00
8.416690063476562500e+01
1.184829920530319214e-01
5.862080305814743042e-02
6.702519893646240234e+00
1.900379955768585205e-01
8.460910797119140625e+00
3.646320104598999023e+00
1.723809987306594849e-01
1.910050034523010254e+00
2.016960084438323975e-01
2.186500167846679688e+01
1.233760118484497070e-01
1.057979986071586609e-01
1.722929954528808594e+00
2.618589997291564941e-01
3.751430034637451172e+00
7.725290679931640625e+01
5.257700085639953613e-01
4.729659557342529297e+00
7.255998998880386353e-02
9.865019917488098145e-01
1.168109893798828125e+02
6.428380012512207031e-01
1.103539943695068359e+00
1.641919910907745361e-01
5.287869572639465332e-01
6.044799461960792542e-02
1.471070051193237305e+00
7.682690024375915527e-01
1.421790003776550293e+00
4.426549911499023438e+00
5.831899642944335938e-01
4.903199970722198486e-01
5.824718856811523438e+01
2.005489730834960938e+01
2.493680000305175781e+00
7.828709602355957031e+00
9.535040259361267090e-01
1.877360153198242188e+01
1.104509949684143066e+00
9.216700553894042969e+00
1.884819793701171875e+01
8.011140227317810059e-01
6.111429691314697266e+00
2.650939822196960449e-01
2.281019985675811768e-01
3.555390119552612305e+00
8.848930001258850098e-01
6.550719588994979858e-02
3.958519935607910156e+00
1.604599952697753906e+00
1.745959997177124023e+00
7.327749729156494141e+00
3.385759830474853516e+00
5.614030456542968750e+01
2.352020025253295898e+00
2.952960133552551270e-01
7.176129817962646484e-01
1.993369936943054199e+00
1.305680036544799805e+00
3.830319881439208984e+00
1.642620086669921875e+01
1.324040222167968750e+02
3.451920032501220703e+00
1.185510039329528809e+00
3.988639831542968750e+00
5.601909637451171875e+00
4.009600356221199036e-02
3.857919573783874512e-02
3.619149923324584961e+00
1.380859971046447754e+00
8.112319707870483398e-01
7.102980017662048340e-01
4.008860111236572266e+00
8.542229003906250000e+02
2.552479982376098633e+00
2.164029884338378906e+01
9.711249351501464844e+00
8.281899261474609375e+01
1.934520006179809570e+00
5.592859745025634766e+00
1.292449831962585449e-01
1.410780102014541626e-01
2.479460000991821289e+00
2.267549932003021240e-01
1.618990020751953125e+02
6.820160150527954102e-02
6.040419936180114746e-01
1.701629996299743652e+00
3.694239854812622070e-01
6.858620047569274902e-01
1.931839942932128906e+00
1.052149963378906250e+02
1.043860054016113281e+01
1.528820037841796875e+00
9.225410223007202148e-01
4.727779865264892578e+00
1.439579963684082031e+00
1.288900017738342285e+00
8.622788238525390625e+01
1.083879947662353516e+01
2.121010017395019531e+01
7.254048919677734375e+01
1.242569828033447266e+01
4.624319821596145630e-02
2.815200090408325195e-01
5.685319900512695312e+00
6.244080066680908203e+00
8.379459977149963379e-01
1.280809879302978516e+01
6.170849800109863281e-01
3.646939992904663086e+00
8.178240805864334106e-02
7.923359870910644531e-01
6.709519863128662109e+00
3.493519973754882812e+01
1.479069948196411133e+00
1.223179912567138672e+01
1.920460128784179688e+01
7.479730606079101562e+00
5.598459839820861816e-01
7.351260185241699219e-01
3.333789825439453125e+01
9.984318912029266357e-02
2.632029950618743896e-01
3.838399797677993774e-02
1.824640035629272461e+00
1.802990078926086426e+00
6.592390060424804688e+00
3.883140087127685547e-01
1.327499985694885254e+00
3.924189758300781250e+01
6.112129688262939453e-01
1.193780040740966797e+01
3.670399636030197144e-02
1.319350097656250000e+03
1.306079924106597900e-01
1.541499942541122437e-01
1.300469994544982910e+00
2.226879894733428955e-01
5.987010002136230469e-01
3.708799743652343750e+01
1.103440046310424805e+00
4.804739952087402344e+00
1.316169929504394531e+01
2.539740085601806641e+00
2.656099796295166016e-01
1.523280334472656250e+02
4.581429958343505859e+00
1.282229995727539062e+01
9.102699279785156250e+00
1.187399983406066895e+00
7.196130156517028809e-01
7.439239978790283203e+00
1.430109977722167969e+00
2.440690040588378906e+00
7.879378509521484375e+01
1.992120027542114258e+00
9.277249336242675781e+00
4.739000320434570312e+00
1.428959965705871582e-01
8.808450102806091309e-01
1.581699997186660767e-01
6.238459587097167969e+00
1.154760074615478516e+01
1.129590034484863281e+00
1.405369997024536133e+00
3.962830200195312500e+02
1.133209943771362305e+00
6.609979867935180664e-01
1.140380020141601562e+02
5.773810424804687500e+02
5.006920242309570312e+01
2.441139936447143555e+00
2.042970092773437500e+03
1.242400035262107849e-01
2.294559925794601440e-01
1.327340006828308105e+00
5.021759867668151855e-02
3.391310214996337891e+00
7.131170034408569336e-01
7.510708618164062500e+01
2.914619827270507812e+01
3.234820127487182617e+00
4.594719886779785156e+00
1.459600067138671875e+02
7.863089084625244141e+00
6.403260040283203125e+01
8.997440338134765625e-02
2.161649942398071289e+00
1.165790081024169922e+01
1.397780060768127441e+00
3.729149627685546875e+01
3.755140304565429688e+01
1.293309926986694336e-01
1.955500221252441406e+01
3.508770167827606201e-01
1.673979949951171875e+01
1.198699951171875000e+00
2.195139974355697632e-01
2.477790117263793945e+00
1.797260046005249023e+00
6.033239841461181641e+00
2.458239746093750000e+01
7.017279416322708130e-02
4.960019683837890625e+01
1.089299774169921875e+02
1.854530096054077148e+00
8.652160167694091797e-01
2.685890197753906250e-01
9.865980148315429688e-01
5.070180296897888184e-01
1.132400035858154297e+00
9.000468750000000000e+02
2.946509838104248047e+00
2.949630022048950195e-01
8.817480087280273438e+00
2.113700103759765625e+01
9.083250045776367188e+00
4.884259998798370361e-01
4.571390151977539062e+01
4.063600063323974609e+00
2.698600053787231445e+00
1.225559921264648438e+02
4.559380054473876953e+00
1.330580043792724609e+01
9.636909484863281250e+00
5.853980183601379395e-01
1.805839920043945312e+01
2.139649987220764160e-01
1.593540012836456299e-01
5.408059954643249512e-01
9.412131309509277344e+00
2.486449584960937500e+02
8.697479248046875000e+00
7.894080132246017456e-02
4.497240066528320312e+00
2.388349723815917969e+01
4.016669988632202148e-01
7.851839065551757812e-02
2.198799896240234375e+01
3.918499946594238281e-01
8.903300166130065918e-01
1.423010063171386719e+01
7.587260007858276367e-01
3.730460107326507568e-01
8.107810020446777344e-01
7.433310151100158691e-01
2.006330108642578125e+01
6.656979560852050781e+00
1.215970039367675781e+00
3.233349990844726562e+01
2.282140105962753296e-01
8.437279701232910156e+00
3.358340263366699219e-01
3.512329816818237305e+00
2.107900083065032959e-01
2.481729984283447266e-01
3.738889932632446289e+00
7.841120243072509766e+00
1.204260253906250000e+03
1.056010055541992188e+01
1.032529950141906738e+00
4.524860382080078125e+00
3.112290143966674805e+00
1.710669994354248047e+00
6.731650233268737793e-01
1.693140029907226562e+00
7.410880178213119507e-02
3.713050079345703125e+01
1.417230129241943359e+01
8.225279301404953003e-02
1.463369965553283691e+00
5.315609931945800781e+00
1.326069793701171875e+02
6.033470034599304199e-01
8.816059827804565430e-01
1.283869892358779907e-01
1.182610034942626953e+00
1.248500156402587891e+01
2.861819863319396973e-01
5.233520507812500000e+01
6.040900349617004395e-01
1.547100096940994263e-01
2.515839958190917969e+01
1.890180015563964844e+01
1.841530084609985352e+00
1.745100021362304688e+00
7.220829725265502930e-01
3.621980249881744385e-01
6.206939816474914551e-01
2.161469936370849609e+00
3.014720082283020020e-01
1.121250092983245850e-01
1.039039939641952515e-01
2.632659912109375000e+02
1.446120023727416992e+00
4.065249633789062500e+01
1.264630031585693359e+01
4.131850242614746094e+00
3.842819929122924805e-01
8.101889801025390625e+01
9.071199893951416016e-01
1.212539970874786377e-01
1.471939980983734131e-01
1.710680198669433594e+01
8.434879779815673828e-01
3.340800476074218750e+01
2.057169914245605469e+00
3.368689775466918945e+00
1.757430076599121094e+01
1.947000026702880859e+00
2.433449745178222656e+01
4.801670074462890625e+00
3.427250146865844727e+00
4.637979865074157715e-01
5.535259723663330078e+00
1.005480003356933594e+01
2.713629961013793945e+00
5.301739883422851562e+01
2.454750366210937500e+02
8.587899208068847656e+00
1.368710136413574219e+01
1.155050039291381836e+00
2.157480001449584961e+00
2.410150051116943359e+00
5.564160346984863281e-01
9.040639549493789673e-02
8.300159871578216553e-02
3.015290021896362305e+00
5.759300231933593750e+00
1.945330023765563965e+00
1.176980018615722656e+00
3.359070062637329102e+00
1.476300001144409180e+00
6.540479511022567749e-02
2.156949996948242188e+01
3.983359932899475098e-01
1.497120112180709839e-01
4.363520443439483643e-02
6.905339956283569336e-01
6.950500488281250000e+01
1.131300106644630432e-01
1.672709941864013672e+00
3.202929735183715820e+00
4.486550521850585938e+01
1.586290001869201660e+00
7.925830078125000000e+01
3.199489831924438477e+00
1.446049652099609375e+02
1.901240158081054688e+01
3.260210275650024414e+00
3.492420017719268799e-01
3.426219940185546875e+00
2.281340122222900391e+00
1.246090054512023926e+00
1.220110058784484863e+00
3.641860008239746094e+00
4.359650015830993652e-01
9.133439511060714722e-02
3.092919826507568359e+00
6.886619925498962402e-01
2.431739866733551025e-01
9.696000069379806519e-02
3.301480054855346680e+00
9.845471954345703125e+01
3.100509941577911377e-01
2.053859901428222656e+01
3.467340087890625000e+01
1.015920042991638184e+00
1.056929969787597656e+01
2.352629899978637695e+00
8.171199262142181396e-02
1.130299866199493408e-01
4.460599899291992188e+00
5.265730023384094238e-01
4.453749656677246094e+00
8.240420222282409668e-01
1.613220125436782837e-01
3.582659530639648438e+01
9.149319648742675781e+00
3.472930526733398438e+01
6.121760010719299316e-01
1.046820044517517090e+00
4.739899933338165283e-01
9.167069435119628906e+00
8.755519986152648926e-02
4.921199798583984375e+01
9.528449773788452148e-01
1.416099965572357178e-01
9.512420296669006348e-01
4.354440212249755859e+00
3.058719933032989502e-01
1.100890064239501953e+01
1.774879992008209229e-01
3.768160045146942139e-01
2.714850008487701416e-01
3.458980321884155273e-01
2.995750427246093750e+02
3.290700149536132812e+01
2.939299941062927246e-01
4.948319792747497559e-01
2.981249988079071045e-01
3.362620174884796143e-01
1.060029938817024231e-01
5.842210054397583008e-01
2.071080207824707031e+01
1.541730117797851562e+01
3.241449737548828125e+01
9.785698699951171875e+01
1.066500091552734375e+01
2.372530174255371094e+01
5.910210013389587402e-01
5.334840297698974609e+00
6.483590126037597656e+00
2.516039657592773438e+01
2.573699951171875000e-01
2.694689989089965820e+00
2.530329942703247070e+00
5.909249496459960938e+01
8.904899954795837402e-01
6.338511657714843750e+01
9.533060193061828613e-01
3.280229568481445312e+01
1.496600031852722168e+00
1.380200028419494629e+00
4.762400090694427490e-01
3.288840055465698242e+00
1.159440231323242188e+02
1.403800010681152344e+00
4.603179931640625000e+00
7.972710609436035156e+00
2.129650115966796875e+00
2.329389762878417969e+01
1.745400071144104004e+00
1.614560008049011230e+00
4.678129673004150391e+00
5.647870302200317383e-01
4.082270050048828125e+01
1.816059947013854980e-01
8.773340225219726562e+00
1.478320121765136719e+01
1.008899956941604614e-01
5.473759651184082031e+00
6.801779937744140625e+01
1.161909937858581543e+00
1.338999986648559570e+00
2.157590332031250000e+02
2.708599853515625000e+01
8.845019936561584473e-01
1.818129730224609375e+01
1.162810134887695312e+01
3.364320039749145508e+00
3.805039596557617188e+01
1.046749874949455261e-01
3.822070121765136719e+00
2.111900001764297485e-01
1.159549877047538757e-01
1.327420026063919067e-01
5.483649969100952148e-01
1.159270048141479492e+00
7.079970240592956543e-01
1.531810045242309570e+00
1.712429809570312500e+01
2.563779950141906738e-01
3.135970234870910645e-01
1.317860007286071777e+00
7.886039257049560547e+00
7.828340053558349609e+00
1.496119785308837891e+01
6.785480022430419922e+00
2.179299926757812500e+01
2.791489958763122559e-01
7.377058410644531250e+01
2.969400167465209961e+00
6.443970203399658203e-01
5.681590080261230469e+00
1.029250100255012512e-01
7.592110443115234375e+01
2.406080017089843750e+02
1.248639941215515137e+00
4.895709991455078125e+00
3.444260406494140625e+01
6.900579929351806641e-01
2.468760013580322266e+00
6.628029942512512207e-01
1.237619876861572266e+01
1.409989953041076660e+00
2.614179849624633789e-01
2.171040058135986328e+00
2.190739822387695312e+01
1.999779939651489258e-01
1.966429948806762695e-01
7.388629913330078125e+01
1.245360016822814941e+00
1.703899949789047241e-01
3.325540125370025635e-01
5.821939468383789062e+01
3.322850036621093750e+02
5.353599414229393005e-02
3.595420122146606445e+00
1.311900019645690918e-01
1.809600067138671875e+02
6.946041107177734375e+01
2.073840332031250000e+02
1.626590013504028320e+00
6.639259815216064453e+00
7.192329883575439453e+00
8.602979660034179688e+00
3.356890106201171875e+01
3.887520134449005127e-01
1.630700111389160156e+01
4.155319824218750000e+02
2.114680051803588867e+00
1.534370034933090210e-01
8.300900459289550781e+00
1.886679840087890625e+02
9.490910172462463379e-01
9.270591735839843750e+01
1.261090040206909180e-01
2.051909828186035156e+01
8.250939846038818359e-01
1.869059944152832031e+01
3.244160115718841553e-01
3.016409873962402344e+00
6.742080301046371460e-02
5.220600128173828125e+00
1.178449988365173340e+00
1.435060024261474609e+00
8.816960453987121582e-02
6.712870121002197266e+00
1.841839981079101562e+01
4.027770042419433594e+00
6.413120031356811523e-02
1.971389617919921875e+02
3.136649847030639648e+00
3.810199737548828125e+01
9.794078063964843750e+01
1.598400026559829712e-01
5.016160011291503906e-01
3.064850234985351562e+01
3.820990025997161865e-01
1.538709998130798340e+00
1.320379972457885742e-01
5.158869934082031250e+01
7.518079876899719238e-02
8.639929771423339844e+00
4.400519561767578125e+01
1.483259946107864380e-01
2.276220130920410156e+01
1.774680018424987793e+00
9.112479400634765625e+01
1.400259971618652344e+00
4.436990022659301758e-01
9.474909782409667969e+00
1.892589926719665527e+00
2.703410148620605469e+01
1.257630081176757812e+02
2.150209993124008179e-01
6.899520111083984375e+01
3.951330184936523438e-01
1.448319852352142334e-01
8.602558821439743042e-02
3.830940127372741699e-01
1.959780120849609375e+01
4.002239555120468140e-02
1.874080002307891846e-01
6.692110061645507812e+00
2.408849954605102539e+00
2.258960008621215820e+00
4.169970321655273438e+01
9.184001386165618896e-02
3.146420001983642578e+00
5.722240358591079712e-02
5.793629884719848633e-01
9.131839126348495483e-02
1.468299984931945801e+00
6.743360161781311035e-01
1.525700092315673828e-01
2.957659959793090820e-01
4.112909698486328125e+01
7.347069978713989258e-01
5.570000171661376953e+00
2.700860202312469482e-01
1.030460000038146973e+00
1.553919887542724609e+01
4.427579498291015625e+01
4.526369869709014893e-01
2.061669921875000000e+01
4.077549560546875000e+03
8.528450131416320801e-01
4.832140445709228516e+00
1.599419951438903809e+00
2.957090139389038086e-01
1.524830013513565063e-01
3.065920257568359375e+01
3.778869867324829102e+00
1.182069969177246094e+01
9.289440155029296875e+00
4.390229797363281250e+01
2.286720037460327148e+00
1.086079925298690796e-01
5.741120502352714539e-02
8.043820953369140625e+01
2.596909999847412109e+00
1.312420010566711426e+00
4.297409951686859131e-01
5.846939086914062500e+01
2.698699951171875000e+00
4.648450016975402832e-01
1.719550013542175293e+00
4.409570097923278809e-01
3.488100171089172363e-01
6.755319976806640625e+01
3.798319625854492188e+01
5.865919589996337891e-02
1.346099853515625000e+01
1.068359947204589844e+01
1.175049972534179688e+01
1.241819953918457031e+01
4.975680112838745117e-01
4.307099878787994385e-01
2.538310050964355469e+00
6.566760063171386719e+00
6.387589931488037109e+00
5.534619688987731934e-01
3.599199950695037842e-01
8.821889758110046387e-01
1.416700005531311035e+00
3.186210095882415771e-01
1.137499883770942688e-01
6.211520358920097351e-02
3.317110061645507812e+00
2.489579772949218750e+01
2.109819948673248291e-01
1.178400039672851562e+00
3.410720109939575195e+00
5.814459919929504395e-01
8.629500389099121094e+00
3.176819992065429688e+01
4.004679870605468750e+01
7.497340202331542969e+00
9.406269788742065430e-01
9.062940597534179688e+00
2.148490142822265625e+01
8.679811096191406250e+01
2.769649982452392578e+00
5.838250160217285156e+00
4.006240069866180420e-01
1.509429836273193359e+01
3.246439743041992188e+01
7.649040985107421875e+01
1.124500036239624023e+00
5.856470108032226562e+00
3.673970222473144531e+00
1.509950011968612671e-01
1.468449980020523071e-01
1.281159996986389160e+00
7.521040439605712891e+00
7.071100234985351562e+00
2.459910154342651367e+00
3.363300085067749023e+00
2.218529891967773438e+01
9.167600631713867188e+00
2.707340240478515625e+01
1.033259887695312500e+02
1.930179893970489502e-01
7.001280039548873901e-02
5.067490100860595703e+00
6.620800495147705078e-02
1.309759902954101562e+01
5.073489665985107422e+00
5.355009555816650391e+00
1.078100109100341797e+01
6.403240203857421875e+00
1.031180024147033691e+00
4.514719843864440918e-01
1.913309842348098755e-01
6.347559928894042969e+00
1.958680152893066406e+01
5.355439376831054688e+01
1.013800125122070312e+02
2.277549982070922852e+00
1.028429889678955078e+01
2.203819847106933594e+01
8.721340298652648926e-01
1.169260025024414062e+00
3.857029724121093750e+01
4.614370346069335938e+00
7.372990131378173828e+00
2.677279853820800781e+01
1.001410037279129028e-01
3.545410156250000000e+00
3.894430100917816162e-01
8.655679225921630859e-02
1.735199987888336182e-01
1.929920005798339844e+01
7.460349798202514648e-01
1.349790344238281250e+02
3.940900421142578125e+01
1.590880006551742554e-01
1.014950084686279297e+01
1.962239837646484375e+01
7.945620059967041016e+00
7.255100011825561523e-01
1.611879944801330566e+00
2.133980407714843750e+02
4.878840637207031250e+02
1.615270233154296875e+01
3.120929896831512451e-01
1.385289859771728516e+01
4.618879854679107666e-01
1.391909885406494141e+01
1.340480148792266846e-01
1.728830039501190186e-01
2.867059898376464844e+01
1.870819926261901855e-01
3.144559631347656250e+02
5.596030354499816895e-01
1.365450024604797363e+00
5.412700653076171875e+01
9.658619761466979980e-01
1.990320014953613281e+01
3.091840147972106934e-01
6.418869628906250000e+02
2.035990447998046875e+02
3.504599809646606445e+00
1.402700066566467285e+00
5.491159915924072266e+00
5.418879985809326172e+00
6.748759746551513672e+00
1.654909968376159668e+00
3.275789976119995117e+00
2.125119924545288086e+00
1.871470069885253906e+01
6.874520301818847656e+00
3.249480056762695312e+01
9.899199753999710083e-02
1.317530059814453125e+02
9.289610862731933594e+00
6.880639493465423584e-02
2.316570091247558594e+01
1.176929846405982971e-01
1.926749944686889648e-01
1.518429964780807495e-01
1.271900087594985962e-01
1.613570004701614380e-01
1.029760003089904785e+00
8.073709487915039062e+00
1.605229973793029785e+00
2.469470367431640625e+02
1.761579704284667969e+01
1.492529988288879395e+00
9.909979701042175293e-01
1.663969904184341431e-01
8.659740447998046875e+01
1.154549980163574219e+01
1.181480050086975098e+00
2.074500024318695068e-01
6.287999451160430908e-02
2.811709940433502197e-01
2.866680145263671875e+00
6.059070229530334473e-01
1.289900064468383789e+00
1.361950039863586426e-01
3.974719718098640442e-02
7.793919742107391357e-02
5.163730468750000000e+02
6.799749851226806641e+00
4.173190116882324219e+00
4.052420139312744141e+00
4.885409772396087646e-01
2.165450096130371094e+00
7.174720615148544312e-02
1.491700053215026855e+00
2.888480186462402344e+01
5.628349781036376953e-01
1.044720092773437500e+03
2.303690147399902344e+01
1.612799912691116333e-01
8.037709808349609375e+01
4.178540229797363281e+00
2.497220039367675781e+00
9.174540519714355469e+00
4.577270030975341797e+00
5.888450145721435547e-01
2.995119810104370117e+00
6.813430309295654297e+00
6.236469745635986328e+00
7.945979833602905273e-01
1.052119970321655273e+00
1.081540063023567200e-01
7.059310436248779297e+00
1.479099988937377930e-01
2.274880027770996094e+01
8.311679214239120483e-02
2.607710063457489014e-01
2.614739894866943359e+00
2.081429958343505859e+00
3.566720008850097656e+00
2.754439830780029297e+00
5.068160220980644226e-02
6.030690073966979980e-01
1.974570035934448242e+00
3.438260078430175781e+00
6.139519810676574707e-01
6.816930294036865234e+00
7.599779963493347168e-01
1.469569951295852661e-01
2.842369842529296875e+01
2.139060020446777344e+00
2.412079811096191406e+01
2.049440145492553711e+00
7.165340423583984375e+00
9.290309906005859375e+00
2.394270151853561401e-01
1.133929967880249023e+00
7.289810180664062500e+00
1.171599984169006348e+00
3.936350047588348389e-01
8.211941528320312500e+01
1.990929961204528809e+00
2.439099848270416260e-01
1.543319702148437500e+02
7.837440073490142822e-02
2.940479850769042969e+01
1.710930061340332031e+01
7.668640017509460449e-01
8.604860305786132812e-01
1.042150020599365234e+00
5.626850128173828125e+00
4.406750202178955078e+00
6.561570167541503906e-01
6.812488555908203125e+01
3.484840011596679688e+01
1.176180005073547363e+00
2.075709998607635498e-01
2.872350215911865234e-01
2.272059822082519531e+01
4.003640174865722656e+00
1.015460014343261719e+00
3.980520248413085938e+00
2.862239778041839600e-01
2.250260114669799805e+00
2.416059970855712891e-01
1.202499940991401672e-01
2.942139804363250732e-01
9.193380355834960938e+00
5.585250258445739746e-01
3.521180343627929688e+01
2.454910039901733398e+00
4.564699828624725342e-01
5.076379776000976562e-01
4.852260589599609375e+01
1.262400031089782715e+00
5.707229971885681152e-01
2.865669965744018555e+00
5.474869728088378906e+00
8.497959136962890625e+00
2.454829978942871094e+01
2.913920021057128906e+01
9.603239059448242188e+00
3.610450029373168945e+00
1.535299968719482422e+01
4.636309623718261719e+00
2.620480060577392578e-01
7.307779788970947266e-01
4.217289924621582031e+00
4.640159904956817627e-01
5.497850418090820312e+00
2.465609893798828125e+02
1.779990005493164062e+01
1.517749977111816406e+01
2.455169916152954102e+00
3.089180231094360352e+00
3.187610149383544922e+00
1.652250051498413086e+00
4.131620228290557861e-01
3.299410104751586914e+00
1.055870056152343750e-01
4.983500480651855469e+00
1.548830121755599976e-01
3.273689746856689453e+00
5.334870338439941406e+00
7.552349567413330078e+00
2.237979918718338013e-01
4.056950092315673828e+00
6.106879934668540955e-02
5.346950054168701172e+00
3.142639875411987305e+00
1.051449813842773438e+02
8.053089141845703125e+01
2.716239929199218750e+01
1.358779966831207275e-01
1.655690073966979980e+00
2.709749937057495117e+00
2.550539970397949219e+00
2.293699830770492554e-01
1.562429964542388916e-01
4.400900006294250488e-01
1.203230097889900208e-01
1.629500007629394531e+01
3.866160154342651367e+00
2.363909959793090820e+00
1.971899986267089844e+00
2.156439781188964844e+01
1.487029838562011719e+01
9.177600592374801636e-02
2.247650146484375000e+01
5.506690025329589844e+00
1.114070057868957520e+00
3.748190104961395264e-01
5.995140075683593750e-01
3.771790313720703125e+01
8.243700981140136719e+00
3.000620269775390625e+01
1.395450019836425781e+01
9.054589867591857910e-01
3.051790237426757812e+01
1.521439850330352783e-01
4.121360301971435547e+00
4.736440181732177734e+00
4.412130355834960938e+00
1.665920019149780273e+00
2.613779907226562500e+02
4.140480160713195801e-01
6.176640465855598450e-02
8.947199583053588867e-02
2.095030069351196289e+00
5.391530036926269531e+00
1.142780017852783203e+01
3.119830131530761719e+00
2.307260185480117798e-01
3.109019994735717773e-01
5.875600433349609375e+01
4.023039713501930237e-02
9.972799569368362427e-02
3.682460021972656250e+01
4.495710134506225586e-01
8.511009216308593750e+00
5.374870300292968750e+00
2.474139928817749023e-01
1.653550028800964355e+00
1.044509932398796082e-01
5.669069290161132812e+01
7.199999690055847168e-02
1.907679885625839233e-01
4.344089984893798828e+00
4.418660104274749756e-01
3.491719818115234375e+01
1.714259948730468750e+02
1.381819993257522583e-01
8.694399893283843994e-02
2.424380034208297729e-01
2.285019874572753906e+00
9.128570556640625000e+00
1.292160034179687500e+01
1.057569906115531921e-01
1.057569906115531921e-01
4.381670475006103516e+00
1.509349918365478516e+01
7.323009490966796875e+00
8.110890388488769531e+00
1.570500016212463379e+00
3.048840045928955078e+00
2.948350310325622559e-01
1.479590058326721191e+00
4.269499778747558594e+00
4.442430019378662109e+00
9.174719452857971191e-02
1.027510046958923340e+00
2.259920120239257812e+00
2.629400014877319336e+00
3.284469604492187500e+01
1.913499832153320312e-01
6.088550090789794922e+00
1.695390045642852783e-01
2.739590167999267578e+00
1.148360013961791992e+00
1.103100106120109558e-01
8.682560324668884277e-01
1.088190004229545593e-01
3.018440055847167969e+01
5.704250335693359375e+00
2.025540113449096680e+00
2.027369976043701172e+00
3.231719970703125000e+00
1.672029876708984375e+01
1.807590103149414062e+01
6.832059860229492188e+00
5.274030208587646484e+00
6.189229965209960938e+00
1.244389915466308594e+01
4.848259985446929932e-01
4.087419807910919189e-01
3.177149772644042969e+00
1.786700286865234375e+02
6.430039882659912109e+00
4.596440505981445312e+01
3.882110118865966797e-01
1.313000011444091797e+01
6.514159393310546875e+01
4.711689949035644531e+00
3.892959952354431152e-01
6.791419982910156250e-01
1.466189980506896973e+00
1.257119827270507812e+02
2.937359809875488281e+00
1.245800323486328125e+02
2.357839508056640625e+02
4.913470149040222168e-01
3.655300140380859375e-01
5.742619633674621582e-01
2.166330099105834961e+00
5.612160265445709229e-02
7.614560127258300781e-01
6.219121551513671875e+01
5.719259977340698242e-01
1.975329965353012085e-01
2.508469963073730469e+01
2.999170124530792236e-01
3.430689871311187744e-01
4.407509803771972656e+00
1.335559964179992676e+00
1.932170033454895020e+00
1.577469921112060547e+01
7.816960662603378296e-02
3.728380203247070312e-01
1.401890069246292114e-01
3.045250177383422852e-01
6.562460064888000488e-01
5.086999893188476562e+00
6.968960165977478027e-02
1.503820061683654785e+00
3.621690368652343750e+01
1.894659996032714844e-01
4.633209609985351562e+01
1.080700084567070007e-01
8.758659958839416504e-01
1.731479835510253906e+01
8.130240440368652344e-02
2.912960052490234375e-01
7.586939239501953125e+01
5.756219482421875000e+01
7.353060245513916016e-01
7.523009777069091797e-01
3.312540054321289062e-01
1.131160020828247070e+00
4.233889877796173096e-01
3.318630218505859375e+01
1.337470149993896484e+01
1.244029998779296875e+00
3.813040161132812500e+01
8.110408782958984375e+01
1.259010028839111328e+01
3.106440353393554688e+01
2.081950187683105469e+01
7.749440073966979980e-01
3.225529909133911133e+00
5.089439749717712402e-01
1.327169984579086304e-01
1.696110010147094727e+00
6.151400089263916016e+00
7.442509651184082031e+00
8.910720050334930420e-02
2.119219970703125000e+01
8.075010681152343750e+01
1.142060089111328125e+01
3.302090167999267578e+00
1.955910034179687500e+02
1.196969985961914062e+00
1.422680053710937500e+02
7.888319343328475952e-02
3.416099548339843750e+01
1.618829965591430664e+00
4.853950023651123047e+00
1.296290159225463867e-01
7.265790104866027832e-01
9.172880554199218750e+01
1.584320068359375000e-01
1.795800209045410156e+01
8.865919709205627441e-02
8.696869850158691406e+00
2.510910034179687500e+00
1.026830005645751953e+01
2.284799499511718750e+02
4.006949996948242188e+01
2.073259925842285156e+01
7.989939880371093750e+01
4.770590066909790039e-01
1.100649833679199219e+01
8.361920714378356934e-02
1.027999973297119141e+01
1.725499987602233887e+00
1.233129978179931641e+01
1.024409961700439453e+01
3.521470129489898682e-01
7.326369881629943848e-01
1.570009946823120117e+00
1.181780014038085938e+02
6.531839817762374878e-02
2.222709894180297852e+00
1.456169962882995605e+00
3.688559265136718750e+02
3.469199895858764648e+00
5.588189959526062012e-01
7.462240695953369141e+00
4.718110275268554688e+01
5.634880438446998596e-02
7.207300066947937012e-01
2.354449987411499023e+00
1.382230043411254883e+00
1.190009951591491699e+00
2.640610039234161377e-01
5.793489933013916016e+00
1.240960136055946350e-01
1.909700036048889160e-01
3.212049865722656250e+02
7.719050884246826172e+00
9.153699874877929688e-01
3.163959741592407227e+00
2.115570068359375000e+01
9.235198795795440674e-02
1.670680236816406250e+01
5.391639709472656250e+01
2.545549964904785156e+01
2.055070102214813232e-01
1.691819953918457031e+01
1.522180140018463135e-01
9.101440012454986572e-02
2.632850170135498047e+00
8.617600053548812866e-02
1.626599731445312500e+02
6.005439534783363342e-02
7.870020270347595215e-01
3.958719968795776367e-02
2.516930103302001953e+00
6.237440556287765503e-02
1.196380019187927246e+00
9.281920641660690308e-02
4.048600387573242188e+01
4.319359741210937500e+02
3.191010057926177979e-01
8.294659852981567383e-01
5.669339895248413086e-01
2.110779881477355957e-01
2.034019827842712402e-01
1.350590139627456665e-01
5.454100131988525391e+00
8.628179550170898438e+00
1.064059972763061523e+00
6.614299774169921875e+00
1.044649982452392578e+01
6.825730204582214355e-01
8.693180084228515625e+00
1.168390035629272461e+00
9.314820170402526855e-01
2.110179960727691650e-01
9.080160260200500488e-01
5.642560124397277832e-01
2.149219959974288940e-01
4.943969845771789551e-01
7.516160011291503906e-01
9.970499038696289062e+00
9.268199920654296875e+00
4.173440113663673401e-02
7.556219696998596191e-01
1.595460027456283569e-01
9.786930541992187500e+02
2.483459949493408203e+00
5.659390091896057129e-01
2.130840063095092773e+00
5.348230361938476562e+01
7.755200564861297607e-02
9.285339713096618652e-01
2.109910011291503906e+00
1.716960072517395020e-01
4.575099563598632812e+01
5.642560124397277832e-01
3.007090091705322266e+00
8.919739723205566406e-01
2.506819963455200195e+00
3.371739983558654785e-01
2.658349990844726562e+00
2.210659831762313843e-01
5.893968963623046875e+01
1.752850189208984375e+02
1.679700016975402832e+00
2.551170289516448975e-01
1.022279977798461914e+00
5.172479525208473206e-02
1.036440200805664062e+02
1.618159866333007812e+01
6.771579980850219727e-01
7.970150470733642578e+00
2.101809978485107422e+00
1.472540050745010376e-01
3.175659942626953125e+01
9.599300026893615723e-01
4.793539941310882568e-01
3.075060081481933594e+01
2.495450019836425781e+00
9.124478697776794434e-02
7.248640060424804688e-02
1.304340004920959473e+00
3.242110013961791992e+00
1.835409998893737793e+00
9.972419738769531250e-01
6.903680413961410522e-02
1.467980027198791504e+00
1.003480052947998047e+01
3.148229370117187500e+02
2.056699991226196289e+00
7.315748596191406250e+01
4.197729825973510742e-01
5.840830993652343750e+01
6.106129646301269531e+00
4.800630092620849609e+00
6.624640524387359619e-02
7.765860080718994141e+00
6.055359914898872375e-02
1.051270103454589844e+01
5.718640136718750000e+01
7.686310291290283203e+00
7.625760555267333984e+00
5.732779979705810547e+00
6.703040003776550293e-02
1.471150040626525879e+00
2.548310041427612305e+00
6.295360624790191650e-02
6.688960641622543335e-02
1.380439758300781250e+02
5.418869972229003906e+00
5.683459758758544922e+00
5.375069808959960938e+01
2.852900028228759766e-01
3.342380046844482422e+00
2.659650146961212158e-01
4.799039661884307861e-02
5.039100050926208496e-01
8.380119323730468750e+00
3.170719742774963379e-01
9.677339792251586914e-01
5.325759947299957275e-02
1.808190155029296875e+01
1.731329917907714844e+00
7.663040608167648315e-02
9.475330114364624023e-01
1.272220015525817871e+00
1.296909999847412109e+01
1.107879996299743652e+00
1.741990089416503906e+01
3.668849563598632812e+01
8.042399883270263672e-01
6.680959463119506836e-02
3.940890197753906250e+02
4.271140098571777344e+00
1.355470092773437500e+03
7.834230422973632812e+00
2.158040046691894531e+00
5.343679785728454590e-01
1.415079951286315918e+00
1.628350019454956055e-01
8.123840391635894775e-02
4.342370033264160156e+00
1.072579920291900635e-01
3.164960145950317383e-01
1.879639983177185059e+00
4.460930252075195312e+01
3.588419854640960693e-01
4.594590187072753906e+00
2.095740079879760742e+00
5.592609643936157227e-01
7.318319797515869141e+00
2.696219980716705322e-01
5.478929138183593750e+01
1.349300026893615723e+00
9.712349772453308105e-01
2.072899937629699707e-01
9.817279875278472900e-02
4.616359710693359375e+00
4.569279849529266357e-01
5.859840288758277893e-02
8.678971099853515625e+01
2.195770025253295898e+00
3.678499937057495117e+00
2.961150109767913818e-01
3.087980346679687500e+02
1.819650083780288696e-01
1.280179977416992188e+00
3.213979899883270264e-01
6.684479117393493652e-02
3.942909836769104004e-01
3.119830131530761719e+00
5.942470073699951172e+00
1.587970066070556641e+01
4.160249710083007812e+00
9.248639643192291260e-02
3.743269920349121094e+00
9.298730850219726562e+00
5.078810119628906250e+01
8.508779525756835938e+00
4.415839910507202148e-01
2.081220000982284546e-01
1.976319849491119385e-01
7.154520416259765625e+01
5.372579693794250488e-01
4.361599981784820557e-01
7.432419657707214355e-01
3.387350082397460938e+00
4.601439952850341797e+00
1.909170150756835938e+01
4.146110117435455322e-01
1.824859976768493652e-01
2.955839969217777252e-02
8.117660284042358398e-01
8.767999708652496338e-02
9.158110618591308594e+00
2.247390031814575195e+00
7.927689552307128906e+00
3.636009931564331055e+00
1.422240138053894043e-01
4.783259928226470947e-01
5.989570021629333496e-01
8.684480190277099609e-02
4.154239594936370850e-02
9.869819879531860352e-01
4.309940338134765625e+00
6.410739135742187500e+01
1.620110034942626953e+00
2.415390163660049438e-01
4.200169754028320312e+01
5.687960147857666016e+00
3.196410179138183594e+01
3.462739944458007812e+00
2.097349882125854492e+00
5.155820465087890625e+01
6.660959720611572266e+00
2.037310004234313965e-01
4.476319849491119385e-01
2.103040069341659546e-01
4.479209899902343750e+01
3.025090098381042480e-01
2.583240032196044922e+00
5.171970129013061523e-01
7.261819839477539062e-01
1.043420124053955078e+01
1.802619844675064087e-01
8.963520824909210205e-02
2.366099834442138672e+00
8.822400122880935669e-02
2.515089797973632812e+01
1.520459842681884766e+01
3.689550399780273438e+01
6.999679654836654663e-02
8.096960932016372681e-02
7.297120094299316406e-01
2.585889995098114014e-01
6.760959625244140625e-01
5.824309825897216797e+00
4.433859634399414062e+01
1.309200096130371094e+01
3.354660272598266602e-01
2.772720098495483398e+00
1.055649852752685547e+01
4.600680160522460938e+01
1.562660038471221924e-01
2.365629971027374268e-01
9.797090291976928711e-01
1.963199973106384277e-01
1.809959793090820312e+01
1.339640021324157715e+00
1.092720031738281250e+00
5.139389991760253906e+00
5.154879763722419739e-02
1.396829932928085327e-01
5.949439480900764465e-02
6.881330871582031250e+01
5.869439244270324707e-02
3.169059753417968750e-01
4.494639873504638672e+00
1.857540011405944824e-01
2.424489784240722656e+01
1.177149963378906250e+01
3.436360120773315430e+00
3.486079722642898560e-02
9.893440008163452148e-01
4.954619598388671875e+01
9.159440994262695312e+00
2.601979827880859375e+01
2.444779872894287109e+00
6.436409950256347656e+00
1.459849834442138672e+01
9.475169777870178223e-01
6.764580011367797852e-01
6.300159543752670288e-02
9.110080003738403320e-01
4.395740032196044922e-01
5.780489921569824219e+00
1.523070037364959717e-01
4.079940021038055420e-01
9.313840866088867188e+00
2.317830085754394531e+00
3.951230049133300781e-01
1.160439968109130859e+01
6.199839711189270020e-01
1.789490051269531250e+02
6.225930213928222656e+00
2.042000055313110352e+00
8.174499869346618652e-01
9.989500045776367188e-01
4.908760070800781250e+00
2.046370059251785278e-01
1.034270048141479492e+00
1.359349966049194336e+00
4.163170158863067627e-01
5.717439949512481689e-02
5.475459694862365723e-01
2.218239903450012207e-01
1.735650062561035156e+00
4.188159480690956116e-02
2.572579979896545410e-01
2.426029920578002930e+00
7.483230233192443848e-01
8.005130767822265625e+00
1.030160045623779297e+01
2.183020114898681641e+00
4.206460118293762207e-01
6.844900250434875488e-01
1.259109973907470703e+00
1.596199989318847656e+00
4.447840154170989990e-01
1.574929952621459961e+00
1.908850250244140625e+02
5.025730133056640625e-01
6.690330505371093750e+00
1.258020102977752686e-01
6.372420191764831543e-01
6.087210178375244141e+00
3.066180050373077393e-01
9.347780227661132812e+00
4.995020389556884766e+00
7.564539909362792969e-01
2.397090047597885132e-01
1.980189979076385498e-01
5.639319896697998047e+00
2.713540077209472656e+00
2.371069937944412231e-01
2.113860100507736206e-01
4.345659911632537842e-01
6.509010314941406250e+00
1.320450156927108765e-01
3.984029889106750488e-01
3.717260122299194336e+00
4.139040112495422363e-01
5.421330642700195312e+01
4.353960037231445312e+01
1.073749847412109375e+02
4.385409951210021973e-01
4.632560253143310547e+00
3.252700090408325195e+00
1.225400066375732422e+01
6.164159774780273438e-01
2.113460063934326172e+00
4.556479930877685547e+00
9.998848915100097656e+00
2.525089979171752930e-01
1.191360092163085938e+01
1.178580045700073242e+00
3.128379881381988525e-01
1.068859994411468506e-01
9.092308998107910156e+00
1.178189992904663086e+00
1.791569900512695312e+01
5.211740136146545410e-01
2.490979880094528198e-01
1.971410179138183594e+01
9.754239767789840698e-02
1.572809791564941406e+01
1.426470088958740234e+01
2.429490509033203125e+02
4.435190200805664062e+00
1.238870024681091309e+00
1.487650036811828613e+00
4.691199958324432373e-01
7.242749929428100586e-01
9.282981872558593750e+01
1.809339970350265503e-01
1.525840044021606445e+00
4.173959732055664062e+00
6.190009593963623047e+00
1.768890190124511719e+01
1.103789997100830078e+01
1.933759927749633789e+00
1.136030107736587524e-01
5.218669891357421875e+00
2.263589859008789062e+01
9.463970065116882324e-01
2.064100056886672974e-01
2.428249931335449219e+01
5.426940441131591797e+00
5.551599979400634766e+00
1.083619892597198486e-01
2.133499860763549805e+00
1.652390003204345703e+00
1.916660070419311523e+00
1.410719990730285645e+00
1.557499915361404419e-01
7.266080379486083984e+00
3.998280048370361328e+00
9.921339750289916992e-01
8.253438770771026611e-02
4.299180030822753906e+00
1.391619890928268433e-01
2.018260002136230469e+00
3.762349700927734375e+01
2.298509979248046875e+01
9.720969200134277344e+00
4.800320044159889221e-02
5.148070068359375000e+02
3.630689978599548340e-01
2.519870042800903320e+00
1.279020118713378906e+01
2.844700050354003906e+01
2.910720109939575195e-01
4.227359771728515625e+00
1.673849868774414062e+01
7.642689704895019531e+00
8.051549792289733887e-01
8.544909477233886719e+00
3.205959796905517578e+00
1.941079902648925781e+01
1.776559948921203613e+00
1.039039939641952515e-01
2.552160024642944336e-01
1.453440040349960327e-01
5.491169929504394531e+00
1.406940072774887085e-01
1.492150020599365234e+01
3.264079284667968750e+02
4.540420174598693848e-01
6.775580048561096191e-01
6.170900344848632812e+01
2.539069950580596924e-01
1.293479919433593750e+01
5.117489624023437500e+01
4.414850175380706787e-01
1.829440146684646606e-01
6.084980010986328125e+00
6.553310155868530273e-01
5.567360296845436096e-02
8.750059127807617188e+00
9.433920681476593018e-02
1.536160111427307129e-01
1.561200022697448730e+00
5.866559967398643494e-02
3.805610179901123047e+00
1.230209946632385254e+00
3.637279868125915527e-01
2.065579891204833984e+00
3.048829734325408936e-01
3.437680053710937500e+01
1.626079940795898438e+01
8.914849758148193359e-01
3.434399962425231934e-01
4.066269993782043457e-01
2.236840248107910156e+01
6.586651611328125000e+01
1.388939971923828125e+02
2.083650082349777222e-01
1.106650066375732422e+01
1.086059814453125000e+03
7.372269630432128906e+00
3.641920089721679688e+01
1.353049993515014648e+00
2.027420043945312500e+00
2.424419969320297241e-01
4.194569396972656250e+01
2.922840118408203125e+00
5.761350154876708984e+00
1.087139964103698730e+00
4.041340053081512451e-01
1.481979966163635254e+00
4.110089778900146484e+00
1.033820033073425293e+00
3.124200248718261719e+01
1.088359951972961426e+00
6.904799461364746094e+00
1.031039953231811523e+00
1.118780136108398438e+01
1.571239948272705078e+00
2.590460181236267090e-01
1.847830057144165039e+00
1.360740065574645996e-01
6.296640038490295410e-01
1.443960070610046387e+00
7.154670715332031250e+01
1.467370128631591797e+01
1.103250026702880859e+00
6.232590198516845703e+00
9.414750099182128906e+00
1.434869956970214844e+01
2.969110298156738281e+01
1.604550004005432129e+00
1.290539932250976562e+01
1.071400046348571777e+00
4.402139663696289062e+01
2.796509981155395508e+00
3.561159849166870117e+00
1.649060010910034180e+00
4.054239988327026367e-01
1.566539916992187500e+02
4.447820186614990234e+00
1.495710015296936035e-01
6.044049739837646484e+00
3.762599945068359375e+01
8.382720500230789185e-02
3.873600065708160400e-02
2.798479843139648438e+01
7.747239589691162109e+00
2.442079931497573853e-01
8.635460138320922852e-01
7.919459939002990723e-01
1.281329989433288574e+00
8.396160125732421875e+00
2.542939901351928711e+00
9.191650152206420898e-01
2.221089899539947510e-01
3.534750044345855713e-01
2.515670318603515625e+02
6.178380012512207031e+00
1.747599792480468750e+01
1.004160046577453613e+00
5.329700112342834473e-01
3.583999872207641602e-01
1.750419974327087402e+00
7.979069948196411133e-01
2.092850112915039062e+01
7.734899902343750000e+01
2.454370111227035522e-01
8.196610212326049805e-01
9.823070168495178223e-01
1.148200035095214844e+00
2.132240056991577148e+00
7.723840326070785522e-02
1.498109996318817139e-01
3.843739748001098633e+00
3.377789974212646484e+00
1.327999973297119141e+01
1.312780022621154785e+00
2.326280212402343750e+01
3.489899873733520508e+00
7.002139687538146973e-01
4.341500103473663330e-01
4.813240051269531250e+00
1.101519942283630371e+00
2.070880085229873657e-01
7.983160495758056641e+00
2.631979942321777344e+00
1.541020035743713379e+00
3.913409948348999023e+00
2.049240112304687500e+01
8.635808944702148438e+00
3.285599946975708008e-01
1.264449954032897949e+00
1.378339976072311401e-01
3.562489700317382812e+01
3.072390365600585938e+01
2.351140289306640625e+02
1.370979994535446167e-01
1.082140064239501953e+01
5.920829772949218750e+00
5.651200190186500549e-02
3.237960052490234375e+01
8.919850158691406250e+01
1.017599940299987793e+00
1.305629968643188477e+00
1.022979915142059326e-01
3.270589709281921387e-01
1.587579995393753052e-01
1.657840013504028320e+00
5.415300130844116211e-01
6.890559941530227661e-02
5.378400087356567383e-01
5.410750389099121094e+00
4.291590213775634766e+00
4.073579788208007812e+00
8.747650756835937500e+02
3.693340063095092773e+00
8.247679471969604492e-02
1.849369659423828125e+02
2.159229888916015625e+02
1.007970046997070312e+01
1.450780034065246582e+00
1.250749975442886353e-01
1.176030039787292480e+00
1.199519991874694824e+00
7.785920798778533936e-02
2.306559979915618896e-01
1.206459999084472656e-01
1.618219757080078125e+02
7.159799575805664062e+00
1.362290096282958984e+01
5.314980149269104004e-01
4.843519628047943115e-02
8.090340614318847656e+00
1.578859901428222656e+01
3.100369930267333984e+00
1.238650131225585938e+01
4.983890056610107422e+00
1.467180013656616211e+00
1.899809986352920532e-01
3.484090042114257812e+01
2.708280086517333984e+00
4.161919653415679932e-02
8.548830151557922363e-01
2.584379768371582031e+01
6.040610074996948242e-01
5.684810161590576172e+00
2.311150054931640625e+02
1.018369960784912109e+01
6.835299730300903320e-01
7.381780624389648438e+00
1.588990092277526855e-01
9.781120717525482178e-02
1.900150451660156250e+02
1.245260047912597656e+01
5.841280147433280945e-02
1.014980003237724304e-01
7.680549144744873047e+00
3.045060157775878906e+01
1.298720091581344604e-01
2.507300078868865967e-01
3.278180062770843506e-01
3.231490325927734375e+01
2.142779827117919922e-01
2.246050071716308594e+01
1.616430044174194336e+00
5.099270629882812500e+01
5.723999738693237305e-01
2.471620178222656250e+01
4.952989816665649414e-01
3.241179943084716797e+00
2.846529769897460938e+01
4.627519473433494568e-02
1.944939970970153809e+00
7.955380439758300781e+00
6.381499767303466797e-01
1.283800005912780762e+00
7.099840044975280762e-01
2.007920265197753906e+01
1.358689963817596436e-01
4.679649829864501953e+00
5.121180415153503418e-01
8.968030214309692383e-01
3.738560104370117188e+01
7.021080017089843750e+00
5.689730048179626465e-01
1.161919906735420227e-01
2.003010034561157227e+00
2.269059896469116211e+00
9.096959978342056274e-02
5.761599540710449219e-02
3.565980195999145508e+00
5.241920426487922668e-02
9.845061302185058594e+00
1.698459982872009277e-01
7.028959989547729492e-01
2.058910131454467773e+00
3.343240022659301758e+00
3.644800186157226562e-02
1.848830108642578125e+02
1.324050045013427734e+01
1.305630111694335938e+01
1.276260018348693848e-01
2.879099845886230469e+00
1.652349978685379028e-01
1.301959991455078125e+00
8.132730484008789062e+00
2.537250041961669922e+00
1.675500106811523438e+01
2.812100052833557129e-01
2.591739892959594727e+00
1.698040008544921875e+00
3.821980059146881104e-01
7.222570419311523438e+00
5.445119738578796387e-02
1.283560037612915039e+00
7.620030212402343750e+01
3.019619882106781006e-01
7.266499996185302734e-01
4.448190033435821533e-01
2.808159887790679932e-01
1.295779943466186523e-01
3.127359747886657715e-01
6.151940226554870605e-01
1.775040030479431152e-01
1.907330006361007690e-01
6.354598999023437500e+01
1.113100051879882812e+00
5.449919775128364563e-02
5.627869963645935059e-01
9.064189791679382324e-01
1.960219889879226685e-01
7.142129898071289062e+00
1.592319905757904053e-01
4.627650082111358643e-01
8.987409210205078125e+01
3.556959927082061768e-01
8.399319648742675781e+00
6.047999858856201172e-02
3.791690111160278320e+00
2.125059890747070312e+01
7.584079742431640625e+00
2.199740111827850342e-01
1.569800019264221191e+00
1.491540050506591797e+01
1.037620010375976562e+02
3.722040176391601562e+00
5.434370040893554688e-01
2.166909873485565186e-01
2.920199871063232422e+00
5.618749237060546875e+01
7.240030169486999512e-01
1.450430035591125488e+00
1.081890091300010681e-01
5.549769878387451172e+00
1.358270263671875000e+02
3.495779991149902344e+00
1.562139892578125000e+01
4.250590205192565918e-01
3.216160202026367188e+01
7.042499780654907227e-01
8.386560529470443726e-02
2.573529958724975586e+00
2.952899932861328125e-01
1.707400083541870117e+00
2.890090179443359375e+01
8.447300195693969727e-01
2.126009941101074219e+00
1.280360107421875000e+02
3.205630064010620117e+00
1.561760008335113525e-01
5.597119405865669250e-02
2.704550027847290039e+00
2.957310080528259277e-01
2.926379919052124023e+00
5.980960130691528320e-01
2.545530080795288086e+00
2.596220016479492188e+01
4.565379917621612549e-01
5.417950153350830078e+00
7.882270336151123047e+00
8.607200622558593750e+00
3.700059950351715088e-01
3.578370213508605957e-01
1.097630233764648438e+02
6.067840382456779480e-02
9.974529266357421875e+00
6.156160682439804077e-02
7.857279479503631592e-02
1.060389900207519531e+01
1.784009933471679688e+00
2.182090044021606445e+00
9.743341827392578125e+01
1.344900131225585938e+01
1.247519969940185547e+00
4.338510036468505859e+00
8.330110311508178711e-01
1.731819987297058105e+00
1.651739883422851562e+01
2.831500053405761719e+00
8.841699957847595215e-01
9.921711730957031250e+01
6.644690036773681641e+00
1.488610059022903442e-01
1.464130249023437500e+02
2.321990013122558594e+00
5.274820327758789062e+01
3.925699889659881592e-01
6.178529858589172363e-01
2.018719911575317383e-01
4.862659871578216553e-01
3.235359787940979004e-01
3.815580010414123535e-01
1.030789947509765625e+01
4.260699462890625000e+01
2.560289859771728516e+00
2.525320053100585938e+01
6.593699455261230469e+00
3.286000013351440430e+00
3.463969826698303223e-01
9.573569893836975098e-01
5.920379757881164551e-01
1.175550147891044617e-01
6.825279444456100464e-02
1.785659939050674438e-01
7.138019800186157227e-01
3.814820051193237305e-01
2.947160005569458008e+00
3.936250305175781250e+01
5.816719818115234375e+01
1.878010177612304688e+01
6.846581268310546875e+01
1.504939842224121094e+01
8.389700889587402344e+00
6.683619689941406250e+01
6.616639345884323120e-02
4.888989925384521484e-01
4.948190152645111084e-01
1.810850054025650024e-01
7.547539710998535156e+00
1.661499977111816406e+00
1.365559935569763184e+00
2.313339948654174805e+00
1.067219972610473633e+00
2.915640068054199219e+01
1.370110064744949341e-01
1.125259971618652344e+01
8.528450131416320801e-01
7.683100223541259766e+00
3.784409761428833008e+00
4.878469944000244141e+00
2.118999958038330078e+00
8.737699985504150391e-01
3.636539876461029053e-01
2.087589979171752930e+00
7.264319807291030884e-02
5.579650402069091797e+00
5.098809814453125000e+01
1.391599941253662109e+01
4.138120174407958984e+00
4.764159768819808960e-02
5.077869892120361328e+00
8.215360343456268311e-02
4.827329635620117188e+01
2.180809974670410156e+00
1.542339920997619629e-01
3.205389976501464844e+00
3.174780011177062988e-01
1.593079948425292969e+01
3.143270015716552734e+00
6.314240396022796631e-02
4.851160049438476562e+00
1.708389997482299805e+00
9.325551033020019531e+00
2.310750007629394531e+00
1.349020004272460938e+01
4.602369964122772217e-01
1.556010055541992188e+01
2.033440023660659790e-01
7.287009954452514648e-01
5.599530220031738281e+00
1.695419996976852417e-01
5.211330056190490723e-01
1.999420046806335449e+00
8.438140869140625000e+01
1.274739980697631836e+00
2.787950038909912109e+00
7.748160511255264282e-02
3.696910142898559570e+00
5.792640149593353271e-02
2.753469944000244141e-01
9.232168579101562500e+01
3.790270090103149414e-01
2.134910202026367188e+01
1.856660008430480957e+00
1.155730056762695312e+01
9.528940200805664062e+00
5.796911239624023438e+01
1.788810157775878906e+01
7.401168823242187500e+01
5.642559751868247986e-02
7.650559395551681519e-02
3.289769744873046875e+01
4.011250019073486328e+00
1.527179956436157227e+00
1.090380249023437500e+02
1.456809692382812500e+02
1.771480083465576172e+00
3.923870086669921875e+00
3.276169967651367188e+01
1.027379989624023438e+01
1.447609901428222656e+01
9.741548919677734375e+01
8.581890106201171875e+00
1.583660006523132324e+00
7.644760131835937500e+01
1.316420078277587891e+01
1.167200058698654175e-01
4.476210021972656250e+01
4.566580295562744141e+00
5.028100013732910156e+00
3.211840242147445679e-02
2.725480079650878906e+01
2.586080074310302734e+00
1.481840038299560547e+01
2.767040014266967773e+00
2.500990033149719238e-01
3.221290111541748047e+00
3.351480245590209961e+00
4.959569931030273438e+00
3.160099983215332031e+00
9.203240394592285156e+00
7.267519831657409668e-02
8.507999777793884277e-01
1.388909935951232910e+00
4.986559677124023438e+01
3.358890151977539062e+01
1.190849989652633667e-01
3.239589233398437500e+02
1.228239917755126953e+01
1.209880065917968750e+01
6.250500082969665527e-01
1.424030065536499023e+00
8.165789842605590820e-01
7.083200216293334961e-01
1.514070034027099609e+01
4.210819721221923828e+00
6.920271301269531250e+01
4.407779872417449951e-01
2.588079929351806641e+00
3.229939937591552734e+00
5.867830657958984375e+01
3.722049951553344727e+00
2.777949869632720947e-01
1.665909957885742188e+01
2.961539924144744873e-01
3.852100074291229248e-01
1.666840076446533203e+00
2.668370056152343750e+02
1.694560050964355469e+01
4.580159857869148254e-02
3.128520011901855469e+00
7.662720084190368652e-01
9.269059896469116211e-01
8.418139815330505371e-01
3.665450096130371094e+00
2.052769958972930908e-01
1.773919939994812012e+00
4.824800193309783936e-01
7.137659788131713867e-01
6.504129767417907715e-01
1.223340034484863281e+01
3.698549985885620117e+00
8.091809749603271484e-01
2.724100112915039062e+00
2.664030075073242188e+01
1.695479989051818848e+00
7.310719043016433716e-02
8.736319839954376221e-02
3.536769747734069824e-01
2.504599952697753906e+01
2.014689892530441284e-01
1.327009946107864380e-01
1.553730070590972900e-01
6.072810173034667969e+00
1.516100019216537476e-01
1.024060058593750000e+01
9.509410262107849121e-01
7.789950370788574219e+00
1.679800033569335938e+00
1.914750039577484131e-01
2.605830192565917969e+01
1.631920242309570312e+01
1.147260093688964844e+01
1.713629961013793945e-01
3.760859966278076172e+00
7.138559967279434204e-02
3.519120216369628906e+00
5.258219718933105469e+00
1.167160034179687500e+00
5.931529521942138672e+00
4.319460093975067139e-01
1.222390055656433105e+00
3.166859817504882812e+01
1.163619831204414368e-01
4.738270044326782227e-01
1.415479946136474609e+01
7.413649559020996094e+00
1.949570029973983765e-01
2.809910058975219727e+00
2.539200186729431152e-01
2.061860084533691406e+00
7.449219822883605957e-01
2.956700134277343750e+01
7.039310455322265625e+00
9.139649868011474609e-01
6.270399570465087891e+00
2.941059684753417969e+01
7.215420007705688477e-01
8.145729899406433105e-01
3.626339733600616455e-01
2.616879940032958984e+00
1.040179967880249023e+00
2.272759819030761719e+01
1.812909960746765137e+00
1.827580034732818604e-01
3.014400005340576172e-01
1.019139938354492188e+02
1.808420121669769287e-01
4.224640130996704102e-02
1.209910106658935547e+01
7.457789778709411621e-01
1.339229869842529297e+01
5.829500198364257812e+00
1.010729751586914062e+02
7.169569730758666992e-01
1.326229953765869141e+01
2.787199974060058594e+00
6.869540214538574219e-01
5.771549940109252930e-01
1.886979937553405762e+00
2.479030132293701172e+00
1.933820098638534546e-01
3.754230260848999023e+00
5.201629996299743652e-01
8.478909730911254883e-01
5.936560153961181641e+00
2.678939998149871826e-01
3.941759765148162842e-01
1.109150052070617676e-01
1.954840064048767090e+00
4.736651000976562500e+02
9.360960125923156738e-02
1.677789986133575439e-01
1.149380016326904297e+01
4.747579991817474365e-01
3.347519934177398682e-01
6.172159910202026367e-01
1.614110022783279419e-01
2.011310100555419922e+00
1.150279998779296875e+00
2.340140104293823242e+00
4.205470085144042969e-01
1.452209949493408203e+01
2.345089912414550781e-01
5.864639952778816223e-02
7.797759771347045898e-01
1.330450057983398438e+01
1.109590053558349609e+00
2.215440034866333008e+00
8.907040405273437500e+01
1.859599876403808594e+01
2.108290046453475952e-01
7.327679544687271118e-02
3.504609763622283936e-01
1.794549942016601562e+00
2.163990211486816406e+01
1.784080123901367188e+01
4.626039505004882812e+01
4.355300068855285645e-01
4.326820075511932373e-01
3.740760087966918945e+00
1.226529955863952637e+00
3.028130054473876953e+00
1.199230117797851562e+02
3.347440338134765625e+01
1.881229996681213379e+00
9.611200541257858276e-02
1.935810148715972900e-01
1.721060037612915039e+00
3.589150011539459229e-01
3.312469863891601562e+01
2.611260116100311279e-01
4.834779739379882812e+00
7.740479707717895508e-02
1.456859970092773438e+01
9.471020698547363281e+00
5.384259819984436035e-01
6.170499801635742188e+00
1.650660037994384766e-01
4.431329727172851562e+01
1.488799743652343750e+02
7.875839620828628540e-02
1.860619926452636719e+01
8.330339789390563965e-01
1.290910094976425171e-01
1.916460227966308594e+01
1.023709923028945923e-01
2.021310031414031982e-01
2.804960021972656250e+02
4.394749999046325684e-01
1.211660027503967285e+00
1.641620039939880371e+00
4.546179580688476562e+01
4.029660224914550781e-01
1.456259965896606445e+00
1.070779860019683838e-01
4.384289979934692383e-01
3.355020523071289062e+01
1.420069932937622070e+00
1.033340148925781250e+02
9.927589416503906250e+00
3.520200252532958984e+00
4.608299732208251953e+00
1.700240015983581543e+00
1.390809917449951172e+01
1.675460040569305420e-01
7.338279724121093750e+00
8.597029685974121094e+00
5.380799248814582825e-02
1.337040042877197266e+01
1.350160002708435059e+00
2.601590156555175781e+00
2.770499944686889648e+00
9.158300161361694336e-01
8.655200004577636719e-01
9.855360537767410278e-02
4.245719909667968750e+01
1.666030049324035645e+00
6.063119888305664062e+00
9.936959743499755859e-01
7.751389026641845703e+00
6.788209915161132812e+00
2.003519821166992188e+01
3.084179878234863281e+00
4.706240177154541016e+00
2.475489974021911621e-01
1.305429935455322266e+01
4.795460104942321777e-01
1.542530059814453125e-01
5.745660066604614258e-01
6.034528732299804688e+01
1.454699993133544922e+00
3.793360137939453125e+01
1.630370020866394043e+00
2.331389933824539185e-01
1.420639991760253906e+00
2.273609876632690430e+00
1.074100017547607422e+00
2.963649988174438477e+00
2.819599866867065430e+00
4.195759582519531250e+01
1.211099922657012939e-01
9.181339740753173828e-01
3.414190292358398438e+01
4.632320255041122437e-02
4.480700194835662842e-01
9.474040031433105469e+00
1.614330101013183594e+01
3.954019844532012939e-01
1.358179897069931030e-01
4.626910090446472168e-01
7.894780039787292480e-01
8.261409997940063477e-01
1.587780117988586426e-01
3.762730121612548828e+00
1.637529907226562500e+03
1.064420044422149658e-01
2.599969804286956787e-01
3.664599895477294922e+00
1.279829978942871094e+00
2.935209846496582031e+01
1.673489990234375000e+02
2.214299887418746948e-01
4.435379981994628906e+00
2.127990007400512695e+00
8.995490074157714844e-01
6.461120247840881348e-01
7.060799747705459595e-02
7.562980055809020996e-01
3.788299942016601562e+01
9.563158988952636719e+00
3.549970149993896484e+00
1.151469945907592773e+00
5.153839588165283203e+00
1.235610008239746094e+01
3.949810028076171875e+01
5.654399842023849487e-02
4.159680008888244629e-01
4.972800239920616150e-02
3.536840057373046875e+01
1.426529693603515625e+02
4.639120101928710938e+01
4.058179855346679688e-01
3.751469850540161133e+00
6.696319580078125000e-02
1.817070007324218750e+00
5.136190056800842285e-01
4.757820069789886475e-01
1.722460031509399414e+00
4.335039854049682617e-02
3.049820065498352051e-01
8.776539802551269531e+00
6.833570861816406250e+01
1.078919887542724609e+01
4.500929832458496094e+00
6.451900005340576172e-01
1.002730011940002441e+00
7.659779787063598633e-01
1.244079947471618652e+00
4.961919784545898438e-02
9.944419860839843750e-01
1.881460189819335938e+01
8.366089630126953125e+01
2.747789859771728516e+00
9.639057922363281250e+01
4.615900039672851562e+00
1.039099979400634766e+01
8.055970072746276855e-01
1.945949935913085938e+01
5.214689970016479492e-01
1.145920008420944214e-01
2.520480346679687500e+01
1.821419906616210938e+01
3.494320154190063477e+00
1.537879943847656250e+00
1.707669830322265625e+01
9.753500938415527344e+00
5.042299628257751465e-01
1.679049968719482422e+00
5.154230117797851562e+00
1.688130050897598267e-01
4.586440277099609375e+01
5.986880302429199219e+00
5.098759651184082031e+00
1.113379970192909241e-01
1.095110058784484863e+00
5.128580093383789062e+00
1.139069938659667969e+01
8.492088317871093750e+01
3.699229955673217773e-01
2.889200019836425781e+01
3.193079948425292969e+00
4.975830078125000000e+00
3.937680053710937500e+02
5.166720151901245117e-01
7.907639980316162109e+00
3.421880245208740234e+00
2.367569923400878906e+00
4.313890039920806885e-01
8.247060775756835938e+00
2.647739946842193604e-01
6.714879721403121948e-02
3.829500079154968262e-01
1.294610023498535156e+00
1.495700073242187500e+01
4.251519963145256042e-02
2.306999921798706055e+00
9.961920976638793945e-02
3.384769856929779053e-01
6.473820209503173828e+00
4.760590076446533203e+00
1.247509918212890625e+02
6.958398967981338501e-02
8.591770172119140625e+00
6.477019786834716797e-01
5.977260112762451172e+00
2.622289896011352539e+00
1.555019974708557129e+00
4.480500030517578125e+01
6.808319687843322754e-02
3.356989920139312744e-01
2.353500175476074219e+01
1.866840004920959473e+00
1.922399997711181641e-01
2.254939842224121094e+01
1.477379989624023438e+01
7.567330002784729004e-01
6.861330032348632812e+00
2.535070180892944336e-01
1.289789974689483643e-01
1.899170130491256714e-01
8.982589721679687500e+01
6.137959957122802734e+00
8.678209781646728516e-01
3.798980116844177246e-01
1.589539945125579834e-01
8.115840148925781250e+01
1.093530082702636719e+01
1.019430041313171387e+00
5.109440162777900696e-02
4.111639976501464844e+00
4.519899845123291016e+00
1.598689854145050049e-01
3.497930049896240234e+00
1.659329980611801147e-01
2.033340036869049072e-01
5.705819725990295410e-01
1.691479873657226562e+01
1.598269939422607422e+00
9.659520536661148071e-02
4.703200161457061768e-01
4.896310329437255859e+00
1.694339942932128906e+01
6.750660419464111328e+00
1.985720038414001465e+00
4.834080040454864502e-01
1.682409858703613281e+01
5.527259707450866699e-01
2.229279875755310059e-01
9.489599615335464478e-02
4.666369915008544922e+00
1.628949999809265137e+00
4.952499389648437500e+01
2.516430139541625977e+00
4.904030263423919678e-01
9.860369873046875000e+01
1.292850017547607422e+00
7.645570039749145508e-01
2.286940193176269531e+01
4.104959964752197266e-01
2.230770111083984375e+00
7.785190582275390625e+01
6.219230175018310547e+00
7.125570178031921387e-01
3.778460025787353516e-01
5.013980269432067871e-01
4.132289886474609375e+00
1.182350039482116699e+00
2.960690021514892578e+00
8.889329910278320312e+00
2.630909979343414307e-01
2.734449768066406250e+01
1.435970306396484375e+02
6.309440135955810547e-01
5.949979019165039062e+01
4.360379874706268311e-01
1.674469947814941406e+00
9.924038887023925781e+00
1.400810003280639648e+00
6.815020084381103516e+00
2.591170310974121094e+01
4.409409999847412109e+00
2.936890125274658203e+00
1.591559906005859375e+02
7.883159160614013672e+00
4.544980049133300781e+00
2.624800109863281250e+01
2.018269896507263184e-01
6.250500082969665527e-01
3.394059896469116211e+00
2.119169831275939941e-01
1.525280028581619263e-01
1.521739959716796875e+00
3.626430511474609375e+01
6.557569885253906250e+01
1.286270022392272949e-01
1.644929945468902588e-01
6.814119815826416016e+00
9.152880668640136719e+00
2.412320327758789062e+01
1.462630033493041992e+00
4.033370018005371094e+00
6.367999315261840820e-02
4.040520191192626953e+00
1.167230224609375000e+02
2.481060028076171875e-01
1.635789990425109863e+00
1.072309970855712891e+01
2.917109966278076172e+00
1.168349933624267578e+01
1.703579902648925781e+00
6.897079944610595703e+00
1.900739967823028564e-01
5.757599830627441406e+00
2.686140251159667969e+01
1.070729970932006836e+00
3.539559936523437500e+01
2.108340072631835938e+01
7.079330444335937500e+00
3.158259582519531250e+02
2.858460187911987305e+00
3.860639953613281250e+01
2.754460275173187256e-01
9.101241111755371094e+00
5.988090038299560547e+00
1.063870042562484741e-01
1.155469989776611328e+01
1.075250029563903809e+00
1.041889935731887817e-01
1.432450056076049805e+00
1.194340038299560547e+01
3.559010028839111328e-01
1.215340018272399902e+00
4.720380008220672607e-01
5.138899803161621094e+00
1.382349967956542969e+00
7.298749923706054688e+00
4.248380064964294434e-01
1.718620061874389648e-01
1.072580032348632812e+02
9.269599914550781250e-01
7.908220767974853516e+00
1.219630002975463867e+00
1.598950195312500000e+01
3.876259922981262207e-01
2.204579859972000122e-01
1.611599922180175781e+01
3.071049928665161133e+00
4.046460151672363281e+00
4.502209854125976562e+01
4.507809143066406250e+02
5.171079635620117188e+01
6.907130432128906250e+01
1.443549990653991699e+00
1.507159729003906250e+02
1.390390110015869141e+01
4.101569950580596924e-01
9.899419784545898438e+00
1.199059963226318359e+00
1.319969844818115234e+01
9.361730217933654785e-01
5.377210235595703125e+01
1.211029911041259766e+01
1.085260009765625000e+01
4.752669811248779297e+00
2.365720033645629883e+00
2.405079803466796875e+02
1.118109941482543945e+00
1.825909972190856934e+00
3.662570190429687500e+01
3.650719881057739258e+00
3.205330133438110352e+00
5.879519581794738770e-01
2.090319871902465820e+00
1.999850034713745117e+00
7.107459902763366699e-01
4.460599899291992188e+00
4.440539836883544922e+00
1.024160087108612061e-01
6.665600091218948364e-02
9.370909929275512695e-01
3.648450076580047607e-01
9.294679260253906250e+01
1.296330070495605469e+01
5.532509684562683105e-01
2.361150085926055908e-01
1.999100089073181152e+00
3.498530149459838867e+00
8.100290298461914062e+00
1.437699890136718750e+01
1.016100123524665833e-01
4.567330169677734375e+01
1.430710296630859375e+02
1.198279976844787598e+00
6.483139991760253906e-01
2.682359886169433594e+01
1.007200032472610474e-01
2.120929956436157227e-01
1.953159928321838379e+00
1.007120178222656250e+03
1.258970165252685547e+01
3.489730119705200195e+00
1.490589976310729980e+00
5.974041366577148438e+01
1.306609988212585449e+00
1.389649987220764160e+00
2.013219892978668213e-01
3.498669862747192383e+00
2.906919956207275391e+00
2.437629997730255127e-01
1.011829948425292969e+01
1.026170015335083008e+00
5.664079666137695312e+00
6.351678848266601562e+01
6.984628295898437500e+01
1.752470016479492188e+00
1.336479932069778442e-01
2.961749792098999023e+00
7.010649681091308594e+00
8.474559336900711060e-02
5.129919946193695068e-02
3.394079589843750000e+02
1.876500010490417480e+00
6.544509277343750000e+02
3.886379957199096680e+00
6.528000533580780029e-02
7.579460144042968750e-01
1.313149780035018921e-01
1.268389816284179688e+02
1.773179918527603149e-01
1.143939971923828125e+00
5.260480046272277832e-01
4.606660008430480957e-01
2.245860099792480469e-01
3.741550292968750000e+02
3.523939847946166992e-01
3.741979897022247314e-01
7.924499511718750000e+00
7.888450026512145996e-01
1.833149939775466919e-01
2.313210105895996094e+01
4.567450046539306641e+00
4.785459995269775391e+00
2.010880112648010254e-01
2.583300173282623291e-01
2.936129868030548096e-01
1.010560035705566406e+00
1.511130142211914062e+01
8.971440315246582031e+00
1.593960046768188477e+00
3.239939928054809570e+00
4.160289764404296875e-01
4.408280372619628906e+00
5.946660041809082031e-01
2.813050079345703125e+01
1.339090061187744141e+01
1.936770324707031250e+02
7.189320564270019531e+00
8.320000022649765015e-02
6.922219753265380859e+00
1.003139972686767578e+00
1.251549816131591797e+01
2.482820034027099609e+00
1.265310049057006836e-01
2.284229736328125000e+02
1.100119972229003906e+01
6.192959472537040710e-02
1.243950009346008301e+00
7.827640056610107422e+00
4.164479672908782959e-02
5.646810054779052734e+00
4.953239917755126953e+00
9.876930117607116699e-01
5.959549903869628906e+00
1.897069931030273438e+00
1.793759912252426147e-01
6.357730031013488770e-01
1.015800094604492188e+01
9.970750212669372559e-01
2.156110048294067383e+00
2.732100009918212891e+00
2.720490264892578125e+01
3.190760498046875000e+02
4.010339975357055664e-01
5.684020042419433594e+00
3.283670425415039062e+01
1.088560104370117188e+01
1.154190063476562500e+00
3.205780029296875000e+01
3.342119598388671875e+01
4.680650234222412109e+00
2.792190074920654297e+00
1.304309997558593750e+02
1.853250026702880859e+00
3.825660049915313721e-01
6.530579566955566406e+00
2.858219861984252930e+00
3.364990055561065674e-01
1.768699884414672852e-01
2.145900011062622070e+00
2.507259845733642578e-01
1.924090027809143066e+00
1.550090074539184570e+00
4.342569828033447266e+00
3.249210510253906250e+02
1.859259796142578125e+01
8.581120491027832031e+00
1.187349891662597656e+01
7.057280838489532471e-02
7.905319213867187500e+00
1.034790039062500000e+01
2.084700018167495728e-01
2.929479789733886719e+01
1.259650141000747681e-01
5.060160160064697266e-01
1.156610012054443359e+01
1.105160045623779297e+01
5.169889926910400391e-01
2.209340095520019531e+01
8.427139282226562500e+02
1.753820031881332397e-01
2.072880029678344727e+00
1.853819966316223145e+00
5.731840804219245911e-02
1.114249992370605469e+01
2.615830230712890625e+01
6.341440230607986450e-02
9.085398674011230469e+00
1.601700019836425781e+01
2.777630090713500977e-01
9.312068939208984375e+00
6.079729557037353516e+00
9.141139030456542969e+00
2.444530010223388672e+00
9.243649840354919434e-01
1.775230026245117188e+01
2.853229999542236328e+00
2.974399924278259277e-01
2.006100082397460938e+01
7.543810009956359863e-01
5.494500160217285156e+00
3.145309984683990479e-01
6.149699687957763672e-01
3.262239694595336914e-01
4.338369965553283691e-01
2.496129870414733887e-01
6.567680239677429199e-01
1.064239978790283203e+00
8.909029960632324219e+00
4.558749794960021973e-01
1.911459732055664062e+01
3.025219917297363281e+00
1.908069968223571777e+00
2.293500006198883057e-01
1.695289993286132812e+01
6.253041381835937500e+02
7.453120499849319458e-02
3.914850056171417236e-01
1.727990112304687500e+02
1.180770111083984375e+02
2.263130187988281250e+01
7.441859841346740723e-01
3.044560050964355469e+01
8.965119719505310059e-01
7.152959704399108887e-01
2.010610103607177734e+00
7.228549957275390625e+00
4.536420106887817383e-01
2.089270114898681641e+00
8.051561355590820312e+00
1.576069927215576172e+01
5.526270270347595215e-01
6.045040130615234375e+00
1.873609924316406250e+01
3.448470115661621094e+00
1.863409996032714844e+00
3.909280002117156982e-01
3.237280130386352539e+00
9.767148971557617188e+00
3.135859966278076172e+00
7.670400142669677734e-01
1.756790041923522949e+00
5.225559616088867188e+01
7.475309371948242188e+00
7.403389811515808105e-01
7.729409933090209961e-01
1.255479907989501953e+01
1.050500050187110901e-01
1.205070114135742188e+01
1.086380004882812500e+00
2.763999998569488525e-01
1.155850052833557129e+00
6.415680050849914551e-01
2.802560031414031982e-01
1.734519958496093750e+01
4.425479888916015625e+00
2.456899881362915039e-01
1.792410016059875488e+00
3.499839827418327332e-02
2.231400108337402344e+01
2.490829620361328125e+02
3.973790168762207031e+00
1.934529989957809448e-01
4.104960337281227112e-02
5.267880249023437500e+01
1.364929962158203125e+01
1.440450072288513184e+00
9.283300399780273438e+00
1.139919996261596680e+00
1.512449979782104492e-01
7.863709926605224609e-01
1.014340043067932129e+00
2.158349990844726562e+00
7.324270248413085938e+00
9.716119766235351562e+00
1.051839947700500488e+00
1.742920379638671875e+02
2.216419935226440430e+00
1.103700041770935059e+00
1.752419948577880859e+00
1.705640077590942383e+00
9.870720654726028442e-02
6.674879044294357300e-02
8.859900236129760742e-01
9.327200889587402344e+00
1.123499989509582520e+00
2.530090093612670898e+00
3.633320093154907227e+00
4.804189801216125488e-01
1.931459903717041016e-01
6.367229819297790527e-01
4.212239837646484375e+01
3.497840576171875000e+02
1.770090103149414062e+01
3.033289909362792969e+01
1.676820039749145508e+00
6.780479848384857178e-02
1.230900001525878906e+01
7.220540046691894531e-01
8.277919888496398926e-01
1.393519997596740723e+00
1.554019898176193237e-01
7.280479125976562500e+02
3.435760021209716797e+00
2.520200014114379883e+00
6.389840126037597656e+00
6.391430282592773438e+01
7.553600519895553589e-02
1.991389989852905273e-01
1.084930077195167542e-01
2.054579734802246094e+01
4.812479764223098755e-02
1.511989951133728027e+00
3.625890016555786133e+00
9.844669342041015625e+01
1.636149787902832031e+01
2.449059933423995972e-01
6.976639556884765625e+01
1.592210054397583008e+00
8.894079923629760742e-02
6.552640199661254883e-01
1.769599914550781250e+00
2.497900009155273438e+01
1.088690042495727539e+00
1.814859986305236816e+00
6.106239184737205505e-02
1.082829952239990234e+00
1.190950012207031250e+01
1.025279983878135681e-01
6.800739765167236328e-01
9.530239701271057129e-01
6.219960784912109375e+01
7.271550297737121582e-01
1.052610111236572266e+01
2.851549863815307617e+00
1.725160002708435059e+00
6.373119354248046875e-02
1.226210072636604309e-01
8.626831054687500000e+00
1.363749980926513672e+00
7.955199480056762695e-02
6.318179965019226074e-01
6.508659839630126953e+00
5.504480004310607910e-01
4.662450027465820312e+01
1.283969998359680176e+00
1.667200028896331787e-01
5.929450035095214844e+00
4.035020351409912109e+00
2.056910037994384766e+00
4.224490165710449219e+00
1.668599963188171387e+00
9.139009714126586914e-01
6.733120232820510864e-02
1.475809961557388306e-01
7.307840138673782349e-02
2.478500008583068848e-01
8.149999618530273438e+00
7.496349811553955078e-01
1.602570152282714844e+01
7.163079738616943359e+00
6.492930412292480469e+00
2.194940185546875000e+01
4.029310047626495361e-01
2.724899947643280029e-01
4.408960044384002686e-01
7.571869850158691406e+00
2.082180082798004150e-01
8.016769886016845703e-01
7.689580440521240234e+00
3.411319732666015625e+01
6.278300285339355469e-01
6.847679615020751953e-02
1.448549985885620117e+00
1.124179959297180176e+00
1.375859975814819336e+00
1.814749985933303833e-01
4.761890172958374023e-01
1.394779980182647705e-01
1.473789960145950317e-01
9.651839733123779297e-01
1.174569931030273438e+02
1.353710174560546875e+01
1.086560115218162537e-01
1.873379945755004883e-01
1.245180144906044006e-01
6.027199327945709229e-02
1.584800034761428833e-01
8.783040195703506470e-02
9.146559983491897583e-02
2.032259941101074219e+01
1.926719856262207031e+01
4.863709926605224609e+00
1.107660055160522461e+00
5.696609616279602051e-01
5.454079434275627136e-02
7.141609668731689453e+00
2.143580245971679688e+01
1.759130001068115234e+00
6.385770320892333984e+00
3.590549945831298828e+00
3.429600238800048828e+00
9.639570236206054688e+00
5.722500085830688477e-01
1.632989943027496338e-01
1.221850037574768066e+00
6.542730712890625000e+01
6.435239791870117188e+00
2.332679939270019531e+01
1.123170107603073120e-01
5.857959747314453125e+00
1.602359962463378906e+01
1.246140136718750000e+02
7.391870021820068359e-01
1.481049919128417969e+01
1.282349944114685059e+00
1.465149968862533569e-01
7.926091003417968750e+01
3.557020187377929688e+00
9.953440666198730469e+00
4.839080333709716797e+00
2.815620005130767822e-01
4.864639937877655029e-01
1.834619939327239990e-01
2.016230106353759766e+00
3.741859793663024902e-01
3.106880187988281250e-01
1.072679748535156250e+02
1.422709941864013672e+00
4.371650218963623047e-01
1.513420104980468750e+02
4.115540027618408203e+00
1.774790048599243164e+00
1.312250018119812012e+00
1.015409946441650391e+00
2.163530111312866211e+00
4.639680311083793640e-02
9.141821289062500000e+01
1.155980014801025391e+01
1.982210129499435425e-01
3.645920157432556152e-01
1.193380132317543030e-01
6.003299951553344727e-01
7.507669925689697266e+00
4.269600391387939453e+00
6.072319671511650085e-02
2.223649919033050537e-01
1.810019969940185547e+00
3.006980180740356445e+00
8.443779945373535156e-01
1.068429946899414062e+01
6.839420199394226074e-01
1.812439918518066406e+00
1.395319938659667969e+00
1.907939910888671875e-01
5.215159893035888672e+00
1.031250000000000000e+00
2.778689861297607422e-01
2.604039907455444336e+00
3.830119848251342773e+00
1.107310056686401367e+00
7.394880771636962891e+00
4.526289367675781250e+01
4.517940139770507812e+01
3.355879783630371094e+00
4.917479705810546875e+01
9.422078728675842285e-02
5.610499978065490723e-01
1.226690006256103516e+01
6.065090179443359375e+01
5.254909992218017578e-01
2.542839622497558594e+01
5.349630117416381836e-01
3.930720090866088867e-01
7.195200026035308838e-02
7.384449839591979980e-01
6.118209838867187500e+00
5.905110359191894531e+00
8.979939818382263184e-01
4.679419994354248047e-01
4.592600345611572266e+00
2.950639963150024414e+00
