5.898762893676757812e+01
3.108795738220214844e+01
5.831491470336914062e+01
3.205284881591796875e+01
4.458481597900390625e+01
4.568446350097656250e+01
5.073037719726562500e+01
3.054905319213867188e+01
4.678531646728515625e+01
4.837390899658203125e+01
4.067174911499023438e+01
5.291324615478515625e+01
5.602897262573242188e+01
5.410324096679687500e+01
4.693215942382812500e+01
4.585071563720703125e+01
5.365341567993164062e+01
4.536444854736328125e+01
3.288627243041992188e+01
4.317245864868164062e+01
3.778822708129882812e+01
4.876492309570312500e+01
3.796210098266601562e+01
5.210940933227539062e+01
4.941740417480468750e+01
3.880742263793945312e+01
6.865840911865234375e+01
2.820662689208984375e+01
4.618133926391601562e+01
5.201770401000976562e+01
5.031843185424804688e+01
5.008981323242187500e+01
3.901802062988281250e+01
5.156632995605468750e+01
4.834002685546875000e+01
2.834750175476074219e+01
2.164097023010253906e+01
4.987405014038085938e+01
5.963158035278320312e+01
3.201847457885742188e+01
3.444978713989257812e+01
6.020494461059570312e+01
3.660540390014648438e+01
4.478371810913085938e+01
4.754822158813476562e+01
2.147922515869140625e+01
6.012364196777343750e+01
5.981940078735351562e+01
4.003829193115234375e+01
5.696598052978515625e+01
4.112997055053710938e+01
6.124203872680664062e+01
4.105332565307617188e+01
5.630147552490234375e+01
5.990323638916015625e+01
5.037883758544921875e+01
5.273480987548828125e+01
5.067171478271484375e+01
6.096631622314453125e+01
5.192444992065429688e+01
4.025524139404296875e+01
5.957007980346679688e+01
3.183500671386718750e+01
3.185653877258300781e+01
5.808817672729492188e+01
3.905520248413085938e+01
5.596720886230468750e+01
5.447488784790039062e+01
5.277511978149414062e+01
3.959705734252929688e+01
3.542399597167968750e+01
5.792738723754882812e+01
5.959226989746093750e+01
3.456128692626953125e+01
3.117433738708496094e+01
5.982564926147460938e+01
5.168724060058593750e+01
4.914367675781250000e+01
3.799383926391601562e+01
3.972206115722656250e+01
5.620981216430664062e+01
4.481760787963867188e+01
3.196114540100097656e+01
4.202626800537109375e+01
5.056961059570312500e+01
4.795188140869140625e+01
6.114536666870117188e+01
4.624057006835937500e+01
5.486050415039062500e+01
6.077500915527343750e+01
5.843558120727539062e+01
5.222629928588867188e+01
6.015354919433593750e+01
4.875605392456054688e+01
6.045559692382812500e+01
5.979407882690429688e+01
4.829496002197265625e+01
5.007416915893554688e+01
4.398499298095703125e+01
3.663339614868164062e+01
3.200915527343750000e+01
1.773303222656250000e+01
4.635893630981445312e+01
5.699165344238281250e+01
1.537077331542968750e+01
5.070012283325195312e+01
2.932058906555175781e+01
3.271016693115234375e+01
3.156896972656250000e+01
3.686245346069335938e+01
5.132458877563476562e+01
2.825704193115234375e+01
4.743833160400390625e+01
6.004116058349609375e+01
4.583736038208007812e+01
4.360197067260742188e+01
4.102920532226562500e+01
4.444202804565429688e+01
5.213070678710937500e+01
5.111905670166015625e+01
3.182258415222167969e+01
4.226338195800781250e+01
5.532817459106445312e+01
6.086151885986328125e+01
4.279436111450195312e+01
3.812577819824218750e+01
5.073150253295898438e+01
5.065220642089843750e+01
5.184568786621093750e+01
3.963611221313476562e+01
5.998581314086914062e+01
4.369222640991210938e+01
6.023382949829101562e+01
5.868376541137695312e+01
1.094166183471679688e+01
4.182575988769531250e+01
1.172723960876464844e+01
3.843117904663085938e+01
3.296179580688476562e+01
3.156556701660156250e+01
4.666622543334960938e+01
4.357878494262695312e+01
5.818739318847656250e+01
2.481971359252929688e+01
5.996611022949218750e+01
4.032677078247070312e+01
5.959690093994140625e+01
6.061629104614257812e+01
4.160042190551757812e+01
3.819313812255859375e+01
4.901790618896484375e+01
5.126823425292968750e+01
2.749699974060058594e+01
3.785824966430664062e+01
4.740327072143554688e+01
4.547637939453125000e+01
3.959309387207031250e+01
5.949071121215820312e+01
6.646276855468750000e+01
5.017066574096679688e+01
5.881501007080078125e+01
4.134640121459960938e+01
6.623459625244140625e+01
4.973600006103515625e+01
6.036894607543945312e+01
5.646534347534179688e+01
4.944765853881835938e+01
5.980046463012695312e+01
5.541882324218750000e+01
4.469400024414062500e+01
4.926583480834960938e+01
2.984048080444335938e+01
4.933745574951171875e+01
5.083684158325195312e+01
3.336975479125976562e+01
4.189572143554687500e+01
5.593199157714843750e+01
5.982020187377929688e+01
6.047148132324218750e+01
2.866212272644042969e+01
5.850584030151367188e+01
4.838788986206054688e+01
4.920445632934570312e+01
6.682860565185546875e+01
3.050553703308105469e+01
5.102242660522460938e+01
3.158282089233398438e+01
4.348024368286132812e+01
4.504857635498046875e+01
4.710628890991210938e+01
3.599847412109375000e+01
2.696338462829589844e+01
4.854404830932617188e+01
3.746938323974609375e+01
5.321936035156250000e+01
4.581966781616210938e+01
5.230885696411132812e+01
3.128078842163085938e+01
5.910808181762695312e+01
5.005324554443359375e+01
5.173053741455078125e+01
4.604392242431640625e+01
4.720727157592773438e+01
4.645804214477539062e+01
4.768814849853515625e+01
5.083692550659179688e+01
4.712235260009765625e+01
2.776174354553222656e+01
3.202485275268554688e+01
5.589911651611328125e+01
6.944047546386718750e+01
5.291337203979492188e+01
5.999425125122070312e+01
5.030455398559570312e+01
4.497150421142578125e+01
4.738137054443359375e+01
5.292342758178710938e+01
5.558091735839843750e+01
4.904846572875976562e+01
4.803133392333984375e+01
5.560448074340820312e+01
5.482885742187500000e+01
3.917831802368164062e+01
6.542287445068359375e+01
6.021599960327148438e+01
5.865022277832031250e+01
6.037680435180664062e+01
1.997692108154296875e+01
1.529958724975585938e+01
3.871665954589843750e+01
6.017058944702148438e+01
4.030383682250976562e+01
4.592407226562500000e+01
4.138385772705078125e+01
3.007853126525878906e+01
5.641394042968750000e+01
3.781993484497070312e+01
6.029434967041015625e+01
6.924265289306640625e+01
3.140693283081054688e+01
5.947037506103515625e+01
4.672285842895507812e+01
3.763132858276367188e+01
5.188152313232421875e+01
3.630041885375976562e+01
4.971405410766601562e+01
5.444508743286132812e+01
6.021427536010742188e+01
4.524655914306640625e+01
5.478615570068359375e+01
3.885235214233398438e+01
3.279346847534179688e+01
3.395078277587890625e+01
3.614318466186523438e+01
4.113283157348632812e+01
4.188009262084960938e+01
5.981560897827148438e+01
3.374309158325195312e+01
1.593093585968017578e+01
5.879669952392578125e+01
4.091841888427734375e+01
5.970866012573242188e+01
3.508838272094726562e+01
3.371231079101562500e+01
4.677836608886718750e+01
5.181229782104492188e+01
4.408552169799804688e+01
5.673593521118164062e+01
4.090166091918945312e+01
4.202893447875976562e+01
4.076820373535156250e+01
5.989580917358398438e+01
3.570499801635742188e+01
5.909799194335937500e+01
3.755030059814453125e+01
5.730200195312500000e+01
5.541670608520507812e+01
5.032661437988281250e+01
4.914636230468750000e+01
4.902307510375976562e+01
3.764057159423828125e+01
1.655531501770019531e+01
4.577354812622070312e+01
5.370426177978515625e+01
6.447431182861328125e+01
4.095014572143554688e+01
2.794690704345703125e+01
3.989707183837890625e+01
4.489868545532226562e+01
3.580182647705078125e+01
3.042728424072265625e+01
5.002738189697265625e+01
1.324113464355468750e+01
4.866390228271484375e+01
4.698756790161132812e+01
5.922787475585937500e+01
3.627856445312500000e+01
4.570992660522460938e+01
3.597932052612304688e+01
5.345217895507812500e+01
6.008921813964843750e+01
5.012669372558593750e+01
6.024328231811523438e+01
6.021298217773437500e+01
4.427833938598632812e+01
4.651383590698242188e+01
5.987493515014648438e+01
4.294218063354492188e+01
5.057967758178710938e+01
5.832270050048828125e+01
3.420259094238281250e+01
3.395584106445312500e+01
5.665150833129882812e+01
3.372695541381835938e+01
5.168384933471679688e+01
4.906464004516601562e+01
2.982598495483398438e+01
4.195768737792968750e+01
5.343957901000976562e+01
5.153645324707031250e+01
3.655379867553710938e+01
6.025448608398437500e+01
4.092834854125976562e+01
4.354125213623046875e+01
4.646630859375000000e+01
5.748552703857421875e+01
4.671697616577148438e+01
5.107452011108398438e+01
5.971053695678710938e+01
4.015598297119140625e+01
4.621085739135742188e+01
3.873963546752929688e+01
5.112621307373046875e+01
5.804869079589843750e+01
4.146132278442382812e+01
4.899040603637695312e+01
2.143943023681640625e+01
3.636093902587890625e+01
4.226251602172851562e+01
5.015645980834960938e+01
5.485126876831054688e+01
4.048529052734375000e+01
5.769373703002929688e+01
4.859917068481445312e+01
5.140547561645507812e+01
5.136005020141601562e+01
5.328652191162109375e+01
6.105341720581054688e+01
3.726822662353515625e+01
1.421352672576904297e+01
5.975990295410156250e+01
5.904269790649414062e+01
4.475452423095703125e+01
5.986060333251953125e+01
5.880244827270507812e+01
5.268662643432617188e+01
3.940618515014648438e+01
4.749022674560546875e+01
3.072027778625488281e+01
5.090789031982421875e+01
4.041421508789062500e+01
4.524129486083984375e+01
4.365446853637695312e+01
4.202180862426757812e+01
6.086453628540039062e+01
5.875446319580078125e+01
3.968143463134765625e+01
6.004319000244140625e+01
5.023718261718750000e+01
5.444049072265625000e+01
3.611692810058593750e+01
4.377534866333007812e+01
5.177253723144531250e+01
3.315463638305664062e+01
5.485116577148437500e+01
5.918371963500976562e+01
1.533798789978027344e+01
5.025427627563476562e+01
5.214437103271484375e+01
2.765120315551757812e+01
5.896566390991210938e+01
5.240013885498046875e+01
5.921903610229492188e+01
4.577598190307617188e+01
4.609029388427734375e+01
1.182674121856689453e+01
1.585266113281250000e+01
4.733133316040039062e+01
5.141779327392578125e+01
4.670495986938476562e+01
5.243231964111328125e+01
4.089477539062500000e+01
5.405378341674804688e+01
4.712146377563476562e+01
1.759904861450195312e+01
5.706458663940429688e+01
5.531788635253906250e+01
3.300657272338867188e+01
5.115085220336914062e+01
3.900910186767578125e+01
2.957118797302246094e+01
4.994322204589843750e+01
4.201944351196289062e+01
3.222809600830078125e+01
3.493395996093750000e+01
3.032026672363281250e+01
2.958794403076171875e+01
5.300313186645507812e+01
3.017823410034179688e+01
4.795197296142578125e+01
4.195032501220703125e+01
5.433999252319335938e+01
5.063993835449218750e+01
4.362686538696289062e+01
4.434508895874023438e+01
5.813212203979492188e+01
3.531571960449218750e+01
5.817374420166015625e+01
5.630566024780273438e+01
4.515759658813476562e+01
5.841847610473632812e+01
1.202217960357666016e+01
5.433606719970703125e+01
3.784744644165039062e+01
6.019564437866210938e+01
4.218299865722656250e+01
5.849549102783203125e+01
4.955318832397460938e+01
5.044465255737304688e+01
5.992603302001953125e+01
4.343672561645507812e+01
5.779109573364257812e+01
3.859783172607421875e+01
5.253838348388671875e+01
5.982442092895507812e+01
5.397047805786132812e+01
6.044865036010742188e+01
4.697213363647460938e+01
3.389208984375000000e+01
4.226638412475585938e+01
6.051538467407226562e+01
1.563147735595703125e+01
4.586870193481445312e+01
5.215906524658203125e+01
4.008967971801757812e+01
5.681320190429687500e+01
5.298785400390625000e+01
4.485593032836914062e+01
4.786429595947265625e+01
4.959015655517578125e+01
3.001419639587402344e+01
3.670284271240234375e+01
5.232800292968750000e+01
6.020170211791992188e+01
4.939160537719726562e+01
4.199179458618164062e+01
5.309248733520507812e+01
4.339643859863281250e+01
4.844304275512695312e+01
5.443088912963867188e+01
5.274752426147460938e+01
4.790959930419921875e+01
5.990243530273437500e+01
6.071600723266601562e+01
1.485457992553710938e+01
4.263323211669921875e+01
4.377072525024414062e+01
4.271586990356445312e+01
4.258467483520507812e+01
2.548041915893554688e+01
3.631027984619140625e+01
5.000680923461914062e+01
6.019707870483398438e+01
4.139881515502929688e+01
6.081469726562500000e+01
4.433133697509765625e+01
4.374957656860351562e+01
3.154939079284667969e+01
5.500252151489257812e+01
3.558361053466796875e+01
2.383723640441894531e+01
3.211188888549804688e+01
4.644649124145507812e+01
4.371634674072265625e+01
5.812937927246093750e+01
2.264690589904785156e+01
3.982651519775390625e+01
5.072812652587890625e+01
4.355706405639648438e+01
5.564554214477539062e+01
4.344104385375976562e+01
3.580747604370117188e+01
4.427031707763671875e+01
4.311411666870117188e+01
5.903073501586914062e+01
1.287782001495361328e+01
4.916373062133789062e+01
3.729990005493164062e+01
4.417451095581054688e+01
5.858364486694335938e+01
2.653098106384277344e+01
5.636594390869140625e+01
6.000775527954101562e+01
5.971244812011718750e+01
1.749329757690429688e+01
3.412994003295898438e+01
3.339235687255859375e+01
4.161631393432617188e+01
4.511595916748046875e+01
5.432693481445312500e+01
5.819080734252929688e+01
3.265183639526367188e+01
4.741188430786132812e+01
5.744782257080078125e+01
4.908005142211914062e+01
5.873765563964843750e+01
4.406216049194335938e+01
5.851036071777343750e+01
6.057396316528320312e+01
5.987781906127929688e+01
4.307403564453125000e+01
6.101305007934570312e+01
4.918858718872070312e+01
3.012898826599121094e+01
4.377067184448242188e+01
4.484154891967773438e+01
4.866357803344726562e+01
6.408208465576171875e+01
6.003113937377929688e+01
4.304096984863281250e+01
5.431703948974609375e+01
3.116140747070312500e+01
5.151258468627929688e+01
5.610880279541015625e+01
3.127138519287109375e+01
6.059427261352539062e+01
6.064627456665039062e+01
3.839922332763671875e+01
3.777101516723632812e+01
3.869272232055664062e+01
5.764932250976562500e+01
6.014437103271484375e+01
5.059780502319335938e+01
3.067416191101074219e+01
3.296516799926757812e+01
3.954067993164062500e+01
4.492511367797851562e+01
2.316217803955078125e+01
3.038896179199218750e+01
4.247910308837890625e+01
5.996545028686523438e+01
5.444856643676757812e+01
6.096977615356445312e+01
5.365307235717773438e+01
5.430441665649414062e+01
2.803577423095703125e+01
2.966273689270019531e+01
4.839641571044921875e+01
6.078167724609375000e+01
6.071007156372070312e+01
4.504294967651367188e+01
5.877920532226562500e+01
5.997520446777343750e+01
3.340359115600585938e+01
4.326232910156250000e+01
4.206685638427734375e+01
5.094883346557617188e+01
6.064066314697265625e+01
4.259033966064453125e+01
4.989084243774414062e+01
4.688204574584960938e+01
5.987464904785156250e+01
5.112109375000000000e+01
6.104395675659179688e+01
4.478446197509765625e+01
4.418811035156250000e+01
3.894957733154296875e+01
5.959550857543945312e+01
3.868300247192382812e+01
6.029489517211914062e+01
6.038541412353515625e+01
5.425677871704101562e+01
4.694013977050781250e+01
5.737026977539062500e+01
6.774906921386718750e+01
3.527704238891601562e+01
4.572345352172851562e+01
5.187391662597656250e+01
3.180811119079589844e+01
3.637993240356445312e+01
5.936749649047851562e+01
5.655070495605468750e+01
4.966789627075195312e+01
5.226391601562500000e+01
5.939102554321289062e+01
4.942802047729492188e+01
4.113220596313476562e+01
4.800239181518554688e+01
4.345109176635742188e+01
3.770183563232421875e+01
5.488344955444335938e+01
4.019534301757812500e+01
2.775003051757812500e+01
5.943590164184570312e+01
3.234207916259765625e+01
5.087322616577148438e+01
4.056000137329101562e+01
6.014976501464843750e+01
2.896567535400390625e+01
4.231036376953125000e+01
6.057185363769531250e+01
5.747138595581054688e+01
4.046746444702148438e+01
3.029590034484863281e+01
4.049509811401367188e+01
3.627362442016601562e+01
6.014001464843750000e+01
3.742528915405273438e+01
4.782583999633789062e+01
5.928480911254882812e+01
3.093085861206054688e+01
4.489720916748046875e+01
4.823335266113281250e+01
4.272034835815429688e+01
6.045058059692382812e+01
5.698833847045898438e+01
5.815033721923828125e+01
4.234160614013671875e+01
4.652926254272460938e+01
4.512011337280273438e+01
2.104231262207031250e+01
5.756016159057617188e+01
3.092365455627441406e+01
5.035783386230468750e+01
1.411500930786132812e+01
4.180791473388671875e+01
6.973573303222656250e+01
5.339889907836914062e+01
5.143480300903320312e+01
3.200524902343750000e+01
5.036921691894531250e+01
4.757057189941406250e+01
3.358699417114257812e+01
6.005656433105468750e+01
3.212508392333984375e+01
4.890500259399414062e+01
4.146762847900390625e+01
3.187804794311523438e+01
5.961093902587890625e+01
4.056720733642578125e+01
3.576554107666015625e+01
2.154876899719238281e+01
3.732928466796875000e+01
4.923132705688476562e+01
3.678585052490234375e+01
4.422318267822265625e+01
4.629275512695312500e+01
5.887744140625000000e+01
4.302623748779296875e+01
5.733723068237304688e+01
5.119837570190429688e+01
5.306576919555664062e+01
4.681367874145507812e+01
3.755809020996093750e+01
1.751041030883789062e+01
6.163583755493164062e+01
6.082043838500976562e+01
5.983674621582031250e+01
6.137625122070312500e+01
4.351689529418945312e+01
4.519049835205078125e+01
4.210028076171875000e+01
4.422245788574218750e+01
4.031624221801757812e+01
4.242776489257812500e+01
4.640225219726562500e+01
5.122168350219726562e+01
3.528918075561523438e+01
4.803447341918945312e+01
5.190969467163085938e+01
1.793710327148437500e+01
5.001976013183593750e+01
4.278873825073242188e+01
4.169489288330078125e+01
5.454381561279296875e+01
4.876602935791015625e+01
3.580666351318359375e+01
5.422594833374023438e+01
4.130113601684570312e+01
4.811183547973632812e+01
5.382722091674804688e+01
2.993725395202636719e+01
2.774601554870605469e+01
1.652431106567382812e+01
5.980611038208007812e+01
5.485613250732421875e+01
6.029696655273437500e+01
2.828562164306640625e+01
2.476679039001464844e+01
4.460058212280273438e+01
4.942547607421875000e+01
4.714324188232421875e+01
3.167745590209960938e+01
5.672725296020507812e+01
4.143652725219726562e+01
3.700601196289062500e+01
4.395824813842773438e+01
5.082079696655273438e+01
3.932400512695312500e+01
5.055642318725585938e+01
4.410096359252929688e+01
4.988906097412109375e+01
5.865682220458984375e+01
5.312724304199218750e+01
6.072593688964843750e+01
5.386616897583007812e+01
3.774648284912109375e+01
1.644099235534667969e+01
5.625582504272460938e+01
4.982883834838867188e+01
3.390877151489257812e+01
5.215570831298828125e+01
5.601110076904296875e+01
3.260861968994140625e+01
5.155775070190429688e+01
2.224632072448730469e+01
4.839102935791015625e+01
5.849292755126953125e+01
5.016751098632812500e+01
4.745312500000000000e+01
4.595868301391601562e+01
5.594114303588867188e+01
3.370783233642578125e+01
4.364728927612304688e+01
5.904039001464843750e+01
4.688299560546875000e+01
2.125057792663574219e+01
2.147140693664550781e+01
2.156054687500000000e+01
3.603997802734375000e+01
5.246092987060546875e+01
4.666792678833007812e+01
1.618021392822265625e+01
4.989466094970703125e+01
3.994442367553710938e+01
5.982136917114257812e+01
5.358526611328125000e+01
5.979644393920898438e+01
3.818873977661132812e+01
5.876272964477539062e+01
5.245544052124023438e+01
4.724849700927734375e+01
4.130352020263671875e+01
5.870845031738281250e+01
4.174969100952148438e+01
5.654819488525390625e+01
4.956809997558593750e+01
5.148591232299804688e+01
2.835388374328613281e+01
3.307198333740234375e+01
4.695193481445312500e+01
5.946243667602539062e+01
4.805651092529296875e+01
4.079653549194335938e+01
4.949128341674804688e+01
5.284961318969726562e+01
3.245346832275390625e+01
3.564678573608398438e+01
5.964625549316406250e+01
3.103013801574707031e+01
4.282352066040039062e+01
4.161954879760742188e+01
3.003297805786132812e+01
4.665177536010742188e+01
6.077816772460937500e+01
5.392182159423828125e+01
5.191293716430664062e+01
5.747993469238281250e+01
1.455732250213623047e+01
5.875415420532226562e+01
3.132764434814453125e+01
1.900259971618652344e+01
5.259712600708007812e+01
3.973661041259765625e+01
2.023146629333496094e+01
5.691925048828125000e+01
5.253525161743164062e+01
4.605778121948242188e+01
3.813799667358398438e+01
4.467419433593750000e+01
2.031924247741699219e+01
3.780391693115234375e+01
4.579203796386718750e+01
2.923815345764160156e+01
5.141324615478515625e+01
3.696937179565429688e+01
5.726761245727539062e+01
5.991529083251953125e+01
5.419534301757812500e+01
6.039514541625976562e+01
5.670350646972656250e+01
3.978812408447265625e+01
5.833154678344726562e+01
5.947494125366210938e+01
5.946975326538085938e+01
4.902411270141601562e+01
5.958391571044921875e+01
3.535940551757812500e+01
4.890003585815429688e+01
4.615983963012695312e+01
5.047360992431640625e+01
4.548380661010742188e+01
3.403580093383789062e+01
4.997458267211914062e+01
4.962228012084960938e+01
4.694893646240234375e+01
3.495658111572265625e+01
3.229141235351562500e+01
5.604008483886718750e+01
2.831057739257812500e+01
4.808382415771484375e+01
6.047658538818359375e+01
2.980483055114746094e+01
5.965606689453125000e+01
5.876558685302734375e+01
5.146213150024414062e+01
2.909181785583496094e+01
4.403801727294921875e+01
3.170208740234375000e+01
6.060025405883789062e+01
5.991732025146484375e+01
3.826687622070312500e+01
5.990677642822265625e+01
6.060403823852539062e+01
3.659008026123046875e+01
5.503274536132812500e+01
5.923877716064453125e+01
2.066215133666992188e+01
4.960460662841796875e+01
4.929537582397460938e+01
3.509429931640625000e+01
5.981141662597656250e+01
3.953787231445312500e+01
3.437486648559570312e+01
5.092442703247070312e+01
3.035311126708984375e+01
5.966830062866210938e+01
2.080403900146484375e+01
4.879214859008789062e+01
4.000404357910156250e+01
4.536599731445312500e+01
5.851797866821289062e+01
5.410272598266601562e+01
6.005332946777343750e+01
4.003287887573242188e+01
3.848157882690429688e+01
4.121517562866210938e+01
4.154777908325195312e+01
5.414169311523437500e+01
5.038032531738281250e+01
5.077416610717773438e+01
6.117508316040039062e+01
5.107936477661132812e+01
1.843621826171875000e+01
3.850767135620117188e+01
2.871208000183105469e+01
6.004582595825195312e+01
3.858341217041015625e+01
4.248775100708007812e+01
5.989152526855468750e+01
4.526360702514648438e+01
6.068341445922851562e+01
4.878084182739257812e+01
4.523604202270507812e+01
2.023318290710449219e+01
6.061851882934570312e+01
5.187766265869140625e+01
4.270753860473632812e+01
4.810245513916015625e+01
3.680017471313476562e+01
5.143173599243164062e+01
5.877603912353515625e+01
5.009676361083984375e+01
3.262904357910156250e+01
6.053561782836914062e+01
4.346355819702148438e+01
5.728653717041015625e+01
5.300041198730468750e+01
6.887978363037109375e+01
5.449265670776367188e+01
5.178359985351562500e+01
6.033326339721679688e+01
4.238613891601562500e+01
3.260192871093750000e+01
5.378430938720703125e+01
5.380594635009765625e+01
5.044655227661132812e+01
4.788249969482421875e+01
5.919997787475585938e+01
4.154837417602539062e+01
5.630826568603515625e+01
5.197622299194335938e+01
5.334025192260742188e+01
3.855875015258789062e+01
4.644791030883789062e+01
5.588816452026367188e+01
5.881531906127929688e+01
9.987091064453125000e+00
5.930055618286132812e+01
6.047612380981445312e+01
4.908682632446289062e+01
3.633969879150390625e+01
5.930545043945312500e+01
5.933138656616210938e+01
3.172377204895019531e+01
5.966386413574218750e+01
4.370489501953125000e+01
5.040433120727539062e+01
5.944437789916992188e+01
4.214056777954101562e+01
5.001168823242187500e+01
6.047874832153320312e+01
5.981258392333984375e+01
5.871418762207031250e+01
5.823633193969726562e+01
5.235701751708984375e+01
3.720114898681640625e+01
5.989840698242187500e+01
5.402713775634765625e+01
4.004845046997070312e+01
4.654164505004882812e+01
5.579576492309570312e+01
3.414923858642578125e+01
5.804465103149414062e+01
4.014738464355468750e+01
6.054837799072265625e+01
6.032126617431640625e+01
3.095054817199707031e+01
3.775692367553710938e+01
2.096443939208984375e+01
5.021020507812500000e+01
4.280245971679687500e+01
5.865836334228515625e+01
4.108686447143554688e+01
5.128009033203125000e+01
4.103888320922851562e+01
5.071072769165039062e+01
2.700133323669433594e+01
5.144190216064453125e+01
3.076501846313476562e+01
3.238779830932617188e+01
3.674314498901367188e+01
3.960930252075195312e+01
5.823430252075195312e+01
5.716494750976562500e+01
3.931065750122070312e+01
5.738882064819335938e+01
6.035139083862304688e+01
3.036902236938476562e+01
5.853243255615234375e+01
5.148430633544921875e+01
5.987470626831054688e+01
3.695526123046875000e+01
5.095568466186523438e+01
2.141528701782226562e+01
3.897849655151367188e+01
4.070420074462890625e+01
5.050582122802734375e+01
5.070075225830078125e+01
5.949749374389648438e+01
3.798916244506835938e+01
3.346705245971679688e+01
3.862003326416015625e+01
3.724661636352539062e+01
2.772701644897460938e+01
5.996479415893554688e+01
3.986626434326171875e+01
6.093655395507812500e+01
5.054445266723632812e+01
2.160613059997558594e+01
5.885782241821289062e+01
5.091501617431640625e+01
4.496728134155273438e+01
5.269454193115234375e+01
4.966700744628906250e+01
2.748150062561035156e+01
4.901517105102539062e+01
3.921772003173828125e+01
5.054034423828125000e+01
3.389738464355468750e+01
4.558661651611328125e+01
4.933504486083984375e+01
5.646711730957031250e+01
6.087016677856445312e+01
3.014877700805664062e+01
3.511995315551757812e+01
3.086207962036132812e+01
5.612100601196289062e+01
5.180823516845703125e+01
6.511354827880859375e+01
5.434930801391601562e+01
4.042112350463867188e+01
3.910560226440429688e+01
4.777419281005859375e+01
1.822366714477539062e+01
3.974136734008789062e+01
2.341531181335449219e+01
3.876116180419921875e+01
4.312295532226562500e+01
3.919696807861328125e+01
5.306608581542968750e+01
3.019996452331542969e+01
5.972403717041015625e+01
3.761134719848632812e+01
3.876927566528320312e+01
3.540829086303710938e+01
4.171068191528320312e+01
3.370576858520507812e+01
4.935359573364257812e+01
4.345674896240234375e+01
6.054612350463867188e+01
3.950450515747070312e+01
3.398338699340820312e+01
4.727499771118164062e+01
5.838101959228515625e+01
5.122719192504882812e+01
5.003618240356445312e+01
4.034810256958007812e+01
5.529599761962890625e+01
5.169498062133789062e+01
5.279783630371093750e+01
3.810201263427734375e+01
2.248502349853515625e+01
5.433573150634765625e+01
4.366323471069335938e+01
3.648545074462890625e+01
6.878476715087890625e+01
5.978190612792968750e+01
4.484549331665039062e+01
6.002710342407226562e+01
4.934198379516601562e+01
5.124892425537109375e+01
4.914131164550781250e+01
5.320336151123046875e+01
3.380472564697265625e+01
4.245499420166015625e+01
6.049810409545898438e+01
5.719799423217773438e+01
5.078536605834960938e+01
4.065735244750976562e+01
4.752396774291992188e+01
5.998286819458007812e+01
5.916670608520507812e+01
3.678183364868164062e+01
5.829906845092773438e+01
4.485700988769531250e+01
5.300641632080078125e+01
2.985739135742187500e+01
5.662347793579101562e+01
3.695811843872070312e+01
5.611889266967773438e+01
4.318687057495117188e+01
1.518335914611816406e+01
3.639999771118164062e+01
5.863956832885742188e+01
3.846900177001953125e+01
5.902969360351562500e+01
4.209065246582031250e+01
4.163281631469726562e+01
1.651311492919921875e+01
4.936115264892578125e+01
4.835368347167968750e+01
2.984694290161132812e+01
5.500325775146484375e+01
5.467229461669921875e+01
4.624092102050781250e+01
5.815579986572265625e+01
4.881509399414062500e+01
5.978726196289062500e+01
6.033326339721679688e+01
5.968244171142578125e+01
4.979252243041992188e+01
5.541131591796875000e+01
4.915308761596679688e+01
3.589190673828125000e+01
5.950989151000976562e+01
3.328255844116210938e+01
4.321925735473632812e+01
2.467688751220703125e+01
4.561908340454101562e+01
6.077341461181640625e+01
5.653290939331054688e+01
6.002143478393554688e+01
5.991109085083007812e+01
3.747643280029296875e+01
3.124455642700195312e+01
4.496232986450195312e+01
5.243940734863281250e+01
4.520728683471679688e+01
6.892469787597656250e+01
5.816337203979492188e+01
5.969365692138671875e+01
3.198111534118652344e+01
2.516403961181640625e+01
4.774050140380859375e+01
5.520265960693359375e+01
5.061264801025390625e+01
5.692543792724609375e+01
4.503619384765625000e+01
5.280157852172851562e+01
5.385166168212890625e+01
3.122942352294921875e+01
5.845606613159179688e+01
4.779404067993164062e+01
2.948200225830078125e+01
5.107434844970703125e+01
4.520896911621093750e+01
3.992934036254882812e+01
5.573580169677734375e+01
3.249692916870117188e+01
5.885372543334960938e+01
5.964648056030273438e+01
5.973440170288085938e+01
5.789836502075195312e+01
5.064318466186523438e+01
4.291853713989257812e+01
3.119623374938964844e+01
4.470394134521484375e+01
4.970526123046875000e+01
4.602015304565429688e+01
5.974206542968750000e+01
1.505339241027832031e+01
5.867494964599609375e+01
6.054514312744140625e+01
4.929708862304687500e+01
5.398223876953125000e+01
3.775248336791992188e+01
5.045765686035156250e+01
3.909647369384765625e+01
4.088574981689453125e+01
4.568585586547851562e+01
1.781988334655761719e+01
4.156207656860351562e+01
3.255507659912109375e+01
3.599614715576171875e+01
1.599028682708740234e+01
5.338884353637695312e+01
2.486000823974609375e+01
4.125230407714843750e+01
5.343100357055664062e+01
1.816857910156250000e+01
6.026206970214843750e+01
5.987133789062500000e+01
3.929356765747070312e+01
6.050926971435546875e+01
5.281887817382812500e+01
5.149070358276367188e+01
4.826379013061523438e+01
5.209885025024414062e+01
4.966542053222656250e+01
4.034622573852539062e+01
3.571803283691406250e+01
4.688492965698242188e+01
5.852194213867187500e+01
3.825276565551757812e+01
3.900368881225585938e+01
5.765198898315429688e+01
4.796371459960937500e+01
3.643836975097656250e+01
4.288106155395507812e+01
5.727807235717773438e+01
5.989161300659179688e+01
5.016976928710937500e+01
5.000642776489257812e+01
5.005237579345703125e+01
4.343811416625976562e+01
4.523199844360351562e+01
6.033090209960937500e+01
4.518625259399414062e+01
3.446957397460937500e+01
4.205390167236328125e+01
6.100545883178710938e+01
3.762915039062500000e+01
4.927463531494140625e+01
2.499580574035644531e+01
3.779130935668945312e+01
6.008887481689453125e+01
4.188383865356445312e+01
3.598904418945312500e+01
3.054975318908691406e+01
4.195989990234375000e+01
5.867123031616210938e+01
3.726253128051757812e+01
3.833662414550781250e+01
4.271960830688476562e+01
5.369037246704101562e+01
5.344997406005859375e+01
2.502683258056640625e+01
5.448342132568359375e+01
2.284261894226074219e+01
5.883433532714843750e+01
3.965880203247070312e+01
3.894653320312500000e+01
4.770415878295898438e+01
6.033956146240234375e+01
5.827705383300781250e+01
3.515761184692382812e+01
3.009393310546875000e+01
3.394027709960937500e+01
6.719992065429687500e+01
3.256821823120117188e+01
3.414002990722656250e+01
4.463115310668945312e+01
4.415329360961914062e+01
4.961853027343750000e+01
1.791920471191406250e+01
2.881680679321289062e+01
4.526898193359375000e+01
6.071305465698242188e+01
6.635915374755859375e+01
4.097412109375000000e+01
5.925880813598632812e+01
4.975186538696289062e+01
5.945568847656250000e+01
5.799103546142578125e+01
6.134617233276367188e+01
3.145226669311523438e+01
3.109369468688964844e+01
4.503496170043945312e+01
3.908136749267578125e+01
5.717337036132812500e+01
4.803894805908203125e+01
5.604861068725585938e+01
4.213913345336914062e+01
3.715368652343750000e+01
3.783290481567382812e+01
3.315956115722656250e+01
4.649742507934570312e+01
5.994018173217773438e+01
5.084410095214843750e+01
5.990123748779296875e+01
5.589637374877929688e+01
5.435474014282226562e+01
5.955349349975585938e+01
3.497925567626953125e+01
4.929258728027343750e+01
3.635144805908203125e+01
3.394836044311523438e+01
4.293721389770507812e+01
5.961392593383789062e+01
6.107298278808593750e+01
5.946390914916992188e+01
3.548120498657226562e+01
5.702280807495117188e+01
1.534548664093017578e+01
3.088898468017578125e+01
8.791712760925292969e+00
3.654078292846679688e+01
5.574584960937500000e+01
4.314012908935546875e+01
6.043994522094726562e+01
4.910259246826171875e+01
4.042390060424804688e+01
4.680995178222656250e+01
6.101389694213867188e+01
4.179646301269531250e+01
5.813248443603515625e+01
4.672344970703125000e+01
6.086624908447265625e+01
3.132779312133789062e+01
5.914416885375976562e+01
5.277675628662109375e+01
6.069145965576171875e+01
1.534961700439453125e+01
5.395819091796875000e+01
5.610425567626953125e+01
4.404163742065429688e+01
5.982424926757812500e+01
5.496602630615234375e+01
4.783745193481445312e+01
2.990055274963378906e+01
4.740765380859375000e+01
4.941081619262695312e+01
4.370958328247070312e+01
3.217411041259765625e+01
4.137157440185546875e+01
3.722327804565429688e+01
3.326530456542968750e+01
2.352323722839355469e+01
5.208978271484375000e+01
5.131943893432617188e+01
4.953247070312500000e+01
3.800149154663085938e+01
4.764268112182617188e+01
5.967521667480468750e+01
2.914644050598144531e+01
4.812456130981445312e+01
6.711154174804687500e+01
5.935580825805664062e+01
3.212066650390625000e+01
4.732461929321289062e+01
5.000293731689453125e+01
5.079017257690429688e+01
4.636465072631835938e+01
5.097941970825195312e+01
3.079440116882324219e+01
3.052667999267578125e+01
4.597866439819335938e+01
3.331418609619140625e+01
3.872664260864257812e+01
4.546869277954101562e+01
4.299548339843750000e+01
2.434533882141113281e+01
6.034071350097656250e+01
3.647381210327148438e+01
5.870360946655273438e+01
4.195047760009765625e+01
3.080635643005371094e+01
4.060092544555664062e+01
4.265421676635742188e+01
5.058852005004882812e+01
5.851496505737304688e+01
3.653820419311523438e+01
5.951988220214843750e+01
6.010945129394531250e+01
3.718619918823242188e+01
4.410860824584960938e+01
2.837019920349121094e+01
4.274268341064453125e+01
3.594665527343750000e+01
5.154948806762695312e+01
4.569313430786132812e+01
4.950968170166015625e+01
5.352216339111328125e+01
4.207994842529296875e+01
3.346290588378906250e+01
4.998724746704101562e+01
2.908054733276367188e+01
5.938743209838867188e+01
4.458110427856445312e+01
4.315777206420898438e+01
4.049761962890625000e+01
3.787809371948242188e+01
5.523370361328125000e+01
4.879270935058593750e+01
1.620645141601562500e+01
5.209410476684570312e+01
6.025632476806640625e+01
5.207535552978515625e+01
1.379145526885986328e+01
4.566786575317382812e+01
3.900498199462890625e+01
3.554413986206054688e+01
5.175118637084960938e+01
4.708312606811523438e+01
3.043333435058593750e+01
4.585974502563476562e+01
5.931877136230468750e+01
3.604072570800781250e+01
4.900498199462890625e+01
5.994421005249023438e+01
4.103977203369140625e+01
5.042989730834960938e+01
5.438182830810546875e+01
3.154185485839843750e+01
4.070586776733398438e+01
4.191962051391601562e+01
4.706453704833984375e+01
3.495325469970703125e+01
5.633480072021484375e+01
4.151533889770507812e+01
4.308005523681640625e+01
5.951689910888671875e+01
5.045873641967773438e+01
5.860985183715820312e+01
6.002095031738281250e+01
3.984125518798828125e+01
3.779182052612304688e+01
4.358989334106445312e+01
4.527017974853515625e+01
3.265773773193359375e+01
5.738236236572265625e+01
4.354329681396484375e+01
2.667597579956054688e+01
5.094786453247070312e+01
5.007554244995117188e+01
5.964480590820312500e+01
6.061001968383789062e+01
5.054565811157226562e+01
4.734656906127929688e+01
5.251888656616210938e+01
4.352783203125000000e+01
5.254795455932617188e+01
5.168873214721679688e+01
2.209692573547363281e+01
3.107989311218261719e+01
3.266045761108398438e+01
4.641207504272460938e+01
5.047011947631835938e+01
3.414338302612304688e+01
4.706604385375976562e+01
5.339093017578125000e+01
3.606969451904296875e+01
5.851792144775390625e+01
1.713418960571289062e+01
5.861608505249023438e+01
5.628711318969726562e+01
5.759156799316406250e+01
4.266069412231445312e+01
5.012886810302734375e+01
4.593002700805664062e+01
6.029345703125000000e+01
3.996226501464843750e+01
4.792425537109375000e+01
3.308726119995117188e+01
4.426731109619140625e+01
3.877994537353515625e+01
3.903514099121093750e+01
4.793909835815429688e+01
4.523743438720703125e+01
5.998658752441406250e+01
5.127899169921875000e+01
5.111817932128906250e+01
4.958227157592773438e+01
4.292195510864257812e+01
4.659685134887695312e+01
5.880519485473632812e+01
6.093742752075195312e+01
3.204709243774414062e+01
3.625911712646484375e+01
5.157904434204101562e+01
3.811885070800781250e+01
3.388567733764648438e+01
3.320339584350585938e+01
2.383363914489746094e+01
4.697727584838867188e+01
4.931673431396484375e+01
5.617093658447265625e+01
4.149799346923828125e+01
5.972864913940429688e+01
3.008420562744140625e+01
5.014848327636718750e+01
3.374060440063476562e+01
6.889463043212890625e+01
4.574314498901367188e+01
3.075453758239746094e+01
5.284365463256835938e+01
3.688985824584960938e+01
5.763002777099609375e+01
4.145301055908203125e+01
6.071001434326171875e+01
5.124399948120117188e+01
5.042245483398437500e+01
3.147492218017578125e+01
5.998546981811523438e+01
4.981485748291015625e+01
5.954946136474609375e+01
5.155751419067382812e+01
4.730602645874023438e+01
5.157777786254882812e+01
5.765111160278320312e+01
3.746905517578125000e+01
5.202146148681640625e+01
4.792648315429687500e+01
6.040387344360351562e+01
4.526137161254882812e+01
4.288109970092773438e+01
4.827883148193359375e+01
5.681512451171875000e+01
3.326914215087890625e+01
3.909387588500976562e+01
5.979230880737304688e+01
4.853686141967773438e+01
4.614652633666992188e+01
4.706734466552734375e+01
6.070011520385742188e+01
3.736676406860351562e+01
4.233496475219726562e+01
3.590113067626953125e+01
2.750176048278808594e+01
3.531504821777343750e+01
6.065159606933593750e+01
6.917430877685546875e+01
4.980824279785156250e+01
4.833633804321289062e+01
5.570341491699218750e+01
4.169783401489257812e+01
4.930939865112304688e+01
5.942269897460937500e+01
6.008334732055664062e+01
4.262033462524414062e+01
4.605892181396484375e+01
3.631396484375000000e+01
5.914027786254882812e+01
6.042723846435546875e+01
1.814540290832519531e+01
3.813017654418945312e+01
4.241563796997070312e+01
5.097125244140625000e+01
5.018701171875000000e+01
4.795212173461914062e+01
5.885024642944335938e+01
3.038891029357910156e+01
4.700823211669921875e+01
3.869022369384765625e+01
5.960940551757812500e+01
5.216535949707031250e+01
4.835378646850585938e+01
5.953781890869140625e+01
6.019065093994140625e+01
5.882973480224609375e+01
4.269200515747070312e+01
6.017386245727539062e+01
4.856595993041992188e+01
5.855384445190429688e+01
4.513886642456054688e+01
6.007804489135742188e+01
5.960576629638671875e+01
5.451567077636718750e+01
5.896794128417968750e+01
3.179854965209960938e+01
5.459708404541015625e+01
5.929922866821289062e+01
3.119418907165527344e+01
4.883623504638671875e+01
3.936753463745117188e+01
4.844261550903320312e+01
5.364455032348632812e+01
4.163354110717773438e+01
4.304647827148437500e+01
4.490147018432617188e+01
2.083343887329101562e+01
3.806130981445312500e+01
4.855951309204101562e+01
2.166738891601562500e+01
5.656421661376953125e+01
3.289389419555664062e+01
5.723815536499023438e+01
3.699982070922851562e+01
5.545228576660156250e+01
4.813885879516601562e+01
5.260721206665039062e+01
5.991706085205078125e+01
4.560291290283203125e+01
4.560186767578125000e+01
5.268724441528320312e+01
4.210701370239257812e+01
2.940628433227539062e+01
3.470788955688476562e+01
5.774140548706054688e+01
4.470474243164062500e+01
3.217338943481445312e+01
3.815699386596679688e+01
5.366400909423828125e+01
5.880724334716796875e+01
4.376461029052734375e+01
3.229425430297851562e+01
6.100790023803710938e+01
3.937608337402343750e+01
6.002879333496093750e+01
5.477371978759765625e+01
5.944936752319335938e+01
2.976216888427734375e+01
6.007320404052734375e+01
5.102427673339843750e+01
3.501636123657226562e+01
4.984223937988281250e+01
3.051537132263183594e+01
5.223904037475585938e+01
3.907194900512695312e+01
4.597448730468750000e+01
4.688780212402343750e+01
5.875264358520507812e+01
4.645929336547851562e+01
6.423627471923828125e+01
5.033448410034179688e+01
4.467235183715820312e+01
5.088076019287109375e+01
3.828573989868164062e+01
5.966847229003906250e+01
4.555011367797851562e+01
4.964129638671875000e+01
5.933888626098632812e+01
5.695449066162109375e+01
5.291463088989257812e+01
4.533859634399414062e+01
3.904537963867187500e+01
4.598633956909179688e+01
6.028756332397460938e+01
2.964957809448242188e+01
5.124224090576171875e+01
4.333078765869140625e+01
4.629255676269531250e+01
4.295170211791992188e+01
4.077624130249023438e+01
5.397863388061523438e+01
4.213835906982421875e+01
5.531946945190429688e+01
5.568317794799804688e+01
4.661684036254882812e+01
2.842946052551269531e+01
3.731085968017578125e+01
5.574258041381835938e+01
4.416345214843750000e+01
5.058007812500000000e+01
6.046879959106445312e+01
6.742376708984375000e+01
3.256103515625000000e+01
4.601229858398437500e+01
5.301915740966796875e+01
4.265390014648437500e+01
4.663785171508789062e+01
3.132060241699218750e+01
4.849452590942382812e+01
5.261278152465820312e+01
4.517368316650390625e+01
4.815576553344726562e+01
5.049505996704101562e+01
4.743499374389648438e+01
5.041787719726562500e+01
5.053159713745117188e+01
5.735320281982421875e+01
4.086215591430664062e+01
3.110771560668945312e+01
4.070557785034179688e+01
2.635200119018554688e+01
3.057884216308593750e+01
3.432110214233398438e+01
5.718441009521484375e+01
5.958914184570312500e+01
5.949649810791015625e+01
4.087120819091796875e+01
4.005070114135742188e+01
3.173657226562500000e+01
5.103239059448242188e+01
4.383817291259765625e+01
5.232107925415039062e+01
3.957814407348632812e+01
4.451432037353515625e+01
3.551366043090820312e+01
3.979518127441406250e+01
4.264801406860351562e+01
6.037049865722656250e+01
4.137189865112304688e+01
6.068550109863281250e+01
5.182033920288085938e+01
4.722066879272460938e+01
5.883638381958007812e+01
4.137631988525390625e+01
5.964133453369140625e+01
2.833616447448730469e+01
3.882787704467773438e+01
4.951094818115234375e+01
5.447709274291992188e+01
4.386656951904296875e+01
5.577262496948242188e+01
4.110039520263671875e+01
3.015103530883789062e+01
5.823138809204101562e+01
4.208275604248046875e+01
2.960419464111328125e+01
3.663015365600585938e+01
2.106108856201171875e+01
5.481045532226562500e+01
5.984873199462890625e+01
6.011959838867187500e+01
2.667569732666015625e+01
4.670991516113281250e+01
4.099729156494140625e+01
6.451998138427734375e+01
5.010281753540039062e+01
5.995873260498046875e+01
5.684555435180664062e+01
4.377079772949218750e+01
4.622271347045898438e+01
6.595423126220703125e+01
5.258993148803710938e+01
6.007214355468750000e+01
4.147406768798828125e+01
4.945798492431640625e+01
2.234072494506835938e+01
2.382883834838867188e+01
3.108392524719238281e+01
3.653173065185546875e+01
4.375768280029296875e+01
4.239517593383789062e+01
6.032060623168945312e+01
3.347759628295898438e+01
4.114095306396484375e+01
4.993762588500976562e+01
3.195430946350097656e+01
4.815482711791992188e+01
4.549019241333007812e+01
5.979587554931640625e+01
3.862210464477539062e+01
3.517790985107421875e+01
3.416140365600585938e+01
3.497808837890625000e+01
3.659860610961914062e+01
3.160179519653320312e+01
4.288161087036132812e+01
1.882946014404296875e+01
4.293736648559570312e+01
5.989743804931640625e+01
4.910301589965820312e+01
5.797516632080078125e+01
3.867376327514648438e+01
3.109856605529785156e+01
5.496532058715820312e+01
5.498445510864257812e+01
5.057728958129882812e+01
4.742732620239257812e+01
5.143844223022460938e+01
6.027621078491210938e+01
6.002627182006835938e+01
5.912189102172851562e+01
1.899939155578613281e+01
4.198969268798828125e+01
2.046119499206542969e+01
4.040034103393554688e+01
3.605645370483398438e+01
4.188792037963867188e+01
4.822173690795898438e+01
5.411146926879882812e+01
5.516355895996093750e+01
5.956309127807617188e+01
5.343704223632812500e+01
4.865727615356445312e+01
2.164551162719726562e+01
4.184392166137695312e+01
6.601385498046875000e+01
5.665132141113281250e+01
3.671892166137695312e+01
6.020996856689453125e+01
3.848966217041015625e+01
5.027799606323242188e+01
4.986299133300781250e+01
3.773947906494140625e+01
4.063705062866210938e+01
5.965103149414062500e+01
6.018051910400390625e+01
3.059985351562500000e+01
3.514142990112304688e+01
5.954554367065429688e+01
4.358552932739257812e+01
2.914505195617675781e+01
2.366518592834472656e+01
6.119862747192382812e+01
5.047992706298828125e+01
3.966180801391601562e+01
2.854946136474609375e+01
2.944317817687988281e+01
4.067333221435546875e+01
5.979441833496093750e+01
5.912736129760742188e+01
4.693002319335937500e+01
6.053890991210937500e+01
4.443485641479492188e+01
4.567651367187500000e+01
3.424311065673828125e+01
3.643261718750000000e+01
4.715405654907226562e+01
3.553119277954101562e+01
6.003895568847656250e+01
4.098353195190429688e+01
1.537227630615234375e+01
4.036757659912109375e+01
4.008150863647460938e+01
6.011535644531250000e+01
2.978905868530273438e+01
4.967732238769531250e+01
3.889912796020507812e+01
1.184735679626464844e+01
2.992260360717773438e+01
7.231162261962890625e+01
2.213633537292480469e+01
3.072076797485351562e+01
4.738646697998046875e+01
4.384145355224609375e+01
5.771723556518554688e+01
4.393892669677734375e+01
3.513400650024414062e+01
1.371239185333251953e+01
2.842800903320312500e+01
5.785324096679687500e+01
3.039562034606933594e+01
3.993273925781250000e+01
5.567248153686523438e+01
3.294845199584960938e+01
3.746836471557617188e+01
5.986756896972656250e+01
4.828296279907226562e+01
5.323768234252929688e+01
4.968855285644531250e+01
5.131294250488281250e+01
2.334384536743164062e+01
4.620681381225585938e+01
3.085858535766601562e+01
5.409099960327148438e+01
5.564004898071289062e+01
3.217217636108398438e+01
3.830217361450195312e+01
5.603070831298828125e+01
4.743507385253906250e+01
5.990466308593750000e+01
3.039667129516601562e+01
6.022708129882812500e+01
4.022789001464843750e+01
5.311405944824218750e+01
6.030306243896484375e+01
5.743604278564453125e+01
5.804844284057617188e+01
5.834392547607421875e+01
4.182440185546875000e+01
5.964133453369140625e+01
2.392370986938476562e+01
2.981911659240722656e+01
4.217695617675781250e+01
4.697679519653320312e+01
5.958221054077148438e+01
5.194735717773437500e+01
5.939233016967773438e+01
5.924134826660156250e+01
5.824319076538085938e+01
3.939751434326171875e+01
4.144474029541015625e+01
2.946460342407226562e+01
5.687632751464843750e+01
2.414979362487792969e+01
5.978697967529296875e+01
3.059585571289062500e+01
5.614155960083007812e+01
3.151064682006835938e+01
3.929767990112304688e+01
6.077860260009765625e+01
5.992657852172851562e+01
4.804891586303710938e+01
4.683376312255859375e+01
5.715461730957031250e+01
4.838541030883789062e+01
4.977056503295898438e+01
3.776861953735351562e+01
4.328842163085937500e+01
6.040591812133789062e+01
3.177573776245117188e+01
4.327390289306640625e+01
2.523789978027343750e+01
5.072657775878906250e+01
3.701934814453125000e+01
4.912763977050781250e+01
3.086001205444335938e+01
3.015429115295410156e+01
5.323749542236328125e+01
4.972827911376953125e+01
2.953416252136230469e+01
2.238438606262207031e+01
3.640388488769531250e+01
4.723518371582031250e+01
4.565545654296875000e+01
5.500897598266601562e+01
2.006784057617187500e+01
3.510312652587890625e+01
4.569619369506835938e+01
3.902734375000000000e+01
5.978963088989257812e+01
3.918788528442382812e+01
5.366029739379882812e+01
4.205635833740234375e+01
4.915507888793945312e+01
5.990517807006835938e+01
3.935185241699218750e+01
4.921872329711914062e+01
3.903366088867187500e+01
6.244376373291015625e+01
3.939638519287109375e+01
6.108329391479492188e+01
6.062207412719726562e+01
3.234587478637695312e+01
4.922199630737304688e+01
4.991159057617187500e+01
3.296641540527343750e+01
6.773136901855468750e+01
5.204829406738281250e+01
6.001033401489257812e+01
4.524863052368164062e+01
3.155699729919433594e+01
6.001866149902343750e+01
6.075933456420898438e+01
4.880096817016601562e+01
5.215015029907226562e+01
5.934210968017578125e+01
5.149219894409179688e+01
5.979259490966796875e+01
4.961257934570312500e+01
3.755650711059570312e+01
1.562686443328857422e+01
3.603101730346679688e+01
2.669319915771484375e+01
3.685169601440429688e+01
5.091132736206054688e+01
5.997774887084960938e+01
4.737997055053710938e+01
4.914230728149414062e+01
2.219864273071289062e+01
4.701771545410156250e+01
4.549695205688476562e+01
6.081748199462890625e+01
5.975682449340820312e+01
2.802625656127929688e+01
5.185071945190429688e+01
3.437492370605468750e+01
4.506843948364257812e+01
3.015593719482421875e+01
6.079776382446289062e+01
4.101021575927734375e+01
2.993317031860351562e+01
4.825801086425781250e+01
3.043137550354003906e+01
2.968580245971679688e+01
5.835410690307617188e+01
5.766835021972656250e+01
2.237603378295898438e+01
3.189199829101562500e+01
1.819195175170898438e+01
4.351018142700195312e+01
5.548275756835937500e+01
6.029087066650390625e+01
5.956153106689453125e+01
3.559531784057617188e+01
4.705722427368164062e+01
5.906573486328125000e+01
5.823038864135742188e+01
6.033446884155273438e+01
3.062660408020019531e+01
4.745736694335937500e+01
4.889823913574218750e+01
3.241078567504882812e+01
3.915383529663085938e+01
4.955982971191406250e+01
3.029543113708496094e+01
6.517794799804687500e+01
6.063187408447265625e+01
4.823691558837890625e+01
2.119234657287597656e+01
4.030209732055664062e+01
4.976486968994140625e+01
5.001210403442382812e+01
4.259158706665039062e+01
5.403787994384765625e+01
4.882342910766601562e+01
1.931329536437988281e+01
3.047173500061035156e+01
5.737533187866210938e+01
5.078599548339843750e+01
5.511643981933593750e+01
4.978180313110351562e+01
4.494364929199218750e+01
4.263713455200195312e+01
5.868099594116210938e+01
4.854501724243164062e+01
5.132811355590820312e+01
5.090321731567382812e+01
2.514358329772949219e+01
1.735068130493164062e+01
6.925866699218750000e+01
4.105395507812500000e+01
4.649323654174804688e+01
4.298981475830078125e+01
4.555998611450195312e+01
6.013809204101562500e+01
4.479212188720703125e+01
5.016448211669921875e+01
4.800934219360351562e+01
5.055596542358398438e+01
4.809298324584960938e+01
5.998438262939453125e+01
5.076534271240234375e+01
3.318246459960937500e+01
6.063589096069335938e+01
4.756114578247070312e+01
5.807679367065429688e+01
4.213944244384765625e+01
5.773895263671875000e+01
4.701030349731445312e+01
3.090449142456054688e+01
5.981717681884765625e+01
3.203158569335937500e+01
4.745714187622070312e+01
3.015088462829589844e+01
4.087152099609375000e+01
6.097942733764648438e+01
5.109839248657226562e+01
5.849426651000976562e+01
3.758263397216796875e+01
5.070075225830078125e+01
3.645090866088867188e+01
5.883584976196289062e+01
2.970331001281738281e+01
5.341273880004882812e+01
5.508134078979492188e+01
5.164629364013671875e+01
5.477839660644531250e+01
2.121528816223144531e+01
4.137957382202148438e+01
4.612974929809570312e+01
5.782643508911132812e+01
6.029573059082031250e+01
4.668131637573242188e+01
5.284230422973632812e+01
4.233714675903320312e+01
1.448790359497070312e+01
4.022796630859375000e+01
2.423770141601562500e+01
6.089911270141601562e+01
3.905146789550781250e+01
3.092621231079101562e+01
5.701780319213867188e+01
2.393425941467285156e+01
4.707355117797851562e+01
1.384506702423095703e+01
1.749502563476562500e+01
5.933665084838867188e+01
6.033679962158203125e+01
6.065121841430664062e+01
6.133924102783203125e+01
5.761761093139648438e+01
2.912258148193359375e+01
5.068105316162109375e+01
4.299908065795898438e+01
5.550662612915039062e+01
5.978866195678710938e+01
6.027003097534179688e+01
2.205732727050781250e+01
5.089329147338867188e+01
5.723471450805664062e+01
4.450436782836914062e+01
5.107722091674804688e+01
4.060054779052734375e+01
5.400686645507812500e+01
4.404300308227539062e+01
6.057682418823242188e+01
3.016130256652832031e+01
6.072124862670898438e+01
5.069025039672851562e+01
6.190422439575195312e+01
3.552240753173828125e+01
3.136086273193359375e+01
4.995181655883789062e+01
6.011902618408203125e+01
4.922695922851562500e+01
3.794924163818359375e+01
5.751099777221679688e+01
5.611158752441406250e+01
5.455651092529296875e+01
5.049904251098632812e+01
3.667242050170898438e+01
4.318688201904296875e+01
5.853681564331054688e+01
5.079455566406250000e+01
4.679368209838867188e+01
6.017211151123046875e+01
5.988929748535156250e+01
5.985629653930664062e+01
4.296159744262695312e+01
1.829457473754882812e+01
3.168357467651367188e+01
4.587143707275390625e+01
5.219896316528320312e+01
5.879748535156250000e+01
4.590464019775390625e+01
5.197220611572265625e+01
1.988970375061035156e+01
4.567260360717773438e+01
3.082938957214355469e+01
4.030075073242187500e+01
5.879184722900390625e+01
4.974956512451171875e+01
5.203335571289062500e+01
4.473526763916015625e+01
5.936828994750976562e+01
2.877624511718750000e+01
4.873698043823242188e+01
5.040714263916015625e+01
5.058316421508789062e+01
4.703831100463867188e+01
5.870335388183593750e+01
5.930689239501953125e+01
4.777421569824218750e+01
4.748429489135742188e+01
3.025038528442382812e+01
5.974568557739257812e+01
3.741038131713867188e+01
4.972194671630859375e+01
1.060830974578857422e+01
4.525211715698242188e+01
2.259556770324707031e+01
3.084480857849121094e+01
6.017432022094726562e+01
5.199003982543945312e+01
3.068195152282714844e+01
3.660160827636718750e+01
4.276818847656250000e+01
5.563646697998046875e+01
4.815491867065429688e+01
3.557884979248046875e+01
6.663873291015625000e+01
5.115591430664062500e+01
4.904478454589843750e+01
4.917560577392578125e+01
4.643331527709960938e+01
4.895604324340820312e+01
5.969718551635742188e+01
4.089482498168945312e+01
4.216764450073242188e+01
5.011037063598632812e+01
4.018021011352539062e+01
3.354940414428710938e+01
3.646982192993164062e+01
4.102527618408203125e+01
1.549839878082275391e+01
4.559545516967773438e+01
1.563324737548828125e+01
4.475933456420898438e+01
5.337970352172851562e+01
5.964318466186523438e+01
6.331454849243164062e+01
3.461385726928710938e+01
5.957630157470703125e+01
3.931843948364257812e+01
5.141238784790039062e+01
5.925101089477539062e+01
5.615047454833984375e+01
5.772857284545898438e+01
4.909614181518554688e+01
5.973237991333007812e+01
5.878321456909179688e+01
6.861677551269531250e+01
2.169655418395996094e+01
4.392210769653320312e+01
4.546745681762695312e+01
4.553273773193359375e+01
5.218857192993164062e+01
4.963545989990234375e+01
3.720753860473632812e+01
3.649742126464843750e+01
3.122226905822753906e+01
6.010096740722656250e+01
5.963607406616210938e+01
4.792164993286132812e+01
2.341037750244140625e+01
4.366634750366210938e+01
5.816639328002929688e+01
1.627874374389648438e+01
4.550951385498046875e+01
3.040699386596679688e+01
4.900732040405273438e+01
4.326287460327148438e+01
3.846458053588867188e+01
4.037208938598632812e+01
3.956727218627929688e+01
4.957441329956054688e+01
5.169364929199218750e+01
1.948299026489257812e+01
5.522219467163085938e+01
6.028538131713867188e+01
5.828667068481445312e+01
5.950135040283203125e+01
3.933407592773437500e+01
2.886757659912109375e+01
4.141263580322265625e+01
5.200378799438476562e+01
5.681620788574218750e+01
2.933353805541992188e+01
5.919732284545898438e+01
4.850229644775390625e+01
4.710207748413085938e+01
2.985130500793457031e+01
6.017581176757812500e+01
5.954111480712890625e+01
2.765205383300781250e+01
5.106221008300781250e+01
1.657075500488281250e+01
3.451053237915039062e+01
5.741624450683593750e+01
5.164925003051757812e+01
3.401423645019531250e+01
3.999174499511718750e+01
6.070688629150390625e+01
4.582743835449218750e+01
4.969725036621093750e+01
3.638483047485351562e+01
6.014635086059570312e+01
5.496597290039062500e+01
4.158311843872070312e+01
2.285496330261230469e+01
3.954037857055664062e+01
5.862136840820312500e+01
6.063375473022460938e+01
6.076191329956054688e+01
5.285551071166992188e+01
4.913642501831054688e+01
6.106124877929687500e+01
5.489540863037109375e+01
2.893647003173828125e+01
4.250650787353515625e+01
5.187778472900390625e+01
6.164409637451171875e+01
5.998598480224609375e+01
3.212952804565429688e+01
4.739522552490234375e+01
3.184896850585937500e+01
3.601521301269531250e+01
1.473805999755859375e+01
4.541503143310546875e+01
2.326791572570800781e+01
4.460469818115234375e+01
5.128063964843750000e+01
4.428592300415039062e+01
5.467771530151367188e+01
2.136504364013671875e+01
5.405233764648437500e+01
4.052215957641601562e+01
3.862508010864257812e+01
4.563053512573242188e+01
3.716159439086914062e+01
2.406192970275878906e+01
4.136487579345703125e+01
5.259784317016601562e+01
5.097091293334960938e+01
5.510550689697265625e+01
4.831676101684570312e+01
3.529983520507812500e+01
4.573628616333007812e+01
2.753252983093261719e+01
4.425410842895507812e+01
5.449340820312500000e+01
3.888977432250976562e+01
4.737673950195312500e+01
5.957865905761718750e+01
3.657685089111328125e+01
5.239110946655273438e+01
4.081462097167968750e+01
3.102906608581542969e+01
5.848704147338867188e+01
4.804515838623046875e+01
5.190577316284179688e+01
4.563087463378906250e+01
2.004310035705566406e+01
3.647458648681640625e+01
2.732168960571289062e+01
3.882962417602539062e+01
4.746870803833007812e+01
5.979074096679687500e+01
4.755000305175781250e+01
4.909848403930664062e+01
1.802349853515625000e+01
3.021468544006347656e+01
5.016313171386718750e+01
4.730465316772460938e+01
4.449284362792968750e+01
6.028256225585937500e+01
3.837648773193359375e+01
6.045254135131835938e+01
3.824849700927734375e+01
5.324557876586914062e+01
4.818278884887695312e+01
5.986148834228515625e+01
3.064837837219238281e+01
4.530594253540039062e+01
6.033858489990234375e+01
3.090080833435058594e+01
5.807851028442382812e+01
4.492625808715820312e+01
3.917074203491210938e+01
5.523188400268554688e+01
4.312065505981445312e+01
5.092000579833984375e+01
5.207247543334960938e+01
5.350291061401367188e+01
2.891458129882812500e+01
5.217784881591796875e+01
5.238211441040039062e+01
5.923702621459960938e+01
5.577334213256835938e+01
3.315710067749023438e+01
5.975345993041992188e+01
5.116685485839843750e+01
5.246628189086914062e+01
6.001282119750976562e+01
2.160945701599121094e+01
5.241237258911132812e+01
4.271158218383789062e+01
4.800400543212890625e+01
4.255191040039062500e+01
3.029376983642578125e+01
4.901203918457031250e+01
5.129130554199218750e+01
3.605833816528320312e+01
4.495432281494140625e+01
5.790606689453125000e+01
3.002414321899414062e+01
4.997215270996093750e+01
5.957073211669921875e+01
5.853793334960937500e+01
4.541650390625000000e+01
5.342052078247070312e+01
3.892557907104492188e+01
4.239497375488281250e+01
3.905414199829101562e+01
2.852111816406250000e+01
3.317016601562500000e+01
5.870372009277343750e+01
5.834058761596679688e+01
4.858750152587890625e+01
5.760145568847656250e+01
4.569972610473632812e+01
3.816484832763671875e+01
3.116448211669921875e+01
4.546955871582031250e+01
6.049703598022460938e+01
4.141519546508789062e+01
5.133912658691406250e+01
4.196024703979492188e+01
2.677320861816406250e+01
5.529560470581054688e+01
6.111930465698242188e+01
5.809255218505859375e+01
5.970031738281250000e+01
2.536758232116699219e+01
4.256002044677734375e+01
6.068312835693359375e+01
5.174216842651367188e+01
4.853359603881835938e+01
5.179367446899414062e+01
2.005775642395019531e+01
4.721313858032226562e+01
4.624742889404296875e+01
6.965009307861328125e+01
4.304498291015625000e+01
3.918535995483398438e+01
6.084103393554687500e+01
3.361365509033203125e+01
2.749245643615722656e+01
5.710250473022460938e+01
6.931112670898437500e+01
3.317480087280273438e+01
5.276874160766601562e+01
4.941289138793945312e+01
4.643984985351562500e+01
5.444970703125000000e+01
6.105906677246093750e+01
4.990429687500000000e+01
5.601035308837890625e+01
3.253520965576171875e+01
5.890277099609375000e+01
4.315068435668945312e+01
5.958823394775390625e+01
5.668623352050781250e+01
1.684710311889648438e+01
5.496576309204101562e+01
3.438861846923828125e+01
5.323424530029296875e+01
5.314307785034179688e+01
5.203101348876953125e+01
3.836240768432617188e+01
5.573843383789062500e+01
5.142875671386718750e+01
5.340624618530273438e+01
2.597275543212890625e+01
2.234332847595214844e+01
4.791856384277343750e+01
4.257797241210937500e+01
5.179835510253906250e+01
4.178770446777343750e+01
6.773246765136718750e+01
4.097216796875000000e+01
4.998881149291992188e+01
5.028215408325195312e+01
4.855988311767578125e+01
3.941233062744140625e+01
6.090093994140625000e+01
4.136384963989257812e+01
5.538656616210937500e+01
5.539353942871093750e+01
4.863468551635742188e+01
4.712938308715820312e+01
5.771596908569335938e+01
4.104554748535156250e+01
5.140659332275390625e+01
1.435575580596923828e+01
3.601066207885742188e+01
5.937712478637695312e+01
5.626535034179687500e+01
5.546199035644531250e+01
4.244673538208007812e+01
4.486167526245117188e+01
3.633497619628906250e+01
4.522840881347656250e+01
5.396347808837890625e+01
4.961116027832031250e+01
4.915275955200195312e+01
4.081166458129882812e+01
3.745429992675781250e+01
4.470528411865234375e+01
2.539994239807128906e+01
6.075345230102539062e+01
4.468691253662109375e+01
5.015581512451171875e+01
2.778245544433593750e+01
2.230357170104980469e+01
4.973609161376953125e+01
6.102183914184570312e+01
4.046560287475585938e+01
5.148872375488281250e+01
3.992118072509765625e+01
4.508646392822265625e+01
4.458278274536132812e+01
4.233563232421875000e+01
4.286780166625976562e+01
2.881000709533691406e+01
4.787551498413085938e+01
6.072735595703125000e+01
3.851245498657226562e+01
4.659915161132812500e+01
1.930731964111328125e+01
6.114020538330078125e+01
5.174379730224609375e+01
5.959596252441406250e+01
4.248713302612304688e+01
4.648982238769531250e+01
5.127738952636718750e+01
3.895383834838867188e+01
5.472015380859375000e+01
4.339350128173828125e+01
5.347634887695312500e+01
6.018473815917968750e+01
4.430158233642578125e+01
3.219733810424804688e+01
2.813046836853027344e+01
5.592511367797851562e+01
4.585304641723632812e+01
2.586163711547851562e+01
5.811718368530273438e+01
4.911579895019531250e+01
2.816239738464355469e+01
5.637510681152343750e+01
5.118562316894531250e+01
4.464827728271484375e+01
3.781090164184570312e+01
5.329706954956054688e+01
4.437876510620117188e+01
3.424290084838867188e+01
3.835575866699218750e+01
5.947080230712890625e+01
2.960574913024902344e+01
1.988162994384765625e+01
4.798746109008789062e+01
5.959906005859375000e+01
2.853983116149902344e+01
2.132022476196289062e+01
5.829528808593750000e+01
3.262376022338867188e+01
5.892347717285156250e+01
4.944852828979492188e+01
3.218354034423828125e+01
4.493731689453125000e+01
4.261474609375000000e+01
3.058561706542968750e+01
5.063114929199218750e+01
1.627674674987792969e+01
3.992929077148437500e+01
4.464091110229492188e+01
4.310118484497070312e+01
5.174859619140625000e+01
5.609949493408203125e+01
5.198064804077148438e+01
4.322555160522460938e+01
5.123511886596679688e+01
5.580960464477539062e+01
4.486589813232421875e+01
4.699863815307617188e+01
6.015460968017578125e+01
3.977241897583007812e+01
5.701644515991210938e+01
4.242737960815429688e+01
3.164725303649902344e+01
2.593682670593261719e+01
5.287648391723632812e+01
1.728921508789062500e+01
5.889575195312500000e+01
5.890032958984375000e+01
6.012246704101562500e+01
4.299138259887695312e+01
5.104528808593750000e+01
5.648222732543945312e+01
6.719876861572265625e+01
5.697040939331054688e+01
5.132877349853515625e+01
3.790262222290039062e+01
1.995712661743164062e+01
5.779371261596679688e+01
5.824199676513671875e+01
5.797359085083007812e+01
4.604538345336914062e+01
5.946561050415039062e+01
4.418640136718750000e+01
4.829023742675781250e+01
5.992297744750976562e+01
5.955908966064453125e+01
5.085837173461914062e+01
3.209787368774414062e+01
4.944250488281250000e+01
4.570962905883789062e+01
4.169134140014648438e+01
4.311287307739257812e+01
5.911289978027343750e+01
6.028736495971679688e+01
4.465018463134765625e+01
4.095867919921875000e+01
4.922490692138671875e+01
5.083625793457031250e+01
5.942272567749023438e+01
5.230198669433593750e+01
4.282338714599609375e+01
4.032490539550781250e+01
1.836939620971679688e+01
3.117979240417480469e+01
6.031643295288085938e+01
6.088805007934570312e+01
5.958806228637695312e+01
6.022073745727539062e+01
5.370788574218750000e+01
3.246739196777343750e+01
4.982989501953125000e+01
3.123661613464355469e+01
1.451589965820312500e+01
3.395014190673828125e+01
4.794048309326171875e+01
4.603940200805664062e+01
4.448240661621093750e+01
4.893633270263671875e+01
5.406165695190429688e+01
4.062318801879882812e+01
5.361718750000000000e+01
3.454383850097656250e+01
4.871166992187500000e+01
5.044289779663085938e+01
5.663622283935546875e+01
4.214867782592773438e+01
6.062747955322265625e+01
2.090285110473632812e+01
2.251448440551757812e+01
6.013465118408203125e+01
4.274431228637695312e+01
3.132972908020019531e+01
4.912418365478515625e+01
5.470922088623046875e+01
3.781408309936523438e+01
6.095445632934570312e+01
5.441201019287109375e+01
2.398022842407226562e+01
5.259474563598632812e+01
4.074681472778320312e+01
3.797992706298828125e+01
3.386310958862304688e+01
4.952669525146484375e+01
4.683703231811523438e+01
1.428876590728759766e+01
5.316592788696289062e+01
5.025774002075195312e+01
6.097945785522460938e+01
4.939500045776367188e+01
4.042287826538085938e+01
3.583580398559570312e+01
2.843124198913574219e+01
3.736907196044921875e+01
5.633082580566406250e+01
4.287518310546875000e+01
5.883531951904296875e+01
3.867800521850585938e+01
4.404175186157226562e+01
5.159092330932617188e+01
6.063508224487304688e+01
5.778227615356445312e+01
3.409054565429687500e+01
5.338206863403320312e+01
4.965716934204101562e+01
5.156808853149414062e+01
6.028083801269531250e+01
2.068520927429199219e+01
4.416344070434570312e+01
6.075559616088867188e+01
4.556373214721679688e+01
4.140112686157226562e+01
5.191987991333007812e+01
5.123718261718750000e+01
4.667673110961914062e+01
4.728760147094726562e+01
6.072281265258789062e+01
5.109483337402343750e+01
6.674005126953125000e+01
4.637385940551757812e+01
3.348194503784179688e+01
4.057136535644531250e+01
5.700239181518554688e+01
5.402479171752929688e+01
3.426594543457031250e+01
6.006724548339843750e+01
6.650839233398437500e+01
4.804449462890625000e+01
6.005739593505859375e+01
3.499619674682617188e+01
3.950917816162109375e+01
2.108289146423339844e+01
2.546627426147460938e+01
4.928433990478515625e+01
2.778864288330078125e+01
4.252341461181640625e+01
4.528928756713867188e+01
6.058167648315429688e+01
3.542939376831054688e+01
5.749221801757812500e+01
4.676670074462890625e+01
6.067664718627929688e+01
3.645660781860351562e+01
4.776495742797851562e+01
5.236252593994140625e+01
4.849632644653320312e+01
4.920874786376953125e+01
6.060753631591796875e+01
4.132774353027343750e+01
4.072589492797851562e+01
6.112586212158203125e+01
3.153453826904296875e+01
5.026061630249023438e+01
5.234249114990234375e+01
5.336941909790039062e+01
5.390120315551757812e+01
6.038267898559570312e+01
5.677978134155273438e+01
4.937662887573242188e+01
4.616746902465820312e+01
5.860758972167968750e+01
5.743891906738281250e+01
5.733548355102539062e+01
4.455532836914062500e+01
2.970578193664550781e+01
6.649414825439453125e+01
4.809946060180664062e+01
4.313677597045898438e+01
5.924137496948242188e+01
5.818936538696289062e+01
5.752312088012695312e+01
4.406375885009765625e+01
3.272263717651367188e+01
4.333229827880859375e+01
5.989580917358398438e+01
4.591739273071289062e+01
4.185014724731445312e+01
5.157939910888671875e+01
5.998223876953125000e+01
4.550771331787109375e+01
5.092412185668945312e+01
1.348160552978515625e+01
5.610914993286132812e+01
6.020175933837890625e+01
2.971186637878417969e+01
4.080260467529296875e+01
6.045406723022460938e+01
5.927774429321289062e+01
3.081512641906738281e+01
6.326532745361328125e+01
3.794551467895507812e+01
3.933882141113281250e+01
4.359224319458007812e+01
5.066814804077148438e+01
3.687846755981445312e+01
4.295925140380859375e+01
4.184693527221679688e+01
2.536326599121093750e+01
6.028609848022460938e+01
5.926296234130859375e+01
3.730208969116210938e+01
4.945996475219726562e+01
4.956532287597656250e+01
2.693533325195312500e+01
4.943521881103515625e+01
5.832428741455078125e+01
5.824902343750000000e+01
3.566262054443359375e+01
4.030806350708007812e+01
2.641275596618652344e+01
4.802825546264648438e+01
4.150028991699218750e+01
4.121328735351562500e+01
5.994043731689453125e+01
5.138011169433593750e+01
4.748699951171875000e+01
3.348472213745117188e+01
5.587910461425781250e+01
5.172173309326171875e+01
3.896344375610351562e+01
3.852854537963867188e+01
7.137646484375000000e+01
5.172460556030273438e+01
6.110438537597656250e+01
4.050273513793945312e+01
5.276547241210937500e+01
5.591569900512695312e+01
6.040130996704101562e+01
4.498000717163085938e+01
4.710760116577148438e+01
4.368002700805664062e+01
5.383882141113281250e+01
5.971962356567382812e+01
3.789601516723632812e+01
5.026996231079101562e+01
6.738208007812500000e+01
5.489271545410156250e+01
5.535079193115234375e+01
5.068365097045898438e+01
5.340142059326171875e+01
4.776962661743164062e+01
5.095183563232421875e+01
3.924547195434570312e+01
4.962215042114257812e+01
3.153060722351074219e+01
5.945277023315429688e+01
5.651924514770507812e+01
5.483411407470703125e+01
6.080741882324218750e+01
4.271754074096679688e+01
5.047375488281250000e+01
3.022115516662597656e+01
3.133690071105957031e+01
4.219668960571289062e+01
5.649291992187500000e+01
5.835179901123046875e+01
4.645768737792968750e+01
5.843179321289062500e+01
4.923758316040039062e+01
4.196615982055664062e+01
1.545450019836425781e+01
4.539838027954101562e+01
6.090146255493164062e+01
5.255916976928710938e+01
5.309324645996093750e+01
2.703127861022949219e+01
4.098104858398437500e+01
5.201506042480468750e+01
6.020764160156250000e+01
5.720140075683593750e+01
3.920525741577148438e+01
3.291834259033203125e+01
5.171469116210937500e+01
6.018909835815429688e+01
3.919506072998046875e+01
4.078005218505859375e+01
2.629176139831542969e+01
3.735449981689453125e+01
4.933416366577148438e+01
5.013320541381835938e+01
2.866474151611328125e+01
4.543357086181640625e+01
4.491102218627929688e+01
3.892832565307617188e+01
4.071086502075195312e+01
6.382291030883789062e+01
4.669070816040039062e+01
1.627069282531738281e+01
5.979293823242187500e+01
4.986424255371093750e+01
3.480731582641601562e+01
5.308681488037109375e+01
3.131854057312011719e+01
4.459024810791015625e+01
3.749282455444335938e+01
6.017541122436523438e+01
4.944076156616210938e+01
5.984684753417968750e+01
3.221830749511718750e+01
4.381220626831054688e+01
5.022102737426757812e+01
5.138138580322265625e+01
4.927633666992187500e+01
5.056501770019531250e+01
2.982761383056640625e+01
4.528462219238281250e+01
3.123079299926757812e+01
4.845079421997070312e+01
4.294573211669921875e+01
6.071557235717773438e+01
4.844407272338867188e+01
5.273214340209960938e+01
5.621372604370117188e+01
3.096011161804199219e+01
4.251581192016601562e+01
6.024471664428710938e+01
4.814307022094726562e+01
5.723580551147460938e+01
4.798844528198242188e+01
3.963643646240234375e+01
2.626008033752441406e+01
4.542599868774414062e+01
5.965129089355468750e+01
3.030981636047363281e+01
4.696775436401367188e+01
3.633558273315429688e+01
5.174840927124023438e+01
5.380913925170898438e+01
5.349618911743164062e+01
5.993920898437500000e+01
6.013164138793945312e+01
2.926136016845703125e+01
4.717412567138671875e+01
5.097183609008789062e+01
3.961963653564453125e+01
4.744709777832031250e+01
5.929558181762695312e+01
5.301213073730468750e+01
4.275251770019531250e+01
3.446789550781250000e+01
5.637545776367187500e+01
4.535705184936523438e+01
4.633298110961914062e+01
2.746408271789550781e+01
4.753910827636718750e+01
6.021973037719726562e+01
3.292966842651367188e+01
6.057786178588867188e+01
6.040951919555664062e+01
2.941925811767578125e+01
6.006544113159179688e+01
