0.1048,
0.129184,
0.284768,
0.081984,
0.084896,
0.090688,
0.0992,
0.112768,
0.099552,
0.312512,
0.121184,
0.121568,
0.156224,
0.088832,
0.283392,
0.30176,
0.171168,
0.301376,
0.173184,
0.287328,
0.175072,
0.096448,
0.360416,
0.128896,
0.134432,
0.334208,
0.282784,
0.090656,
0.1312,
0.344384,
0.090304,
0.300416,
0.285632,
0.08256,
0.229984,
0.140512,
0.19296,
0.155168,
0.077312,
0.193088,
0.199808,
0.119776,
0.171584,
0.081888,
0.323072,
0.331104,
0.078112,
0.09776,
0.282976,
0.115328,
0.284448,
0.283968,
0.088544,
0.141472,
0.140704,
0.285248,
0.079776,
0.285504,
0.138304,
0.191872,
0.097856,
0.092448,
0.180448,
0.11984,
0.203232,
0.322528,
0.285792,
0.095424,
0.19264,
0.195872,
0.122784,
0.126976,
0.109152,
0.304768,
0.33136,
0.313312,
0.189984,
0.181024,
0.129344,
0.105376,
0.12256,
0.124384,
0.117568,
0.285216,
0.122816,
0.211456,
0.2904,
0.081312,
0.094112,
0.080512,
0.33024,
0.084736,
0.146496,
0.079968,
0.080512,
0.096416,
0.121984,
0.077344,
0.136448,
0.128064,
0.118464,
0.1224,
0.119424,
0.136768,
0.175552,
0.129728,
0.162368,
0.204544,
0.296096,
0.082528,
0.28688,
0.139168,
0.176704,
0.0888,
0.129856,
0.150336,
0.20016,
0.162016,
0.13408,
0.102208,
0.190176,
0.079872,
0.332992,
0.095296,
0.192832,
0.094144,
0.099168,
0.284992,
0.143968,
0.136448,
0.138368,
0.07952,
0.285472,
0.211008,
0.07648,
0.09136,
0.107296,
0.115232,
0.145024,
0.331232,
0.104032,
0.29504,
0.28464,
0.081568,
0.098816,
0.176032,
0.320704,
0.284032,
0.130496,
0.190656,
0.14592,
0.289184,
0.32896,
0.119904,
0.168832,
0.089216,
0.114816,
0.076256,
0.175264,
0.088864,
0.319264,
0.101408,
0.123616,
0.18992,
0.088864,
0.193824,
0.191552,
0.283136,
0.12784,
0.101024,
0.09936,
0.12224,
0.120544,
0.15712,
0.330752,
0.088736,
0.326592,
0.216256,
0.163808,
0.109408,
0.084512,
0.294848,
0.2032,
0.102784,
0.107648,
0.2824,
0.297472,
0.202688,
0.07936,
0.163264,
0.140448,
0.193568,
0.173696,
0.1448,
0.171744,
0.092864,
0.116032,
0.079616,
0.310976,
0.08128,
0.115456,
0.190976,
0.122176,
0.280704,
0.091776,
0.09584,
0.092864,
0.172096,
0.18272,
0.120672,
0.282432,
0.095552,
0.114368,
0.081344,
0.151072,
0.096832,
0.092928,
0.300416,
0.088928,
0.092896,
0.10208,
0.28784,
0.190272,
0.121216,
0.126272,
0.160576,
0.297856,
0.139648,
0.306816,
0.177952,
0.117984,
0.105504,
0.08048,
0.20336,
0.340128,
0.256544,
0.22416,
0.156064,
0.096416,
0.134336,
0.19168,
0.12656,
0.097792,
0.148992,
0.220896,
