1.656471014022827148e+00
2.156783580780029297e+00
1.242935776710510254e+00
8.784578323364257812e+00
3.033517599105834961e+00
2.081288099288940430e+00
9.055156111717224121e-01
3.802595376968383789e+00
6.556649208068847656e-01
5.648540854454040527e-01
4.619623184204101562e+00
5.797947406768798828e+00
1.406470894813537598e+00
4.912141561508178711e-01
6.408714056015014648e-01
5.538426041603088379e-01
7.945953011512756348e-01
1.521330475807189941e+00
4.788699150085449219e+00
9.519568681716918945e-01
2.233064413070678711e+00
1.028251457214355469e+01
1.047902584075927734e+00
8.498700261116027832e-01
4.190592765808105469e-01
3.036962985992431641e+00
1.172659635543823242e+00
7.251368761062622070e-01
7.973086833953857422e-01
3.122772455215454102e+00
8.297186851501464844e+00
5.281103134155273438e+00
1.509754657745361328e+00
1.172337293624877930e+00
3.353058624267578125e+01
1.012992382049560547e+01
1.547246336936950684e+00
9.923212528228759766e-01
1.141506552696228027e+00
3.449471950531005859e+00
1.509045505523681641e+01
1.059767150878906250e+01
5.321829319000244141e+00
4.003746032714843750e+00
2.881375551223754883e-01
1.267967224121093750e+00
1.007398724555969238e+00
1.263072013854980469e+00
1.270811653137207031e+01
1.791379451751708984e+00
1.963750839233398438e+00
2.587935686111450195e+00
7.225820422172546387e-01
1.293087363243103027e+00
4.893572330474853516e+00
1.184101939201354980e+00
1.282487988471984863e+00
1.188283061981201172e+01
1.788582205772399902e+00
1.740007281303405762e+00
3.774311542510986328e+00
2.051489055156707764e-01
1.320979499816894531e+01
3.211184978485107422e+00
5.147360563278198242e-01
7.030565261840820312e+00
2.652517259120941162e-01
4.764695167541503906e-01
3.541500270366668701e-01
4.963728904724121094e+00
1.798403549194335938e+01
5.267719745635986328e+00
5.125858783721923828e+00
1.151926636695861816e+00
1.608582615852355957e+00
2.743620872497558594e-01
1.960587310791015625e+01
7.570118308067321777e-01
3.851051568984985352e+00
1.553074717521667480e+00
1.312044978141784668e+00
7.494577169418334961e-01
1.494162845611572266e+01
2.927581071853637695e+00
1.255728602409362793e+00
3.131955623626708984e+00
9.354459762573242188e+00
8.113001585006713867e-01
4.329084777832031250e+01
2.169349193572998047e+00
8.477890968322753906e+00
8.974464535713195801e-01
4.035154342651367188e+00
7.298334836959838867e-01
9.606248736381530762e-01
4.081172645092010498e-01
2.177570581436157227e+00
5.231575369834899902e-01
1.410098195075988770e+00
8.799224495887756348e-01
9.311328530311584473e-01
5.318207740783691406e+00
8.822261810302734375e+00
2.061350107192993164e+00
6.181077361106872559e-01
2.660246372222900391e+00
7.848205089569091797e+00
5.468094348907470703e-01
6.724984645843505859e+00
2.997141838073730469e+00
3.019094228744506836e+00
1.101769208908081055e+00
1.199941277503967285e+00
7.388696670532226562e-01
1.718306660652160645e+00
9.149285554885864258e-01
4.341968894004821777e-01
2.230884075164794922e+00
1.051733851432800293e+00
1.137371778488159180e+00
1.668720364570617676e+00
5.849433422088623047e+00
9.293168783187866211e-01
1.978588223457336426e+00
1.075218915939331055e+00
7.744018435478210449e-01
4.877453994750976562e+01
8.965079307556152344e+00
1.405983924865722656e+00
9.094683527946472168e-01
5.839244723320007324e-01
1.071442413330078125e+01
4.566986560821533203e-01
1.049658393859863281e+01
2.919999694824218750e+01
1.268066287040710449e+00
1.299324750900268555e+00
1.319276428222656250e+01
1.955562233924865723e+00
8.903353214263916016e-01
1.621641993522644043e+00
5.075830817222595215e-01
5.748568773269653320e-01
2.247804403305053711e+00
2.422352075576782227e+00
2.006103992462158203e+00
6.791054606437683105e-01
1.645827651023864746e+00
5.842378139495849609e-01
7.955266475677490234e+00
2.915966033935546875e+00
4.534081459045410156e+00
1.525774836540222168e+00
6.917710304260253906e-01
8.079680204391479492e-01
8.150039315223693848e-01
6.733582496643066406e+00
3.422574043273925781e+00
1.905055999755859375e+00
4.588334560394287109e+00
2.569493055343627930e+00
6.260730743408203125e+00
1.292440772056579590e+00
1.056308746337890625e+01
3.338549613952636719e+00
5.290571451187133789e-01
6.227148056030273438e+00
4.707258224487304688e+00
1.591240048408508301e+00
1.960524082183837891e+00
7.284801959991455078e+00
6.645558476448059082e-01
7.218297719955444336e-01
6.239239215850830078e+00
8.229967355728149414e-01
2.547795772552490234e-01
5.167500019073486328e+00
9.890240669250488281e+00
2.383270263671875000e+00
2.561650514602661133e+00
6.036095619201660156e-01
6.289072036743164062e+00
2.311355352401733398e+00
2.206563758850097656e+01
1.407552361488342285e+00
7.692310810089111328e+00
5.206615447998046875e+00
2.266360282897949219e+00
5.111003518104553223e-01
8.395367622375488281e+00
2.556455373764038086e+00
7.691543698310852051e-01
2.981612682342529297e+00
2.196135044097900391e+00
8.234573006629943848e-01
1.101222753524780273e+00
1.268778562545776367e+00
3.076728880405426025e-01
2.191827058792114258e+00
3.681651651859283447e-01
1.009509563446044922e+00
3.228023946285247803e-01
7.058824300765991211e-01
8.742899894714355469e+00
7.186326980590820312e-01
6.022650718688964844e+00
4.041205644607543945e-01
7.619328975677490234e+00
1.055107474327087402e+00
5.306124687194824219e-01
1.617965936660766602e+00
7.188756465911865234e+00
5.180009603500366211e-01
3.625848531723022461e+00
2.649081945419311523e-01
8.706274032592773438e-01
4.934936046600341797e+00
4.408499240875244141e+00
1.987145900726318359e+00
4.517873764038085938e+00
3.804295539855957031e+00
8.588094711303710938e-01
2.877341842651367188e+01
1.662700474262237549e-01
6.905485153198242188e+00
3.140057086944580078e+00
5.279719352722167969e+00
1.942551732063293457e+00
1.217851877212524414e+00
3.062216043472290039e+00
6.821575164794921875e+00
1.662271380424499512e+00
2.054298877716064453e+00
7.994363903999328613e-01
2.776298999786376953e+00
2.769161462783813477e+00
6.469782352447509766e+00
6.170329570770263672e+00
1.003807783126831055e+00
5.445455312728881836e-01
7.249487876892089844e+00
4.950576305389404297e+00
1.918889522552490234e+00
2.186084508895874023e+00
6.365381717681884766e+00
3.468773603439331055e+00
3.609220385551452637e-01
3.073395729064941406e+00
3.404480695724487305e+00
6.040518879890441895e-01
2.776874065399169922e+00
6.116796731948852539e-01
1.875629782676696777e+00
8.654518723487854004e-01
4.980546188354492188e+01
3.560208082199096680e+00
