56.4748
40.5527
55.9816
34.9985
44.6845
44.492
49.7135
32.1007
44.5229
48.8094
42.9453
52.304
53.4621
52.9995
44.6668
46.5879
52.9327
43.9776
33.148
43.3375
36.4572
46.55
39.9489
52.232
48.2438
41.373
58.046
29.5722
49.0285
51.1057
49.5826
48.7887
36.82
51.1443
45.6251
33.779
25.0763
47.0884
56.4612
31.0812
34.6281
61.5977
31.7941
47.1378
50.5995
22.8913
57.5852
59.5446
39.3545
54.3658
45.1516
60.715
41.2357
56.5885
56.6922
48.6338
52.5611
48.3331
60.2862
50.3148
40.7279
61.0527
38.2377
24.7022
54.9309
40.8126
56.2819
54.0172
51.6773
40.0059
40.4744
61.023
58.1108
34.438
35.5132
57.6561
51.7486
47.9016
36.8118
43.592
56.1575
47.507
32.8601
40.8087
48.1433
47.5686
61.5619
48.894
54.8638
52.1973
56.6936
50.5303
59.2962
52.0864
59.2255
56.6231
46.776
50.7497
40.6591
38.4561
32.3675
20.9643
45.7013
56.2884
15.914
49.2854
36.8271
38.4898
33.6418
34.1513
51.0381
34.3225
43.7558
57.651
47.1285
42.1782
41.2662
46.4571
50.7787
50.6873
32.0663
39.8733
56.1878
62.6983
46.0008
39.8694
48.1208
51.3039
52.8749
42.6576
57.9255
46.8988
58.6121
58.6492
10.5334
38.3061
20.3146
35.3637
33.4645
27.0575
45.9293
42.5208
54.9004
19.8427
57.9015
38.1576
58.0263
56.1888
39.7601
37.2845
48.6178
49.2796
29.6117
37.337
45.7119
47.0442
39.0552
56.4467
59.4972
47.5281
54.7349
44.7012
70.5774
47.5822
59.6417
56.9703
49.3274
57.716
57.423
44.958
47.6525
25.7498
48.792
49.0611
35.3981
44.7734
56.4791
57.6001
56.9958
28.337
58.3263
44.8556
48.2852
39.664
28.7038
48.3325
34.4357
44.5293
47.7729
44.2182
35.5316
22.2795
48.9809
36.7472
51.1644
42.1238
49.4933
36.4729
55.3092
48.7141
50.9922
44.6277
48.369
45.3986
48.2952
49.7948
46.9789
25.3703
33.1475
55.1485
56.5494
53.5962
57.9224
49.9837
46.8277
45.008
51.0157
55.8594
49.2789
47.0965
55.0577
53.2859
39.4467
58.6073
55.3835
58.8261
60.5157
14.807
11.3281
43.6952
60.325
39.7648
48.1863
43.6607
27.9961
56.3814
42.6394
54.4047
57.9863
28.9628
57.5618
45.3518
39.8948
49.7077
34.511
50.6058
52.7131
58.0843
44.5629
53.0511
45.1718
31.7925
31.8982
38.4018
40.1391
42.9901
50.4637
37.8898
21.9122
55.6454
42.5571
58.369
42.3978
36.3814
45.841
50.0367
42.5494
55.4225
41.1547
40.9537
42.6276
56.8314
34.1298
59.0451
39.1521
54.076
52.8373
48.854
48.2247
47.9602
44.8917
22.9102
42.7149
52.0607
51.0083
43.74
27.3649
40.8204
44.2972
39.4316
34.5269
50.8947
15.8565
46.5557
44.5108
56.5902
42.1515
46.9608
34.3224
53.0601
53.8407
49.482
62.7428
57.9815
41.4773
44.4879
60.919
44.5937
47.2416
59.2743
37.5
31.928
56.8852
36.1565
51.5714
48.417
30.1808
41.8545
50.2605
50.3657
41.5891
58.0685
42.3747
42.6621
44.3313
58.2523
45.4902
49.1068
56.7449
37.137
44.718
40.7841
49.7132
59.7802
43.5371
48.3143
23.43
36.107
42.6189
48.0225
53.3228
43.8078
53.0471
47.6927
50.4685
50.9112
50.2015
56.8759
40.1366
15.5708
58.3292
58.519
46.1296
54.0732
59.297
51.0204
42.113
43.3628
31.906
49.7653
39.9945
42.5572
43.3477
39.8882
56.5398
57.9407
41.6984
54.5728
48.3359
55.0378
38.1199
41.6291
50.7834
35.3608
53.6953
58.4858
23.9446
49.0014
49.9782
32.1535
58.7772
51.7015
58.1922
45.8642
45.0862
16.6504
21.6164
46.3854
50.7295
35.0961
49.0789
40.9214
52.7928
44.9842
16.8774
57.8295
51.7601
33.099
50.6083
44.5647
34.6075
49.8195
40.4831
30.1422
27.3828
34.5703
28.7898
50.3923
34.9324
47.0664
39.3
51.8772
49.3558
41.5857
48.3703
56.9838
41.0575
58.2894
56.4124
44.2556
55.3679
20.4974
53.8333
37.8155
57.8608
40.0352
58.8092
48.1889
49.3757
59.9997
42.7563
55.6334
36.3632
53.0977
57.8312
54.2548
57.6159
46.9261
36.9172
42.4328
60.6903
17.6155
45.9527
50.2987
40.6038
53.3919
52.2349
44.0829
46.8954
49.1537
31.4612
40.1954
51.6432
59.6337
47.8481
44.9807
51.3113
46.8865
50.1302
53.077
51.3655
45.8836
56.1505
62.7319
19.502
40.671
47.5827
44.9216
47.5917
28.1372
35.3127
48.7656
61.0147
41.12
59.9198
44.1402
43.424
37.9799
53.8795
40.9316
29.7954
38.7924
44.1968
41.8986
57.7193
23.9415
35.8909
48.5963
43.3207
55.0784
45.8287
42.4062
42.5616
39.0615
55.7793
13.0783
47.4348
41.073
45.2576
56.0008
33.1315
55.556
60.8715
56.9797
27.7163
36.1355
36.5264
40.56
45.7734
52.3938
55.1809
33.1694
47.1892
58.5792
47.9688
38.7807
43.7948
58.6236
59.3667
58.083
39.8038
58.2193
48.9601
31.8294
46.6266
43.9754
49.2367
44.8187
60.3749
40.8822
52.2714
32.7829
49.8385
57.2696
37.4485
56.5088
62.8712
42.3987
39.8907
28.3091
57.2951
59.3453
48.1823
37.1824
31.8129
39.122
47.0987
23.4803
32.1307
39.1922
59.0802
54.1541
58.4897
52.0871
51.0621
32.2936
31.5321
48.1471
58.527
55.1633
43.915
54.3072
62.6497
34.1321
43.4734
42.7855
49.0053
53.1824
43.4666
48.4323
45.155
58.1479
48.9714
58.5332
44.532
42.2035
37.6211
58.3712
39.8527
58.1085
56.9812
53.177
47.3012
59.6075
48.7284
40.2082
47.4092
50.4659
38.128
35.1739
60.911
50.933
47.7484
50.3779
54.9264
47.9086
43.5178
46.5203
38.5846
33.8891
52.8823
44.5041
25.6473
56.256
36.1849
49.6558
41.0643
60.379
34.5158
41.6672
61.4761
56.0495
44.3913
33.2626
41.4412
39.5422
57.369
39.8458
47.6931
54.9339
30.9453
43.1229
47.9416
44.6435
62.8903
53.9691
59.4201
39.6314
47.3678
48.6142
34.5706
56.1839
28.7265
51.116
14.9992
45.1891
58.7132
50.463
50.0657
30.7601
48.4854
46.6958
32.3037
55.2316
34.6989
46.9307
42.0407
31.6704
56.9105
37.085
36.7996
23.852
30.5175
47.8588
39.8904
45.7311
46.8805
55.7595
44.5267
54.3219
50.8422
52.1195
44.3031
42.1308
33.1094
58.627
58.5086
56.5408
60.4917
42.5784
46.0604
42.6973
44.5686
42.5483
37.4017
45.5998
50.5455
39.2941
47.5383
50.4037
18.5861
48.3755
38.4288
42.6733
55.5398
49.526
34.1895
52.4294
42.7252
49.9436
51.4668
29.0672
31.6184
19.6587
56.4859
56.1797
61.7137
28.6231
26.6583
43.1344
47.6493
46.3317
29.3483
56.0778
40.5708
36.1756
42.7633
49.1541
45.5091
51.31
42.9602
49.5597
58.7286
53.622
56.8735
55.0559
38.7508
19.4865
54.5138
49.246
46.7752
51.8983
56.6027
32.7315
49.1489
23.953
46.8483
52.6118
48.0378
46.3151
45.7358
53.6094
33.8405
45.7889
58.7344
47.0123
23.5552
21.3444
27.5311
32.8155
50.8775
44.0138
21.9069
49.631
43.0252
56.8994
51.4527
58.1223
44.6901
61.4916
42.8166
41.7568
42.8219
54.9387
41.2342
52.3391
48.0375
51.0888
22.7829
31.7574
43.9478
57.9593
46.6022
40.3815
47.48
52.296
29.0966
38.6106
57.468
32.3078
45.0836
40.1834
33.8644
47.5621
61.1764
52.2038
41.2774
57.0903
25.7397
55.7033
34.2011
26.1031
51.7659
39.7796
21.4991
54.9015
51.3477
45.9835
38.4833
41.9555
22.3155
42.9675
45.253
23.0906
50.982
35.8908
56.4623
55.1552
51.2043
59.5926
55.4462
44.6761
53.3305
57.9302
56.757
48.7041
59.5851
42.9455
47.2418
46.3687
48.5973
44.6553
34.3882
46.8247
48.9697
46.5498
35.7116
29.0941
54.8776
24.4459
47.434
56.8576
40.2827
59.3784
58.0484
50.0592
25.4199
44.2864
38.7019
59.1079
58.0699
40.901
55.3452
58.4744
36.1863
56.5886
58.6558
20.5187
46.7205
48.1072
37.4866
59.1094
36.9716
32.9962
49.1125
31.5112
55.2584
20.0555
47.6034
38.477
46.1359
55.0103
50.2369
60.6894
44.8337
40.3928
44.5297
44.6468
52.2338
50.0089
50.6559
62.4361
49.7726
23.686
46.5923
27.0056
59.195
37.3726
44.2036
59.6814
45.848
59.7411
48.4209
47.8261
19.5033
60.5914
50.248
42.0851
45.7424
33.3735
49.6335
57.4499
49.964
37.4688
58.4767
40.7626
55.0974
52.5185
50.7428
51.5567
48.9753
56.1323
42.7516
31.5171
49.641
50.3401
47.7826
48.2091
58.8703
42.4552
57.0628
50.8079
55.5307
44.8375
48.075
54.8116
57.316
19.0603
60.207
53.574
46.739
40.1896
58.5705
56.2221
29.9883
59.2324
46.7211
48.7254
51.381
44.8113
48.8386
58.6007
59.7786
56.0126
56.4662
50.2808
36.6507
58.6261
50.4454
38.0239
48.5264
53.3975
31.4365
57.8407
37.7486
59.3155
58.4452
26.735
37.342
18.684
49.0632
42.3924
53.9191
43.5215
48.2081
42.9243
49.9299
35.4434
49.1972
38.0597
36.4797
30.1042
38.9602
57.5497
56.3983
41.6708
54.9662
56.0572
35.0825
58.0949
49.9573
60.6556
39.5186
47.382
35.8168
39.2823
40.7718
50.3398
49.8446
57.0536
38.6776
34.9183
39.626
44.7491
27.7302
58.3635
38.1621
59.7696
50.8141
18.4381
56.4765
50.5827
43.8958
50.2328
48.5441
31.6681
47.783
38.8187
49.3047
35.72
47.0915
44.6599
55.1421
58.6251
29.098
36.826
35.0204
51.819
36.2896
61.288
51.6441
41.8926
40.0894
46.64
16.2313
42.2866
22.8818
40.0373
39.947
38.1161
51.853
32.7007
57.3685
43.2959
42.1157
39.6548
39.7549
32.9813
49.8716
47.3582
59.783
38.0295
40.1767
45.7718
55.5644
49.0103
47.9231
43.4716
53.0508
50.1487
50.9088
34.1245
23.6809
51.4061
45.4976
34.5375
60.1511
59.1286
42.3403
59.0438
50.8485
49.9311
48.1192
52.1788
36.0557
45.3839
59.9439
56.7213
48.5281
37.5067
47.1676
61.1787
57.2939
39.6728
59.3763
42.8925
54.4362
34.5512
51.5716
36.0991
53.3378
45.2909
21.7378
44.2522
57.1709
39.1662
58.6373
42.2465
41.662
13.0557
49.1775
47.6131
28.1435
52.4354
54.2144
46.4504
57.8177
49.909
60.0883
59.612
58.427
49.3113
51.214
48.6766
35.448
58.6909
35.8313
40.7509
28.2399
43.8524
61.7944
56.3905
58.6699
55.6626
37.9244
34.8149
46.3426
50.1461
47.4946
57.9286
58.9746
62.9376
41.3616
31.0099
47.0402
52.3243
49.4799
53.9993
43.7588
50.2361
51.9312
35.9061
55.4008
45.3209
28.0105
49.7408
48.2219
37.4101
53.4232
37.0553
57.3191
57.9012
59.6577
54.3171
49.3881
40.5471
33.5787
44.9272
48.1135
45.9756
61.0453
12.772
55.4752
61.4184
51.5756
54.0501
39.6431
50.4342
37.1823
43.4844
46.511
21.3874
42.2848
39.012
37.7416
25.1374
50.4541
21.8743
39.6868
49.3376
21.8817
59.9613
61.7171
41.4629
54.9154
50.1864
51.2474
45.2225
49.9702
47.2338
38.2941
37.8831
45.1164
55.4028
44.7773
43.5809
59.2099
46.6389
35.908
38.6885
56.8927
56.581
49.1169
48.8883
50.2809
42.3283
43.487
61.7295
42.6596
33.1241
46.222
46.2873
44.6446
45.5967
23.063
36.2943
58.1488
41.4147
36.9997
30.301
40.2953
54.7161
44.3469
43.0453
41.4484
50.0589
53.5637
25.9646
54.5099
26.509
58.4498
46.3125
42.0905
46.6479
60.3105
59.9791
37.995
33.226
42.587
49.8921
36.0472
37.5472
42.1195
44.1589
48.6358
15.2638
33.4339
47.0046
58.6521
47.2738
44.758
56.1144
47.9017
57.9399
54.8418
59.011
35.7974
34.0932
41.8611
40.8755
56.6151
45.8011
53.7734
42.4605
38.3179
38.1318
31.7827
45.0481
57.2228
49.6604
56.1249
56.8647
51.5338
55.0719
43.4401
48.5232
35.0387
37.2761
45.1455
58.2489
58.5086
60.2393
37.0623
55.4605
22.1532
29.8287
7.61632
43.5276
52.1904
42.8135
59.7511
47.8261
36.5403
46.0611
56.9255
42.8686
54.472
44.4056
56.9153
31.4133
59.2561
50.2636
57.0655
13.454
53.1523
54.8471
43.8284
61.4567
42.4816
47.6431
27.3797
44.0628
48.4145
42.0383
27.2743
42.0918
36.4933
30.6784
28.7365
52.1387
49.6581
47.9464
37.2638
46.0181
58.3725
28.4758
48.1946
61.2167
59.8753
31.7363
47.6414
48.5466
49.8683
46.3039
51.3423
32.3119
28.2604
46.6192
36.3303
34.5778
48.331
41.4737
31.4861
61.2758
40.882
56.9527
43.4795
33.3505
42.9417
40.4013
49.6566
54.5475
39.7044
56.7198
56.3718
36.4801
45.8059
32.392
42.9427
37.0086
49.7262
43.0126
48.8997
37.2107
42.5041
36.2597
47.9669
18.9462
56.4896
41.1538
40.0672
39.5886
38.4059
55.2107
46.8485
17.5612
51.1735
56.2045
51.0659
23.3313
44.5559
44.514
33.5102
50.2123
45.2899
34.8763
44.6022
52.5293
32.1937
46.6151
58.6076
41.7794
50.0579
53.5816
37.0765
42.6292
42.1951
46.622
36.415
52.5129
40.9377
43.6748
61.0409
49.6805
57.501
62.7302
46.2055
39.5944
43.8518
43.1773
36.4627
56.3196
42.6694
29.8509
49.069
50.1681
57.2799
55.6467
49.2292
43.6634
51.7263
43.5036
51.872
49.8135
29.4887
31.326
27.9063
43.8316
48.4905
38.0008
45.1725
53.4929
37.6277
58.0614
20.8178
52.7027
56.2396
53.4643
42.8604
48.5596
47.3977
58.2342
42.2507
45.0884
34.2871
44.7106
40.5854
39.4616
47.1649
44.3432
57.9103
51.4884
48.9887
49.5429
42.7253
48.0546
56.9696
63.1278
35.6711
36.854
50.2722
39.0402
33.5976
43.7124
22.7695
48.4751
48.5344
52.7767
41.4128
58.4378
28.4658
47.4879
32.5208
50.7825
47.9441
35.3514
43.2227
36.1494
55.4818
39.3278
58.245
48.6905
49.6885
31.3959
56.0859
48.918
58.2554
50.5227
43.9072
50.1555
53.5337
40.0993
49.1425
44.4561
57.8166
42.0055
41.6535
45.7149
61.3863
39.9244
40.9399
54.4648
47.8744
50.4803
45.9717
63.84
33.5406
38.679
38.8574
32.9595
38.3323
59.0575
60.9858
48.8001
47.8466
53.2095
46.024
48.1058
61.3286
62.6894
44.2672
47.5832
38.9149
52.9154
58.4655
22.3106
40.6364
41.9106
48.8415
49.3206
46.7472
55.3941
26.9278
46.9473
40.3775
60.0811
49.8646
49.0456
57.7154
59.6962
55.8133
45.0956
55.6226
46.3526
56.61
46.0669
56.2485
58.8306
51.6718
54.8475
32.8723
49.0561
56.9053
28.7984
48.6492
39.4333
46.4543
51.8311
38.1807
42.5856
42.8889
21.9906
40.1255
48.4228
23.0879
53.6612
38.6977
54.1425
37.7222
54.2022
47.6055
52.1665
57.744
44.4236
45.4102
50.7518
48.029
22.8087
33.656
57.3091
41.826
33.7833
35.0684
53.8869
58.9933
40.3403
36.2064
59.991
37.4189
57.8093
53.1432
59.5829
34.9786
56.5037
48.8497
39.5535
48.7751
32.8738
50.8484
47.3827
48.2423
46.4103
55.7135
46.1091
57.8724
49.1678
49.8931
48.9039
33.3471
55.5142
47.9844
48.7568
54.7444
54.6024
51.9631
45.1182
43.0344
41.4958
59.6478
29.9652
49.2431
42.1987
46.5393
42.6312
44.8343
52.557
43.3759
55.1074
57.5536
46.4356
28.1837
40.8193
55.3197
46.0698
48.9863
57.7326
56.6671
33.1335
44.6029
50.0499
43.8697
44.3553
26.9176
47.5404
52.6217
43.0145
47.3683
49.9594
46.6771
49.585
48.6433
54.7875
41.2974
25.8558
42.8728
30.2648
32.0191
34.5958
45.6914
57.9346
58.2055
42.2396
41.6817
32.752
50.8652
43.5511
49.4468
39.4758
41.1239
34.2934
38.8667
38.5437
59.7642
34.0262
59.6718
50.7275
46.5549
56.1853
41.1095
54.8372
26.2753
45.0533
49.4431
52.9392
48.1896
55.9251
41.2832
33.3909
59.1637
42.3485
25.6553
35.863
18.2493
50.8361
60.4646
58.4705
23.5121
45.5575
42.8927
50.4602
47.6604
58.6962
56.8113
41.2364
43.0382
77.5438
50.643
62.7934
41.9096
47.8519
30.6628
25.8295
28.5923
39.1089
46.6474
43.1914
54.4473
32.4538
43.8102
49.0351
32.7287
45.9261
45.825
56.9435
37.9712
32.4824
38.4942
38.423
26.0379
34.9193
44.0585
20.4038
46.7754
61.427
44.8967
51.2925
40.875
33.2756
55.4788
52.6629
48.1614
46.5181
50.1094
56.7325
58.8668
53.8879
21.8047
43.8072
26.4681
44.0579
39.3543
40.9616
46.9538
52.5883
55.0951
57.0557
51.5805
48.4793
18.5001
46.6711
77.8332
51.1178
41.4497
62.8796
41.826
47.9461
47.2868
38.0731
43.8728
60.0752
54.7582
32.6357
33.8436
58.8467
47.9421
25.5782
24.4008
61.6172
47.4261
40.4675
31.6443
26.5199
42.8196
62.0371
55.946
48.7397
61.0871
45.2373
46.876
34.2945
41.9917
45.8442
38.6473
62.7861
43.4227
18.6755
38.9242
38.8606
56.6901
32.9509
49.1944
38.3711
22.1396
28.4263
70.2948
24.8469
31.589
48.2354
45.3413
58.4191
43.2283
36.6937
14.2752
31.6195
60.7932
40.1317
41.6184
55.1296
32.0309
38.8496
58.1307
22.4044
51.8583
50.7725
49.8585
29.8869
44.574
29.8047
51.9116
51.6103
32.7405
41.7382
54.9715
45.5921
59.2601
32.6217
59.5906
39.8032
50.2313
56.6761
56.6152
56.8488
59.368
41.2918
59.2741
23.2375
23.737
41.3771
40.6194
59.5838
50.1974
57.3298
54.2076
57.296
40.5046
39.0491
22.1019
54.2033
27.3822
60.1472
29.8818
56.1463
38.9632
36.9946
56.7015
59.3445
47.2825
45.3891
55.8096
47.9035
47.9139
36.3729
42.1009
58.8596
35.7912
40.9977
20.4476
48.1868
38.0162
47.0071
31.3113
28.4812
51.8943
48.5928
26.8695
20.1627
37.233
47.1543
43.6368
54.3171
21.8165
40.4795
48.3192
37.1992
59.2848
39.6607
54.5286
40.0001
49.0544
61.2994
35.8823
48.3957
42.517
47.5518
44.6146
49.718
60.0393
33.3496
48.9728
37.1079
32.4137
65.3157
50.9114
58.1981
43.7387
32.6459
59.7788
58.8075
47.6648
51.2258
57.5072
49.0653
60.2458
46.938
46.3516
12.8403
35.3977
28.4776
36.3965
50.1407
62.6212
44.6797
46.3879
22.2921
45.1392
44.5395
56.6326
55.4814
23.9327
48.9842
42.562
45.9017
27.9186
56.8458
43.6828
30.1522
47.7654
31.6477
26.372
57.9865
58.6722
26.8299
32.1941
21.5805
45.7668
52.4657
59.7134
54.4423
40.7016
46.674
59.8568
56.3026
43.0513
32.2189
46.7958
46.7509
40.333
40.5189
50.0921
23.8027
55.3428
60.0709
47.1422
24.1349
40.4761
46.5339
49.5512
41.3807
53.606
47.3604
25.0652
32.9034
54.8067
49.8834
53.601
49.0267
45.9531
43.0475
57.6554
46.1365
53.1765
50.7636
28.3151
23.5224
57.3393
44.7788
46.4909
39.7802
46.8052
60.649
43.3257
48.4415
46.7914
48.58
46.913
60.6561
49.6913
33.3952
60.8683
46.8102
54.4436
40.7002
52.2748
45.5067
31.7686
61.373
31.828
46.9982
32.9892
39.8708
59.9219
49.8034
60.5909
35.2331
48.4124
29.4464
54.9132
30.1243
53.3981
53.2694
50.8338
56.7829
23.2127
35.8832
43.829
57.4885
60.3923
43.8179
38.6632
42.1448
19.4742
43.0766
30.8009
59.0141
38.0552
38.8048
53.175
27.1624
49.141
27.5185
32.4753
58.7371
57.0141
55.4545
62.579
52.343
26.1779
47.0311
47.7817
53.8981
57.542
60.3696
25.3362
48.7783
57.0884
42.0569
50.4893
40.0059
51.5908
44.4521
61.1827
33.8786
50.4275
47.8553
61.458
37.4034
42.7239
48.856
56.1189
48.9362
39.7659
57.1113
55.4552
54.7176
48.7458
37.1681
41.7466
60.4254
49.4287
45.667
56.7149
56.9896
58.5986
42.4332
26.7402
33.2918
44.4518
50.1447
56.1887
42.6608
53.2365
18.4967
46.0966
30.1172
41.9857
56.3036
47.1793
52.34
47.2365
56.3859
33.8311
46.206
50.3099
48.3456
43.8114
60.2295
59.5507
46.6003
45.4992
30.9192
57.3795
39.3169
48.5868
12.7897
42.0268
30.0895
30.7771
59.8278
50.0796
36.6059
35.8988
40.083
54.2289
45.5649
36.8586
55.012
50.136
47.5231
48.1454
46.126
46.7944
59.443
42.295
43.9415
50.1322
40.6169
37.5726
38.2371
44.6983
21.6746
42.7564
16.8297
44.1421
52.8053
57.9534
58.5004
43.1159
58.8492
42.0571
50.1572
61.2481
55.0359
55.0303
46.8629
53.5983
55.6046
57.8761
24.1171
46.5187
48.253
45.8187
52.3176
48.5783
40.3237
41.8802
28.6069
59.2834
56.5296
47.8737
26.7372
41.1673
57.1934
12.4604
48.0118
38.9061
44.8603
43.9817
38.0861
45.5655
41.6596
47.8536
50.0361
18.2873
51.5853
58.8557
58.116
54.6704
38.5655
24.8867
45.5893
49.8403
58.6553
28.6893
59.4052
48.7181
46.852
33.1624
58.2003
56.2086
24.9117
49.2901
17.112
39.497
54.3489
50.9938
36.2626
36.8419
59.0998
43.7638
42.0794
39.1624
56.3387
51.467
45.579
32.9791
42.8378
56.5412
55.3438
58.0946
54.3161
47.1803
58.1537
51.6236
31.5164
43.9145
52.5804
63.5531
55.0329
37.1872
46.5252
34.8226
34.7601
14.2621
45.0358
29.9803
47.188
50.4576
46.5533
57.2815
23.3282
51.8731
44.4051
40.3355
44.1567
41.3185
29.9241
40.1
50.7068
49.3642
51.6266
47.4281
34.7899
48.0215
36.0751
39.8079
51.7128
41.9106
47.6488
53.4384
33.475
51.2977
38.4934
30.6015
55.8965
48.1681
51.2569
47.8855
23.862
39.3777
34.0596
40.2602
48.587
54.6736
46.6291
45.3571
17.1634
28.5869
50.8445
45.8078
49.3768
60.6304
36.0256
59.3523
43.1671
50.0686
46.073
60.7328
29.2313
43.6538
62.1838
35.6714
57.9686
44.5774
42.2281
50.9438
42.8033
48.625
51.4569
52.6353
29.1609
51.1546
49.5534
56.1341
52.8768
34.6791
56.0683
49.3792
53.9474
54.8104
25.5217
51.4901
47.6796
46.3265
41.242
36.8462
48.5997
49.8206
36.6529
45.4681
56.0939
31.1426
49.3407
58.145
58.1809
49.1717
50.1172
43.8256
43.0927
41.9314
28.6065
36.6694
55.8215
53.8848
47.7746
58.7934
44.3902
38.7639
31.813
46.2791
56.7623
41.8992
51.152
43.9683
34.2129
53.8088
61.5285
55.5656
55.2851
21.776
42.483
59.4037
50.179
46.9019
49.2649
20.1901
49.0007
45.1228
63.1162
43.6161
44.7739
61.7279
35.8611
37.1607
54.5226
53.8623
35.5426
51.753
47.6097
46.4048
52.3133
52.056
48.9533
54.8796
33.6874
56.673
39.5378
57.4372
57.0257
13.866
51.9962
33.3081
52.0685
55.0044
51.479
42.3914
55.7223
50.22
52.388
26.4047
27.9506
46.2812
39.7975
49.3868
43.8997
43.8109
41.0777
49.3708
47.5025
46.5701
38.3552
64.8393
46.6832
54.0197
56.2635
46.4504
46.4919
54.2946
37.415
50.579
22.0226
37.4435
56.0937
56.5013
55.7017
41.6948
43.314
37.1872
47.7153
53.0493
51.8042
46.3956
41.5396
35.1804
43.3367
20.9389
59.8916
46.3212
49.6316
35.8986
22.7409
49.7733
59.9447
41.3107
48.8059
40.1733
43.6332
45.0805
38.4203
47.3045
27.9179
46.2641
57.5082
43.1001
46.6262
23.5436
53.6043
50.927
61.5709
40.3459
47.0164
49.6398
39.7338
37.1697
43.1731
50.5788
57.5111
43.8854
34.8095
23.7983
53.11
45.3118
21.6982
55.387
50.1279
24.73
54.3312
48.9199
43.0686
40.1929
53.1514
42.9563
37.2876
39.6803
56.3214
29.906
31.5222
45.7136
59.1223
27.3438
25.9066
58.2442
31.6716
56.3765
49.5808
28.1735
45.2676
45.0499
30.6007
49.4872
20.6049
45.0303
45.5971
44.3693
52.2422
55.3101
50.2816
42.0569
49.8202
53.6493
38.4612
46.028
59.3057
41.2174
59.0635
42.8026
30.2853
32.6787
52.1519
16.6474
57.2294
56.0736
61.5325
42.8573
50.5598
58.0228
50.6911
56.0766
51.2126
37.4702
25.7251
43.5039
62.0171
56.6092
45.6783
60.2273
43.2146
46.2581
57.8652
59.3286
41.3752
35.9663
50.6949
42.7922
41.0339
41.5705
55.8727
58.086
41.8729
38.4671
44.7057
50.4182
55.4555
51.0071
40.4065
43.5902
17.709
27.1913
55.6381
55.2953
56.6724
58.2401
51.9689
31.1025
47.2172
31.0506
12.5433
31.5483
47.2753
43.3792
47.4716
47.4249
54.2997
39.977
52.2359
34.4085
48.3128
48.3001
60.5873
39.7042
60.0356
30.3433
32.1319
58.1783
42.9858
31.9224
47.8957
51.7554
36.9094
57.4367
54.9699
29.1124
50.784
37.717
39.4796
38.9433
47.3467
47.1779
16.2212
51.0514
48.4542
57.7665
48.0294
40.1227
43.9282
31.0484
37.1651
51.846
38.67
59.4095
42.5319
46.0684
50.3494
59.2982
58.5342
32.9551
53.1987
49.3248
50.2654
59.6776
22.5592
44.3635
59.5549
46.8697
38.3629
52.1656
51.5428
49.464
44.0669
59.95
51.5069
49.2001
44.8867
41.1452
38.4093
57.0704
53.6927
44.5952
61.5858
46.1111
46.9012
61.2638
41.2986
40.3668
20.8183
17.5229
49.2632
31.1078
41.6087
47.3873
56.6529
32.5509
57.0581
46.6701
58.4004
39.4149
46.934
50.904
47.9232
46.8274
57.3861
41.0658
42.7057
58.3296
30.7586
50.6269
50.4497
52.3631
52.8212
56.5137
54.1021
49.8895
44.6586
50.8172
55.4798
59.3125
43.8374
32.878
57.9491
46.2236
46.9492
57.6983
56.3942
53.4417
43.3565
30.0474
42.3837
53.7752
45.2419
44.0219
50.3127
58.0986
43.9474
49.3917
13.8073
56.1356
61.2392
32.3589
40.7465
60.0495
57.9426
26.7089
52.3448
40.997
36.588
41.2925
50.8699
38.8305
43.3092
40.714
23.1653
61.3144
56.3687
37.0548
48.9076
49.3333
28.7743
48.0167
53.7326
58.6544
36.7554
37.7635
26.5154
49.2693
40.0921
44.2372
55.444
50.0464
47.4413
32.7114
57.0619
51.2054
41.9492
46.955
58.4028
51.3383
59.5799
39.8748
52.1607
54.4777
61.2877
45.2875
46.824
40.6548
52.959
54.5889
36.1617
48.3212
65.7052
55.7693
51.6314
49.6655
48.0479
45.4791
50.9439
36.1389
48.2053
34.0207
57.3531
52.2355
52.5613
60.0928
45.0041
49.5049
23.1557
36.3025
45.596
55.0678
55.0486
45.9556
56.7505
47.0708
40.2269
19.2417
45.2343
62.7911
52.851
52.7165
25.0482
41.0887
51.2113
58.9877
58.1102
40.8883
31.7213
51.3581
57.8812
41.1431
40.5311
23.7289
38.2451
47.8583
48.6432
23.8342
45.1853
47.3416
38.727
38.701
48.8359
44.2882
21.1194
62.5293
48.1409
35.732
52.6856
28.8508
45.1241
39.4498
60.6567
48.3469
53.6025
35.9884
39.9577
48.6194
51.1387
48.9243
49.1777
26.007
43.923
26.4261
46.1012
48.0884
58.7741
47.3373
54.6221
51.7517
33.6534
42.3452
57.6005
45.8694
56.8618
47.801
35.9804
29.9653
44.7492
60.952
25.6747
44.5164
36.8409
50.2722
53.202
52.4394
52.57
59.5557
25.2181
48.6389
50.4295
40.6672
46.9137
59.43
51.6495
42.0731
34.5983
54.3775
44.4327
44.3265
28.4718
47.9675
58.5267
26.4599
52.6824
59.3116
33.3506
56.7717
60.6548
48.0587
52.6897
56.0552
38.5474
34.9694
60.0031
50.144
48.645
33.4911
49.6357
36.6241
49.83
33.3549
45.0
39.161
58.4978
51.3673
55.0589
52.3842
33.0459
38.017
47.5704
25.7792
34.894
37.0591
54.4094
49.9684
21.1034
33.8127
45.3931
35.0345
27.5444
48.5945
46.9655
42.8261
53.5333
35.9928
54.9934
37.3059
55.853
44.8481
51.2552
43.6742
46.2979
47.9224
55.7113
14.2789
36.8191
49.4575
37.0948
36.1129
23.3601
57.6819
44.1806
51.1713
48.2477
59.4853
52.2796
54.8711
32.1708
35.9804
55.6825
62.753
34.102
21.8891
41.0898
44.8217
54.5542
51.0395
43.9953
42.7151
24.6708
31.6166
59.2069
43.8557
52.0125
54.9349
33.411
56.1204
44.5509
28.3258
47.4541
48.5815
25.4273
48.2747
43.4939
39.0213
36.7974
54.3919
43.7299
33.3588
22.5867
42.868
50.3124
29.2362
51.1056
45.1822
49.4263
28.0083
35.7427
11.4583
51.0393
36.582
42.6327
51.0154
56.0531
50.3194
36.2981
35.9667
40.6513
58.3774
54.5997
52.6102
21.4728
55.0723
43.1462
27.4635
37.0571
30.5168
42.1362
32.9378
46.5824
44.3925
50.9713
31.7805
27.7086
55.7742
48.579
48.6717
52.5863
41.6954
46.8558
51.6696
56.4655
39.3102
56.1909
37.0853
51.7524
32.109
57.2541
49.43
40.9282
60.7972
42.5458
40.3309
46.615
57.8475
50.2189
49.7995
61.9263
50.3773
48.7753
52.3937
45.7322
52.2935
45.0364
61.0994
47.8879
47.5075
55.7211
57.5283
58.1331
59.5764
36.75
34.8937
30.7474
51.7659
56.0273
56.8892
32.0616
41.8195
31.5731
37.964
53.3468
40.0124
46.9876
48.4632
48.8202
48.1838
49.8566
27.1692
47.0863
34.3084
55.606
51.2166
47.5816
51.8922
56.0317
44.5119
16.2709
47.7586
46.108
43.9196
57.1244
28.9558
57.7134
34.0389
59.1959
36.0084
55.8262
44.527
44.9922
44.4161
55.3817
57.6634
50.3145
29.6714
62.6679
55.4226
23.0818
49.7678
41.6718
54.9865
56.1191
35.0047
30.7288
35.4256
43.9602
37.6831
37.1643
54.1317
55.8674
54.9583
54.8358
20.1817
41.0118
57.7242
23.9954
40.08
52.8659
47.0315
45.8914
49.8547
52.749
37.2168
34.2254
55.0522
43.3351
46.6116
61.2987
45.6466
42.2288
35.6032
38.6462
51.5905
59.4983
51.1809
55.8925
54.9765
38.9619
28.7675
19.4444
51.0066
59.7381
60.9732
62.8179
61.3736
20.8511
58.0634
50.667
52.3577
57.0953
42.848
25.4908
48.2052
60.8793
46.6466
28.3882
55.6815
50.0229
54.7035
50.8705
52.7694
45.5602
52.1874
48.3324
34.9822
48.0479
48.3581
42.4251
55.4454
31.8115
39.9058
36.2194
53.5765
41.6723
45.7565
38.0457
54.6953
54.9093
39.0985
29.4413
55.974
49.6983
53.4907
42.5987
25.3043
39.8581
44.4425
29.2541
34.7456
45.4697
49.2943
37.6467
38.6908
59.6594
57.2829
57.4982
42.1033
53.2343
54.627
39.202
45.6418
47.2616
54.5049
47.7473
42.6282
53.5909
32.0234
56.2355
47.9491
60.9831
50.4425
48.7451
53.3433
52.5647
60.1492
18.0651
42.903
49.4432
15.393
52.7894
59.2354
36.3054
46.1595
15.3832
50.0748
48.9369
52.9296
53.249
28.2876
48.6772
49.2176
34.6405
47.773
39.4123
44.8384
31.4712
49.7172
47.6687
44.713
56.9876
47.1322
44.5246
54.7803
52.2838
50.3055
51.7642
21.8418
35.3312
31.9731
47.5712
45.3597
52.5204
45.9356
38.0338
58.8336
50.0745
36.3017
52.9156
56.6173
58.0832
37.281
58.4285
29.6974
24.6772
37.9298
40.0768
49.1598
59.5854
49.7235
52.3641
55.2382
46.0943
41.1496
33.6066
55.3801
58.9777
50.1511
37.6419
44.1664
34.5656
46.1091
44.2484
53.128
57.6643
48.9088
30.2302
57.9747
49.5505
48.7965
41.8278
55.9567
46.5935
40.2987
50.0966
57.3188
56.3617
26.0134
54.8865
36.311
40.0969
42.3539
44.9898
56.3361
55.0013
48.4485
30.8329
54.3231
39.556
48.9824
21.5832
59.6099
56.6215
29.3743
45.287
35.5213
46.232
49.0043
58.1797
37.5724
34.2196
60.7066
50.5919
40.2997
49.8562
48.6569
44.2986
52.0274
58.5731
32.2935
17.5997
57.2393
58.3502
38.493
51.7728
25.2617
48.5834
45.4343
38.3155
44.6821
43.9285
53.5038
45.3971
29.3943
47.8391
56.9856
43.5969
49.3648
37.0839
47.5055
47.0105
41.7926
24.7879
43.3587
43.7543
38.0389
49.4783
54.6719
44.0419
61.2663
37.3566
52.1691
43.1973
37.8397
56.7758
49.9132
47.5836
43.1665
59.585
45.7845
41.8652
42.5484
44.2915
34.8122
44.352
39.5484
56.0376
19.8517
42.4746
51.3698
37.9365
48.5319
31.8279
48.568
21.5269
56.2055
47.0624
48.1846
50.2694
55.3105
50.4409
59.7909
46.7273
39.9678
50.7969
44.3244
58.7985
50.7114
19.3762
32.1969
47.8265
39.751
58.4031
42.5055
54.8255
39.9329
46.8484
48.113
54.194
19.2407
50.9633
57.3525
16.3327
49.9326
57.0139
38.7351
58.1467
38.211
52.2611
53.5336
26.5337
27.66
39.3578
42.9671
40.8954
34.0073
60.2039
51.5019
45.8364
49.2963
35.0532
47.9847
52.3113
42.2397
59.9497
59.2404
47.9593
58.4874
44.2667
50.2807
35.1592
43.6861
58.1354
50.3821
60.3432
33.5224
56.8132
44.8912
54.0465
36.9067
48.6428
36.4935
49.3182
27.2416
49.7538
34.0836
56.7566
56.1294
33.1647
30.9346
49.3376
41.2479
31.3336
47.6102
43.6805
59.5749
50.0562
47.2181
27.9397
54.728
48.1622
51.5901
56.9616
55.9735
46.4733
42.7912
33.6935
40.4246
43.5947
47.5686
45.7549
35.506
52.183
32.3667
41.69
53.8724
49.841
50.1809
31.5761
44.4652
40.3251
33.4666
41.9246
36.4834
34.0019
30.7402
52.4735
54.0183
49.0019
37.0462
35.5267
41.1259
52.0864
47.8672
47.8003
25.7525
47.6293
45.9848
30.5592
52.3725
58.0409
60.7526
19.7624
29.165
40.6795
55.9307
20.7271
30.8611
50.1463
12.6754
53.8415
50.8984
48.4626
56.5301
49.1575
47.3232
55.6416
46.2661
38.9378
53.5897
54.5302
57.7648
54.4002
43.7047
35.9884
33.5018
38.4301
52.5696
29.9627
50.1565
35.9358
59.9344
47.7739
48.2628
32.1178
19.193
47.6751
55.0892
53.37
48.3957
43.4393
49.641
58.4164
51.1657
47.5473
53.7886
59.9188
59.079
48.8516
29.0951
59.0866
57.2461
32.168
53.4285
47.5585
52.2248
37.514
50.529
32.2448
44.1855
48.0043
55.6403
42.8929
50.4171
37.5745
48.3545
39.3611
53.005
54.6898
60.2305
23.6479
34.1015
53.7751
24.4755
29.297
45.3119
46.6177
33.6399
32.0198
49.294
56.3355
40.0611
42.8311
40.4987
34.2843
54.3256
57.2928
52.765
52.8961
55.1435
60.6447
54.7048
44.6146
49.3094
40.0482
25.3551
55.7999
46.9094
56.2845
60.154
52.6811
42.7934
48.2558
47.7162
56.9856
40.2858
51.2002
47.091
43.139
57.121
51.3345
49.2825
43.5363
45.9768
33.5506
44.6073
49.3203
51.083
25.2357
40.9065
47.1258
55.6498
55.3811
46.5278
61.2337
57.1306
45.2251
53.0865
54.8839
32.5167
31.4847
52.2507
50.5675
48.6236
47.1957
33.7683
41.7029
42.1574
35.5507
53.2487
43.8051
47.9187
32.8069
48.2903
46.9455
48.7449
55.7862
50.896
47.4554
47.19
13.4714
83.4451
49.3006
53.429
58.1667
50.9904
46.7292
60.064
52.6211
34.1158
25.8458
38.6908
24.4285
43.5253
38.0055
46.6451
55.4061
52.5198
57.0369
59.6119
57.0064
42.9869
59.5594
47.2261
32.7527
48.9875
22.0305
30.3146
49.406
11.5577
46.9325
45.9639
56.3781
36.9982
39.3517
47.2921
46.9864
51.5266
33.6608
36.2547
42.2843
41.944
43.2426
59.0213
47.7399
42.0847
57.8275
59.8425
39.6561
50.6765
18.0772
45.6276
49.9949
38.5787
47.1016
58.9141
38.6135
20.0057
49.0239
42.1176
45.2575
47.1983
42.4246
37.023
26.1347
28.1923
47.2521
60.223
52.6059
47.3944
41.2338
37.7735
47.6735
46.5079
29.7896
48.3385
35.521
43.2572
49.4763
35.7182
35.8752
46.4268
44.6
34.9921
48.3623
56.1182
49.2019
40.9938
36.0779
58.4588
56.6936
61.2926
31.0868
38.7962
41.3179
35.3695
42.8614
45.9801
54.374
33.4166
56.5651
46.1816
44.3909
59.3011
34.9608
32.2239
50.0861
61.2787
42.0831
48.6713
23.9557
47.3552
59.1727
58.3581
42.0862
52.8725
44.7441
57.7186
54.1508
57.6128
35.8882
46.7995
47.3487
59.3161
49.0075
37.0968
57.7053
46.1377
37.9231
46.723
50.3747
56.4012
27.8322
24.1137
57.9857
27.8413
59.3261
53.1915
47.4843
39.984
49.3535
31.7929
50.5609
61.4733
46.2458
48.9617
46.5878
47.1772
42.1807
50.6172
45.6997
34.0081
30.5223
59.2712
43.8971
39.2358
46.2891
29.509
43.2597
31.4654
39.3891
51.1579
40.4878
48.5553
48.924
32.4499
71.8473
38.6565
41.8457
59.6852
57.9602
41.9283
27.5131
47.6463
56.6865
47.4147
58.6134
55.7072
58.1631
53.4311
50.7554
43.137
51.9148
58.2617
17.7776
53.5644
47.8486
49.9717
55.2217
41.5797
56.0525
45.1422
23.5325
31.919
47.7319
39.6067
56.0975
59.418
62.9613
49.6553
49.3642
48.2895
27.3278
42.817
51.6758
41.8704
55.8887
44.1083
46.6452
38.0378
57.3759
48.5039
29.0649
46.7257
44.0676
56.9259
59.8101
51.457
20.4474
48.7777
50.5506
38.5791
37.0072
45.6706
26.4844
40.2481
47.9442
57.5452
44.1637
28.7559
23.8901
30.0697
56.9608
42.9861
55.7693
58.129
47.9378
60.8104
59.5766
27.4015
41.962
54.4649
49.055
37.525
34.403
26.3408
31.7739
31.0946
50.7423
44.1034
39.9894
53.5025
46.221
54.7114
44.8267
56.7813
46.6241
15.9632
28.5941
35.8851
40.6594
21.3892
56.7957
41.1475
60.0058
34.864
56.4546
50.4622
37.1606
29.3067
43.3859
59.4009
37.5879
41.9744
60.0536
47.9053
56.9217
34.3103
47.8644
51.6167
47.3073
26.0663
37.4581
36.3742
56.6176
48.0103
57.5138
43.9289
40.7965
35.1463
43.2184
33.5247
59.4035
32.8464
46.5197
35.5994
47.3114
59.4843
56.6121
44.023
52.0509
52.2275
57.2131
46.3853
59.1165
41.1729
40.9133
48.3062
54.9034
48.8218
30.0183
54.7785
40.5416
41.4738
48.3974
33.1118
46.669
58.029
55.4601
34.2799
32.512
50.2591
43.8849
20.7538
53.5074
45.4434
48.3395
50.3825
50.53
52.6479
41.1053
38.9759
19.4596
57.0235
50.7848
55.0929
42.5363
48.8721
57.1451
48.4516
54.8431
42.7659
43.7256
28.0477
34.5564
40.0532
49.7825
53.5301
47.9577
59.4332
46.6314
42.4608
35.4402
43.4691
53.8079
48.5093
36.5917
42.1428
32.1457
36.6153
57.1132
51.6756
59.6671
52.0361
39.5826
40.8316
56.0361
51.429
58.6831
58.5389
34.0132
47.9425
36.9271
41.305
37.5952
50.3485
55.3471
57.5084
49.762
31.07
39.8371
51.9572
30.5743
45.5155
45.2838
47.534
47.95
60.6181
51.8852
48.8963
43.1857
34.0775
50.3281
19.5818
44.2248
53.8297
53.0207
47.7064
43.1363
61.0057
40.5428
56.863
53.0071
42.9814
44.6404
50.2435
41.652
47.6401
57.9891
47.2514
38.034
52.05
31.3173
46.9304
42.943
51.1052
43.0385
41.5582
54.8849
30.2257
28.7864
56.5112
42.9726
52.6178
39.6376
35.5068
50.4797
46.9288
21.1057
45.6463
36.8934
27.7287
29.6906
48.9793
62.2739
14.4629
47.4476
16.062
42.5861
51.8771
41.7034
17.2551
44.736
38.5545
50.2215
46.4806
46.4638
45.3282
48.6825
59.8611
24.3498
47.4614
38.2962
54.8296
48.3748
37.1947
52.7086
42.9809
32.297
41.1557
42.8619
22.9622
36.6323
43.5807
47.09
65.4761
52.0236
44.8991
50.0165
41.7225
19.2606
45.5866
57.4412
54.0412
58.0815
44.6672
51.8137
52.0112
27.8084
60.0563
36.7098
30.3693
47.7246
30.9437
48.4065
43.9576
50.7313
37.2908
44.5718
43.8428
62.2785
54.4837
35.8494
18.1182
45.9113
36.1886
30.4225
41.2688
54.5125
36.846
40.1842
58.4379
39.1422
60.7764
31.3903
39.3873
46.2659
37.745
50.9855
48.6349
49.6128
45.4251
37.8063
41.7567
24.9915
41.1551
46.6903
48.3383
58.6157
49.1158
37.9976
54.8507
55.3521
36.1293
41.0125
35.5427
43.5064
32.0197
53.8739
39.4306
55.693
54.1131
49.0465
40.7091
50.0093
48.8265
42.0266
38.3557
47.4587
59.3432
55.6133
51.5555
35.9983
40.7752
43.4614
47.9816
35.7664
53.5831
49.8039
47.7675
59.6225
28.1868
24.1254
56.3886
38.2747
56.1705
37.7109
41.0857
44.9243
36.635
57.1803
44.8073
52.0294
49.7143
41.2318
47.6697
54.8528
50.1191
27.2345
50.1459
58.0406
54.1192
41.5757
41.4336
48.1169
60.2719
48.142
43.9746
38.8153
48.5189
60.2876
28.9343
40.1955
31.0604
20.9835
45.486
30.5533
46.8982
57.5267
53.7855
56.1012
48.4148
41.2335
38.6025
56.4652
46.0718
46.1087
52.2722
45.4117
34.8678
30.4342
37.6799
47.8125
25.3892
50.0024
21.9327
37.0216
48.9129
42.5536
18.5032
47.5367
58.8739
60.2917
49.0541
44.6608
61.0171
45.2457
25.9646
53.54
52.8426
53.9282
60.4209
42.163
51.117
50.0923
31.7252
36.2301
59.1472
37.1962
57.9393
35.3519
46.8613
26.6215
32.4647
52.7635
56.4869
27.256
37.7322
47.8995
42.775
35.4397
59.7238
38.342
32.2564
47.5349
28.7574
45.2556
57.054
42.8793
34.4204
47.3385
56.4193
25.0982
31.0687
41.6878
52.1769
42.7702
42.8674
58.2529
42.22
49.0468
23.4455
56.5341
31.8851
45.8364
28.3822
42.9022
29.2414
46.19
32.9697
50.0578
53.4769
37.2313
49.3564
39.6373
38.2262
48.2535
41.7312
27.2607
46.4994
53.1642
35.3766
57.2383
60.9835
19.9117
56.4334
46.2322
44.9813
59.3535
40.3699
50.3042
39.1017
35.7078
33.4506
31.6162
60.5815
41.9698
36.683
35.1604
62.7057
59.798
48.8097
32.1431
42.9259
44.8395
50.2623
34.1713
43.5295
46.6615
37.9624
57.7338
46.4232
57.0498
58.2005
38.95
54.3893
57.0577
54.5282
52.3385
44.0575
41.6339
56.5201
26.9129
59.4684
45.2821
33.8182
46.6998
20.2267
61.1506
45.0742
51.285
47.5787
40.7351
60.9171
35.3594
53.0107
54.8658
55.7271
43.8635
44.5008
41.6812
43.9187
51.1525
52.1756
38.3617
38.6745
51.2589
59.2151
58.9141
52.655
55.6934
24.9841
31.3342
58.4715
43.723
54.8827
49.0037
51.132
53.9914
46.1075
50.0575
44.9681
39.5791
56.3449
43.1678
48.8058
41.1242
28.1092
27.3619
48.0475
56.9282
34.5531
41.0088
48.7521
59.6251
51.0057
36.9525
32.666
29.4956
48.1798
39.3364
56.8301
21.9136
53.4896
45.8348
22.4845
43.8672
32.9272
47.6954
47.2388
49.3573
28.5463
36.3862
47.2109
50.6527
46.9633
60.5751
61.5044
50.8024
44.656
49.5667
53.6152
34.3856
47.1736
43.8961
52.2588
47.3573
45.4333
52.1914
40.0568
42.4824
55.3393
39.5578
59.6316
59.9172
49.6664
38.7845
47.2069
59.7716
42.4546
56.4986
43.1837
53.429
52.1287
47.355
32.3483
49.3665
41.4224
57.9158
24.0419
49.9814
39.3675
41.3629
57.7794
50.2749
61.1332
33.4058
22.9798
55.9116
22.7683
44.0461
50.1706
27.5093
24.4659
60.2291
60.581
52.3451
34.8586
34.6868
55.5083
49.6021
11.4585
47.9916
48.4938
49.2794
45.7511
49.1551
50.2235
43.0088
45.6889
59.387
55.0471
48.7493
22.7233
44.3021
37.2158
50.2757
45.2767
49.2141
28.5792
37.2512
48.3736
58.1387
45.1091
47.464
48.323
41.6386
56.1036
46.9868
34.2886
43.325
26.4615
29.1412
61.6393
38.378
50.1958
42.195
42.0761
47.3145
47.6471
53.1973
43.6804
40.3764
60.6261
37.9358
18.9796
40.154
58.2505
54.8607
34.1389
41.7984
37.009
60.4012
58.0875
37.0921
36.4716
47.4562
30.4471
57.4475
44.8298
59.5148
20.3977
28.6234
53.4673
35.5768
16.2453
43.5261
44.425
43.6423
57.9618
45.5656
35.1137
45.0583
52.8364
53.1299
48.0221
35.0561
27.3693
58.4865
38.6543
44.93
52.624
49.025
55.4438
45.8175
31.6736
27.1184
58.4151
31.3269
52.5027
60.7207
47.1568
42.424
44.1809
35.4305
60.0083
40.7955
49.4038
41.2442
45.1935
56.6126
40.7224
46.5583
50.9332
52.7508
46.2605
23.0161
42.2653
53.7347
43.6262
22.8028
41.0391
40.5437
49.8276
41.3724
35.053
42.7083
76.8224
62.8343
59.5582
42.1949
50.1013
59.2333
58.1374
58.1068
35.6562
47.972
32.6667
56.2093
45.5833
56.8121
42.6248
30.3424
43.0023
39.6706
31.7263
59.3221
36.7208
47.801
39.9054
26.1433
54.0563
15.9256
25.7647
48.6995
36.3586
48.8784
38.0358
46.6503
48.7079
60.1843
41.16
43.1406
44.4985
29.2285
47.1161
43.796
16.1684
53.9868
54.9651
24.945
45.2218
59.2928
38.7877
28.7151
40.6365
39.7715
49.8959
37.2895
58.4199
30.3026
33.7193
47.226
44.2982
44.9873
29.5127
59.7172
41.4642
55.736
39.6529
54.9649
33.2044
40.903
36.4913
24.1764
47.6647
48.5907
33.6793
48.9153
41.0856
56.1122
46.3648
36.7119
45.4676
57.5568
40.2559
32.6915
47.9649
43.2889
61.3788
35.6218
45.6611
48.6386
49.1705
26.4946
34.4551
39.8347
58.7879
46.6244
53.8872
49.711
32.0558
43.5157
51.1115
44.7694
40.8074
56.6902
47.291
29.6312
47.4173
29.5581
55.8508
44.1044
58.9823
51.1249
33.0589
38.5109
43.2883
49.843
32.5631
45.0804
50.2403
52.5043
46.3554
42.8101
21.8323
49.0395
56.9189
38.0033
25.0903
60.1862
37.6632
29.2466
41.2769
50.9105
55.5159
54.0863
54.714
60.2041
46.2478
50.1033
36.0639
46.1707
47.5192
56.7867
56.0723
46.6887
47.4966
19.9801
49.1756
49.875
57.0124
26.5722
44.5451
39.4822
45.6408
50.5973
45.8955
54.9462
45.8786
35.5713
37.7819
48.2785
42.2517
35.5758
49.4456
56.33
44.047
47.9371
58.8194
54.8303
50.0806
32.2938
52.7969
56.2225
31.4156
38.1468
32.9026
53.3202
41.9204
48.903
55.5213
14.7226
54.1756
30.7557
55.5085
63.0244
56.5787
34.4735
42.1478
34.3544
60.6314
49.156
42.4961
42.8802
46.7162
37.525
52.0679
43.0092
56.5641
44.1241
45.6218
35.9447
55.4406
51.6317
58.3364
46.3606
47.9986
46.4795
59.7643
46.874
37.7732
50.3432
38.2141
52.4442
46.68
47.3461
51.275
51.2742
58.1343
47.6507
59.1429
44.511
43.4381
48.6049
48.7538
39.7492
41.102
54.789
57.0904
24.3396
44.7429
30.9113
37.2895
50.0234
44.5368
32.3207
46.7914
49.3001
36.177
32.7143
53.1079
44.3231
37.0259
58.0426
42.9446
57.7902
55.8764
54.4037
36.9634
60.5292
55.3333
59.4039
43.1908
35.4134
50.1559
59.6682
60.5769
26.3803
35.1942
20.6844
44.977
20.5343
31.7613
51.3566
40.7873
41.6092
25.1461
58.6454
41.0153
30.1706
40.3451
55.3447
43.3461
44.2307
32.9251
57.6824
37.6334
45.7165
61.5245
54.514
53.1805
36.85
58.5113
42.3095
43.9415
43.0031
46.2145
54.4975
28.318
56.7522
48.0364
50.6748
54.1234
59.2473
57.8795
29.7261
52.7802
37.8066
53.7104
44.9561
54.5035
56.3837
59.9135
55.6005
51.6803
44.4153
35.7539
53.3855
56.0368
59.3536
60.3185
39.6485
61.0694
46.0046
42.7664
35.4856
57.224
46.6736
37.0652
52.1468
31.1324
48.2641
26.9511
51.5932
34.2824
46.6203
34.3537
58.6882
54.562
59.7241
39.3329
19.3918
33.1487
50.0986
57.0994
55.865
42.9862
60.9546
58.1019
42.4062
34.7134
59.8492
34.9036
41.4619
13.5237
26.2844
15.4247
47.1716
46.7315
46.2948
54.0205
58.4767
22.1575
56.2868
54.6127
48.4536
44.0725
59.4253
57.5549
44.6086
47.7644
58.3599
50.3258
38.1687
38.3097
58.5097
31.0915
48.4153
49.2869
37.2736
27.8231
41.897
44.8376
47.3399
9.3696
35.9335
45.5935
46.3285
51.8574
44.4768
30.8871
43.9696
56.9247
58.3285
59.2011
38.4403
28.2127
45.847
45.6398
52.0517
56.0017
55.3247
50.8539
53.9581
51.3855
52.0139
21.0045
44.9631
44.6246
43.0985
59.4548
59.6206
46.5724
47.7764
51.2503
56.3892
50.5617
41.5343
48.4031
58.1276
26.8886
52.8552
40.519
39.5845
47.5779
37.7314
40.6418
50.0647
37.3279
52.967
50.3684
50.8109
36.5671
59.8023
39.2755
37.0225
49.4855
50.4315
38.3988
30.4994
52.7845
52.1285
59.582
36.0383
53.4014
57.3022
43.802
31.8358
39.7853
38.1782
56.6207
48.7447
45.2665
63.6083
29.2943
38.3994
58.9213
37.8672
42.5261
51.0995
45.5811
55.3482
15.7387
46.5308
49.4564
43.1227
44.7984
24.246
50.5984
54.7508
49.6462
9.61215
41.5287
61.7481
49.8906
54.9286
47.1788
36.5593
35.3726
58.3848
42.501
60.0314
52.4378
53.9248
50.0283
50.3136
49.8788
45.8262
26.5698
29.5678
52.9102
44.5887
32.8971
54.2576
56.0426
56.1178
33.9488
44.1291
42.9397
48.6727
60.0373
52.3301
42.4502
41.7604
48.5594
56.8774
40.9943
45.8902
39.3275
48.8133
43.1082
37.8864
43.732
40.8837
34.98
33.6875
59.3791
47.2822
56.483
55.4097
52.563
29.0942
49.3597
51.9063
47.3548
53.9969
44.6376
46.5535
51.2832
48.1383
39.5194
44.1917
46.3649
34.0984
57.5806
47.5078
41.4884
45.9256
40.5366
49.2225
43.8524
23.3836
50.5404
49.3906
48.3228
40.0871
26.3713
44.6062
48.4546
39.4145
47.5318
49.525
27.2414
52.4747
55.9187
51.362
52.062
25.9231
34.5375
48.573
34.5315
47.7625
48.1554
47.6164
44.6429
37.4703
47.752
55.1394
41.3943
58.2251
54.1533
44.064
43.7869
21.7234
49.9665
39.9782
29.1866
45.6687
36.5023
42.748
44.6423
48.9146
57.7858
52.1436
56.6234
45.7696
44.3702
29.2195
47.8236
16.5088
43.9909
37.8015
60.238
33.9596
55.8262
34.113
54.3778
43.901
48.8857
40.5096
58.1558
50.1539
46.3759
47.3914
59.7954
34.0638
32.313
50.4609
38.6807
37.0562
37.8377
45.6521
47.7042
52.5232
60.9464
34.6837
55.7254
31.5348
41.3226
37.7637
39.0057
45.269
40.5983
40.7251
31.2531
57.6356
51.8682
55.3683
34.5332
39.59
55.2289
44.943
29.3834
53.3064
58.2988
47.4214
47.3496
31.4597
26.8414
41.1298
54.0101
46.663
50.9317
46.3636
44.267
22.8757
45.7552
49.3544
43.5207
58.4045
40.7078
50.2437
49.5684
47.9251
37.0566
24.4224
44.4623
43.9598
52.1001
45.0659
47.1328
55.9354
50.1134
47.2091
44.9569
38.1458
38.1282
36.6639
52.9294
58.6543
56.765
47.3893
58.4685
38.5873
45.8934
46.7099
39.9508
52.5187
52.2626
52.3874
43.0189
31.2856
61.468
36.5654
57.2482
46.0697
55.5928
44.2427
54.0629
37.2542
32.7731
42.6804
46.6771
42.7675
61.476
49.8547
48.9919
38.8892
41.9364
40.9038
56.8457
50.3729
52.7025
49.867
26.2384
35.5452
28.0554
47.0682
51.7658
60.9414
61.0704
53.1199
57.347
50.0747
26.9107
32.1177
50.7137
49.2837
31.7574
30.848
57.7709
59.7247
42.9113
49.2288
41.6042
57.5533
48.9595
28.9039
42.2719
47.4663
31.6765
43.7559
57.6739
54.5211
60.7466
40.1587
58.5184
60.1678
19.9569
48.1598
45.8827
35.14
48.0555
40.1602
17.4107
54.1689
57.8927
48.1508
42.198
52.0877
55.8782
58.7566
48.0754
49.9876
51.4686
42.3882
40.61
58.0694
41.9504
50.6666
59.7667
37.3594
61.2223
50.6814
21.9975
34.0529
43.2877
48.2663
42.2878
53.9025
49.1431
59.6172
47.706
55.3826
53.0613
49.5984
54.759
50.2477
35.7369
56.7562
46.1946
47.5627
50.8797
53.6117
40.0516
56.3621
57.3479
44.1447
49.62
39.8333
50.8886
48.3207
42.548
21.6215
20.2786
58.1235
35.8502
33.0763
43.7921
33.3571
47.3286
47.8597
37.5969
57.7137
46.4354
57.9391
48.5084
39.1851
39.179
54.9707
37.6831
43.3573
25.732
43.4912
50.5569
31.5562
24.71
56.2997
51.0687
20.6918
56.6998
54.3109
59.2021
53.7889
50.7346
32.9796
58.6755
51.5735
50.1522
39.7652
44.3609
59.4045
29.1431
56.624
54.7733
29.7925
41.388
58.0507
30.5278
61.2308
45.3098
56.668
29.3762
46.4454
39.3826
50.6225
38.5261
42.3519
58.626
51.8975
46.6942
43.513
54.8256
40.8571
36.5604
42.681
57.9885
56.7867
58.5756
41.5516
47.5096
52.7749
57.2385
25.822
56.1212
51.4068
57.5512
52.6114
49.5838
32.9081
48.9176
44.6239
49.3297
56.358
37.9599
49.2362
35.3567
26.568
55.1251
59.3242
45.0401
36.2253
47.7398
45.9505
34.4176
35.8027
48.8574
22.4165
57.8167
39.0245
62.734
40.776
41.6913
50.4813
55.6433
45.6187
59.7751
48.9134
41.0017
48.6535
31.5267
31.6908
57.7543
19.4604
53.4435
41.3613
39.2009
46.6172
57.9123
54.6045
55.6433
48.2578
27.2911
52.5038
50.1433
60.833
38.4528
39.1038
53.5709
44.1045
46.0635
43.2975
57.9593
53.1153
14.1949
25.6418
47.1595
49.2835
58.4847
39.7009
47.7207
35.2685
15.639
39.8443
29.62
22.7196
31.4071
17.5463
24.7461
40.3294
35.9102
52.8857
41.3172
57.3951
42.0848
53.245
23.3833
48.1105
54.4718
59.37
45.2947
33.6548
23.6424
54.5589
43.9485
37.4309
39.7821
59.858
37.1476
33.3937
41.5346
52.8797
45.5494
54.5036
32.9038
27.0586
22.2904
44.4383
46.2102
55.258
50.5678
59.7803
58.347
49.3398
59.997
45.0498
40.4026
32.624
61.2135
51.718
57.3963
30.2875
44.5147
46.4762
40.6497
58.5318
50.002
31.2118
19.4638
46.4503
32.0827
47.9954
46.0605
44.3743
43.7324
56.2689
52.0996
49.6448
44.278
48.5113
43.8159
48.6978
49.9979
39.8266
44.9232
56.9294
50.2321
46.7394
51.0113
42.5151
42.2687
30.2515
47.0509
58.2187
46.363
59.4477
51.9141
39.5714
48.624
49.786
58.1975
47.2631
56.0753
50.0764
59.403
24.8348
34.28
58.6091
50.9401
52.6448
36.3436
35.5579
40.7893
51.9749
46.825
54.0326
49.5504
59.526
55.4671
55.4327
52.1834
57.7485
48.1988
59.5416
58.4468
46.7423
55.925
37.0622
38.0225
37.8831
54.0133
42.5304
31.9907
39.9373
45.0115
56.3651
38.9538
41.4919
51.7585
44.7437
51.1797
55.6745
29.7738
54.8418
59.5703
46.1764
49.4024
44.8786
50.4003
27.1277
42.4266
43.4418
50.8044
24.9701
37.1439
58.0368
57.3879
55.7098
36.396
38.6787
44.3659
27.0838
25.1841
38.3894
56.3735
54.2897
48.3103
30.8291
50.6102
48.0022
56.5599
35.8206
26.3189
30.3064
41.1714
43.1497
60.3129
49.6065
44.0998
52.8272
57.5599
47.5302
20.018
48.2785
60.7391
45.902
48.0214
58.2099
45.9344
59.7157
33.6392
44.8981
30.3939
42.8441
49.3816
45.5044
50.4931
28.2932
28.9921
31.8491
58.0373
45.6795
44.6705
59.9596
56.5521
57.3946
64.3883
42.3341
45.9459
39.5037
48.1156
54.1908
49.682
41.4738
52.3429
37.3534
31.7965
36.9699
58.3596
42.4623
45.6424
56.7408
52.4614
58.2896
33.8137
62.7945
58.7476
52.557
52.5108
60.6194
14.8257
55.5259
26.8602
46.6464
35.7959
62.4274
39.2956
28.9489
47.9459
53.33
58.067
53.6473
40.8171
53.3811
38.0889
49.1243
39.0056
47.4712
26.7566
58.2689
27.5041
52.2856
56.0538
28.8025
38.0572
48.2436
12.6223
46.852
47.0843
44.0227
31.396
43.3807
26.0528
53.0329
60.8134
41.3175
56.8198
49.9796
45.1721
53.8071
57.4336
46.577
51.5899
48.765
51.9655
53.3674
50.112
50.6906
43.2624
41.5083
48.6415
56.7382
46.1165
56.8274
40.4278
45.0307
30.4604
30.28
53.4438
32.193
27.2759
59.2714
31.8578
51.7882
43.1115
48.4732
37.1262
46.4087
40.8531
49.9039
52.1742
53.298
30.7679
52.511
44.7111
48.6733
38.4456
57.3327
59.3042
47.2019
35.6425
48.5153
25.3847
56.9584
54.9659
55.4223
45.5094
58.7041
44.9963
58.3179
57.3897
50.6949
59.1368
47.1004
33.0187
60.1641
56.7919
57.98
47.7159
60.7458
49.5871
57.5742
58.4145
37.2764
56.3594
28.9656
46.2508
42.6178
54.1247
44.7312
58.5567
55.2613
41.9005
45.5064
39.0518
36.4074
56.1862
60.6367
50.7402
52.9046
22.655
50.7051
40.5425
50.1422
47.3715
47.5427
60.043
37.2114
53.1786
47.1556
44.9436
44.6403
44.0307
59.6363
39.5746
47.057
34.6458
20.6648
50.6879
30.173
33.3526
51.2388
52.3495
36.8753
58.3053
48.4899
34.7006
45.1161
44.9294
50.3701
49.3133
57.7586
40.2025
46.8153
38.3852
12.2949
61.3908
28.9123
45.8937
55.8325
46.1778
52.5004
39.438
44.1612
33.9389
46.0136
38.001
36.7452
57.6704
47.4398
32.8786
50.3577
59.4544
53.4016
43.6844
48.7194
53.3279
56.2819
59.2511
48.0309
53.9305
38.1002
53.5334
29.2276
48.7396
27.8239
59.3048
51.5654
25.0863
58.7922
52.1469
59.1028
31.449
46.7228
49.8111
40.5118
50.9095
50.179
44.1159
42.606
32.8527
35.7848
59.7246
45.3796
54.7705
43.3535
46.3688
55.2599
37.3638
48.4947
37.2835
36.5584
29.9037
38.6572
38.9595
43.9897
42.8489
41.4036
50.4455
58.7856
40.565
59.0247
46.115
41.9899
50.8407
53.449
51.6192
34.8234
51.8924
58.3281
32.8917
55.7489
47.3842
35.5788
59.3739
43.5415
46.539
51.0697
46.4562
48.99
57.0367
44.1908
16.4658
33.7328
47.7713
41.1401
41.3698
56.2382
40.044
49.9705
48.6897
45.2573
60.7369
43.8601
44.802
52.629
54.2747
57.4273
47.6154
44.3419
17.0257
37.3138
37.628
22.8645
33.7323
62.0621
50.1712
56.2807
56.1648
49.4775
18.9552
48.1278
47.2619
48.3069
56.2746
58.4778
31.3099
44.6189
39.8187
57.8598
47.9859
28.581
24.4831
44.3997
53.892
57.0105
40.8765
33.5302
35.5663
21.7031
53.7196
55.992
44.3444
34.7265
55.1243
39.973
29.3644
37.9098
56.6891
46.0332
44.959
55.3371
24.754
56.5989
48.2363
46.9292
27.3351
43.2896
38.4058
55.5537
49.4709
45.3928
41.7051
44.5387
45.6496
45.1984
51.8617
49.3127
26.8314
56.121
31.9274
53.2635
30.8742
59.8079
41.4668
34.9329
40.8813
31.7226
43.6284
44.6042
47.5615
32.0254
49.0028
43.1467
28.6762
44.5615
61.7218
41.2404
20.358
38.8261
52.5152
54.8064
32.6704
37.8555
57.0224
34.6976
56.1572
45.0575
29.2632
45.8699
47.0533
42.4242
32.8248
37.652
42.1386
47.9674
34.2236
45.8529
38.1177
54.8832
43.4669
45.9818
47.7282
51.1144
54.4123
34.4794
46.6468
41.6888
48.653
46.456
54.4395
21.9913
52.0043
55.8148
57.8002
32.3564
39.0857
40.9919
54.6271
16.8254
53.8276
54.2932
21.5213
34.1623
42.5576
57.9692
54.004
41.7469
47.5094
27.7374
58.452
55.72
35.8093
61.2924
50.4636
51.4567
34.5511
59.715
47.7235
28.8887
37.7792
52.3388
40.5916
50.2661
53.5633
30.8534
45.3808
36.9115
31.7361
42.0886
43.3746
56.355
29.1396
45.9139
49.4833
51.169
58.7386
39.9533
55.2778
49.8187
36.0515
31.902
46.9205
45.3717
39.1161
52.528
47.5669
42.7962
57.5362
49.9615
50.8559
41.5227
53.5332
49.5552
45.9343
44.4864
34.5583
49.289
36.4812
55.8602
52.5622
57.9318
51.1825
44.943
48.8962
46.4024
44.0815
42.7412
50.733
46.1779
59.13
54.654
48.461
15.8186
18.6861
59.6168
46.109
60.1291
40.2731
49.7452
47.4601
42.6663
32.997
46.7122
46.2691
41.6717
26.1138
34.933
57.0015
52.1648
56.0475
37.5199
36.0109
58.9979
55.2275
45.7329
57.7103
31.2621
59.2356
44.8347
57.4277
6.65175
41.572
49.1986
51.6009
31.9941
26.2341
54.0843
43.3849
29.6593
24.3865
45.1169
60.2193
39.9722
49.8786
55.678
54.5909
40.0537
29.9904
54.9818
48.1065
48.5343
31.3877
54.5819
43.499
51.5814
59.7835
36.3669
43.7302
52.3226
44.2504
44.6917
54.1735
47.317
47.4572
53.927
36.7869
55.7217
58.8951
46.9133
46.2997
47.5728
42.7927
40.3441
41.0344
41.3313
24.2624
55.7778
53.4324
42.9042
53.2626
58.8009
35.9119
32.4617
29.5586
30.2375
51.1385
59.81
41.0866
52.5177
60.7152
55.5114
47.1183
53.6886
54.9679
48.3697
52.0191
43.064
58.249
53.791
40.7774
48.7878
26.9627
48.8237
54.7058
62.8761
43.9066
40.912
40.4455
42.0272
39.9647
50.5455
55.2639
59.1263
50.1863
59.3726
59.7653
37.5444
49.51
40.4576
47.5249
37.9565
33.4232
40.4479
44.9953
53.2398
39.4917
49.4636
48.1826
51.7536
24.4909
55.8687
62.8588
52.9935
55.5593
50.1494
47.7668
49.0151
38.03
50.0044
49.3676
52.1416
55.8459
45.4701
60.298
45.3823
35.9116
40.4737
34.548
46.5924
42.5422
20.6937
42.5148
57.1226
56.6269
46.4641
58.3833
56.3792
51.8096
42.3514
44.9284
49.625
49.8921
54.821
35.7926
59.8085
43.8385
35.2456
53.4344
57.1405
42.3687
54.3197
52.8869
57.5843
48.4023
47.6987
24.2907
30.2753
46.0024
23.2419
43.2911
58.5543
51.9035
57.5919
41.3169
34.7296
16.9955
32.9712
45.5569
56.7391
48.4618
36.1044
48.3564
48.0417
54.4777
49.5005
57.5554
62.9818
45.3876
40.9738
45.47
55.192
48.5659
40.1488
49.4926
55.6408
37.9352
57.4114
63.2628
48.417
46.1403
58.472
27.0477
22.1167
57.754
33.1206
58.0512
44.2438
32.4614
56.3227
36.0076
48.8582
53.1613
39.7579
55.7622
45.8838
61.6543
44.1336
58.2165
45.4967
44.4693
38.1706
55.7287
51.6502
40.0489
56.7205
48.9655
45.9498
32.5698
46.5026
48.2795
46.4331
57.0025
40.4554
48.078
47.6169
43.7296
47.0308
52.3423
42.0754
25.6933
40.0418
52.6542
42.5187
46.6005
46.0821
41.9054
21.6962
48.6891
44.867
26.0372
40.7926
45.3919
40.6588
47.8597
43.0596
45.4876
43.1011
36.9484
45.901
44.7472
44.7037
50.4231
62.5123
45.908
33.7248
30.9823
46.9448
26.7424
47.9501
35.2479
43.0394
34.0582
56.0627
37.3872
57.8849
49.4701
29.2658
56.3386
58.8894
25.9498
42.9605
49.0191
50.6518
50.8018
47.9322
46.8223
40.756
37.5916
59.0444
36.4083
49.9729
44.5794
52.6745
48.1742
43.0559
57.057
54.5776
13.5479
38.863
29.9032
54.1821
25.4213
19.9074
50.3238
45.469
45.6558
49.2301
43.3877
50.689
48.3984
44.8361
59.4374
55.7122
25.5007
38.576
26.371
60.741
39.8496
36.4418
36.1859
47.2977
51.4126
50.3089
51.2413
46.7913
50.9864
48.0063
54.9951
31.6841
50.4323
50.6412
54.379
56.2371
41.2983
53.5785
45.5549
25.9494
53.6423
49.1937
33.4173
39.8875
40.6512
43.9136
61.7092
50.8638
30.9947
47.0041
37.8055
44.6805
30.0754
56.4514
44.629
50.2897
27.7423
31.8717
48.4218
59.8326
45.3178
42.7695
54.1687
55.9272
46.9227
45.6747
38.2549
54.8859
27.7202
32.0468
49.663
28.0842
30.5704
38.8441
24.2911
56.2106
49.4807
44.341
44.7537
24.1501
45.7052
49.7104
45.2138
57.2344
23.2418
47.8622
50.975
45.2177
48.1263
47.6892
48.4658
52.3194
31.1733
54.9629
48.0615
46.3204
48.9235
43.3185
50.1412
56.892
35.1516
27.9041
33.0484
47.1958
58.5298
48.0008
59.9329
41.1388
47.8672
38.5735
54.2965
15.901
51.0825
54.9151
26.1465
44.1517
51.8827
56.2501
55.3483
57.4383
35.9971
25.591
60.3441
27.2343
57.0743
44.9208
36.1094
45.8377
41.7638
25.0305
53.5295
38.1621
48.0804
59.931
48.5567
48.8443
39.8196
59.6028
50.5164
56.5856
48.8269
47.2189
55.7756
40.8937
36.7805
52.8449
59.9438
38.5066
37.1897
31.8136
56.6932
57.3895
19.3226
46.9658
47.6544
25.8811
48.1174
42.0761
57.4204
59.5639
32.1822
50.6312
56.4588
40.5104
44.8804
16.0165
55.0024
52.9645
59.4522
47.282
42.4095
59.6619
50.273
58.5579
48.0121
43.8918
23.9879
50.4048
48.2423
30.972
51.0451
48.1004
47.5292
58.5752
45.4157
51.4824
45.9061
56.9987
52.8741
44.9855
50.7185
47.1061
41.4914
54.8719
46.1731
47.1209
42.6114
38.507
38.9136
48.134
56.7194
49.1211
40.4683
49.5676
47.7249
48.8968
38.6525
47.3729
49.9652
39.7802
43.4059
60.8637
53.8976
47.977
40.7329
48.9609
38.0396
35.0796
54.1927
31.9626
40.7957
48.2458
55.0429
45.2735
49.252
55.5653
39.7074
47.8709
28.9167
47.3548
48.7377
33.9053
49.9963
48.1062
41.0739
55.831
49.3219
31.5631
29.144
51.832
46.1812
45.5756
43.3354
43.2742
42.8956
39.2996
50.9363
49.2
27.7259
56.9987
40.1807
25.0385
56.4874
51.4553
33.1796
42.1642
28.8362
15.3719
42.588
21.192
48.3296
50.8767
34.6503
48.5617
41.9519
59.3607
58.837
50.2624
55.3094
53.3994
60.1308
49.0525
31.7449
47.0285
31.8964
60.4682
39.76
36.0583
42.9169
54.0363
14.7472
53.0421
36.6541
24.5702
42.2801
47.0131
54.5039
42.6276
37.7467
15.5115
55.2053
39.0637
50.927
32.1609
38.146
51.3687
57.7764
58.2008
41.1217
47.9381
58.1304
56.3796
59.3733
49.653
53.357
49.839
59.9761
45.9494
56.1739
56.9608
54.5067
59.4684
51.3959
43.3761
37.0084
54.366
47.8373
52.2306
51.4724
30.1674
45.9196
39.3735
36.5004
40.3768
29.594
61.2529
43.2191
49.7475
65.4753
48.8116
35.4874
46.0838
56.6615
36.3995
56.2279
47.6857
61.5527
59.3898
25.5833
47.0043
35.0772
43.8876
50.3895
59.2462
48.7631
43.0858
23.7278
46.241
29.3014
47.8214
53.7202
39.6196
48.9996
47.7918
49.2408
28.6339
53.0365
52.9446
42.4959
31.2571
39.8454
49.1528
48.2029
21.2524
48.8553
36.0582
45.903
38.2792
26.5684
52.6606
63.475
50.9074
42.7343
40.1471
40.8308
34.2831
53.0093
45.9801
33.3157
30.2705
55.6091
59.6362
32.7237
44.1341
56.9835
46.9649
46.9514
61.3239
36.4828
52.7749
49.1176
42.9783
30.7101
46.6965
46.0066
43.6297
38.5686
57.2761
24.5772
42.0448
26.5411
50.1048
40.2248
45.1138
39.2047
41.2426
46.6275
52.9733
56.752
55.3555
40.8117
30.7704
57.0877
58.0948
43.1619
39.3908
55.4604
50.8208
49.5914
48.526
56.6843
33.1193
43.7127
48.4685
42.3293
48.5337
28.9345
58.3018
54.0733
56.1026
52.9363
40.8165
50.4903
54.633
33.4402
51.8838
31.359
59.3015
36.591
47.0809
54.1908
48.49
53.763
51.842
58.3811
58.2489
50.7437
55.9191
51.1612
37.4077
54.6388
51.498
37.8719
58.3804
53.7422
43.3526
41.5546
56.0565
52.1173
40.9695
49.0581
29.4115
59.8438
38.8492
56.9076
54.9724
47.907
29.0179
42.1929
46.8401
58.9855
50.0211
38.7206
56.5956
37.6879
45.2671
41.8662
42.1557
47.0323
45.265
53.1139
46.6203
47.6183
45.5844
46.623
58.9592
49.1175
41.9382
55.133
43.3933
57.111
44.589
49.0961
52.7471
16.8528
55.374
55.456
47.4048
39.6706
29.5971
59.0648
49.6262
59.8442
53.6644
49.9787
61.9621
30.0079
53.6054
25.6461
45.2623
45.2536
41.1028
51.8859
61.6441
42.1224
43.2105
45.3152
61.283
57.2211
58.217
59.5218
40.9794
58.6628
49.5076
47.2394
55.4102
20.3328
47.0157
37.5865
43.6945
51.9215
51.627
20.4661
41.4065
49.816
42.6789
40.8885
28.88
47.0493
47.8269
56.2152
39.4845
39.3006
48.4413
52.8167
59.282
49.8895
49.4363
54.654
46.0462
51.1453
53.5591
47.5904
41.3666
57.2011
57.945
46.3338
47.4272
25.8579
59.6271
41.6412
56.5727
58.0438
44.0721
30.3905
43.2612
61.8835
56.6785
30.5191
34.342
39.6518
45.7982
37.9598
48.8673
22.2279
52.4347
44.7921
43.7046
55.2427
38.478
37.0763
48.5375
50.5756
32.2473
40.8507
58.8104
36.832
49.0526
52.0717
53.0841
42.9622
23.4864
40.4403
29.3072
44.9704
53.3421
13.8202
26.918
60.4655
59.7949
41.8041
56.224
48.1101
34.1628
44.9632
51.494
45.1853
39.7238
43.3322
52.4639
39.575
52.77
42.0108
44.8912
55.2709
36.212
55.8672
49.2527
53.7454
48.565
44.1119
59.9335
47.9863
54.1485
48.4116
56.5975
43.9524
37.3768
44.3527
38.4504
46.3081
57.8836
49.3791
58.2863
58.4408
58.2319
55.533
44.0077
52.8928
40.1037
46.8319
47.448
45.4975
56.2328
44.9441
48.1873
48.853
50.946
42.7391
52.5719
40.5545
52.3464
57.2576
44.5452
44.1082
44.3793
56.4764
60.0748
56.9933
31.5737
47.82
49.4128
57.8459
50.4467
58.1281
26.2955
44.8203
44.3947
55.8004
47.9365
61.2215
35.306
44.7093
40.6663
47.4936
48.3692
55.3048
55.9409
59.7095
47.3689
35.5862
34.8981
51.0322
46.7252
25.8923
57.2273
34.5729
50.2637
59.9307
48.7232
50.6505
34.7725
52.082
31.6721
57.0827
56.677
51.3488
50.3834
50.2795
58.1454
35.7212
54.0731
51.7146
44.0355
36.3386
59.3387
47.9312
53.7673
59.7709
38.8963
49.689
38.7497
50.8358
28.7708
52.2645
45.6712
48.3678
52.6035
42.345
55.2499
55.575
36.2861
37.9348
45.3494
61.2236
32.1749
47.7435
22.9649
27.3845
46.1441
58.4302
58.492
48.9891
52.687
27.0933
54.7281
50.4821
48.2468
46.4182
29.8194
57.9894
39.8551
49.6582
43.4183
39.4169
56.2847
37.4996
46.4623
39.4659
31.1344
53.0919
46.4345
60.2382
28.0947
55.5621
34.2366
39.4167
56.9672
35.7155
43.4221
57.851
40.8695
33.0129
41.3096
41.5273
58.8705
35.7085
48.4357
38.6554
48.0469
35.0908
37.5904
46.2471
32.6635
25.7435
29.428
50.5763
55.4633
44.1543
34.3694
52.1746
26.7165
37.8897
34.2909
44.0323
39.1522
36.231
57.9347
39.2424
34.9823
55.5954
41.328
61.2013
39.8602
47.9691
32.6531
25.2811
59.6013
34.1209
49.6219
41.8569
49.3997
58.7765
50.7512
56.7048
49.2899
39.8305
52.593
44.7099
50.0471
53.637
44.5719
33.7055
33.6143
35.157
38.829
37.0666
45.1391
49.6954
36.9682
53.8993
61.6397
47.9075
48.7644
40.8292
58.1566
26.9194
25.6458
46.3522
34.2878
15.4993
47.033
47.0385
43.2286
30.3093
36.4238
50.7369
45.5739
45.9787
56.0155
45.2252
46.4871
54.7984
56.4991
51.8137
50.1436
44.4235
42.6046
38.5062
35.4093
43.7119
57.4601
41.529
46.0287
53.6791
37.6704
56.4956
30.0878
58.3122
33.2147
49.1772
51.9967
52.3171
39.2086
56.7166
40.7967
54.6089
58.4772
54.9137
57.3647
48.0711
31.0737
47.1538
47.6717
49.1694
42.1746
76.1076
43.6241
51.0746
57.7343
40.3368
49.9839
21.3113
44.1179
57.4916
41.4747
45.1668
23.4113
37.478
51.9518
55.1824
25.267
44.4657
41.4077
58.0418
26.1727
48.3375
49.9239
41.4428
41.1974
48.4347
50.283
35.7818
46.2448
32.975
51.1918
27.7867
44.7111
47.6835
48.6851
56.6075
52.2149
52.1116
20.1109
34.5679
58.0352
48.8521
48.6963
44.5289
56.4042
43.8606
30.0779
56.8907
44.1796
28.7696
42.6642
60.069
57.1658
57.7517
41.9241
53.5455
38.0388
46.093
47.9189
39.1869
53.6266
37.284
45.4045
58.6899
45.2835
37.2215
56.6015
55.827
43.2608
50.308
58.858
33.2474
55.3603
38.7352
58.8384
65.3595
40.9257
41.9752
51.3582
56.2899
55.7992
57.1328
45.5368
38.6229
46.7818
51.8145
54.5545
38.4299
26.2419
51.1143
54.2705
53.2666
59.1559
52.8321
44.6897
54.4473
47.8899
47.7927
41.3203
44.7705
56.2598
44.2082
45.5032
59.3677
29.6189
57.6797
43.0138
36.9027
53.9995
41.5209
57.8171
45.9331
53.3623
44.1977
49.971
48.7407
58.2952
55.9945
56.2881
42.6438
43.1379
59.3463
45.5458
46.8518
61.7723
29.3806
31.9475
32.4623
35.7513
25.0598
42.3626
45.7921
52.5372
52.2177
42.2366
48.3293
45.708
33.6077
50.4838
59.6586
55.4427
43.8455
41.3647
59.3143
39.7785
39.9043
56.8609
47.104
49.6844
40.2037
48.7491
57.7375
57.3457
50.707
47.8919
40.851
45.0009
37.9273
48.5355
56.6196
59.8686
56.5034
45.8261
56.5621
55.2444
42.9278
41.5874
19.3194
48.0139
43.8383
25.6479
47.9728
52.6006
37.8783
56.6347
54.2126
48.6507
44.7511
57.781
36.1177
50.1837
34.92
36.9133
31.2246
41.38
57.7539
43.8036
50.7336
56.4358
40.1634
42.9069
51.5299
11.2974
28.5107
16.0659
60.0641
37.8043
42.1207
40.3805
35.742
29.66
57.4074
55.5515
43.8415
34.6175
53.7942
38.0915
49.7379
57.5608
27.0429
47.0887
47.6445
52.0321
58.2691
59.5208
31.7356
47.9276
42.5938
50.2172
53.9534
29.9748
26.0137
41.8556
53.1158
59.419
41.1669
47.3588
48.4644
44.7862
40.38
34.4989
53.289
37.7237
41.7644
26.6423
49.3107
48.0943
51.5668
48.4212
66.9156
45.8134
24.4883
34.0338
37.5502
43.7492
52.4731
53.6079
51.7292
31.9665
47.8484
27.5971
51.71
40.2702
54.7977
40.6923
58.3912
48.1685
54.4075
58.9422
51.9294
59.9691
41.0529
36.5141
35.8873
47.1451
48.0948
52.4714
40.3489
46.2666
54.8342
36.4116
57.1623
34.8581
57.6967
47.7121
46.0837
41.8894
53.3545
47.7004
30.051
56.5263
36.6853
59.8173
46.1182
55.7924
53.7115
53.5057
45.3214
49.8601
34.9213
50.2989
37.1967
43.4118
51.9968
27.2932
58.5767
58.38
43.4349
52.9954
36.3391
41.6471
46.3367
13.3088
49.8203
41.4513
28.2089
38.3664
58.9951
44.6051
48.3673
37.6771
54.9111
27.0321
57.5443
46.9496
43.7183
40.6538
48.3737
57.8122
55.5843
28.8864
50.0799
53.0195
48.0235
45.4402
47.9799
43.7705
48.3187
41.2886
44.7608
55.1254
60.9602
49.0008
45.3527
52.9185
46.5371
41.9297
47.8273
36.5123
47.9106
59.3198
41.6852
41.8297
50.7067
36.7221
50.047
49.6414
48.7582
26.9211
54.3913
30.9182
45.5059
43.7981
43.2071
61.2126
45.1549
52.8978
55.5001
51.6288
56.534
39.0386
56.4843
42.7779
42.9566
44.8343
18.3446
25.774
29.7302
42.9432
47.5421
54.7543
24.3632
59.5304
27.3713
28.9372
54.0698
50.0275
35.3218
58.4366
38.1942
64.9176
34.7151
44.9424
48.4522
53.5256
45.9965
51.9517
30.3348
47.7462
48.1321
45.0679
39.2969
58.5965
42.6316
42.0208
38.0501
52.3783
52.5394
30.2719
43.9463
18.7472
69.647
40.5438
41.6831
25.8635
41.2543
38.3239
46.2838
46.6581
55.7823
51.6744
25.8427
26.3218
36.4398
43.2807
47.9151
53.5908
50.0086
41.2016
38.4149
55.9264
40.8176
58.6111
49.3001
48.2227
57.5696
59.3839
59.3747
45.4599
57.7699
57.6696
49.93
48.3798
56.9972
49.3093
48.813
52.7011
58.1489
46.2049
42.8248
30.6728
27.9548
50.1559
55.749
35.7221
59.0913
55.4814
49.4588
51.5456
60.3898
43.2237
43.8833
48.8444
51.0962
22.2421
42.5365
62.6868
46.9933
49.1142
59.4867
41.7135
37.5433
38.5701
50.9736
38.9364
37.0523
50.0786
40.6966
26.4585
28.069
47.604
54.1331
59.8132
44.8923
60.2437
39.9746
34.6362
29.4526
61.0506
20.0926
50.0377
34.1507
40.4834
33.2596
57.5073
42.1226
54.7559
57.5829
79.7397
44.8824
46.1084
44.5123
38.7815
42.7787
48.7355
30.5266
49.5564
59.7734
51.3328
51.0089
49.4834
29.3642
57.4681
55.91
50.1685
53.9514
56.0089
60.5464
64.0134
40.5587
56.6321
39.3809
54.4238
54.914
46.2203
45.077
54.4612
60.9416
39.1838
56.3941
52.5099
47.4027
45.1487
39.4613
58.1308
45.8644
47.8817
22.9854
53.7703
44.4798
44.2065
56.9974
43.0741
25.0994
35.0191
45.0204
20.3764
34.9966
56.1944
45.424
57.6952
40.6509
36.8008
57.2295
45.3934
49.3231
41.4333
59.1604
50.0356
34.1937
45.3512
44.1448
58.6704
58.4134
43.6589
46.7002
39.2649
26.1917
44.1014
45.2588
52.6918
61.2319
60.9201
47.8329
39.9663
59.5021
37.7724
55.0544
58.0491
46.1217
56.6773
52.1265
45.9492
51.5985
28.2927
57.9122
41.817
48.3771
45.5551
47.5508
48.9725
33.0828
49.8852
48.9351
34.2694
49.7048
33.7768
41.7619
52.3492
58.4002
46.9195
41.328
37.8217
48.5784
29.4918
61.3348
59.2012
52.3584
40.0018
49.1098
52.0821
38.6995
40.7531
51.8177
56.3166
40.8439
43.5457
49.2159
36.7378
62.0656
54.6847
45.0435
53.4866
46.5638
55.762
49.1869
19.0025
41.1439
24.3903
57.6705
32.1136
44.3125
41.4594
47.4174
56.4149
42.2409
52.1821
49.5414
53.479
37.1138
33.1711
60.155
43.2492
48.2398
38.8232
44.3073
39.84
53.4937
40.1431
54.95
56.4869
42.3848
26.8011
51.379
48.8744
51.9197
38.6924
43.9509
56.21
58.1683
38.5747
44.2639
60.7146
60.9165
35.7061
44.4091
18.8007
28.6262
56.4195
52.0091
31.0788
47.1899
17.1402
44.5693
54.7551
51.7933
35.9763
47.231
33.6243
46.8109
55.2334
57.9591
52.6226
55.6802
46.0506
46.8392
50.7223
31.0517
58.3426
48.6648
39.5367
46.2758
51.0834
42.064
59.8432
58.4508
57.5597
40.2335
53.3678
27.0988
62.192
46.7827
22.0253
40.7894
48.2953
34.671
55.828
42.8491
27.672
62.7425
53.5128
46.843
49.1821
40.0373
49.6606
59.8234
38.5528
48.4992
46.9142
58.2443
48.6715
46.9874
42.6331
52.7633
61.7005
26.3414
39.1756
55.4839
43.0698
61.685
43.3147
57.221
22.8957
34.1698
48.943
38.0622
18.67
50.4889
55.0892
47.8928
43.0249
51.6705
44.2454
45.054
38.1268
52.7411
51.2549
58.242
33.9432
47.666
56.1885
55.0494
57.5416
27.0469
46.0912
36.4774
58.2863
46.7096
62.7279
48.8472
56.6296
69.5334
13.6821
38.1738
47.9012
56.0788
56.6521
22.5455
44.1626
56.6074
48.3667
43.8793
49.3827
39.1271
51.6882
40.8915
59.4531
49.5578
50.1337
52.4401
49.4323
13.9292
34.4738
34.2862
33.9411
56.8443
53.2453
46.5285
41.4925
51.1959
24.5638
61.8937
37.8795
38.5647
42.0944
20.1057
59.8017
46.5501
44.7074
49.5206
53.4943
45.7169
18.5715
57.4263
40.7523
18.6604
48.4485
38.0215
47.0388
59.7867
39.065
54.773
53.1393
56.5742
52.1696
46.3118
49.3643
46.0045
42.5635
56.7693
47.8009
47.3431
36.6159
50.9935
50.1491
48.1647
46.92
48.707
43.3901
20.9908
44.1416
26.8472
55.8342
45.6682
59.5347
47.7373
55.8924
60.1817
50.3772
57.6723
36.8853
50.4601
36.6599
32.3503
34.68
41.6997
46.2347
46.04
35.8538
51.3911
48.3136
34.4867
42.4517
56.9296
41.6562
46.9866
48.7896
53.2888
36.1216
47.9176
51.8503
61.1176
52.3373
45.9989
44.1321
49.3482
59.4103
61.5952
52.5025
51.4761
51.1367
36.3261
49.4921
46.8419
56.8777
55.0436
57.6438
42.6626
50.1661
46.6942
55.4066
58.4036
49.9617
45.7281
40.0926
58.31
53.2223
58.68
44.5444
41.937
50.8004
48.1521
12.4134
53.4052
38.0892
30.1692
33.7769
34.1575
56.8118
36.9236
50.3569
61.3149
50.9893
24.4318
55.8051
49.5724
40.5359
47.3258
59.1243
39.8139
41.5693
37.8372
30.9197
49.1763
46.8186
38.8851
36.6631
50.9113
42.3921
38.7172
45.3995
50.5482
29.8325
48.6186
49.0519
44.1449
40.0615
51.8927
41.9925
36.2647
48.4335
48.8253
60.2739
40.6757
50.1053
47.8232
32.2046
50.5155
50.2399
59.8973
56.6287
44.7933
36.8707
43.5187
57.8626
60.6382
50.3089
44.3511
55.1532
35.4522
30.8785
37.8561
47.9242
54.3847
33.4314
38.4622
47.3724
28.1488
59.1229
44.3675
46.1308
47.9733
47.3774
44.3172
47.8045
37.7082
34.2258
31.611
49.6879
61.4933
54.7946
58.972
59.7558
41.8656
46.8424
33.4226
42.1496
47.8569
47.456
55.1567
57.2143
55.9921
39.4823
47.7619
51.6219
46.5931
45.0069
55.5953
47.224
43.7698
37.9244
46.8983
43.0041
47.2925
31.7866
36.3261
58.5965
43.4901
50.4371
44.7063
49.1742
40.2848
38.9332
32.5493
31.3917
21.9848
47.4986
31.1334
28.1964
54.363
40.8519
42.1985
57.1374
56.869
61.058
56.13
39.6721
43.1568
39.0521
52.5947
43.6284
40.7978
36.5244
60.5712
46.6268
38.763
37.9896
30.4048
50.7373
24.2606
49.6821
56.691
50.3728
55.1527
49.4319
15.5334
48.5197
35.8058
50.0797
38.508
55.0595
42.1935
43.4175
35.0494
48.1347
39.5024
47.7347
50.6038
58.2179
58.0079
28.3435
60.5816
56.6453
45.0161
51.0791
49.871
46.2559
46.2912
57.7769
55.3702
54.9364
40.5639
48.8215
47.5962
45.1789
50.8579
59.5272
55.8628
58.4764
49.3687
43.3972
56.5434
55.0775
57.2106
49.3192
29.9455
55.7339
31.3278
16.9025
44.8051
53.0726
56.3078
56.5354
59.2009
44.6634
58.1563
34.4226
50.1851
47.2735
40.649
58.9591
31.9144
45.1383
55.3044
34.2541
43.7354
29.3605
45.0707
58.3298
49.9922
41.1047
44.7546
49.0444
56.0698
35.9022
38.6445
54.0051
34.0622
50.9941
59.1096
39.6596
42.1351
30.0531
34.9169
61.6643
34.2581
43.7029
54.8635
58.471
51.3115
43.6329
43.5177
31.096
43.5776
42.1236
40.4181
38.2371
48.2454
41.4499
48.5306
50.1662
51.1721
64.4985
47.1528
52.3671
42.7627
46.915
48.8173
23.7672
59.2314
51.6152
40.7131
45.8933
39.605
46.2236
48.8338
23.5958
48.5982
41.8616
40.7838
37.0625
16.2698
27.6592
32.5881
53.4592
16.8382
55.5892
49.3567
48.6845
57.6588
50.5344
44.6792
50.5418
41.3083
47.4607
39.2681
47.8256
48.0947
46.3047
17.0725
57.5235
33.583
51.5714
55.2638
47.3277
52.4913
20.7487
27.6161
52.1673
56.0818
29.1169
42.6108
25.2997
48.0598
45.0505
52.0386
25.6449
44.85
36.9454
45.4185
51.147
51.3039
32.0916
53.875
26.463
41.0982
50.5743
33.8713
45.2886
47.7203
59.9212
46.3586
48.272
46.2061
47.7626
51.9365
52.5086
47.5745
48.9267
55.0746
47.2769
58.7774
33.7146
46.3175
39.5342
42.8809
42.683
46.8214
58.5482
43.4887
56.915
55.0817
30.1587
37.1136
37.1584
59.0313
58.198
58.6712
46.6912
44.436
51.6295
29.1715
49.577
54.5917
47.8297
60.9867
55.05
41.5025
39.2241
36.7942
49.6595
49.5955
39.7113
46.1642
49.0301
18.3464
49.9373
45.6331
28.1537
28.3978
40.1297
48.7012
59.0666
36.04
41.3603
33.5807
49.0758
44.1168
26.4269
51.2568
39.9985
28.1192
58.7829
60.0386
35.5397
43.6719
34.1517
39.9467
39.9122
58.5691
58.0417
23.9937
35.2704
45.2225
52.3019
27.7783
56.3854
39.7379
30.9481
54.194
31.7719
46.9796
42.5932
49.9486
44.4607
50.5563
30.4674
48.6642
46.2003
45.9311
58.1748
48.226
23.9529
38.5218
44.2901
25.0367
46.7768
50.8704
38.3153
50.1622
34.6442
46.3802
50.0058
55.761
48.7188
48.9691
27.5087
49.9923
24.4296
57.6911
38.7646
56.6015
57.0342
33.037
58.5735
49.6783
45.9566
34.0958
55.017
26.8665
44.9153
59.6789
30.4775
48.372
46.2147
19.7515
56.2583
32.1942
57.3195
61.1317
34.8998
41.3452
57.462
42.3513
48.1438
41.2238
51.71
35.6434
50.221
61.552
53.0553
40.2034
31.1923
51.2466
32.9997
35.8913
31.2426
60.4853
44.0827
35.8046
46.1236
58.4413
34.5712
57.2867
22.6798
46.0915
56.9437
43.1277
44.9366
54.2037
48.9022
65.5381
29.2651
45.884
59.1548
38.7196
59.1347
52.787
40.8368
41.0004
48.3443
60.1692
44.0632
47.0428
50.2384
49.8891
51.5887
47.4568
39.9566
36.1883
45.8821
44.1558
43.0044
54.9363
56.5329
47.4839
50.9139
59.529
51.0342
60.1326
43.1918
51.5353
49.2352
43.5814
49.5303
21.1225
44.6522
45.8674
32.896
52.1071
52.0801
33.1829
33.6649
36.1477
49.6102
53.913
45.0491
59.2688
43.0246
49.6115
38.0099
54.9384
59.2525
45.8076
30.8334
39.1055
57.1027
37.0462
58.185
27.6928
34.8714
40.793
39.7304
57.1694
38.0545
58.2193
43.8947
50.3106
52.0304
42.7257
51.1263
31.711
47.8135
26.1594
59.0483
27.4856
39.2725
54.0021
40.6585
28.4117
43.6158
38.0789
47.9292
49.2441
59.9635
49.2445
48.8454
44.4524
26.8612
39.9081
53.6205
58.4751
51.9281
46.998
31.3082
56.1499
36.1368
58.7043
59.0812
59.581
61.6
47.707
55.5105
50.1823
39.764
56.5211
40.2984
60.7287
43.7451
59.6234
47.7843
61.885
51.0299
40.6935
18.3328
49.3176
58.202
54.1753
41.0666
31.9461
29.9641
54.9
49.3682
32.821
61.7735
35.3878
53.717
59.5536
56.0914
49.2028
47.7468
42.9611
59.9981
43.6699
28.6031
47.9984
55.2896
55.1092
46.4918
39.8034
54.801
54.5093
51.0317
53.5312
57.8843
51.4332
48.0355
48.548
44.4004
35.1631
51.3282
41.0605
51.264
29.7979
46.6606
47.6408
46.86
31.1007
44.7594
43.8108
51.9505
45.4158
27.6603
46.4004
44.2137
50.1255
36.1842
31.7666
58.2368
40.8689
33.9312
55.7214
44.5168
16.6444
46.0478
50.2164
59.0245
46.3163
42.5935
45.3152
46.7909
55.2576
53.5682
42.3692
52.6016
42.5698
50.1777
51.7941
55.0921
55.7306
56.533
44.6001
56.8738
45.9918
42.2405
52.0249
41.7646
54.1817
40.2151
40.7921
58.0985
9.37486
50.5327
37.748
32.1522
49.5727
48.5261
43.0523
32.0531
59.8579
48.8651
40.2501
28.4254
38.4971
51.5497
34.3182
48.9917
56.2053
45.6149
49.4069
40.9669
58.5055
48.8269
55.5366
44.6814
39.2832
43.5527
58.907
55.4426
32.3
43.7575
47.9931
60.935
35.3102
45.1633
43.9555
43.495
50.8144
35.8852
55.7284
60.7525
51.7004
26.1574
51.7791
46.8492
47.4935
33.3442
57.8291
52.3752
33.9739
40.6294
50.6011
12.1222
56.4979
46.5128
56.2815
51.2865
26.659
55.513
34.2414
16.165
44.155
18.5931
57.9834
34.9631
33.0877
48.8928
31.0372
56.1697
47.5581
48.762
56.7038
66.3254
53.5138
27.1449
45.631
59.3637
50.7028
54.6829
33.9025
31.2886
57.4532
46.282
55.8572
32.4887
28.6523
41.5154
48.6119
49.9413
13.2822
37.1007
18.2458
26.6837
46.3149
29.455
51.4491
46.6615
35.9301
26.2736
35.8265
25.4202
47.1941
42.1326
48.9128
51.4905
39.1912
54.3566
59.4522
56.3662
42.1334
56.8123
45.2323
47.2716
45.0795
48.9909
45.8179
47.5342
35.3095
46.5474
48.5483
43.5344
48.1237
41.1853
52.1709
50.6515
47.1719
44.8384
51.4195
40.8218
55.9212
49.4338
48.0628
49.9467
58.9256
59.1355
40.7993
24.177
52.4671
32.2347
46.6336
35.5569
57.4626
55.5542
48.9704
32.0218
41.8909
44.5388
36.1389
44.7815
18.3618
46.4241
44.0821
47.9467
36.2491
49.486
58.6137
56.4143
44.4686
59.8572
47.7009
34.1891
62.4009
50.4265
60.7441
55.9084
26.7407
50.0773
58.0665
45.6911
52.6913
33.424
48.127
44.9105
52.4363
39.1781
19.1593
39.2726
60.5461
48.8745
30.1767
48.8426
43.5952
56.843
56.6065
54.2627
49.0812
48.1453
60.3765
28.9785
50.8188
56.5777
45.8518
44.6362
55.5288
53.7018
52.7623
51.8843
57.9211
39.3177
46.6054
48.3409
32.7185
46.0332
24.4468
42.1893
49.2413
37.166
34.1976
53.7006
49.2165
43.3341
45.2778
54.851
50.1262
43.8516
33.1259
55.4516
31.9869
55.5773
56.5576
42.5885
54.6024
58.7096
56.687
38.6473
42.6538
50.6403
45.3467
49.3572
37.5007
40.2218
50.5575
39.3968
17.3352
31.5456
27.8438
23.3848
37.5398
37.5293
51.5099
49.0291
50.5876
52.7425
48.0879
60.4114
35.1568
42.8897
22.2446
50.7562
52.9715
50.1681
56.0573
33.4513
44.3999
19.9217
44.6846
37.5776
39.1361
47.1683
45.5536
28.9659
17.9224
30.6343
49.6569
31.7958
23.9463
59.7355
44.324
41.3151
53.4622
41.2942
55.1375
27.5528
51.6413
55.3761
60.3374
47.8192
40.1272
53.6938
25.0453
49.016
46.3615
43.2751
42.0196
54.1734
45.2708
40.8524
57.2197
48.1963
33.7908
57.3187
45.4323
57.1214
16.844
66.4288
28.0428
39.2227
38.6557
36.8075
45.1523
55.0677
49.3753
59.6798
19.2723
49.7893
49.3167
52.2036
43.5209
37.5765
43.3951
31.5145
51.4992
48.4078
40.753
51.7405
53.1413
49.3209
28.8178
32.6468
27.6492
61.8395
40.6071
40.1372
56.7606
59.0471
42.5522
44.8706
56.8245
53.0665
28.0062
44.7331
53.5729
61.8961
47.3966
50.5832
25.8694
59.2092
51.9555
52.013
59.4539
51.5291
27.6104
41.9714
55.5583
43.4361
25.5639
59.314
35.1813
36.1378
48.5391
45.984
14.0457
42.8096
61.5479
50.2007
47.2613
33.7371
54.9568
35.3175
46.3877
22.6962
51.006
46.7981
50.6322
48.9441
55.6532
56.092
46.3618
58.4771
46.0257
60.2997
58.0949
58.2056
44.8475
39.2873
33.3764
49.7239
58.088
12.177
43.3316
46.1983
29.5342
58.501
51.6775
25.6127
45.3106
27.0582
20.0145
27.9314
44.4368
47.5518
54.5585
41.4172
41.7731
58.0732
17.9202
46.0371
45.0051
56.3799
36.4096
11.5725
55.0434
50.7125
56.2106
48.8568
55.636
53.5526
58.0808
45.0416
49.763
48.9848
52.8712
44.2761
44.9142
61.4316
54.6039
38.3044
47.8752
49.9388
57.4666
49.0879
22.2358
49.2189
44.1844
39.8866
29.7164
27.5859
56.9029
59.9085
54.0893
50.9531
55.4504
45.2149
48.6285
54.0731
46.5745
54.6115
27.8204
49.6862
59.242
49.849
49.9758
59.2963
50.4447
23.2928
40.933
45.1665
22.7912
36.1843
43.0294
40.1058
29.0753
34.8799
50.3773
44.2941
56.9669
50.5065
52.5904
56.2755
44.7
38.6331
53.6694
60.7707
32.7524
54.008
54.7254
60.8905
45.9063
44.7424
38.4212
48.3641
34.581
44.1389
39.7726
17.2266
42.1598
52.2681
38.185
57.9545
55.5202
47.5854
47.5485
30.2088
57.4058
51.4655
46.6016
47.7553
62.0199
52.6358
48.8301
48.1036
59.6802
57.945
44.8468
55.1897
61.2043
45.5136
49.5935
47.7745
46.238
31.9092
41.7104
39.5487
39.0661
32.203
59.681
42.3518
54.2469
50.0305
38.8078
33.1145
53.9766
29.3439
61.2659
54.3474
47.0425
61.3624
51.6406
40.8461
39.675
57.1379
31.9473
44.2019
39.2612
56.7195
45.6304
47.0978
51.4684
40.9559
48.0583
46.5998
59.2214
48.4417
33.1833
37.2918
50.498
