55.7785
33.9524
54.5802
35.7548
44.9376
45.2152
51.0154
35.9453
46.2858
50.2507
41.4354
53.6351
56.4684
53.9534
46.51
46.2666
52.8072
47.1962
35.4057
44.8833
37.1741
48.7144
40.5218
52.4304
49.2557
40.3181
56.4547
27.6483
49.7975
51.8946
50.4426
50.4539
41.6959
52.0816
46.7273
23.9888
25.405
48.9149
60.5361
31.8666
34.3927
54.9452
35.8267
47.5546
52.6773
28.6845
57.2646
61.3199
44.4968
53.3282
41.4389
63.1904
36.4622
57.1962
57.9546
51.2963
53.7939
49.0469
60.5364
51.2364
41.4865
59.4032
37.4347
34.2557
58.3132
40.9558
56.7214
55.1795
54.2863
39.1406
36.2144
60.0863
58.5221
36.1773
36.881
58.2138
53.1114
50.7937
36.4704
46.7571
57.751
47.8276
34.1155
38.0328
48.1167
49.4149
58.5058
51.0725
51.6213
48.5055
54.6774
51.9626
62.4415
52.5228
59.3749
59.8576
48.045
51.0495
43.083
34.4952
29.5692
20.6335
45.8076
55.4235
22.3025
51.3718
32.9562
38.7405
36.9744
40.3474
52.44
23.4392
45.4763
58.9824
49.0499
45.2754
40.4255
45.1664
51.8986
50.8889
33.4942
40.4258
54.6774
58.0388
47.2025
36.1223
49.2176
50.8664
53.6588
43.6594
59.3644
46.3601
58.1246
57.5101
11.6298
38.854
17.6699
43.2873
37.932
29.6071
46.0743
43.4569
56.8436
24.5919
59.4324
40.6912
59.9197
61.3765
40.1954
35.1645
49.7187
50.2912
24.7717
37.922
46.4241
48.3023
38.0986
60.8368
54.3422
49.0999
55.3755
46.3294
69.0301
49.1812
59.2681
58.3658
51.4135
57.9973
55.5855
43.0661
49.695
31.4532
50.5889
50.4676
37.1995
42.7022
57.5725
60.9167
56.545
25.5668
60.3913
48.1972
49.3209
42.9383
28.9707
49.191
31.4142
45.0952
49.5309
46.8315
37.1469
30.1848
50.0259
39.1098
53.142
42.751
50.9451
33.5896
56.3766
49.2977
50.9358
46.9296
49.3161
47.0633
49.2595
49.9057
48.7355
31.0972
36.1561
55.9656
59.5006
54.3601
58.5988
51.0158
47.4672
45.9085
53.2673
55.803
51.588
46.6985
56.0782
54.7453
38.1671
58.0868
59.713
56.8345
62.113
18.3281
25.1894
44.2422
59.7659
40.0183
51.833
42.468
32.0871
56.4431
44.9284
60.0669
57.7097
30.451
61.2344
46.4383
37.4991
52.9585
42.0635
51.4346
53.9252
59.2829
44.0845
56.349
44.6275
32.4586
35.1533
40.4289
40.905
46.7113
45.3367
36.47
22.785
58.8583
41.4307
61.3039
39.2338
37.3977
47.1002
50.8251
42.3979
56.6692
43.7838
41.9018
40.6954
58.187
40.5283
59.7799
37.4834
58.3104
54.2385
49.989
49.4271
49.0126
44.9832
19.0864
46.1651
54.1196
54.4582
41.1728
28.6938
38.5118
43.9646
42.1017
26.9676
52.7622
22.1446
47.6875
45.8976
58.9867
42.7867
48.6912
38.7835
54.0
59.4035
51.2816
59.669
59.3818
45.2976
45.1075
59.4584
42.2717
49.2682
57.3772
36.9196
32.5216
56.6594
38.1173
52.2016
50.1046
32.6722
45.659
51.2284
51.5117
44.0349
60.1725
43.9878
43.384
45.8908
58.8811
47.3708
50.2894
61.3004
42.2781
45.4658
44.9147
50.8136
61.0219
45.1512
49.6546
28.6229
38.1795
41.7941
49.9117
53.0076
41.8076
57.2465
49.0072
50.853
51.4663
51.1904
59.6072
35.2054
20.3484
58.5598
58.5259
48.2321
59.8207
59.7445
52.9805
40.538
44.4387
31.8444
50.2587
42.456
44.475
44.1649
44.3756
61.2525
59.5388
44.8913
62.9154
48.8751
54.1578
41.1823
43.1243
51.3316
37.668
52.9754
59.2817
19.0372
49.7404
52.9733
31.0165
57.4775
52.7861
56.5495
45.1761
44.9473
8.45551
16.398
46.7473
51.8285
36.7825
51.0023
42.5817
53.7597
47.0216
21.2768
53.3797
54.9327
31.8623
51.4481
47.25
32.555
50.1261
43.995
32.5484
32.5223
31.7875
33.2517
52.3893
28.4234
48.6582
41.4132
53.6402
49.4182
42.9609
48.1536
54.9798
42.0058
54.6511
54.7591
43.9554
55.3349
23.6996
52.7048
39.0293
59.4438
42.275
59.6907
49.6142
50.9624
60.2882
43.8375
55.5514
35.7734
53.1411
61.0659
53.5635
60.1174
47.6927
40.8507
41.7537
63.5868
17.9331
46.4583
50.6473
41.0806
54.1096
51.9077
44.3595
47.2332
50.311
32.1147
38.3537
53.1092
58.0047
48.6623
45.9875
52.6491
47.1961
51.4293
54.1256
51.8963
47.2378
62.4745
59.8994
17.4361
44.7956
48.9767
49.4031
50.5261
29.7727
37.4413
50.6391
59.2748
46.689
59.4398
46.1684
44.5431
35.4026
53.1164
36.4756
17.0341
34.4324
46.8165
43.2405
53.4538
21.4815
37.3753
50.9927
43.7583
54.9524
45.931
37.0856
42.791
42.1058
61.8003
15.132
48.4128
42.038
44.9762
57.4237
39.8462
55.2137
62.7613
56.0838
20.2431
39.757
37.4426
43.9623
49.4231
53.6702
55.5997
32.5513
47.6155
58.1577
49.2306
43.9848
45.7653
61.07
57.6761
58.2557
40.5291
60.1423
49.8462
26.9532
47.3622
46.9166
49.6118
52.5378
58.1791
39.3317
54.4498
31.9598
50.1315
53.2943
35.9993
63.4788
59.8738
42.7648
45.0244
24.0373
56.3901
59.2888
49.3563
31.6729
32.724
36.8063
47.0922
28.1619
37.4023
43.4178
59.7488
55.8319
56.6586
53.4061
54.9826
24.1975
29.9775
48.8137
61.6195
60.0873
47.54
57.134
54.903
33.9938
45.1424
43.5433
49.838
62.7561
41.3889
49.7719
46.6406
59.5977
50.9983
60.2903
44.1345
41.1985
40.3383
60.5195
40.0168
61.77
57.587
52.6607
47.9693
59.7213
50.7835
39.2983
48.5478
52.6771
30.2756
38.4748
57.6176
54.7622
49.2413
51.0539
58.8251
50.2323
42.5732
47.8267
44.6905
38.4779
54.2122
45.9804
33.8963
56.3438
39.7387
51.2825
43.3256
59.9757
26.5188
43.1166
61.2465
54.3015
46.0619
31.6189
43.0887
43.1685
58.0645
42.9299
48.2303
57.8216
29.1545
45.3538
49.7916
43.7803
56.3871
57.1237
56.5116
42.6272
48.6294
48.4528
37.797
56.2729
31.1314
52.9018
20.3718
45.6563
57.7982
52.5184
51.7961
35.422
49.7846
46.6095
32.5207
59.4764
33.1419
49.54
41.9967
37.2135
58.2972
40.0424
30.264
24.9813
32.8541
48.3077
41.4263
45.3583
48.1943
61.2943
45.0807
56.2482
52.6039
53.4441
44.5588
44.047
14.7985
60.1195
61.535
54.493
61.6294
43.941
44.8813
45.806
47.8442
42.302
40.0503
47.5864
51.8953
37.7081
48.2661
50.5591
24.7377
49.7289
44.2498
41.5207
54.8232
49.4728
34.4648
55.2206
45.2552
52.8774
54.0667
31.825
34.2613
22.8144
57.1445
55.7145
56.4415
36.8575
30.4896
42.0412
48.3078
47.7839
35.3692
55.0047
41.7541
41.4442
43.1506
50.3301
47.8513
52.7277
45.6586
50.3186
60.8782
53.4148
60.5655
55.3364
36.1801
19.3857
56.2575
50.7171
45.1716
54.9559
55.4619
38.3352
52.8585
23.5056
47.319
57.872
49.1389
47.8864
45.6158
57.2195
37.1453
47.3585
55.6782
48.0008
22.7894
21.879
30.7106
34.5872
51.5629
45.9546
23.0081
50.193
43.526
59.9242
53.898
61.0698
43.9485
57.9539
41.1122
39.17
42.8011
55.4414
42.0308
57.6713
47.0938
53.1337
28.1379
33.1347
46.0612
58.6239
47.5301
37.9402
48.8674
51.8592
34.2102
40.9363
59.0612
33.6998
44.2394
42.9286
40.1066
49.6091
59.3875
53.1192
40.7087
56.7347
18.0634
59.6303
36.5605
25.1511
53.3032
43.2531
27.6577
58.6885
53.2692
46.5357
42.6734
45.1319
27.0205
38.4531
46.1149
27.8042
50.7423
39.2634
58.3717
56.4991
53.1115
60.0496
57.3469
44.9984
56.4846
62.6563
57.0444
48.9888
59.4278
45.2901
49.5867
47.4515
49.4074
45.9371
37.697
48.7957
49.3568
45.7237
37.5202
33.7143
54.9919
25.7252
48.7504
57.7782
35.209
55.9756
56.9461
52.0809
30.5598
41.9124
31.8904
58.3819
59.8194
35.7645
59.8387
57.2731
38.169
55.822
60.415
29.9619
47.9683
49.3083
39.3314
59.8605
36.2814
32.1916
49.7889
37.4512
59.318
27.962
48.8681
38.9246
46.1976
56.9944
53.5602
59.0724
44.7086
40.9944
44.9823
45.437
54.0451
50.2926
50.8797
60.2096
51.5766
25.1194
42.7999
27.9941
58.3694
38.5016
45.8876
62.5968
46.7544
56.9456
48.483
49.9205
27.8638
59.955
51.6034
41.8758
46.3823
36.4236
52.8771
56.0723
50.6293
33.5093
60.3598
42.0571
56.5631
53.6225
52.3612
53.8951
50.6099
58.3246
43.1038
32.1934
41.1702
51.4879
48.694
48.9306
55.602
42.8635
55.6067
51.8398
53.8488
46.4049
49.2704
56.648
57.6111
13.8567
56.9076
58.8127
47.7567
34.6864
59.5646
55.2518
31.152
56.55
45.9563
50.6044
56.569
46.437
49.5995
61.7216
59.1983
58.689
57.3717
51.9356
36.0217
60.0666
52.8817
37.5879
49.4245
55.3969
31.5912
56.9857
35.7991
57.8984
58.819
31.6886
39.8777
17.108
50.0912
44.4522
54.8232
44.6619
49.2976
41.6205
49.8146
30.3842
50.8531
35.46
35.9887
33.3505
41.5118
57.4032
53.6807
44.8553
58.3632
58.1397
33.4254
57.0512
49.9004
58.5169
43.5776
49.4041
29.189
40.7282
40.3256
52.7945
51.1956
60.6793
41.2175
30.4596
39.4776
47.0911
24.7672
58.0347
37.4509
59.4895
51.477
27.3148
63.2483
50.7847
46.5774
53.9132
49.4705
30.3614
48.9436
37.3477
49.8799
37.2875
48.0427
46.7954
56.6939
56.6508
31.615
39.7068
30.1434
50.2729
37.8589
58.6494
52.5052
41.1325
41.8106
47.4842
21.4911
39.9153
23.5307
39.2129
42.084
41.601
54.1596
39.9597
60.2905
42.8612
43.2604
40.7922
43.1511
34.4004
49.9734
46.3721
63.1462
37.353
37.5731
45.1001
58.4664
49.4072
49.8476
46.1834
53.4249
50.7138
53.9561
34.0392
25.9494
52.6848
45.6659
41.78
60.0041
54.1476
42.6794
61.7443
50.7511
50.2041
49.4597
53.1399
36.5278
46.4897
58.1202
56.8286
49.2502
40.2336
47.5251
58.3476
54.2465
38.9947
57.7083
42.6267
52.983
28.8621
53.7604
38.3872
54.3371
48.2339
20.5782
44.9962
58.7849
39.9778
57.4178
42.107
40.7386
16.9554
49.7727
48.8753
34.6272
54.2587
55.3112
48.0575
59.8447
50.2324
60.1056
59.4294
59.8258
50.2197
55.1984
50.6687
38.5767
58.9614
34.5646
43.9609
24.5127
45.8513
61.6249
57.9163
61.7303
69.6594
38.186
34.0747
46.1992
51.7526
48.4095
62.5013
58.9781
59.558
42.2339
39.8907
48.2666
54.2104
50.6979
56.6183
44.3549
51.6513
52.8255
36.3276
60.4442
48.1423
25.958
50.0933
50.0982
39.5522
53.1619
33.4562
58.3659
59.036
59.853
55.0797
49.8978
42.8008
30.3408
47.3175
49.9153
47.0656
59.9659
16.1551
57.9091
63.3752
50.8199
53.0757
41.5261
50.2113
40.4647
44.3056
47.8879
32.5608
44.3813
41.6748
41.1487
17.8636
52.9301
24.6297
41.2197
50.1363
26.7991
60.9767
61.6092
42.7779
55.6117
51.7315
51.609
45.7982
52.1762
48.0754
38.2524
39.9102
46.2271
55.4205
45.9894
44.7995
61.9529
47.2754
35.3688
43.412
58.9793
59.5275
50.0917
49.8703
51.8516
40.8404
44.1845
58.3008
41.3413
35.6078
47.8943
45.6055
44.8399
47.8168
23.7873
39.9003
59.6972
41.5935
39.075
35.8298
41.5339
55.1809
47.0497
42.5811
41.4446
52.4398
55.1955
27.1221
55.5775
27.1308
56.0941
49.2315
41.3393
47.8831
62.9247
56.013
34.0032
31.101
42.568
54.4197
34.3176
38.7753
41.2049
46.2556
49.7462
14.4317
30.3645
48.6753
59.1599
47.8483
43.2947
58.7861
49.1322
57.2947
57.4678
56.5594
33.4922
32.6231
43.5434
40.5022
57.5893
48.4142
53.2682
43.6654
35.8528
40.6936
35.7266
46.2732
61.5185
50.1287
59.4535
58.9561
52.7582
62.9599
35.2943
48.9512
40.5067
38.4155
47.6557
58.2664
55.2111
55.3169
37.0475
57.4622
22.9952
37.4016
13.9473
42.7161
54.4917
44.3589
58.3913
49.6427
40.0693
46.6263
61.5386
38.224
52.6114
45.7801
59.9943
28.3952
57.6918
52.2605
62.8392
25.6166
53.583
56.1702
45.2659
59.3506
44.7231
49.055
30.9698
46.8917
50.046
44.3671
35.3298
39.6259
38.0428
35.7441
28.7716
52.4161
50.6994
48.6679
42.0612
46.2742
58.3169
27.2749
49.7937
58.1619
62.127
37.6325
48.6907
49.3829
51.4879
46.9299
53.03
33.8058
31.6326
48.1934
36.2506
37.3247
48.8293
43.175
26.4757
58.4295
39.6714
59.5365
44.4515
32.5115
43.0341
42.9386
50.017
52.6115
36.7709
59.8501
61.7538
37.4659
47.3162
31.2803
42.7795
37.4134
50.2031
45.7465
48.7586
36.9023
42.2753
36.6828
49.8413
19.2638
53.6592
42.1174
43.0803
41.907
38.4215
53.4494
48.6023
20.2118
52.5198
60.5935
52.7104
15.0086
46.6331
43.3547
39.722
51.968
47.6207
36.6465
44.5355
62.2988
38.6882
47.6278
60.6482
41.8878
50.4608
53.4364
32.0276
46.389
37.0985
48.5025
33.4515
56.1658
44.9106
45.9019
59.3426
50.2026
57.4539
61.4114
42.1396
40.8867
44.4507
41.8451
34.8732
56.1765
47.3771
26.8993
50.4978
51.1208
57.8822
56.3636
49.7609
46.2764
53.2831
43.249
53.3972
50.2883
32.5055
31.9367
32.2597
45.9433
50.5503
35.3675
45.8485
53.7706
39.4427
60.9272
20.565
55.7998
56.3083
55.3725
44.7156
49.9235
48.1148
61.3687
41.641
46.2615
33.6832
45.0942
39.5949
39.9547
48.4487
46.6149
58.4095
51.5252
49.8551
52.0482
40.3018
49.5986
59.6201
61.1012
36.3214
34.6316
50.2969
41.7989
37.0309
38.0025
24.2013
48.852
49.6734
52.9975
42.0615
55.1017
29.9888
49.8161
35.93
53.1337
49.2686
36.4028
41.3346
39.1463
56.6953
42.8648
60.1869
49.7734
50.9324
34.9058
61.1211
49.5566
62.1681
51.1204
46.3911
52.6703
55.8157
35.2631
50.6283
46.6729
62.0025
46.3692
42.3805
46.0962
60.1576
33.4165
39.8626
56.174
49.1126
49.7445
47.8686
58.1167
36.5123
40.3267
33.3242
32.7066
39.6647
58.0148
59.781
50.3762
49.5049
53.6278
46.4391
49.6833
59.6963
59.9759
46.6847
49.3412
37.5091
56.7596
59.9153
22.2733
42.8536
41.2811
51.0904
50.9952
46.9243
59.3566
34.5432
48.5087
36.4641
59.1549
51.3523
50.2205
57.8384
61.6813
57.5163
45.9225
62.8612
47.548
56.324
47.1831
59.4862
57.7076
55.7487
57.1683
32.4577
51.3793
58.3732
32.6277
50.2938
42.8472
49.0487
52.5955
38.1539
43.6826
44.4746
20.1475
41.6838
49.9702
24.7785
55.5688
36.0499
56.1872
40.622
53.4864
48.4164
52.0559
61.6109
44.2425
44.9511
51.3352
49.313
27.2992
37.5034
57.6105
43.6812
37.1469
34.0094
55.6363
59.064
41.2866
42.1059
61.9887
37.5276
63.479
53.9948
61.2934
34.6487
61.0254
49.8841
37.7295
49.9
32.9051
51.2462
44.0308
49.4128
47.0243
56.2913
48.022
72.55
49.8737
52.1883
49.9076
32.6926
59.7061
49.5453
50.0767
59.8171
58.9274
52.2559
45.02
45.2828
45.9221
59.6843
32.6962
50.6579
42.9207
48.7617
44.3705
46.583
54.9517
42.3097
54.2088
56.1025
48.0102
31.0231
44.1154
53.4284
46.6601
49.4888
57.177
57.8249
36.6504
44.6312
52.6321
46.0688
46.1627
30.8437
48.4243
47.6451
46.1566
48.4021
50.9161
47.0664
51.4139
49.292
55.5504
43.4118
30.5613
38.0414
23.3127
34.7932
31.3775
47.5025
61.7219
57.3871
41.4752
43.9252
28.8661
51.2623
43.388
53.2776
42.0252
42.8504
39.2903
40.0894
39.8923
61.5707
41.8138
61.6379
52.5096
47.3833
55.6737
43.3304
60.372
30.1381
47.6682
50.3704
53.9586
51.2865
55.7516
43.1768
33.1744
54.4157
41.2517
30.7751
37.9585
22.2385
53.3396
58.1946
61.7179
20.9763
46.7351
42.0301
50.1974
49.3202
57.8395
55.7854
45.6773
43.1633
69.8215
52.2025
61.647
44.8168
48.5779
24.3225
29.2976
35.3431
32.6648
46.1082
42.6221
61.0825
36.5787
44.787
49.8329
33.4422
48.7043
47.7782
62.0954
34.4473
39.427
40.8448
36.1908
26.331
33.1657
44.5835
23.5529
47.4183
61.9294
46.4146
54.8114
43.5001
30.6763
57.1469
53.4927
49.8856
50.0306
51.5389
55.5506
59.438
58.771
15.4821
39.3859
20.2022
43.3288
38.1277
43.7805
49.8609
52.8109
53.5388
64.0395
52.5553
49.8707
22.9032
47.0008
66.0084
55.8026
35.2367
56.3924
41.2773
49.3981
49.1429
38.8612
42.2573
56.9261
58.4036
29.897
35.5505
56.7104
48.8069
29.9653
27.2367
57.6951
49.206
39.8572
29.4517
30.2774
43.9687
58.9431
57.4442
50.0846
56.5083
47.4718
47.7234
32.4764
44.1447
47.7547
36.9102
58.2141
44.3401
31.2773
39.3664
41.1865
55.6089
30.4055
50.5065
37.0879
10.1739
25.8972
67.3365
26.4172
33.2443
49.8882
42.3556
59.084
44.3162
35.9891
17.1353
32.78
59.2852
34.2135
44.2573
54.3432
35.3853
36.4129
58.5847
32.4481
52.864
51.1325
51.6307
31.3869
44.9387
30.8633
52.4251
55.8866
33.5827
38.6601
54.1514
44.3733
57.6521
30.7097
59.3058
41.9959
52.8241
61.1614
54.7096
57.4163
58.2304
44.3768
60.0513
32.3557
28.1389
42.9621
42.7783
61.3523
51.244
56.5196
58.4177
54.7219
39.7863
39.9263
32.7686
56.4981
27.779
61.143
31.4748
54.2771
36.5865
40.4343
59.8645
59.225
48.4346
46.9132
55.7362
48.5031
49.676
37.1733
41.2982
63.7661
32.8613
41.5204
22.2334
49.9277
37.9574
49.366
36.045
34.2773
52.8794
49.5827
27.9014
18.2956
43.1519
46.7398
44.1821
53.8145
23.148
34.4805
49.0576
39.5462
59.1408
39.17
53.0596
40.8676
49.8053
56.8797
39.0866
49.8908
44.2615
40.943
45.1329
54.3207
60.9504
34.1647
50.4154
29.2395
34.6824
65.7464
53.1008
59.712
45.9963
37.6605
63.6178
60.4869
47.1646
52.3141
60.5173
50.6174
61.0825
47.9841
46.6163
18.3766
37.2139
30.8336
41.1171
51.3574
59.5725
45.2468
47.2487
31.1667
45.9607
44.1628
59.5683
59.1852
26.3424
50.437
39.9977
47.1101
36.9475
56.7707
46.1805
32.161
49.9312
33.5617
31.8277
58.1464
54.354
27.7593
28.8126
23.2745
46.8585
53.8178
56.5172
57.3163
39.4882
47.4337
56.5353
57.5486
46.8897
33.9474
49.1507
48.4673
40.4946
43.3301
50.0199
30.1966
58.1286
59.9648
48.3756
24.3592
41.3497
48.8224
51.6224
41.4278
54.4825
48.3375
34.4526
30.4978
54.7394
52.8968
52.5315
50.537
45.5769
45.1242
59.4522
47.2675
54.8304
51.5243
27.7404
25.2861
58.2735
44.1786
47.6102
43.3894
48.4117
59.1514
43.1925
49.5573
48.9559
49.5748
48.9047
62.4212
51.3011
40.6245
56.4259
48.2931
56.72
40.8718
57.4958
47.3677
32.7501
58.2691
33.4607
46.978
34.7903
39.7636
59.8332
50.2219
61.8391
35.3314
49.7715
34.5781
57.1082
26.5772
53.9035
55.8978
53.0264
58.7829
28.3071
38.2401
45.6076
54.6066
58.5494
44.7127
37.7627
41.6029
23.796
44.3494
27.3824
60.8061
37.4429
31.457
56.2043
27.9648
50.5737
16.9165
27.5553
57.2285
60.1277
61.4706
57.9939
58.0494
29.3594
48.8076
48.9504
57.4107
57.404
60.3814
19.747
50.1646
56.8979
45.0616
50.551
39.4658
52.7827
44.4827
58.1161
32.9266
54.312
49.2496
61.5475
38.2999
38.3427
49.9588
59.63
50.5593
37.5237
57.4343
54.1799
54.6858
50.0018
36.9488
41.4958
58.1838
50.4952
48.2505
58.1565
56.9608
59.9962
44.1063
20.8595
33.7358
46.9626
52.8383
57.8432
44.5064
55.3831
20.8043
46.1344
39.1573
44.581
60.1859
49.2059
52.6838
47.2847
59.8329
33.8268
48.4737
52.5056
48.6379
44.7431
58.9063
61.217
48.0159
47.1603
30.7074
59.7693
42.0883
48.787
11.8561
43.1653
34.68
31.1702
56.5501
50.8891
31.8338
35.7241
39.697
54.459
45.5726
36.8891
56.5802
50.6347
49.6106
49.7946
45.7277
46.7655
55.6918
41.8638
44.192
52.401
41.2799
32.23
38.0717
46.3003
25.2128
45.1218
15.116
44.6751
53.5416
57.6758
55.1737
45.1208
57.2759
44.3958
51.0645
58.4328
55.9303
56.2339
47.8486
60.7008
55.544
56.3952
23.2702
48.9284
49.2221
46.9929
52.8861
50.8575
39.9684
43.9488
29.6344
55.0984
59.5685
48.9321
24.6026
45.078
59.7665
14.1298
49.2232
41.3307
46.3055
44.385
40.5908
45.7381
44.499
48.3525
50.8962
14.1006
56.8151
57.6178
56.5234
56.8008
39.8461
29.8339
45.3454
50.5537
57.4475
31.572
58.6401
50.0213
48.494
25.9347
58.8577
60.4961
23.021
50.0429
24.5192
36.4477
57.4703
51.3682
31.6945
37.6203
60.8819
44.5994
43.4059
38.0175
58.2915
53.9465
44.5528
28.3298
39.4578
58.0259
61.2445
60.015
52.7838
48.3013
59.9385
53.3251
28.12
42.598
51.6548
57.227
59.3174
34.2106
47.3167
31.5115
35.2454
16.7056
45.4772
31.7726
46.9005
51.448
46.0616
61.2015
21.5196
52.6909
41.9415
46.5251
44.5415
37.9294
26.7457
43.3059
53.4266
50.1349
53.8074
48.7864
39.7709
50.0285
33.4947
42.6541
52.9662
43.2618
49.7536
58.5934
33.6138
53.4867
42.1644
30.8803
53.8828
49.309
52.2289
48.4333
23.4343
37.2993
26.269
40.9653
49.5397
54.7691
46.7271
49.194
23.56
33.7653
50.7134
47.2438
50.7505
59.0942
40.5636
58.4255
43.6778
52.2947
47.1412
61.847
33.964
44.9943
59.576
33.7808
58.8507
42.5555
44.8658
53.9286
42.5578
49.8253
50.7971
53.275
27.6724
52.4324
51.0716
60.4869
52.9323
34.0769
58.4008
50.1856
52.1239
64.3354
24.7164
52.3478
48.944
46.3858
43.7623
36.6583
50.3492
50.2168
37.2699
45.1947
58.1299
31.7737
49.8097
56.3136
56.2145
50.5538
52.5904
41.7793
40.1079
40.0418
26.8875
38.8887
56.5972
57.3287
49.324
59.2935
42.6528
43.9039
32.9804
46.0614
58.9805
41.9548
51.4439
43.2674
31.5778
55.8544
61.7153
57.3866
60.7536
27.0765
43.6922
58.4377
51.3834
47.836
50.4693
21.7243
49.3389
44.9367
57.4139
46.4113
45.7578
58.1741
36.1311
36.472
61.5754
55.6279
36.0462
53.3209
49.4236
47.7749
53.9217
57.9266
49.4613
57.6001
31.1902
56.9967
40.2255
58.8002
57.7724
21.9507
55.0995
32.0773
53.6995
53.1788
53.5219
43.0362
56.0769
50.2228
53.1281
26.3502
33.4938
47.6752
42.8196
51.7256
42.0865
47.1737
43.407
50.0974
48.998
47.5909
42.1019
58.6052
47.1283
53.2237
55.963
47.7954
48.1579
59.53
41.2573
51.4932
23.3991
40.5721
57.5516
56.2441
55.965
40.161
42.3913
35.4965
49.4316
54.1062
53.8517
48.5848
39.5572
37.3357
43.3434
32.3447
60.9369
49.4177
50.5971
33.8556
25.0995
50.2586
61.7671
40.5544
50.1237
43.0316
45.0569
44.7167
41.9507
48.2352
31.2616
47.5631
57.7649
45.669
48.3133
25.1789
58.1325
51.3605
62.1983
41.853
48.4799
50.6157
39.1607
35.7089
41.6343
52.7103
61.5076
45.0045
36.6747
34.2846
55.6792
46.9073
26.9998
57.964
49.6671
25.0265
55.52
49.893
42.7612
43.7913
53.1508
45.3585
40.3545
39.4159
56.5887
27.0512
23.9838
46.891
59.7714
28.9102
24.1132
56.36
34.3092
60.9328
49.532
37.9468
45.1004
42.9185
24.0328
50.591
18.9265
42.2633
47.0474
44.2466
52.6902
56.9902
53.2949
43.4867
51.8688
55.3328
40.6593
47.5346
59.3751
43.4181
54.6902
41.0642
33.3596
38.307
55.4532
14.0568
59.9773
59.4533
62.0109
45.6486
50.5138
57.5898
50.5288
56.6624
51.9057
33.7499
26.3795
46.3834
58.8397
57.2552
47.4086
62.3038
45.1904
48.6793
61.8785
59.5677
38.9117
33.4359
51.0363
44.0428
47.0954
45.227
57.4753
56.4653
42.5529
38.0984
47.2458
51.9478
55.633
50.6097
41.9828
40.3689
20.9768
31.6908
61.6392
56.3374
60.3286
59.5562
52.638
34.5441
48.701
36.4591
17.8601
36.2613
47.6141
44.8668
50.4755
49.9735
53.1245
42.0479
53.5935
37.4774
49.0648
49.1417
56.2275
43.5525
61.2699
28.5886
30.8166
56.6511
42.4117
34.7475
48.8947
54.5359
38.3075
60.0757
55.0351
32.9733
52.3349
39.82
38.5901
40.781
49.1345
48.5784
11.91
64.1926
49.0548
59.6443
47.7636
39.9298
40.7432
30.0409
35.9179
56.532
40.1074
59.684
43.3654
47.4067
52.4941
60.8514
58.6384
38.1683
55.3577
52.1257
51.2822
61.1187
23.4511
44.4878
61.7492
47.3737
40.6333
52.7973
52.3033
52.0654
44.517
55.1376
53.1129
50.3091
46.3068
35.5008
38.9249
58.7523
54.4064
42.0657
59.7764
45.3494
49.5471
60.0105
36.362
41.5616
20.7094
16.5448
50.8871
30.8178
44.2449
47.0443
59.2529
30.4427
54.1637
47.4329
59.0282
41.0725
49.2838
50.7487
49.6807
46.8865
59.6201
42.4755
41.8244
60.0719
29.0675
52.3349
53.6315
52.75
53.1197
62.649
59.4441
50.8268
45.0178
56.6051
57.3997
57.5446
43.6305
29.2122
59.7245
46.5988
47.3814
56.8615
58.2689
56.7812
43.4211
32.7858
43.3609
63.4582
47.3656
42.1107
51.9251
58.0518
44.3767
50.8794
11.5448
54.5595
61.5537
30.528
37.7877
59.6089
59.4415
35.3866
47.7814
39.3536
36.9467
45.1478
53.0003
41.1061
43.3299
43.1669
26.4776
63.1655
55.7382
35.4544
49.9411
49.9628
28.666
49.5537
54.6615
54.6958
42.0663
39.5927
16.8366
51.8773
41.0858
41.1521
58.7259
49.5715
48.6345
41.1782
54.8508
52.4779
40.7793
48.4169
68.7372
52.0187
63.0879
40.5367
52.2056
54.4658
63.6535
47.0412
47.085
43.5688
53.4474
57.7206
36.4276
50.5286
67.2394
57.1163
51.8954
51.7206
60.0021
45.8417
51.4759
37.5543
49.356
32.9213
61.225
57.7301
53.3752
56.9876
47.509
52.0641
30.4135
32.6087
46.2272
53.2672
57.313
46.2034
59.949
49.1259
39.2336
13.1578
46.5476
56.8643
54.269
52.4072
19.3048
38.5253
53.276
59.8422
54.6789
40.8038
34.6727
52.3648
60.1748
44.804
40.6178
26.2123
33.6955
49.5296
51.1079
28.231
46.2325
48.0361
37.9744
42.1615
53.3139
47.2196
20.1624
59.7768
50.1134
34.9022
54.133
29.0569
46.6756
41.3802
61.3437
49.3777
59.6209
38.1733
43.1586
50.0412
52.6187
51.476
49.4811
36.5094
44.4703
29.2551
47.5317
49.3056
56.4791
49.5821
55.4975
54.9271
34.875
41.7328
61.9278
47.7661
57.4041
47.6391
36.7772
27.9463
40.9084
59.1518
28.9695
46.5541
36.6148
50.5271
53.2441
52.0153
63.5533
62.431
41.2956
48.1898
51.7553
41.5812
48.6143
60.529
52.243
43.0951
32.8495
53.6554
46.2855
46.1263
25.0264
49.7879
59.7676
28.3493
59.7913
59.6418
31.3376
59.8347
58.3229
49.9772
54.5903
59.6838
40.8761
37.9911
59.9026
51.2374
51.3306
37.9385
52.1332
30.8674
50.71
34.2027
44.1126
37.9994
56.509
52.37
54.4314
52.7526
35.4723
39.6405
48.8306
26.8466
35.0691
36.2028
53.3996
51.7159
24.2697
35.4793
46.8539
37.0712
25.3643
49.2829
48.0959
44.4563
56.9228
36.1356
57.2354
38.4206
57.954
46.3247
53.4565
42.7428
46.6857
49.8442
58.3559
14.1386
38.8912
52.7551
40.0455
31.4864
20.8233
57.8312
44.2611
51.7207
52.3349
61.6494
56.4905
54.071
26.6304
34.5975
55.2444
59.8402
36.9876
21.2454
41.3185
46.1873
58.2806
53.6795
45.4794
41.7885
24.4174
30.4278
60.2551
44.1887
56.3382
55.5172
34.1074
59.9682
43.9548
29.3031
49.3874
49.4414
29.6019
49.5809
44.302
40.1225
41.1138
55.6586
43.5397
34.0847
20.7007
46.2004
51.2604
35.7382
51.5254
42.8146
50.8239
26.0994
39.2008
18.5361
52.9065
40.9081
42.8093
53.6284
57.8988
50.8235
39.5032
35.3939
43.307
58.4128
52.9028
52.3554
20.9522
59.6205
44.6632
37.0482
39.9446
27.0688
42.4654
33.5263
48.5321
45.6912
54.9717
32.8917
21.1882
53.7322
48.6705
50.0028
54.0583
38.8761
48.0601
53.813
56.7799
41.0585
59.6927
36.2313
53.1655
38.3451
59.5198
50.1509
41.8548
61.6683
44.135
43.1799
49.0958
57.7989
50.2918
50.5867
62.3504
50.5589
49.697
53.4839
46.7725
53.1801
46.7826
62.1071
49.3446
48.9984
55.7252
58.3518
59.7406
59.3768
39.9695
39.3162
33.6578
53.0989
57.3508
61.6749
35.7159
42.7822
36.8948
37.4408
58.5602
42.6347
48.2579
48.5812
49.5187
48.4552
51.5336
23.4053
48.7064
32.8023
57.8603
52.7213
47.5509
52.6114
59.0991
45.0572
21.9116
48.096
44.6928
43.3199
55.9863
29.8783
48.8954
29.8366
56.4397
33.5019
56.8692
46.2478
43.7741
46.943
56.5712
59.089
52.316
25.9776
59.6933
59.0754
21.9647
50.418
42.5889
57.3992
56.2849
32.9602
35.2314
33.2076
46.0119
40.9151
38.4865
56.0597
55.937
57.1614
58.9428
21.6556
42.539
59.7058
32.0674
43.6024
56.515
48.4144
46.3892
50.6479
53.2099
39.5227
33.5456
55.8529
44.5867
48.8814
59.5598
45.4587
41.9176
31.654
40.6716
52.4186
61.3948
51.3196
57.7138
56.0415
38.363
27.7914
16.677
50.803
56.3502
60.2021
60.0573
59.6249
22.9228
62.2743
51.1964
54.0939
57.3706
43.5452
28.7218
48.8817
60.5819
48.5704
29.0403
55.0577
50.3166
55.2691
52.7197
54.4856
46.4487
53.1693
49.7105
31.267
48.7278
49.0324
35.1706
57.7714
29.9832
38.994
34.4112
58.0073
42.0489
46.9433
39.9933
54.2682
57.7308
41.1337
32.507
56.5437
50.7018
55.0719
44.7919
31.0376
40.4353
42.6058
32.7047
31.282
45.7072
51.4622
39.368
40.4673
56.4684
55.0795
59.2399
43.6348
55.5959
56.0064
44.0765
45.7504
48.2362
57.8822
49.0626
45.182
56.1539
35.9826
58.691
49.3871
56.5803
51.7056
50.5327
59.4515
53.6552
55.2303
18.821
44.3493
49.9555
18.3652
54.1703
61.5367
36.1787
47.2851
26.8208
51.3621
50.2891
53.0528
54.4278
32.8855
49.565
49.9177
35.7462
49.1201
40.634
46.2129
32.8762
51.4646
48.4265
43.9847
61.3881
47.7299
44.4059
56.5317
55.5224
52.029
53.0475
21.2862
37.221
31.6059
49.3529
45.1015
57.6536
47.8413
38.9431
62.3371
51.5274
36.1526
54.3402
60.1798
56.6438
37.9352
57.5976
27.4094
28.5951
36.4243
40.255
49.8577
61.2491
49.9235
52.5629
54.7122
47.5343
39.1189
30.4148
55.3107
56.0687
52.1445
42.2012
46.1225
31.2501
47.1532
44.1569
53.9594
57.7906
51.5196
30.2452
56.2153
51.7318
50.7078
40.9639
56.5713
47.2267
37.3403
51.4233
57.912
56.2922
29.7735
55.1627
38.647
40.0134
44.0914
45.3778
59.6474
63.0814
48.9471
34.3354
56.9459
38.8177
49.8774
22.6225
59.7205
58.0591
28.5716
45.7451
38.571
48.5373
50.8594
57.7788
40.3439
31.503
60.762
52.083
41.2077
50.2254
50.0032
44.0719
55.3645
60.8146
30.9008
18.118
58.916
59.7418
36.6231
52.5299
31.527
49.7341
47.8729
40.2517
46.6261
45.1818
54.1797
46.635
21.9298
50.4482
56.5309
45.415
50.0774
42.8489
49.1373
48.9299
44.1311
28.1523
43.5288
39.421
40.1118
49.9089
52.0285
46.8345
60.0104
39.5432
56.6548
43.8225
36.3905
58.4135
50.0284
47.5588
46.8153
57.9839
47.6792
39.9765
42.5179
43.1535
36.0883
44.697
40.4191
54.3139
28.9036
44.7125
53.2381
40.4077
50.7188
22.5035
50.4746
21.8174
57.7982
47.7634
50.2123
52.3497
55.8175
50.2333
56.9921
49.1551
41.2224
51.4705
44.3018
63.5766
52.1146
21.0667
31.3733
48.5683
43.5229
59.9963
42.6267
53.0515
42.1079
48.2426
50.669
54.2701
28.425
50.5808
54.4737
23.5691
53.7106
61.3779
45.1785
60.5645
38.798
54.5484
57.5455
25.792
34.436
39.0222
43.3768
37.6147
39.5126
56.4608
53.5702
45.9454
50.15
32.3685
49.0768
51.903
39.5294
59.7323
62.0697
47.6806
56.5839
46.9785
50.1379
38.9383
43.2855
59.9278
51.6573
62.499
28.1027
56.9051
41.9281
60.1573
41.8082
50.3245
32.2145
50.7628
35.3317
50.1223
32.5705
59.9319
56.687
32.3796
26.4901
50.4423
43.0581
33.4131
49.9006
46.3544
59.4333
53.4827
48.759
33.4416
56.2981
50.2543
53.7862
55.1641
55.8198
47.9413
40.7036
36.4144
39.5288
45.8869
49.2657
44.0827
33.1726
53.5197
33.4322
42.0523
56.1555
50.4199
49.9235
35.1501
45.3152
37.8742
37.0995
45.3932
35.2135
39.8862
31.8241
54.0252
55.304
50.3593
34.4697
36.0826
43.4115
54.1006
48.1258
48.472
25.8601
49.0231
46.8143
32.2249
57.95
58.0636
59.3564
15.3829
32.0346
46.1834
54.5748
26.8191
32.2317
51.2701
18.6769
56.0772
50.9083
49.4929
56.0899
49.3183
48.7412
56.4703
46.5445
37.693
55.7415
59.0446
56.5853
56.1193
44.3131
35.3998
36.1017
38.9534
60.0695
32.6743
50.144
32.0813
62.3456
48.5673
48.5697
33.7702
26.6865
48.8869
55.5018
54.9763
50.1964
43.9864
50.4542
57.8407
52.2839
49.5651
56.034
61.9822
57.8921
50.6043
30.9747
59.6401
59.2751
32.743
54.7163
49.1182
53.3365
40.9412
51.793
31.2495
45.5746
48.0162
59.4834
44.1471
50.5168
39.2465
48.8673
38.0784
58.1361
53.8158
60.085
21.5816
36.2968
58.1065
32.4052
26.5199
45.3641
47.8274
39.1325
34.5477
50.8153
59.4031
42.3613
45.7188
43.2325
36.1626
57.809
57.7945
53.6041
54.3368
60.5436
60.1818
58.0297
40.6852
49.6109
41.3804
32.8733
55.5888
51.3237
58.2152
61.6071
53.5021
42.0515
49.5401
48.6153
56.508
40.0214
52.719
46.5167
44.3858
58.2792
51.9539
52.0011
43.1624
48.2415
33.8398
43.3564
49.777
51.8439
24.0527
44.9467
47.4812
56.9517
54.076
48.9731
58.1417
59.1836
45.2062
59.5704
54.9342
34.7895
29.1962
54.2567
52.1544
49.1714
49.284
38.2473
44.7976
38.4563
33.3986
53.0511
42.5258
49.2796
38.8561
49.9095
48.0469
50.0841
56.5044
52.0712
49.5013
49.3998
15.7102
68.5949
47.3274
53.4247
61.8686
52.2068
47.2946
58.0746
55.5413
35.3835
21.8839
38.7078
21.6674
43.4021
39.1652
47.6199
54.9614
53.0892
54.5863
59.794
59.8631
41.1898
59.6793
47.6652
31.1724
50.3893
23.848
35.0307
51.4677
20.1871
47.669
47.7414
55.9511
36.7146
44.5851
47.35
46.9913
53.6973
33.6509
36.7356
43.8506
33.7063
46.7217
56.2887
49.3807
41.3312
59.0594
53.7995
41.3336
50.7165
26.4375
48.6048
49.2397
38.7311
47.7283
61.4745
42.3803
21.112
49.677
42.8496
45.7522
47.6311
43.0587
34.7255
24.6592
31.0953
48.6252
62.8505
54.9623
48.1006
44.3235
35.3592
48.4834
46.9785
27.8184
49.2028
38.469
45.5623
49.9077
35.1495
39.4962
49.7587
46.4191
41.6335
49.4564
56.8143
50.4836
43.6861
38.4038
58.1961
59.9074
61.5523
39.6583
40.9644
46.5112
37.5324
47.2724
46.6607
58.7375
34.6597
55.3512
46.4122
46.4164
59.9023
34.6824
36.1571
52.4968
58.394
42.5737
49.65
24.2777
48.0422
58.2398
63.3152
43.9159
57.5491
43.5281
60.3127
52.4465
60.2267
36.0942
47.3278
48.693
58.3165
52.0948
38.6097
59.2425
49.3815
42.439
48.7781
51.1033
57.8899
38.4426
30.8005
52.041
25.2415
60.5858
55.2324
47.4977
38.8386
50.9163
27.0339
51.1169
57.9477
48.9269
50.1365
47.5676
48.8813
44.3852
50.6338
45.5467
33.1824
33.3897
58.2033
44.6935
42.5985
47.6786
31.7839
44.1806
25.869
34.576
50.8895
41.8743
51.7027
49.128
29.1867
69.0247
37.1326
38.7091
58.9208
59.6355
37.8793
31.5421
48.4543
55.5299
47.7351
57.1765
56.4734
59.2342
57.2223
51.2711
46.4326
52.7964
58.0271
29.421
56.1277
48.5083
52.4467
57.0351
44.1753
56.9567
47.412
27.9411
30.611
48.7381
38.2856
56.9695
62.9618
61.7064
50.381
52.9103
48.8583
24.5344
42.015
52.1236
38.721
61.0374
48.2159
49.5031
41.8138
58.3802
48.9354
33.7915
48.3752
46.1846
52.2602
56.6033
54.7755
22.7965
48.6115
50.9802
39.9147
38.5817
46.13
23.7232
42.3248
50.9215
57.4491
44.4867
33.6797
24.8174
28.6518
62.0363
44.1741
55.8166
57.9599
48.0659
57.786
58.1312
30.9063
42.2815
55.1796
51.3854
35.6861
29.8969
35.1961
30.8405
23.2172
54.0682
44.9738
32.8591
52.9961
47.4422
55.5058
45.4762
58.0128
47.4075
16.5159
32.8413
38.0089
40.5082
21.0045
58.0747
41.8764
59.7842
36.1912
60.7957
50.9663
30.6428
34.6472
46.1698
59.3567
40.4234
36.416
59.2927
48.4388
61.3326
34.2601
48.488
53.0233
49.3506
20.5188
34.6224
36.3789
54.9689
48.5441
56.955
45.8131
38.3154
39.8303
43.8856
32.5817
57.7928
34.0773
48.383
32.994
47.4471
56.883
57.9904
40.9437
53.4837
52.7358
59.6818
47.6965
57.891
40.5227
42.1676
49.0771
55.2265
49.8293
30.1559
54.0113
42.7252
40.1461
49.2209
33.8043
48.768
56.1393
58.4966
32.8383
36.1654
51.1564
45.6545
23.153
53.7863
45.4395
50.2471
52.1431
49.9184
56.3626
41.3476
41.4141
27.3505
59.6303
53.2865
56.9757
45.6252
49.4283
60.3704
49.0853
56.1513
45.0071
37.7678
22.6426
41.4771
42.5438
50.9803
54.8768
49.501
56.3835
47.4185
45.9904
36.7364
43.6009
57.043
49.4752
40.9005
41.4113
30.1495
38.5907
56.9953
54.512
58.3597
54.4469
41.7672
44.3582
57.7416
51.2892
60.1233
60.3602
31.9521
49.5161
36.4205
44.2517
38.5728
50.8358
60.789
59.4119
51.4058
32.7487
44.7701
52.865
35.6793
44.7953
43.8301
46.9706
48.9924
57.014
52.9963
50.6211
46.0786
29.1198
51.1099
30.1715
48.4113
56.7364
58.6555
48.1104
42.704
58.4652
38.8084
57.6353
56.953
44.5756
46.5967
50.6667
46.5399
48.6985
59.8176
47.8427
37.9139
52.5677
40.6064
48.8308
41.0931
53.3581
45.7803
42.5927
55.113
26.8388
28.3035
54.6259
42.3175
53.1346
38.5687
34.791
51.7493
48.7237
17.8093
46.4339
35.9146
28.3606
30.1893
50.7043
59.1958
14.5652
49.0965
16.9638
42.5389
53.1777
43.1934
11.8283
44.5685
36.4152
52.1656
48.6264
47.1922
50.446
50.0257
61.6801
32.8202
47.1088
40.2246
56.6728
49.3441
34.9264
54.6944
43.8047
26.7512
38.9027
45.9675
17.996
34.6862
44.638
47.166
67.4167
52.6407
47.6558
53.2415
43.9485
21.9181
47.7788
54.7037
57.9958
59.7628
44.448
52.8735
53.4882
30.5168
55.9572
39.4396
30.6448
47.0403
32.2014
49.3843
43.0958
52.312
37.4765
46.1002
46.6931
64.5941
53.6589
38.5766
20.8635
48.5961
38.963
38.5835
40.6583
53.6716
24.9954
39.9797
61.2206
44.1531
58.0219
31.3397
37.1491
48.0494
38.743
54.6018
49.6388
52.438
47.5268
43.1456
42.6922
32.4451
41.7956
48.0779
49.1779
61.8208
50.3053
33.7766
58.0087
57.5758
35.9299
45.5275
39.3683
43.2895
34.1432
56.8527
35.7265
60.1797
53.3537
49.7002
44.3119
52.0617
49.3256
43.7622
36.2533
48.612
60.4871
58.1846
53.637
28.3543
40.3262
44.1785
48.782
39.1503
57.3363
49.9528
48.4325
60.1154
35.5616
25.3152
59.9386
38.9186
59.5784
39.877
43.8153
42.1292
30.1083
56.535
45.9079
52.4714
52.3596
40.0252
49.7227
55.4044
50.9136
27.2787
51.5772
56.7642
58.0836
46.2885
44.8375
49.3828
58.1263
50.1
44.5498
39.9963
49.7372
58.6284
31.4673
43.3429
33.0086
17.1589
45.9157
34.5158
48.514
60.254
52.9041
56.3442
49.5762
38.2329
38.6779
53.5711
48.022
48.6631
53.5167
45.3018
34.4024
30.892
38.8652
48.7448
29.6321
53.2884
24.3118
37.3667
49.5849
43.9695
24.003
48.4123
58.6849
59.7639
49.868
45.8745
59.2297
43.5971
31.7395
58.0721
52.1129
52.8675
49.6736
46.2407
52.9322
50.8473
33.4735
32.4414
60.6729
37.9623
56.0734
33.1596
47.5452
29.4765
31.7791
53.3001
60.4317
30.504
33.3908
48.5426
42.5793
38.0658
54.9929
32.2958
34.4287
48.5027
28.2712
45.1875
62.3623
38.4729
32.2297
48.6538
57.9266
25.3666
28.5475
42.4868
54.5155
44.3307
45.6036
58.1336
43.111
50.0893
22.996
59.0241
28.198
47.6794
30.9931
43.2986
29.8262
46.0148
30.2382
50.9453
54.6246
36.8396
50.131
38.9873
41.1066
49.3339
43.1802
25.16
48.5046
53.6331
33.4795
58.0535
58.106
17.9708
59.5009
45.8866
47.3986
61.6472
38.6318
53.9066
42.6211
36.1057
31.8421
25.7801
60.3375
41.2566
39.0212
35.4487
58.3977
62.3223
49.2101
32.6338
41.4753
43.3218
52.7585
36.4853
42.2609
47.2659
38.6014
54.6563
49.2229
57.9256
57.5666
39.5529
53.9937
60.3867
57.2952
52.1155
45.5072
42.709
60.8408
27.9876
59.9707
47.3819
38.5176
48.396
28.3658
58.2848
46.6351
52.8685
48.8047
43.4965
58.0712
41.4999
54.6363
47.5154
56.1607
46.2151
44.5903
43.7919
45.2905
53.7443
53.9766
38.4635
40.958
50.9602
59.0508
59.6464
54.3638
55.9431
26.973
33.0384
56.1852
44.3087
61.3848
50.0751
52.2618
52.387
48.1043
52.8021
44.8258
40.9399
60.7531
44.3978
49.9668
43.5665
36.3993
28.1065
49.5571
61.5176
34.619
41.0192
49.7764
58.243
52.8112
43.2698
28.948
31.6374
49.5246
39.3338
59.8974
24.2934
53.1701
47.6361
23.3097
44.8938
36.0676
48.0278
47.8101
50.1793
30.1285
35.1848
48.3109
52.7057
48.6892
59.1011
57.9989
52.4164
44.4532
50.7278
55.5412
36.8932
48.4369
40.6714
52.886
47.6433
45.7662
53.6962
38.3018
39.8883
56.1634
39.1756
58.152
54.9259
51.7582
35.0242
48.9978
55.1145
42.0567
61.2436
44.2858
53.2634
59.8074
47.5738
30.4683
50.4737
36.3721
59.3985
18.8105
51.255
42.5836
42.5621
60.0073
50.8787
61.1999
34.671
23.9315
55.9971
25.7758
47.3493
51.0294
33.1194
29.6432
58.4417
57.7667
52.8038
29.0762
29.3355
56.2588
50.0324
13.6296
48.2966
49.7972
50.4348
45.0747
51.2529
50.9731
42.8798
46.1532
57.0962
56.6395
51.5385
25.9184
43.9682
36.2693
53.5585
47.083
50.5104
25.0216
37.1297
50.1047
56.1276
45.0438
49.2152
50.0833
37.066
53.7014
45.1286
36.9265
46.1027
26.5376
35.5469
58.6893
40.0512
52.2183
42.7244
44.8706
48.8615
48.5658
56.6495
43.0763
39.9077
58.2014
38.607
23.2903
43.9674
60.7914
55.4638
35.5202
41.7116
38.4341
57.6971
57.9196
37.6174
35.2432
47.9541
27.2671
55.9103
45.2244
58.1868
18.161
29.2505
57.0517
36.5848
17.9652
44.6952
46.69
45.7616
57.6688
46.9692
32.9753
46.4662
55.4666
54.2429
49.3057
36.0953
26.0378
62.4609
35.2297
41.4612
54.7518
49.8464
56.7508
47.3871
37.5999
23.1912
57.9342
32.4394
52.5083
56.3909
47.5337
43.583
46.8187
36.9217
56.6213
37.3834
49.8685
43.6574
47.114
60.3338
42.3035
48.1935
52.4916
56.1206
46.1731
26.057
41.5779
53.3808
43.0578
22.9865
43.0982
43.7731
50.0842
47.7076
36.2529
43.898
69.9208
60.094
57.8874
44.6545
50.7736
63.0177
56.4471
57.6727
35.4922
49.2769
32.9456
60.6638
44.6117
60.705
41.1654
28.1663
44.4597
40.6296
31.041
58.1813
37.9949
49.7012
42.2891
29.4976
55.2449
22.549
27.507
49.9985
37.1913
48.8734
40.3336
45.7502
49.7803
57.6096
44.078
43.8759
47.6343
28.5722
47.1533
44.9668
15.4258
54.4631
59.4034
27.1995
44.6008
56.1963
38.7979
27.7845
43.7879
38.1033
52.5187
40.6438
58.1291
28.0703
34.2682
48.7015
43.441
46.0002
34.0806
54.2434
45.7291
54.9559
41.6255
57.3716
34.3409
39.0334
33.8216
15.8587
49.5072
48.985
37.2395
50.4566
40.41
57.9591
45.1166
36.8752
48.2563
55.4527
45.9192
32.8334
48.9265
43.9985
61.7398
34.3026
46.9647
49.4759
49.6005
27.8009
33.7005
34.4311
58.2091
46.2944
54.2676
51.2804
35.3002
46.8473
51.0157
45.743
44.4684
57.1992
48.8016
29.4247
48.4535
31.5283
58.0154
43.9412
58.7305
52.0192
36.676
33.8619
42.8839
51.4361
29.924
46.206
50.4626
53.7378
47.8615
46.7495
27.0338
49.7715
56.3309
35.479
24.613
58.7124
37.918
33.9514
45.072
53.1305
56.1108
53.6015
59.5685
58.0787
47.2813
51.3167
41.2851
46.2705
48.1722
55.1703
58.1666
46.5163
49.3717
21.1102
49.5174
50.4293
59.5435
29.0115
45.5785
40.5479
47.0842
50.8418
47.0014
58.2851
44.6109
38.4382
42.7666
48.3389
43.9684
37.3423
51.408
56.6461
47.4359
49.3146
59.2948
58.3737
52.392
35.9166
53.9648
54.3504
35.6816
43.751
30.4368
54.6856
45.6416
49.2881
61.3707
11.1369
54.6172
34.5924
57.8856
62.0901
59.1556
40.4449
41.8359
37.3253
57.7665
51.5609
43.5649
44.385
46.8926
37.6585
52.7934
38.0329
57.6743
45.3061
46.1221
40.8815
60.3813
54.1953
59.7864
46.874
49.2034
47.1919
58.2387
48.7049
41.4427
50.6088
37.448
52.558
45.8267
47.5034
53.0861
52.3252
54.7543
49.4871
58.1614
46.5546
43.486
48.6379
49.2747
39.8206
44.309
56.5933
60.9507
23.0029
47.2234
31.2833
35.9611
51.0614
46.0518
32.461
45.3458
49.6067
33.301
32.8612
53.0763
44.136
42.4419
59.6839
40.3557
57.8014
60.2888
56.6968
36.9228
60.4662
53.3163
58.1901
44.9286
35.257
51.3103
56.6187
61.7075
28.8462
39.4747
20.0661
47.0076
24.0668
30.2048
54.371
44.5467
49.1275
28.4869
59.5662
41.1084
31.9899
41.0429
59.1222
40.8087
44.9494
29.3956
56.4643
44.9679
48.0659
57.9911
56.5733
55.9043
38.8683
58.6659
39.7248
46.5772
42.7475
47.2171
54.803
30.6444
54.0677
49.4217
52.0424
58.1073
62.2368
58.9349
38.9895
54.1573
42.1432
53.7116
47.1268
56.8686
57.3845
54.8833
60.969
51.1436
46.4414
34.012
52.8751
58.3461
57.5942
56.9077
41.9459
56.9321
47.6585
40.7956
39.1199
57.7575
47.2913
36.8932
55.9978
33.6594
50.513
29.9527
53.763
27.1429
47.4103
33.0962
60.9756
55.7093
61.6246
40.1165
19.1783
35.4343
52.4523
57.166
56.1871
43.2758
58.0911
59.5395
45.5596
37.713
59.6105
35.6926
45.0959
19.0735
24.988
15.2766
48.2552
48.8769
47.6888
53.3258
56.0924
26.254
54.3517
54.8873
49.5835
43.34
59.4073
57.7466
45.4789
48.494
59.3702
52.6911
42.1666
40.7399
58.1881
30.8825
49.1922
51.169
41.0595
35.4094
42.4581
47.6635
49.9824
8.72944
42.4852
47.911
47.7842
53.0856
47.2739
35.4979
45.2944
61.6426
57.8853
56.1514
38.9281
24.6842
47.043
47.433
52.4995
56.2277
55.3213
52.2316
54.5291
53.9184
53.0273
20.6266
45.6523
45.2676
43.1666
58.1754
59.3593
49.2687
49.0038
51.8343
60.0525
52.8276
36.1232
49.0921
59.5897
31.4167
57.2023
38.8915
43.6435
49.0106
39.2731
42.196
52.6027
38.368
57.2234
51.5464
52.3908
36.473
58.2574
40.7477
37.4653
51.0378
51.0828
39.7865
36.1082
58.532
53.2484
58.4665
39.1448
54.2981
59.4056
46.5914
33.0647
39.7599
38.6238
57.421
50.3436
46.3673
57.4373
22.7852
40.1101
60.1215
44.2568
44.9066
52.2925
47.9587
58.3222
21.0165
48.1018
50.1691
43.6567
45.6876
33.6722
51.3027
54.5341
51.5996
11.1979
43.6196
69.1821
51.2405
56.9414
49.2102
34.9789
33.2984
56.3752
44.8452
58.4948
53.0864
59.4007
51.0256
51.2816
51.5235
47.3032
28.372
33.1661
54.8653
43.429
34.5092
55.8854
62.7484
55.6312
36.8421
41.1816
45.3129
49.5335
60.0794
52.8904
47.7478
42.7864
49.7907
56.3964
40.8859
47.2228
34.0557
49.8713
42.6277
40.9772
44.4722
43.0811
37.2958
32.5695
57.7199
46.9065
58.319
55.5638
53.2235
25.8508
50.7864
53.6601
48.2382
52.4565
48.5869
48.6972
53.6042
50.434
43.3348
45.7995
47.2326
35.9111
57.6876
48.3153
36.8954
45.729
41.6035
49.9476
45.33
21.0735
50.3841
51.6725
49.7093
40.6816
32.0998
46.1628
49.4301
39.2772
49.1695
50.4329
30.4201
54.0405
56.5063
51.976
52.3594
32.7402
35.6303
49.3369
36.9885
49.9194
49.983
48.025
45.5358
40.8278
48.7188
53.1346
38.3219
56.6186
56.8207
42.6678
42.4455
25.9016
44.2925
40.2907
18.5309
47.5306
33.5634
28.9218
44.9096
50.9391
62.7502
54.1068
58.746
46.0987
45.4132
28.7278
48.5254
20.8705
44.0698
36.376
60.7244
27.8348
60.1174
40.8948
52.5505
46.6649
50.7662
43.2838
58.3187
50.2205
48.9135
48.5333
59.9826
40.865
35.3463
50.8409
41.179
39.1677
38.2919
46.5
49.3776
58.8428
59.1548
32.3533
60.1783
29.107
41.8589
35.2686
43.3012
47.3344
45.2097
43.9842
33.822
56.7091
52.1847
54.7318
33.971
40.8801
59.5961
47.6385
29.6722
56.5401
59.6538
48.0846
47.5383
35.1679
37.4784
42.2418
55.746
47.3629
51.6371
47.5594
46.7503
25.0422
46.3296
50.3249
45.5203
58.0521
41.0491
50.8957
49.4571
48.4792
36.6719
25.7783
44.7439
46.784
52.7846
45.6725
49.2517
55.3905
50.2815
47.5315
47.1055
39.2845
37.4343
30.4974
53.5863
59.3381
58.7018
48.1329
59.2792
37.5581
48.0583
47.8772
44.9247
53.6774
54.3535
55.2803
46.2589
31.4887
60.9951
36.5089
55.6896
47.2214
55.1571
47.8603
53.6368
40.6333
30.8896
44.5889
48.1295
44.903
60.7268
51.0592
50.2424
39.4744
45.2526
40.338
55.0463
51.1299
51.8792
50.5687
33.1461
37.5045
30.0689
49.2048
52.496
61.8731
59.841
52.4521
57.1312
49.8227
24.8476
30.1337
50.8163
50.1521
29.2734
35.4168
56.5582
58.0175
40.9107
49.8454
39.5999
60.7646
50.8589
24.7047
46.0678
48.6487
22.8758
45.2291
58.6085
53.9616
63.5942
38.0702
62.2904
59.9947
13.3349
49.4391
46.4132
29.337
50.879
40.9652
14.7684
61.5193
63.6773
50.2049
46.4269
54.1512
57.4249
54.2511
49.0504
50.2415
53.6382
45.852
41.6194
62.7491
42.0968
54.2608
60.0545
35.3691
61.279
49.9511
18.9932
31.396
48.1793
49.1077
41.9979
55.2455
51.0616
59.7225
48.3541
58.4572
52.9869
50.0503
57.2531
50.9892
36.4442
61.2961
48.6299
46.8869
51.0334
62.7646
35.2341
53.9905
60.9385
46.816
50.6487
40.7273
50.9927
49.4296
44.6576
27.3061
16.9596
59.237
39.9911
34.4348
47.42
34.4412
48.8718
48.8372
38.2421
59.7856
47.5447
59.9415
50.0933
36.3323
42.2918
53.4477
36.0201
45.3656
27.938
40.1634
52.3026
37.904
27.8052
60.6074
52.0437
30.4451
58.0474
58.1757
57.2177
58.064
51.6241
31.331
57.4932
52.822
52.802
40.2566
43.6097
61.1467
34.6051
63.4401
61.6263
32.5201
38.3253
59.3508
29.4623
56.3252
46.5526
56.622
33.4696
47.9328
37.0616
52.7676
40.7023
44.957
65.9617
53.0512
46.3611
44.0723
51.3688
36.8428
39.7645
44.6746
56.7308
54.8265
63.8125
42.1015
49.1586
60.4267
59.8401
32.8885
57.8711
53.7949
59.8287
52.8449
50.9976
31.5991
49.6738
44.4771
49.5048
56.8568
41.1344
51.3825
37.5509
27.181
56.2441
56.3891
45.1031
41.8597
48.9711
47.5992
27.3205
34.6125
51.9753
23.5972
55.9589
40.6007
58.9155
44.2956
44.1311
54.4419
52.3497
47.7259
59.9268
49.7517
40.4338
50.1054
25.739
37.1038
56.1395
16.7362
55.1869
37.8052
39.2002
49.4945
61.4053
54.3371
61.1172
49.001
31.0371
52.9762
54.622
58.4842
37.1489
40.7162
55.0831
48.1782
46.1634
43.2353
59.511
54.6336
20.885
19.5742
48.7713
50.9847
60.9982
42.8528
48.174
34.3468
29.0524
38.4018
26.4948
18.9693
34.4619
21.1257
27.6706
42.207
42.953
53.9443
39.4595
55.0477
43.6949
54.6581
20.3287
48.8479
54.3032
56.2835
43.4635
30.5598
20.3961
56.4803
43.8476
37.7533
40.441
57.7619
35.7593
34.7355
43.5897
53.5963
44.3464
54.6248
31.215
36.2993
28.5062
47.0522
46.5763
58.2584
53.1351
52.7819
58.9875
49.6922
61.6063
46.6697
40.9672
36.8259
58.0716
54.0163
58.1287
33.6908
45.3156
47.5459
45.7459
55.7931
50.5473
31.2527
22.5419
48.4066
34.8606
49.5768
47.3609
44.0051
44.6922
55.1942
52.1143
50.6206
46.0054
50.3066
45.1583
49.2652
53.1124
37.0718
47.0691
57.9001
51.3617
47.9665
54.6358
42.4847
42.7056
32.6993
48.5979
55.1309
47.3727
57.7782
54.4245
37.847
50.5638
51.2355
58.0298
46.4099
56.7659
50.546
60.5332
16.3203
36.0619
59.7909
51.9678
55.9132
36.3472
34.423
41.9488
51.8511
49.2725
57.0773
50.3529
61.2603
56.8086
56.9349
55.5955
59.146
49.6775
59.9107
57.0373
48.9896
57.9353
34.9161
34.966
38.0902
54.1369
41.838
34.4272
42.5924
46.9582
53.2848
40.6329
42.3836
51.8779
44.8571
51.7573
57.895
34.5308
56.6244
58.0243
47.6635
49.8731
46.2035
51.404
32.7157
42.0418
44.5578
53.3565
23.167
35.8513
57.6301
61.5523
57.3524
39.2359
40.5624
45.6037
34.3348
33.3295
40.749
58.8281
58.1139
49.2521
26.4713
52.3266
48.7777
55.3817
35.2801
32.9481
31.6256
42.215
46.0017
56.6556
51.4647
47.2457
54.3675
58.1178
48.3611
27.6843
49.2816
57.6448
47.5639
49.4124
59.8265
46.5221
56.5657
34.3794
48.9675
31.9196
41.0389
50.3069
47.1276
54.196
26.9229
28.1877
35.7583
63.1919
46.6446
46.8575
58.6037
59.5003
57.6744
66.8083
39.6442
46.7313
41.6722
48.5002
58.0674
50.4214
39.6175
53.8772
36.6333
38.0342
33.4822
55.3457
42.8648
47.291
56.3385
53.9025
61.2765
32.9074
58.2817
58.0296
53.5838
53.2069
56.0221
19.5012
59.4097
22.5009
47.8956
38.0732
58.2133
42.0238
30.0865
50.1155
54.9259
60.7347
52.6221
40.7369
54.8809
41.6281
50.4626
38.7806
49.354
31.1744
63.3835
31.053
52.3953
54.8995
24.4636
41.1787
49.6239
16.4529
48.1701
48.9759
40.2395
30.3724
46.7983
21.9583
53.1297
58.3276
41.6239
56.0286
50.1508
47.1187
55.8951
63.1109
44.9764
53.5505
49.3768
54.2736
53.2682
50.8432
53.1321
44.5539
41.7235
49.2369
56.4912
44.8518
58.2297
42.0816
41.9316
36.812
36.7993
58.6775
33.4231
25.6602
57.8554
33.5264
53.3074
41.6164
49.1597
39.8954
47.6914
44.884
50.1517
52.9961
58.4936
30.6639
52.4945
45.6803
50.2767
34.4222
55.7789
60.341
47.721
33.3818
50.1288
19.1986
59.9432
56.4152
54.92
48.205
55.529
46.7881
59.8087
58.9311
52.5965
57.4722
50.0157
35.6286
59.9182
62.9755
57.757
48.2047
58.9978
51.4548
58.519
62.809
32.8895
55.8347
30.8563
47.3736
42.7632
57.8116
44.246
57.6647
55.229
38.7489
47.9206
35.4087
30.1141
57.2436
59.137
50.9431
57.581
21.533
52.0799
39.5444
52.2719
49.8409
48.0595
59.964
36.8951
53.0625
47.7865
45.8296
45.2694
44.2484
57.9298
35.6311
48.0734
40.5425
21.5338
52.2254
32.9941
25.5682
55.2145
52.2186
38.5514
60.5121
49.0905
35.2975
45.9742
47.947
52.2192
49.6062
53.2569
42.7269
48.1264
37.3722
10.2115
61.3216
34.0262
46.3289
57.7436
48.5068
54.5334
36.9349
46.9254
35.4191
48.1918
40.4907
37.311
57.8362
48.9164
22.0343
51.9662
59.0945
55.9147
44.6561
50.3634
57.6005
59.3148
62.8163
48.3248
56.4124
31.7946
58.923
24.4714
49.4021
26.2664
54.7722
57.0189
30.5747
60.816
54.7659
56.0627
33.0732
47.2277
50.099
42.3984
55.2896
51.9366
44.8046
36.9791
36.1288
34.7114
57.0548
45.4282
59.6393
44.8985
46.8602
60.7146
36.7482
48.9884
34.7151
34.4418
32.9365
40.5292
36.8142
44.1868
44.9862
42.0199
49.5428
61.2434
44.0553
60.9648
46.5708
42.0495
53.0654
53.0489
53.8855
28.8422
55.4187
63.0886
31.25
57.1627
47.6119
36.1124
59.6767
39.4799
47.5905
52.3391
46.8444
49.9333
60.4959
45.8138
21.5666
34.5855
48.9922
38.4306
41.2905
56.1825
39.4184
50.3298
50.9289
44.8522
56.3895
40.7283
45.4651
54.6059
56.6283
58.0291
49.012
40.8426
13.8764
38.2067
29.749
18.2455
35.0708
58.5172
50.1145
54.2716
59.8842
50.6753
19.4069
49.3442
48.6196
49.9579
57.6784
59.3289
22.4727
46.869
40.3285
60.9536
49.4244
25.6543
28.7611
46.5993
59.3195
61.8432
40.6694
34.413
41.0295
22.9502
52.1152
55.5275
42.8741
35.1412
56.6027
34.5785
28.4947
41.2421
60.8538
47.6026
45.4095
55.4782
32.8849
57.9417
49.7988
48.0613
26.8245
43.8849
36.3122
53.3027
50.615
44.7113
42.8885
46.1188
45.9377
47.8907
54.0786
51.5636
27.8034
58.7413
32.3114
53.3591
27.6836
59.7071
44.3981
37.1382
41.8896
33.3368
43.8924
46.6224
48.6941
33.3338
49.5801
38.5819
34.2671
44.9458
58.257
39.9019
23.9425
37.6447
54.1485
56.8331
31.9286
40.7419
55.6411
34.0311
58.1755
46.8016
29.8638
47.0377
48.6332
40.8476
32.1588
39.0394
39.6012
48.9931
36.7088
47.3
38.9803
55.3388
44.2954
50.7124
49.5067
54.3688
56.6233
30.1909
49.4502
45.9604
49.9955
47.3835
55.7253
17.8228
53.0909
56.3502
61.4052
34.6525
41.4843
42.0765
54.3356
27.4052
56.0879
54.7972
19.6767
34.5431
41.869
58.7331
55.7998
40.3922
49.2524
30.234
57.0443
54.2909
35.0655
57.1518
51.6528
53.425
32.4408
59.2673
48.6876
33.4828
35.8525
53.6714
41.5382
49.879
57.4097
32.4333
45.8409
41.1478
34.0122
42.5876
40.7511
61.3799
33.2432
45.1879
52.6094
52.5623
54.3613
36.3512
62.1188
50.2584
42.4105
25.9487
48.7767
53.6102
39.0349
51.5567
48.8833
39.4661
56.2634
50.4602
58.3702
45.0174
54.2988
49.7653
47.8679
45.8018
33.3521
49.079
35.5104
58.7176
56.4337
56.4222
50.7569
42.4516
49.544
46.9524
43.1239
42.2757
51.8563
47.5947
56.4149
60.9939
48.2025
16.7901
20.687
56.3561
48.8408
61.0819
40.0803
50.3354
48.6814
43.8686
35.4769
47.3966
46.6704
43.95
28.4924
38.7153
57.7469
52.679
61.2605
39.4752
37.8563
59.0028
55.9216
47.2945
61.7112
31.2006
61.0622
43.8216
58.7561
9.2387
43.1662
51.2551
53.7398
30.8187
31.0401
54.5302
41.9345
33.6649
22.2052
46.3787
62.6393
37.9934
49.555
56.9949
59.1876
41.4331
30.9391
59.9377
50.4217
48.406
35.5102
55.9625
43.786
52.0425
56.675
37.4401
44.2857
52.985
44.3121
47.629
54.9914
48.6932
47.7204
53.7938
35.3502
56.8663
59.1551
47.4525
48.1828
47.8506
44.0912
41.2763
37.9817
35.1625
32.1845
57.0919
53.3773
44.0599
54.1404
59.0681
31.3575
29.3198
31.563
36.7278
52.6798
56.0853
41.0813
58.448
61.3013
55.6787
48.2622
55.8372
60.4133
48.947
52.5586
42.7041
59.7927
60.3654
40.5862
50.1792
29.5215
49.4096
54.9035
62.8008
45.3463
41.1893
38.3588
40.0255
37.3582
51.605
59.4485
58.574
50.4701
61.379
61.2066
43.593
49.6081
34.8787
48.7816
37.8521
35.8449
40.9437
43.6696
53.6535
39.1896
49.4949
49.8468
52.0641
26.733
55.1891
58.8456
52.9543
50.5125
51.47
47.2598
50.2931
39.3438
50.8552
50.7372
51.7976
59.1264
45.5523
55.9624
45.2835
36.4058
46.8968
37.438
47.6651
44.2112
25.7826
43.3318
56.4674
58.0648
46.6515
59.1206
56.777
52.8035
44.0288
46.2615
50.2498
51.2678
56.0736
36.3036
56.2979
45.3096
31.9513
56.3521
57.1841
43.377
57.0266
54.989
55.8125
49.0238
49.3445
26.2847
26.1222
46.3147
30.0634
46.1071
60.0024
54.1342
58.5141
41.6518
38.9736
20.2983
39.0271
46.3194
57.5606
49.4607
35.2959
49.0172
49.4987
57.1907
50.4113
61.317
54.919
44.9442
43.5041
47.399
57.5222
49.7511
45.3574
50.8044
59.6305
40.0824
57.0606
47.953
50.0275
46.0764
58.4083
35.3022
29.7687
57.2517
31.7045
58.0328
44.2936
30.9433
56.5322
27.9679
49.7997
53.5849
39.9656
55.681
46.2276
60.0143
43.5761
55.8042
46.2455
47.41
44.6339
58.7319
54.2727
38.569
63.4377
49.6922
47.1074
30.7186
47.6479
49.4024
48.5523
58.3367
41.2578
48.8656
48.5354
46.2904
47.9715
61.3085
42.2576
23.6077
44.6055
52.9285
46.2449
47.5184
45.8705
45.0068
26.8521
49.5606
45.0415
21.7879
46.0498
46.744
41.4335
48.7811
44.2709
47.4148
46.052
40.407
47.0457
45.0547
42.7441
51.4945
61.6642
45.7636
38.5437
34.5686
49.3224
31.0918
49.8936
36.575
46.33
36.0591
55.7689
42.4947
55.0413
50.3747
31.4665
57.5594
60.0936
28.1893
43.4251
51.6436
57.6557
51.8561
48.415
46.8268
38.9634
34.4763
59.7133
35.1234
51.463
47.8511
61.6433
49.8195
39.8906
60.6796
56.6972
15.2343
34.8237
34.5599
60.0492
30.8305
30.2928
54.4632
48.6655
47.1211
50.5166
44.1642
51.4867
49.6499
43.7465
58.9467
54.9074
21.4842
32.6399
28.1938
54.0126
40.8536
36.2498
30.0158
48.3461
52.301
51.4688
53.8363
47.8594
51.5389
49.6974
55.087
28.2694
51.2321
52.8439
54.0639
52.3875
43.3027
54.7052
46.7811
30.5961
55.8979
49.2119
37.0001
37.3189
40.1955
44.4159
59.4601
51.0087
33.3331
47.4747
33.464
46.2271
31.9192
53.2334
44.5815
51.188
29.8036
31.3069
48.998
61.9885
44.4392
44.2105
52.8519
55.723
49.021
46.5036
39.0664
58.4413
28.3389
31.8191
51.8754
28.3607
33.3094
35.5599
26.5882
58.5965
50.3841
47.2838
44.7685
20.6065
45.7915
50.7596
45.6709
59.95
23.2346
49.1071
50.8459
48.2245
49.6029
49.4153
49.76
58.1243
30.8489
58.0395
48.6721
45.9335
49.3978
32.9076
52.3718
60.3861
31.9002
24.789
32.8235
48.6648
61.1868
48.3807
59.5157
39.7808
49.831
28.3355
57.215
18.7373
52.0614
59.5758
24.4825
42.2535
52.7322
60.1343
53.7737
58.835
42.5987
31.8101
59.1196
27.6407
55.4089
45.0688
39.51
44.9079
43.7051
22.1985
54.8912
40.8334
49.4204
59.8838
50.8259
50.5967
41.4775
63.2952
50.2452
58.2854
49.4807
49.4721
54.4485
42.7895
38.9633
56.0699
61.1741
37.9538
36.2793
33.9316
58.9898
59.1115
20.4637
47.2546
49.0497
20.415
49.37
44.296
58.4276
60.0289
34.8629
52.2481
57.6196
42.8038
48.1071
29.1034
59.0594
54.5714
61.852
46.8517
45.7739
58.2948
53.4387
60.1785
50.2219
44.3231
24.1044
52.5216
48.4854
34.9026
53.0997
48.7662
47.7651
58.0718
46.8461
53.2039
45.1303
55.175
54.3764
43.8909
51.8088
48.5025
45.9333
53.749
46.1129
47.5601
40.3934
39.6989
38.6333
49.1286
59.7732
51.429
37.6835
53.1979
48.3945
50.6474
36.3899
48.7912
51.1311
41.822
44.039
59.9439
52.8265
48.9499
41.0106
50.0256
36.5859
40.34
53.7386
32.3697
40.7067
48.3365
61.3718
47.3322
50.7667
59.1917
38.482
49.1366
32.6573
49.4792
50.3389
36.2748
50.7961
49.0954
42.6167
55.9131
49.6892
29.2122
33.5684
52.082
46.2754
47.529
43.5209
43.9919
48.8051
40.4269
51.0982
50.6963
32.6467
56.5741
36.877
27.5287
57.23
53.4395
36.1188
39.0249
31.6924
17.138
40.9215
15.7877
49.5768
52.0886
33.4534
48.9935
44.9023
58.0862
59.2469
52.2526
56.1607
58.4678
55.879
52.6528
25.1252
47.7163
37.4226
55.0867
36.9489
35.7973
45.1473
55.4488
19.486
57.9718
37.4195
30.1355
41.2511
47.992
53.4488
46.1935
34.5109
27.5501
55.9659
38.6791
52.0199
30.0543
35.6809
52.477
60.5851
58.1812
41.7662
49.7996
59.3687
56.4884
58.8227
51.0539
52.465
50.9496
57.216
45.1466
55.3928
55.7039
58.3096
57.7131
51.9261
45.3459
34.818
53.9831
48.9329
53.7992
52.8129
30.3858
46.1638
44.2202
38.1598
39.8819
34.0432
61.1868
44.422
51.5386
63.6917
49.4813
35.1061
47.9118
58.0153
33.8218
59.2348
48.489
61.2724
57.2432
24.5868
48.5318
33.2075
44.8271
51.8036
58.9625
53.2564
42.4331
28.0334
47.8328
30.5376
49.1802
59.5795
36.4943
49.5426
48.4949
50.0103
31.7468
59.457
52.7583
43.0543
30.3702
42.6422
49.7028
49.8901
25.093
48.9673
38.3795
48.1636
33.9727
32.0068
53.9293
65.401
51.1776
42.2002
38.9379
35.9363
41.0576
56.1447
47.5489
31.6042
34.5602
54.1696
61.502
28.0868
45.2638
57.5972
47.859
46.959
56.4447
38.8256
53.427
49.7421
43.4549
31.731
46.8883
47.2568
28.586
41.042
56.3736
26.2847
44.0243
35.7561
50.0308
39.0314
46.8017
39.9137
39.4827
47.691
54.2326
59.3983
55.7652
43.9444
28.8635
57.6997
55.9372
46.2832
41.5406
56.7492
51.9534
51.9115
48.8647
57.5585
33.6504
45.5886
49.4846
42.1968
49.0456
32.4703
55.2046
59.8625
60.8611
58.0909
40.737
52.2813
52.2774
34.1575
52.5257
32.1618
58.9552
36.3052
49.9073
52.5878
49.1082
55.1393
54.1559
60.0028
59.9107
51.5988
59.2174
52.1089
38.8997
54.9852
58.8157
29.1363
58.3466
58.5675
45.5056
43.9918
59.5339
53.3176
38.259
49.9737
32.8405
56.4102
39.7738
57.1366
54.8188
49.7726
29.7326
41.2392
49.1546
59.9547
51.2883
38.9903
58.8219
32.5242
45.7628
44.5102
42.3467
46.024
43.6059
56.1228
48.5695
48.5726
45.94
47.6677
57.7989
49.2388
45.674
54.8566
47.6143
55.1403
45.1839
51.2723
56.2359
21.557
62.1659
57.8703
49.3139
42.1654
31.6596
58.3241
50.6354
60.0802
58.0926
51.3988
57.4514
29.1009
52.3684
24.7901
44.2787
47.0548
42.6027
54.7112
58.1325
42.7078
45.1114
47.083
60.9641
61.499
58.8554
57.1481
42.3332
58.0931
51.0826
49.5991
58.3899
17.6777
47.3545
30.8786
44.7271
53.3537
53.2675
26.7021
41.0724
54.1738
42.1309
36.7725
32.142
49.0859
49.0702
56.5116
38.0866
38.836
49.3638
53.4255
57.8213
50.7908
49.4862
55.8991
48.2841
52.0789
54.0828
49.6869
41.871
61.493
59.8815
46.917
48.5108
24.2213
63.9821
41.8703
57.626
57.5649
44.6185
25.7539
45.3417
63.3614
58.038
24.3942
34.5329
42.6401
47.5976
40.153
49.6668
24.8232
53.0237
46.2659
45.0238
56.0567
35.1194
38.1175
48.7754
52.2256
33.5189
44.2994
62.0379
35.2128
50.3313
53.5286
52.6151
42.3019
29.7724
43.1536
32.6595
45.3061
55.9991
14.7881
26.6568
62.2792
59.9767
41.9658
59.6096
49.9328
39.3181
47.4867
53.9126
45.6958
40.8431
43.3956
54.0437
36.5168
54.3062
40.283
45.6971
60.0681
40.8804
56.2084
50.8466
54.7675
49.6148
43.1687
58.0103
50.1475
57.4035
48.3968
61.0833
45.3607
35.1476
44.827
39.8075
45.3441
57.8599
52.0048
57.4139
58.5769
59.6863
56.1696
42.6193
54.5442
39.0996
48.0925
45.1957
48.3017
58.4659
45.2235
49.4544
50.6405
53.5464
41.3409
51.9106
43.9254
59.0482
58.1663
46.1811
44.2242
45.1484
56.6923
57.8775
58.1023
29.2365
50.0512
49.8074
59.1317
52.6962
58.8872
35.0679
46.4314
45.9849
56.4897
49.4159
57.1192
31.5739
45.3986
37.9069
49.1844
49.2473
55.6174
55.592
59.5569
48.4795
33.0795
32.5562
53.7187
46.6882
37.4849
58.7381
41.1119
51.6982
61.1864
48.4751
52.0511
37.5263
52.86
36.0667
56.5412
56.6374
54.1227
50.8215
51.2591
62.682
42.1691
60.1407
52.5094
46.4468
36.9575
58.3413
48.8654
52.9454
58.8412
42.5919
50.3245
34.34
52.2035
27.2368
55.1444
47.3806
49.7631
54.0039
45.2699
59.2586
58.6837
41.1788
29.7991
45.9487
59.5868
33.4723
48.3873
24.0566
29.7087
47.0674
59.6015
63.3676
50.6209
52.7606
33.7391
52.8868
50.6166
50.0847
48.8296
35.6648
58.0611
39.0286
51.0134
43.1511
36.1718
57.9911
36.3382
47.7334
38.2823
34.9032
54.8371
48.2505
59.6181
29.9148
59.6482
33.6703
38.8734
56.012
35.8727
43.3207
60.8062
42.2299
35.4967
37.2238
44.7803
61.1226
32.1779
49.9523
42.9357
49.2632
32.0739
40.5911
47.2768
27.7562
33.8522
30.1275
50.1412
58.2035
44.5995
37.4856
56.0007
35.4404
33.0782
35.8704
43.7989
35.212
35.6301
56.4838
40.1172
35.1235
56.1777
43.9192
58.1503
42.0432
48.8626
34.3205
34.0483
56.6548
37.8425
50.5562
40.0259
49.601
60.4851
51.3719
63.383
50.8501
41.8192
51.6443
46.0211
50.767
57.3212
47.0915
31.4618
36.8892
29.2895
40.4344
33.9994
47.9309
51.9506
38.789
53.0386
59.9967
49.5087
49.7645
43.9355
56.2658
26.9807
25.9615
47.2756
29.3953
16.7186
48.5257
48.0625
44.0941
32.1393
36.0664
52.7268
47.8548
47.7684
54.3704
46.0894
46.6109
56.5351
56.4572
53.9469
51.7256
45.587
44.6526
43.5957
37.8658
44.9182
57.5153
34.2374
47.4919
61.1428
34.6321
57.2611
33.4929
59.9569
37.5044
50.4811
53.2372
55.2971
40.542
56.4554
42.9628
59.8212
58.3261
57.2055
59.2823
48.9767
33.1197
47.7318
47.6269
49.1678
44.1758
66.0536
44.5725
52.6723
60.183
39.633
50.7701
24.2903
40.2814
57.895
40.8211
46.2853
19.75
40.841
52.707
53.8802
27.4988
45.2945
46.2307
63.6197
31.226
50.0364
50.6042
43.5141
41.7674
49.3872
51.0575
42.7877
45.2036
35.0175
53.1365
31.217
44.9158
47.899
49.4997
59.188
53.2998
54.6457
23.3554
36.9957
57.6185
49.7816
49.7094
45.0887
59.9111
47.2153
32.4066
57.8157
45.2673
34.9482
38.448
57.2462
58.3746
58.7062
43.1772
55.5054
36.4179
46.7067
49.6895
43.0348
54.8841
43.4173
45.7116
57.1478
46.3428
33.4773
55.9471
59.7935
46.5191
50.3388
59.934
39.1915
52.2557
34.4686
58.5746
70.2486
38.8032
42.3654
51.3444
53.8872
57.3288
57.7367
48.0538
32.8974
48.0255
54.8999
55.5643
38.2692
23.7186
54.9454
56.8813
51.8206
56.4838
55.3729
43.2393
57.8201
48.026
49.5028
37.899
45.3884
58.5262
44.7768
48.0001
59.2566
32.8536
59.254
46.2444
39.6325
59.9104
40.3398
58.199
46.5688
62.7803
45.9022
51.437
49.8662
58.1265
58.9884
56.8121
45.3471
45.2857
59.6351
47.6533
48.2977
59.0995
32.7992
27.6538
32.9884
38.072
24.5019
45.4377
47.6186
58.5026
53.0281
44.792
49.3461
46.9724
37.8316
52.8849
61.583
55.4596
42.0117
40.4993
57.8088
38.5889
40.6849
57.9105
48.3658
50.3789
41.1748
49.3342
56.5484
59.0406
51.2994
48.9427
42.6909
45.0275
36.9649
49.5333
60.9308
55.7171
57.3924
47.1416
56.153
55.3455
39.5142
41.5478
18.3347
49.5815
42.8173
29.5059
48.6154
53.1279
40.5193
56.1312
55.3472
50.236
45.261
56.2421
36.8942
50.426
31.8735
31.973
38.9359
37.2285
57.3639
45.0528
52.1859
56.5658
43.5842
44.358
52.4955
21.8792
29.6661
22.8978
60.4534
33.571
41.6787
40.7808
34.5261
25.8229
62.3332
53.6308
42.8305
28.8908
54.3174
37.847
49.9186
57.2183
34.3955
49.4809
47.765
53.1514
61.4233
59.5993
27.9829
49.7938
41.7336
52.6422
52.7669
35.7246
22.501
44.6296
55.2098
58.6414
40.1776
48.5238
49.2033
45.9962
42.9092
31.9009
52.8046
38.5316
46.4118
23.5488
50.3926
49.5304
52.7942
50.4828
64.6378
46.2261
26.5557
34.4368
36.1624
46.7016
53.471
58.1678
51.3057
37.655
49.6176
30.4363
53.8796
42.4112
53.7617
43.6846
59.7753
50.0032
57.4276
58.7397
52.5247
60.1434
40.8076
37.0393
35.5012
47.6238
49.8377
53.1502
41.7292
49.0374
55.0783
40.8108
58.1411
37.2734
63.1855
47.9433
48.0676
41.9851
55.3526
49.6899
33.2302
58.7695
33.266
63.296
48.3415
58.8419
55.6755
53.629
46.618
50.3218
38.5992
51.1905
36.4005
45.5337
53.5824
33.9452
56.3198
57.8588
43.6967
55.2194
37.1867
43.5408
48.2067
20.7601
52.4532
43.6866
31.2042
39.4585
58.8128
45.6116
49.5506
36.9629
56.2069
26.7434
59.0207
47.7814
46.1774
38.6473
50.0883
63.3592
56.5476
31.0909
50.9085
54.1195
48.3597
45.2113
48.7707
45.0624
49.3277
43.3185
42.8685
55.0867
62.2832
49.6379
47.7221
53.5986
47.0935
43.2428
49.5577
31.5763
49.5477
57.7331
45.1957
40.3279
52.1551
36.9122
50.867
51.5439
50.5881
27.7218
55.5178
25.4994
46.2446
46.4537
45.1839
63.0557
45.5903
52.2767
61.5995
53.9013
62.665
38.8071
62.9843
42.4592
36.6519
45.7439
21.6271
26.4409
29.7724
44.2047
48.7261
54.8552
26.0847
59.6008
29.5421
27.0514
54.858
52.0677
34.4799
54.5989
38.3182
58.2835
31.4719
45.491
48.9618
62.051
48.1313
51.4724
28.1001
48.3345
48.8782
46.8924
40.4218
58.8016
43.3334
40.4814
29.5161
54.2142
54.5159
29.4022
43.2992
21.7139
59.7065
41.1776
42.9353
29.6646
43.2965
36.5642
47.8623
48.6935
55.8034
53.6233
30.8242
30.234
31.5724
44.0213
49.7229
56.3049
49.8701
43.7595
42.5065
59.0529
43.1266
58.6541
51.803
49.531
57.9659
61.0949
59.4326
47.2238
58.1896
57.094
50.7517
50.8441
57.7719
49.5274
48.7515
59.093
59.6185
46.7704
42.0681
32.0652
31.516
51.6101
63.2976
34.8716
59.5106
55.3378
50.3666
52.5301
59.6373
42.5
44.4211
50.4663
53.2391
30.6745
43.113
54.872
48.4803
49.9824
60.8117
38.1869
42.3848
39.8823
52.7412
40.1022
35.7653
50.2802
41.6254
27.1085
33.4569
48.5514
57.3704
61.6254
46.8387
61.6032
44.0023
28.8206
33.0181
58.1029
19.4213
50.8008
35.5091
39.7952
31.2492
57.614
42.8784
55.7094
54.9852
65.8937
46.4362
47.1512
44.6498
40.2386
46.155
49.2528
24.7406
50.1593
61.1376
51.9223
52.9504
49.6711
23.0401
63.402
60.459
50.6493
53.802
57.5178
61.6688
57.3475
41.7951
60.8151
41.0966
60.7076
59.4292
47.1522
47.697
52.9269
62.9749
45.4617
58.5866
58.1457
64.7584
46.0863
43.2347
57.7967
44.9549
47.5306
32.8926
52.8472
46.3229
44.8075
53.5215
41.6628
38.0277
39.2964
46.0506
22.7545
32.4537
57.2167
47.7982
57.9529
44.3717
37.1749
58.1582
46.9156
51.4048
43.1129
54.8885
51.3855
36.1781
48.8103
43.1346
56.4567
57.0699
45.5752
48.5219
37.0915
23.5825
46.2031
47.3408
53.9897
59.2023
61.2415
51.804
39.9281
61.3244
35.478
57.4767
57.2111
46.2866
54.0125
56.3009
46.6944
48.0804
28.0425
61.5309
43.9529
50.2333
46.164
49.1238
50.528
34.2425
49.7706
50.5878
34.5141
52.2757
32.8464
43.0151
52.3817
60.2364
49.3516
42.4606
37.1063
49.5265
26.6467
59.9409
58.4677
52.1981
38.0177
50.5087
53.5968
38.6498
39.8593
53.2146
61.2709
43.1755
44.4649
51.075
37.0639
60.5769
57.0569
45.995
56.142
47.2312
58.518
50.0645
15.3109
41.595
31.6925
60.1403
31.4402
42.9945
44.9787
47.1597
57.616
42.566
52.944
49.8824
54.6445
40.6395
33.6791
59.5947
42.7452
49.3854
37.8415
44.5209
35.4933
51.3362
42.746
57.8971
58.727
45.0915
34.6335
53.0514
50.3432
53.0028
38.0491
45.2314
54.7971
58.2427
45.8915
45.905
63.2397
59.0256
39.114
45.9278
18.4116
31.9817
60.3017
53.1375
32.2041
46.6168
16.6087
43.8031
54.9965
56.973
30.5052
44.9145
39.6844
48.8401
56.4828
58.374
63.3877
56.3983
47.1708
48.0322
51.6648
34.7502
61.8154
49.7674
40.2655
46.922
50.4189
42.7461
59.9514
60.7223
60.7255
42.329
54.9189
23.5168
56.4772
44.9784
17.6948
38.0061
49.2873
39.8604
59.4258
46.9818
32.4002
59.7661
53.4234
47.2102
50.0651
44.5919
51.8752
61.5718
37.5704
49.9244
47.8787
59.6376
51.1705
47.119
43.2096
52.6724
58.3829
26.7073
41.811
58.1794
43.4532
62.6524
47.0814
58.9063
23.6952
37.5335
51.244
40.9187
22.0155
50.6558
57.063
46.2958
43.2202
53.7344
45.7116
46.841
36.02
51.2476
52.7478
59.3522
41.3269
47.8064
54.0949
56.416
62.4205
18.9796
46.595
37.5452
56.6174
47.9123
60.5
48.7591
60.1621
68.5823
10.8714
34.3177
49.436
55.5688
59.8879
20.3042
46.3325
55.3411
49.1547
44.1892
53.149
39.3932
52.6152
40.6342
61.574
51.9162
51.8769
54.2874
50.869
15.288
36.3787
36.8427
34.6939
58.2917
54.2115
48.6292
42.1104
54.4657
26.6155
61.6359
38.5769
38.2215
40.5666
26.0087
56.3875
44.6383
45.8773
50.3872
54.9312
46.6843
14.9945
59.0159
44.9185
18.0912
50.5904
34.3938
48.5014
59.7686
40.6153
61.0729
54.2648
60.1269
52.3183
47.6552
50.1271
46.1259
42.029
60.8638
48.1582
48.5619
38.752
50.6982
51.1286
49.6133
49.5
50.9352
43.5632
27.9322
43.0399
32.9183
60.0621
46.9883
61.3385
49.1969
53.2868
61.2871
51.264
56.0917
37.6072
53.0638
34.12
35.5683
38.32
42.7304
43.7582
47.0879
35.2211
53.7524
48.9935
35.5898
41.6119
59.0518
42.9607
49.3104
49.5472
57.7389
35.598
48.6052
52.1642
59.0583
53.6125
45.8446
44.0175
50.6737
57.3926
58.6305
51.7429
50.7845
51.091
31.5213
51.1466
48.3203
57.469
55.5526
61.1715
45.679
51.1444
48.101
57.3526
58.1936
49.4541
46.9276
40.7859
59.8949
55.2822
57.6973
46.331
45.1902
52.8035
49.4454
13.0908
61.2928
37.0148
27.5021
34.7114
30.192
59.9684
41.582
52.2275
62.113
51.1179
24.8935
60.5551
50.9904
36.5044
48.5798
59.6221
43.1225
45.6301
37.2985
27.59
50.2316
49.5553
30.3527
38.0461
53.7801
43.702
40.5698
47.3295
51.4403
34.8343
50.7044
50.4245
44.9399
43.5083
54.331
43.6922
32.1915
48.0042
49.8038
58.7813
42.7508
52.0932
48.8288
29.5524
51.0519
50.8918
59.6106
56.2954
43.243
43.4188
44.4905
59.361
58.4164
51.3618
43.8982
53.1777
38.3082
35.0185
40.0304
47.9898
54.5905
33.7495
43.822
49.1729
31.4648
60.8866
44.7733
47.0165
49.4436
49.2681
45.9053
49.1863
40.6336
33.0285
29.4664
52.2397
56.8873
55.0568
58.8006
58.2183
42.235
48.0067
35.7073
37.7663
50.3415
48.9831
56.4491
59.8416
58.1891
40.1808
48.5013
53.3554
46.8074
46.7714
61.6441
46.592
45.4489
37.2343
46.6887
43.2834
48.099
34.2989
33.5137
58.1533
44.0172
51.7573
51.1069
50.1544
39.6446
36.4961
32.428
29.3743
20.7253
48.8966
23.1032
32.3215
54.016
41.3784
41.3437
57.3699
58.2763
58.3228
57.3614
37.0289
41.1534
44.461
54.0051
45.5293
41.4626
37.1868
56.5012
46.7545
43.9417
38.9252
31.9991
52.1594
23.2275
51.6973
59.9961
50.2272
58.9295
50.3876
20.7292
50.3332
38.685
51.5875
34.952
56.5688
44.283
42.6962
38.1313
48.9974
40.2808
48.8451
53.131
59.4895
58.9295
37.6788
61.9562
60.4219
44.29
51.1394
51.4839
48.8316
48.5804
57.5825
56.2469
55.2397
44.7639
49.0639
47.1109
44.6497
52.6137
57.5503
58.4487
62.9846
52.2025
43.8182
59.9565
59.9393
57.6751
51.2882
29.4106
56.7405
38.5342
19.1265
47.4793
51.6569
59.8738
60.1205
58.1288
44.3178
57.5621
39.328
50.8173
48.0262
41.7526
56.8563
29.5647
46.3011
56.9285
34.4377
45.5489
27.409
47.8226
60.0003
52.4348
41.5539
47.764
49.5967
56.069
36.2849
38.3696
58.3207
32.2327
52.1334
62.0655
43.2986
42.9217
33.6375
37.6884
58.7398
37.7407
44.1072
53.0482
60.821
52.259
43.0682
47.3597
25.8929
40.1051
41.5394
41.0105
40.7235
49.6734
40.0779
49.5685
52.304
52.7202
65.4802
47.2819
54.0805
45.6139
48.0345
49.8451
18.4086
55.6572
53.3931
40.6432
47.2678
43.7506
46.8658
51.0039
21.9054
50.3795
42.6073
39.287
37.4998
14.6973
31.0035
28.2459
57.7469
16.2459
55.8598
50.2128
49.6492
58.3717
51.6943
45.876
51.9266
45.1165
48.1541
39.2216
48.1788
48.3406
47.928
13.4655
58.3506
35.6121
51.546
56.7919
48.3939
53.2245
23.7566
37.5164
53.3209
58.525
33.567
43.384
25.5431
49.5943
46.192
52.8985
27.1472
46.0029
39.7259
45.2581
53.6793
51.8281
32.6812
55.3338
26.6189
42.9491
52.0312
38.6425
47.5291
49.0629
59.1556
47.4102
49.4767
48.1763
48.8609
51.3757
53.5043
49.3623
49.4359
57.5269
48.5019
60.2261
35.1603
47.7165
37.1571
47.7267
42.8652
48.8396
57.4097
44.0106
61.5772
56.3948
33.516
32.5886
37.4119
59.5416
61.0349
58.2715
47.1268
45.0682
52.5803
31.5342
50.5995
53.9652
49.3182
59.4942
59.0218
43.1928
36.6219
36.1754
50.3511
49.597
40.7747
46.4934
50.2051
15.0569
50.2832
48.483
27.9221
27.8684
38.9693
49.402
58.1264
31.7147
40.0888
38.0034
50.0511
44.2398
26.5898
54.2869
41.7933
27.7724
56.1991
59.9761
37.2364
45.6533
32.7258
42.1623
39.6534
62.6507
59.2794
34.0451
37.1512
46.3864
52.5233
24.3058
61.8008
45.2251
33.8879
63.4271
32.2868
48.0201
43.0509
50.869
45.3377
51.8676
35.8353
50.1264
47.9636
46.465
61.5462
49.7178
34.8134
39.6193
46.4684
27.8101
47.8428
53.1836
33.7397
50.7891
36.2534
47.5083
47.7583
58.8939
50.2989
50.6662
35.9787
50.4321
28.975
60.5372
40.3947
60.6587
54.6091
33.6647
59.4253
50.1082
46.0413
23.1119
62.7512
32.0891
48.2619
57.957
31.0847
49.2216
48.1781
21.8032
57.3647
27.0893
58.4776
60.874
36.1843
43.2373
56.5985
40.3
49.8483
43.4743
54.0908
37.3399
50.6573
59.7544
55.5607
38.497
30.5723
52.1202
34.6685
30.942
32.7834
59.5095
46.2715
40.552
47.6332
61.6579
40.0991
56.6584
20.2358
44.8942
57.9213
46.03
46.8395
54.0258
50.1678
71.319
32.6764
47.1098
56.763
40.0837
59.6527
52.0161
41.2403
40.487
49.9385
58.6569
45.8177
48.0815
51.8531
53.9593
52.9885
49.0489
43.8026
36.2738
44.6917
38.8151
44.5722
57.0497
52.2563
49.6785
50.0122
61.2613
50.048
61.5101
46.7284
51.7878
52.2003
45.3891
50.262
15.0928
44.6747
45.9395
29.4841
52.6217
53.2553
32.7454
19.917
32.9645
49.7659
56.9035
45.9963
56.5105
45.3361
49.9271
38.0617
53.141
58.1364
46.3233
22.2523
43.2872
59.6285
39.1086
60.1451
32.6527
34.9028
36.5881
36.2584
57.0445
40.3538
58.9876
42.4321
50.8418
53.1897
43.5874
51.42
31.6053
49.1781
26.336
61.4804
28.7673
40.0153
61.3622
42.132
34.9395
44.6263
39.5739
49.8782
50.4602
58.6273
51.3969
49.7922
48.1414
32.8868
43.0656
55.3406
61.4947
53.9949
45.4006
31.0732
58.5923
28.6497
57.2418
57.0843
61.5445
59.1698
49.5462
63.2184
49.9819
41.2459
57.6503
39.0451
60.3428
45.8264
58.1201
48.7627
57.2551
51.942
42.0705
29.3813
50.0585
58.1793
59.8929
40.069
32.0321
28.4715
60.4773
50.8842
31.8233
61.9022
33.2087
53.606
59.2868
57.9126
50.1572
48.4947
44.0579
58.7247
45.2759
31.838
48.6683
59.3727
57.9588
45.5645
39.9847
55.5345
54.3073
51.9133
55.3859
57.4748
51.589
49.8146
49.5077
46.2911
33.7354
51.8577
44.3779
52.3365
35.3255
45.9682
48.045
48.2257
29.2771
43.903
45.1488
52.3836
47.8405
29.5065
48.1209
45.399
51.6289
35.9152
35.4415
61.1151
40.9355
40.6056
58.8502
46.0067
15.046
48.1331
51.8694
57.576
47.2254
44.7406
46.1869
48.2324
53.0175
57.4893
43.0893
62.2852
43.0092
50.7849
51.3
57.0974
61.5272
59.6155
45.9451
56.4138
48.4215
40.7625
53.013
44.2343
60.1153
43.5977
42.3471
59.3845
12.5797
51.0118
33.8706
33.0415
49.761
49.4045
45.3516
33.8105
61.2802
51.6778
42.0258
27.3216
42.648
51.5343
33.7723
50.0731
61.2021
46.6497
51.8718
42.5156
55.0864
50.0335
58.5989
47.6897
41.4255
44.6868
64.461
54.8377
32.8182
44.3565
48.6136
59.047
39.5285
44.427
47.2483
45.5045
51.0314
36.0738
54.7003
58.5915
53.8427
30.5815
52.7381
47.9433
48.8404
33.791
54.2127
53.5886
35.9401
41.2924
53.2356
22.5598
58.7271
47.923
60.7251
52.2794
26.7395
58.8321
40.2293
14.8108
47.2509
19.9286
57.7103
34.2647
33.1723
50.0569
30.6896
58.9812
49.2407
48.7078
57.9752
64.0678
60.151
23.1596
45.5318
53.9016
53.1767
55.0266
38.7794
31.3236
58.1242
46.6159
58.6248
39.1592
29.4704
42.6413
49.4042
51.0415
17.9255
38.8282
17.174
29.7405
46.5515
32.703
52.6742
48.621
40.7593
29.9244
37.8424
20.2373
47.568
38.7646
49.5451
51.0919
38.5839
55.9411
60.8037
57.5115
39.004
61.4434
46.4942
48.5592
45.5888
50.8599
47.9995
49.2485
41.9672
47.1289
48.9334
44.567
49.1561
45.2756
52.8108
52.1497
46.4471
45.3197
52.639
38.981
60.8356
50.472
49.4651
51.0624
58.3757
61.4442
38.3209
22.3465
52.5183
33.0865
49.019
31.4219
55.7684
54.197
51.2476
29.7048
45.0716
44.895
33.2867
44.8596
30.5573
48.4647
43.4647
49.7539
34.9768
50.821
56.9068
61.8093
42.7496
62.592
48.1015
31.6032
61.859
55.8994
61.6321
54.7464
25.768
54.1949
56.4973
48.3678
53.4321
32.0278
49.6557
46.7332
58.3252
40.6195
17.9867
39.8629
59.6795
50.8485
26.6487
49.8628
43.5488
55.8242
56.326
54.3465
50.914
49.6158
59.4357
32.355
50.8315
55.9953
45.1456
43.8118
59.9498
54.7303
53.2078
49.9854
61.8417
40.8083
48.8985
52.7039
32.4744
46.0429
25.1946
42.4193
50.3401
34.1909
32.4299
56.3334
49.8293
42.3239
46.272
56.357
50.1796
44.1532
37.9147
59.1948
33.0676
56.3264
54.3378
45.2625
55.2605
58.4052
59.6691
39.4555
42.4363
52.2381
43.6584
49.5409
37.2096
43.7568
51.9307
32.9524
10.8847
27.9897
21.2144
28.0242
41.0192
41.2105
52.2262
49.7001
52.7082
53.2906
49.0007
61.3147
33.975
45.5606
29.8338
50.3126
55.9307
51.3074
61.2769
37.5058
46.0006
20.4376
46.8821
33.2474
38.1919
48.8846
47.7383
34.0835
21.0675
30.3546
51.3708
28.0354
28.1818
61.1115
43.5967
39.6095
58.5803
41.1645
61.9985
34.4811
54.1085
56.3539
56.2897
48.7597
42.19
54.1842
29.8462
51.4846
48.1092
43.1463
43.3121
55.5681
46.482
40.7241
57.2001
49.9409
30.7907
61.9768
45.1166
55.597
24.0258
72.6126
25.9835
30.6513
41.0285
35.0288
46.7912
57.0054
50.3251
61.7147
11.7043
50.1955
50.6168
53.1796
44.6672
36.0245
44.8652
28.3869
52.268
48.9671
41.0232
52.4507
53.5479
49.6823
30.8784
33.9597
36.1365
59.8407
42.5182
42.0932
54.1785
61.2559
43.884
45.2167
59.3824
52.2273
32.3896
46.4535
55.4545
49.4271
48.9523
52.3421
26.8546
59.0316
55.0627
53.2642
56.5666
53.1018
28.1847
43.5527
57.1519
46.4854
23.8086
53.7231
37.5142
39.6628
49.3803
47.0151
16.0631
45.0085
61.6426
52.1591
48.9468
34.8637
59.5598
39.9682
48.9066
24.1093
56.5891
49.5634
56.6522
50.0345
54.981
55.2933
48.2468
60.1086
45.306
62.0209
59.2822
60.9126
44.928
33.6034
32.981
50.9545
63.2269
17.6956
44.4669
48.6319
29.82
59.9352
44.9477
32.4753
45.4848
28.3154
26.4481
27.8805
46.0476
48.7917
53.7094
43.3457
44.9279
63.0256
19.8149
47.3115
45.9045
61.936
37.4154
17.0497
55.0975
52.8753
60.7019
49.5297
61.1124
53.8891
58.2207
46.698
51.3371
50.7008
55.3589
45.9252
45.7745
61.5929
58.8917
38.242
49.6168
51.7429
56.0335
51.9604
28.8757
50.151
45.8535
38.1309
32.7304
32.6003
61.5054
60.7807
55.3969
45.7315
58.2847
46.941
49.7255
57.8025
47.3481
59.51
27.0642
51.0584
60.158
51.0249
51.0614
60.6315
50.9659
26.4755
44.7313
46.5646
26.8496
35.9405
45.9497
43.7466
28.9426
36.6557
52.4128
45.6245
59.3163
50.8873
54.4475
57.8519
45.3262
39.2113
54.4114
57.3118
33.1219
53.4915
54.6671
59.7478
45.7123
45.8951
43.4504
48.6645
37.7504
45.7298
43.4726
18.6326
42.5001
53.0953
37.8549
56.4884
54.8062
48.6691
47.8644
30.7043
57.4702
54.2547
48.5066
48.2309
61.0411
54.2524
50.1907
48.1893
59.6352
59.111
46.4967
53.3212
59.6854
47.8596
49.8297
48.2238
48.3303
28.6996
42.4669
42.1035
39.8678
36.9545
60.8698
44.29
53.5847
51.0331
41.0013
35.1623
58.3295
36.3035
61.7511
55.9678
48.1579
59.6773
52.1681
43.794
40.54
63.2157
32.1234
43.2364
35.1687
58.8464
47.6284
47.3707
52.3862
45.0572
49.8827
47.067
56.2608
48.811
31.8205
36.4931
51.6491
