57.935
29.0289
58.7875
37.0141
44.6374
45.7523
51.6042
34.2486
45.6884
49.034
41.8753
52.3737
54.5329
53.9521
45.7742
46.7571
51.9325
44.307
38.3622
46.1421
38.585
46.4386
40.2756
52.1787
48.6252
40.8626
56.988
28.4238
48.4202
51.2638
50.0367
49.3826
38.7516
51.2478
43.9866
29.0244
31.0165
47.8469
57.8244
29.2604
35.5239
60.0563
36.1673
45.4645
51.1539
25.7036
57.5903
59.7357
41.8227
54.6694
43.9253
60.894
36.3022
55.897
60.1229
49.2057
51.9063
48.4424
59.726
50.0748
39.6966
59.6262
39.1936
34.2322
55.9394
38.529
54.2318
56.9428
51.3281
38.7674
37.3209
60.9165
58.8227
36.8449
35.255
59.1869
52.2458
49.2127
37.9927
42.5023
55.5694
46.9213
32.5179
38.3383
47.9699
48.2329
59.9663
49.9751
53.9615
50.045
57.8963
50.6569
58.0424
51.1997
59.083
55.1589
46.9318
50.3523
41.0959
37.3249
35.4943
24.0362
46.6087
55.1859
18.1249
49.898
35.7535
36.9531
30.8385
33.3766
51.4757
23.2007
44.3014
58.9884
46.9305
42.2044
41.6311
43.9552
50.8495
50.4916
31.9197
39.593
55.5922
57.0646
46.0393
42.4657
47.8213
51.6002
53.5372
43.1773
60.2209
46.8463
61.7339
57.9777
12.2341
40.0435
16.5162
36.9955
36.0072
31.7353
46.6371
42.1998
55.9829
20.2407
56.8122
40.0509
59.2277
56.531
42.4752
37.7138
49.6008
49.4517
26.5593
36.8923
46.048
46.6343
36.9547
58.8049
57.4309
48.7349
56.6346
43.9602
60.7718
48.5486
58.2637
58.1457
49.3531
59.5051
54.4725
43.2403
48.4956
28.8438
48.525
49.8001
34.9783
41.7385
51.6952
56.3396
60.1837
23.8069
53.2425
47.5628
48.8239
44.2419
28.4571
49.0342
31.4012
46.9806
47.4269
44.9147
36.2351
20.5709
48.8919
37.6074
52.3966
40.9651
50.4666
35.8752
59.1426
48.8867
49.5932
46.1182
49.0541
46.0863
49.1773
50.3636
46.8612
27.5797
36.2645
52.7437
59.8219
53.9754
57.5999
50.5761
46.528
46.161
51.6309
53.0997
48.9303
44.1815
55.5112
54.0984
34.2275
56.6419
59.0262
54.5902
57.6554
14.5762
19.6534
44.7264
58.7505
42.9033
49.7852
40.4247
25.8183
56.6816
42.744
55.496
61.0872
26.2111
59.7486
44.7538
37.6873
50.4752
37.9803
50.5719
54.1502
59.0504
44.1907
53.5497
43.7469
33.7076
31.9726
38.125
40.3399
44.4268
53.2262
32.2159
18.1223
55.0523
40.3679
59.5528
37.46
37.5975
44.6909
51.0207
41.6671
55.8211
42.2217
42.9189
38.4423
58.3201
34.031
56.4363
37.4263
54.1407
51.5835
48.7791
48.3521
47.5813
44.5616
20.6793
45.2161
52.0283
60.2004
41.0068
31.7736
39.4118
44.1976
40.2983
27.3211
49.9976
12.4153
46.0739
43.291
60.8008
41.9659
46.8823
36.0593
53.1515
57.3375
49.0807
56.6661
59.8849
43.3912
45.3128
55.5417
41.2769
48.8564
56.6709
37.6097
34.9106
54.1571
35.564
51.8227
48.7667
28.6152
44.2965
51.038
50.9617
42.3052
58.5675
43.4375
43.3939
44.7293
57.6743
46.3425
50.2111
56.055
39.2989
44.9982
42.0691
50.8344
59.4176
45.433
48.1977
36.59
35.0039
43.1352
48.2635
54.5844
42.9528
56.6043
47.2149
50.491
50.9556
50.5367
58.8369
38.7088
13.1455
57.3044
59.0599
47.3296
59.4168
59.2239
52.0498
42.9207
44.9705
31.7043
50.2333
42.0514
41.5748
46.2221
41.7902
63.3772
61.6669
44.4809
58.4318
48.9922
54.5168
37.9205
43.8234
50.7365
33.4644
52.426
58.3111
23.7863
49.2281
51.0529
32.0681
60.533
50.8044
55.3559
44.0095
44.1127
17.078
21.7632
47.3432
50.8495
37.5725
50.9049
39.6175
51.7005
44.0623
26.9289
58.8984
53.7359
32.4857
51.1942
46.3864
33.4758
49.5558
40.4065
36.399
33.0113
32.4773
26.25
52.629
33.3516
48.1173
40.5632
53.4955
48.7223
45.2247
47.5333
56.161
42.2485
57.1288
53.6268
44.9643
53.7807
13.7368
52.8113
36.6979
56.7781
43.1847
57.2927
48.1794
49.6556
58.8541
42.4631
56.7324
37.8872
53.2378
58.1276
51.9225
60.7097
47.4261
40.1574
42.6274
56.9067
14.4605
44.4373
50.4315
41.8075
55.3959
51.8505
43.6409
47.2587
50.399
35.5449
37.6044
50.5308
61.2887
46.6533
45.0156
50.1946
46.7439
49.5454
54.1526
53.6157
46.3629
59.3008
58.2983
19.0436
39.4937
47.1138
47.6276
47.5907
27.6339
39.5595
49.0203
61.6264
43.4704
61.3909
46.7697
42.7638
34.8359
52.4131
38.8237
21.3226
39.3785
44.9964
43.1924
56.8586
26.8154
38.089
50.0211
43.8396
55.1323
46.5285
43.3514
43.3263
43.0149
56.253
24.0804
47.1694
42.5727
45.6772
57.511
32.8616
55.4922
57.0473
55.272
24.4264
38.828
33.4168
42.5459
47.2913
51.3036
57.0144
37.8817
47.522
54.9658
47.3128
34.9638
44.8277
57.2263
58.2188
60.259
38.1716
60.0984
49.1641
28.3523
47.2365
43.9047
48.4627
43.1378
58.8088
40.6622
51.1616
38.4181
49.8284
55.514
35.7814
60.0906
54.5375
40.3734
42.8769
24.8495
56.6464
56.526
48.148
32.457
29.3545
39.0719
46.4604
24.5829
28.0968
40.7603
54.6126
53.3385
60.5471
52.6888
55.7726
28.0985
34.516
49.1731
59.9571
58.2055
43.751
56.4502
54.1252
37.8948
44.3963
41.6151
49.3723
58.6415
42.4589
47.8847
47.8754
55.565
49.2152
59.1064
45.8053
38.4416
40.1932
58.4399
40.0605
60.3287
61.3804
52.8519
47.8726
59.2378
49.4577
38.2084
47.3782
53.1257
28.3471
40.2523
56.682
52.7541
47.6981
50.6718
54.7992
48.6907
44.4197
46.7881
40.4407
40.9742
55.9674
43.9696
23.2327
58.8828
40.2826
51.4093
44.4084
60.0391
23.6413
41.6023
60.0967
54.5252
43.2905
31.4574
40.3077
40.3711
55.3664
37.0606
47.5353
57.311
32.724
44.6061
48.3683
42.8666
55.5454
54.8134
55.6742
39.5031
47.8264
46.9666
26.2425
56.6518
30.6862
51.11
21.4916
45.4207
60.4089
52.6604
50.2718
33.3053
49.3351
46.1055
40.561
59.6445
37.4745
46.8542
43.7489
33.5435
61.2257
41.0894
31.0432
24.0358
34.7457
48.5487
40.2141
46.255
48.2178
60.6073
44.4267
55.8229
51.3845
51.8679
44.6425
43.2287
16.6232
58.818
58.1801
59.4696
59.906
42.941
45.2003
47.0659
46.4359
44.3327
38.852
45.3883
50.5813
35.6131
47.4138
50.9958
18.5652
48.9876
39.8977
40.6343
52.8261
48.9506
36.5547
52.5358
44.3621
51.9197
52.8172
30.9886
31.542
21.9475
58.5677
53.5679
61.9363
30.1617
23.6675
43.5555
47.1411
47.1
35.3842
56.5844
40.0111
33.9386
43.8942
49.8978
45.6484
50.4424
41.9933
48.897
59.8015
53.5412
58.5278
53.8099
33.5845
20.0439
53.9445
48.9347
43.9146
56.4347
54.226
36.1098
50.0043
24.4934
45.0834
58.2509
48.9686
46.5156
44.8342
53.8346
31.9364
43.9867
61.5897
46.2863
22.3139
24.888
37.5099
31.7003
52.3691
45.7791
20.6545
49.5811
44.1448
59.8403
54.2762
54.0266
41.1948
57.867
40.0146
39.0068
41.1103
55.0759
43.9822
60.8637
47.224
51.5536
25.6651
30.9665
46.2253
58.0136
46.7181
38.6344
48.1831
51.8295
36.7746
39.0144
58.363
39.5096
44.4998
42.159
37.0099
46.7955
58.7615
51.6444
40.1768
55.2026
15.3222
57.2935
33.5215
22.9324
51.9541
41.7418
24.3552
57.587
53.0006
46.953
41.4846
44.2917
21.86
37.7168
44.0153
23.6661
50.6499
34.7815
57.151
57.623
52.0378
58.2562
56.3968
46.3258
54.9608
59.5412
58.93
50.103
58.5395
43.0744
48.019
46.68
49.2381
44.0257
37.9281
48.7322
48.817
46.9443
39.4653
28.9676
53.5592
31.698
48.0953
52.429
31.6836
59.0375
54.6879
50.3242
28.6358
42.9605
32.2546
57.1322
58.3458
38.0707
56.9736
56.0382
36.4038
52.4369
54.514
22.3192
47.289
47.8872
39.6782
56.2541
39.8365
29.8507
49.2241
34.6439
59.5759
30.2935
48.7595
39.287
46.413
55.5624
52.2911
59.6495
42.9922
43.7771
40.6314
45.0597
54.3856
49.6946
50.4824
59.7534
50.2708
19.0256
45.433
34.3781
58.0731
35.9501
44.6763
59.5979
46.3289
57.2781
47.3896
47.8029
21.1843
57.3601
52.3037
39.9445
44.845
33.1115
50.6529
62.1787
50.7392
32.2735
57.8595
44.0946
56.335
51.4287
51.2502
53.5532
50.5527
59.2054
40.8206
38.0371
53.58
50.4075
48.5807
47.4665
58.5857
44.0927
56.6977
52.0607
53.5167
44.8006
46.4679
55.4201
59.4308
12.9404
57.588
59.2104
47.145
37.1347
59.1815
61.1401
31.5933
60.5761
47.2212
49.9394
53.8954
43.9048
48.9526
58.5466
60.0255
56.831
55.6134
49.5303
38.5909
57.2591
53.266
36.3967
47.4823
53.6315
35.4171
55.7093
38.895
61.2902
61.9223
34.1936
39.1214
15.7518
50.6255
44.6621
59.0817
43.0014
49.703
41.8804
50.1243
32.2181
50.4034
37.0455
40.7522
33.6496
37.835
55.4702
56.6363
40.6388
58.6693
57.9667
33.1563
58.358
50.4156
58.484
41.7008
48.0322
29.7013
38.1213
40.008
50.3726
49.8501
57.7602
39.3705
29.0029
40.1346
45.3796
29.2405
58.6324
38.0856
61.469
50.7057
23.3995
62.6564
50.9126
43.1968
50.7605
48.1079
32.3203
46.7576
37.2816
49.1934
33.6485
49.2339
46.808
51.7661
55.7627
27.4009
38.7198
31.0742
50.5771
36.3497
90.226
52.1153
40.7161
40.0599
46.9173
18.7721
38.7664
28.3412
42.4442
41.9855
41.643
52.5048
33.8511
58.397
42.2974
42.6884
39.1896
44.7201
37.5578
50.0097
46.3379
61.4506
41.1771
35.7217
43.1651
57.1958
49.602
49.3083
43.9333
53.4497
49.4016
52.3728
33.87
24.161
53.1601
45.8127
37.2484
57.1459
59.2822
43.1793
59.731
51.1197
49.7846
47.9121
51.916
39.9404
46.2406
60.1916
55.1105
49.1561
40.1773
47.0025
61.2556
57.0222
37.7359
59.298
42.7943
51.9761
25.1574
53.3803
38.7499
56.5341
45.6753
18.2122
43.5087
58.0726
37.7908
57.4461
41.0397
40.3391
14.2645
48.6249
46.9106
32.803
53.1104
53.1989
47.0248
56.6796
50.1815
59.976
59.7508
60.3069
50.7629
52.786
48.9841
32.5035
57.4166
40.7956
40.4922
27.0809
44.412
58.4364
60.2093
59.8204
58.257
38.7429
31.0916
45.662
50.7843
47.0095
59.4476
53.3571
57.6012
41.0997
24.2222
47.7049
53.264
49.1915
54.7955
43.0958
50.5949
50.4704
32.1532
57.7176
45.354
30.7159
50.1677
48.6743
39.0249
53.3761
41.0167
57.3018
57.3198
58.722
56.8948
50.2132
42.1514
31.7848
47.5287
47.6813
45.7845
58.729
23.6765
56.8095
57.3736
49.9288
54.9925
40.2492
50.1997
38.8521
44.415
46.1913
27.6666
42.2689
42.151
40.7401
16.9854
51.7286
23.9282
43.0685
50.9542
25.1508
55.8223
58.4117
43.4284
58.588
50.3683
51.9601
45.5393
51.3655
47.438
40.3362
41.1815
45.1252
56.5078
35.9469
46.2669
58.7832
47.9625
40.5943
41.9462
54.1049
60.019
49.0918
50.1365
51.0964
39.0396
43.4818
55.9626
44.222
34.0616
47.5605
49.3771
43.3857
46.8077
21.7622
41.764
59.9723
41.3655
36.3482
27.4254
42.7859
58.2105
44.1038
41.2195
41.0908
53.6316
52.8532
31.8309
55.6207
32.7362
55.0783
46.4921
40.0338
46.6458
59.4712
56.2083
39.8036
30.4666
40.5039
50.3122
30.3968
36.3427
42.9325
44.8745
48.8013
23.2397
35.7079
46.8593
55.5347
46.4789
43.0846
53.8582
47.9254
57.85
55.784
62.7646
33.541
31.855
42.9771
41.0016
53.6891
47.4405
53.7795
41.6511
39.5459
36.9707
37.1953
44.1088
58.0517
48.4091
60.6778
54.0054
53.281
57.0059
33.9231
48.0815
39.0606
37.2993
46.1144
56.1016
57.4689
56.3564
39.8332
54.0296
22.518
26.5232
11.3548
42.0713
52.6112
46.9925
57.2773
46.3778
39.5442
44.4007
56.6582
40.4228
56.7537
45.2506
57.1861
28.5549
59.6031
50.0047
56.9223
16.0418
53.0356
54.9374
44.7927
56.8255
40.4875
47.0916
25.008
45.5235
50.1932
41.4657
32.9898
39.3274
36.7088
33.186
29.6368
53.1157
49.3169
48.2771
35.9304
46.1836
60.1104
28.0007
48.0013
58.7135
58.0964
31.4037
48.1878
48.9136
50.3492
45.7925
51.1869
33.8052
29.6351
47.0863
33.377
33.5712
48.1893
43.3128
28.0052
62.8549
36.7691
57.1067
43.9963
31.703
44.0016
41.0704
49.4912
55.9474
36.0895
56.6769
59.206
36.0072
45.4852
37.8795
41.4095
34.8063
50.3001
45.1578
48.5597
36.6876
42.2144
37.8964
48.3159
24.7448
58.6317
42.8894
39.7265
39.9526
41.4584
56.3214
48.8032
27.8436
51.8681
60.5792
50.2337
16.7665
45.0562
41.7585
35.004
51.209
47.876
32.1799
42.239
58.1641
36.5768
46.8413
59.866
43.5723
48.7594
52.6109
29.2684
41.6133
36.3204
47.7842
38.9731
54.4926
40.3441
44.1487
59.5061
49.5279
53.5212
58.8239
41.3489
40.5
44.817
42.9289
26.7516
56.9049
43.8577
30.6778
50.0555
50.8416
55.5275
59.2363
49.3553
44.2645
52.4189
44.6145
52.1791
50.4357
27.0768
27.6539
28.7533
46.8616
48.9027
38.2071
45.3796
52.5853
37.2258
58.8437
18.1775
57.7448
54.8541
54.3384
43.127
49.9433
46.6096
57.0757
44.9534
44.6512
35.1323
44.0165
38.4126
37.9509
47.3187
45.2698
55.9639
50.4308
49.1035
50.1238
41.936
48.4583
59.2669
61.2626
35.358
36.0958
49.9221
40.7479
33.0213
39.2783
25.437
49.6361
48.759
53.7885
42.6515
58.2072
33.6928
48.3442
30.8563
50.7067
47.7565
39.0668
43.4929
34.0008
56.0214
41.0443
59.7251
49.3145
51.0537
34.0404
54.9473
49.183
59.0779
49.6736
44.4997
50.4804
52.7714
39.3303
50.6365
46.3034
56.5915
43.2285
43.5277
45.5238
59.8669
32.4137
40.0389
58.7275
47.4721
46.2274
47.6476
58.8878
37.5957
40.8792
36.1935
29.8246
41.1786
59.2768
62.8129
49.4909
47.955
53.6417
45.568
47.7
53.8147
58.8701
44.6324
47.715
36.296
57.5702
58.6202
19.5533
44.2112
40.6616
49.9307
49.1215
46.8377
55.5559
27.1984
47.1741
42.0907
59.2662
51.0849
50.3719
56.8009
61.2511
56.2031
42.2424
62.8463
46.6801
58.0525
45.6543
59.874
57.6024
54.5849
53.8815
31.4683
50.1215
57.4921
30.2662
48.7973
43.5319
47.2676
52.1813
36.5648
43.779
43.3224
20.3263
39.5516
48.7248
23.1517
54.0663
33.8529
57.7639
36.0596
54.364
46.7905
51.8416
60.7348
43.8675
45.3506
50.009
47.8332
27.7517
35.0481
57.2005
42.1759
32.5815
35.5976
52.3508
56.512
41.1191
29.5396
58.849
30.686
61.3336
54.5585
56.7084
38.1036
63.1766
48.7512
38.6299
49.2462
27.3435
51.2822
41.5111
48.1588
46.5626
55.0276
46.0821
66.8105
48.8128
50.8609
49.2416
29.8226
63.3794
47.6929
48.7334
57.6368
55.7336
51.8109
44.4221
44.0943
42.3277
58.7749
29.5729
50.6249
42.6632
47.7178
43.8414
46.7004
52.9152
42.731
54.7546
53.6685
45.8304
25.3473
40.4683
53.5332
47.0677
49.6685
59.0619
55.8439
30.9348
43.926
52.9645
46.2662
44.9746
26.1603
47.5031
49.6474
44.293
47.4952
49.6042
45.369
48.6163
48.9203
61.1345
41.8384
40.3643
38.3556
27.1076
33.2826
26.3526
47.0937
56.2318
56.7163
42.5816
41.9834
26.7616
51.4565
41.6158
51.2664
36.4753
41.7579
40.7433
42.5134
40.2702
58.4441
39.0972
55.7491
50.7924
45.9328
54.5903
42.5409
58.8646
28.8187
45.371
50.3587
52.8538
50.3037
55.2473
41.7242
28.3019
58.2242
41.615
34.7779
39.2092
25.9272
49.2337
59.0464
58.8707
25.6302
45.7806
45.2533
49.9654
48.8456
59.8652
55.4677
42.3376
42.4459
65.5503
51.1602
58.6948
43.3546
47.0849
35.3277
24.6483
32.0904
35.7196
44.9119
41.9116
59.7325
35.1013
45.4024
49.2135
35.8853
47.0232
46.8024
58.8476
36.0162
33.5362
37.8432
37.3844
29.1505
33.7868
44.8914
15.5582
45.8308
58.6532
46.9024
51.494
40.6783
30.5419
55.935
54.3345
49.238
47.7793
50.918
58.0062
59.2479
59.9143
15.2867
39.7085
25.2124
42.4676
34.0823
44.8183
46.8915
52.9341
54.6285
55.0338
51.73
47.8797
21.3227
46.4146
69.9095
51.5759
40.0991
61.4179
43.9917
48.1633
47.1014
41.9677
43.5189
56.545
58.8136
36.863
35.2759
57.1075
48.3905
28.0043
28.5556
54.5014
49.106
36.5954
32.6143
27.4818
43.9263
56.9157
57.2613
48.2939
60.1588
45.4421
47.6736
32.8577
42.5209
47.2757
41.5739
59.9048
43.8604
18.2805
39.396
37.9592
54.8236
33.5785
49.7405
38.1225
11.4742
31.0252
65.1215
20.7167
31.7197
48.5284
42.7395
61.632
42.6968
39.4666
14.3091
36.7444
57.3341
35.5822
42.8592
54.497
32.0219
34.2176
57.1281
32.1831
52.995
50.9905
50.1257
26.9158
43.0971
32.3131
53.0318
52.5678
36.9182
40.4125
55.2014
43.5829
59.6238
30.5124
58.1958
40.7662
51.9685
58.4377
54.6323
56.3252
57.2744
39.7429
57.9475
24.7954
27.0497
41.5111
36.0953
58.66
50.2004
57.9197
54.9409
58.003
41.7233
39.4311
24.099
56.3166
26.26
62.1692
35.5226
58.4463
37.8057
38.4441
54.5483
55.3467
47.5872
46.7298
55.2049
49.8067
49.2579
36.0752
42.8455
59.7501
27.3489
38.1917
28.3689
49.8739
35.8681
48.9007
29.8367
28.4705
52.5595
49.6402
34.3845
29.9163
36.1961
47.4155
42.4997
52.8163
21.6072
41.4129
48.3644
36.771
54.1221
39.0288
52.6229
41.659
50.0248
57.1903
38.3063
48.8562
42.6421
48.7702
44.3769
50.8537
59.7645
32.3069
49.1507
27.5971
34.0481
58.7582
51.6722
58.6851
43.4688
30.1853
55.3035
61.987
46.3797
51.5222
61.5761
50.3983
60.2356
47.4725
47.0992
17.9194
37.7287
27.6215
35.238
49.0694
58.2957
45.8691
46.3903
24.7337
46.3503
43.821
59.5201
59.1612
20.9872
50.5052
38.3014
44.9375
32.0827
56.7286
45.3284
30.9642
48.2282
32.0141
27.3445
59.0992
54.3325
25.878
34.1768
22.6057
44.0457
54.7194
57.101
59.0124
40.5738
46.5046
56.8944
57.7827
44.152
27.1016
46.2259
47.545
34.6375
41.6438
49.855
30.662
58.0018
58.4117
46.9347
27.37
42.723
47.6827
49.954
39.4459
54.2045
46.7026
25.4344
29.2124
55.7936
52.371
54.1238
49.3492
44.9517
44.7005
58.0874
46.6247
52.3399
50.5166
34.3486
27.82
56.1828
45.5189
47.0527
41.7312
46.442
60.8619
43.2466
48.9269
46.2727
49.6631
47.6702
58.2676
50.4431
37.4307
59.7618
47.6609
57.3555
40.4888
56.7975
46.7354
33.4824
59.7243
37.2555
45.1822
37.2325
40.9146
59.901
49.8865
59.5075
37.4906
48.8803
29.278
54.211
29.3812
52.1099
54.8204
51.0164
56.2426
24.8707
40.0282
44.7169
53.0232
55.6896
45.448
37.9644
40.6348
17.1239
44.9629
26.0134
60.054
38.1927
31.9562
54.1817
28.2419
49.1738
21.6963
25.9103
56.4447
58.7958
61.3391
62.9082
55.5129
26.8396
48.9256
47.3108
54.4759
56.6401
55.7337
21.4983
49.327
57.6192
41.9214
50.6319
39.1756
52.2268
43.6237
59.7771
34.8685
59.676
49.081
58.4843
36.6636
35.9001
50.2811
58.3414
49.3812
32.8992
58.8728
54.9713
55.4812
49.1792
40.8289
42.5155
55.6831
50.6835
46.8766
62.8342
58.3642
58.8871
42.6078
14.8774
34.7514
45.8029
51.162
58.3509
45.344
52.9949
19.7683
45.4447
39.93
42.0723
56.8292
48.0073
50.6026
46.3979
60.3314
33.7057
46.685
50.3078
47.7884
44.4397
54.0892
58.3074
47.5501
46.723
32.352
59.6511
40.162
48.4205
16.9641
43.0915
24.0184
33.1102
57.4037
50.0842
30.4923
37.8329
39.6744
53.5768
45.2222
36.9229
47.8193
50.4769
47.5586
48.7967
44.1951
46.7783
55.3592
39.8587
46.989
51.4107
40.372
42.9044
38.8909
43.2979
22.9873
44.3153
25.0217
45.9554
52.2174
58.2568
61.7284
43.847
58.4037
38.925
50.3218
55.0577
54.914
57.1694
46.9947
56.3859
58.6611
59.8124
24.4565
47.1145
47.5275
46.3211
51.8091
49.5389
36.9408
42.807
27.7439
59.953
56.6926
48.1621
24.0127
41.8927
56.8953
25.2341
48.4576
40.3289
45.9086
42.4257
40.7334
45.4292
43.7012
47.2521
49.9177
16.4649
55.4445
55.5475
57.987
56.3277
40.0773
32.1523
46.464
49.7245
57.5954
25.2548
59.3216
48.6776
47.906
26.9554
59.691
57.6814
22.2784
51.0945
13.1666
30.8604
56.1819
50.3115
31.2397
37.6885
56.855
43.9311
42.1504
40.7377
62.0055
53.5828
46.4986
27.2056
39.1254
59.2534
59.889
58.221
53.4236
46.9743
57.0829
52.8882
30.848
43.8912
51.0723
56.2248
59.6855
37.9705
46.8627
29.7229
35.5026
19.151
45.5461
27.8828
45.905
49.8999
45.3024
57.209
23.6075
51.5456
42.0592
39.9035
44.8557
39.1778
30.8354
41.2297
51.0098
50.5375
52.8819
48.2186
37.2823
48.774
25.0071
44.3339
53.0664
44.2694
48.0349
58.5381
35.8659
50.9052
40.6397
32.9244
53.7858
48.1346
51.1406
46.6275
27.0232
36.4495
28.3937
40.2423
48.3816
60.2666
45.4367
46.2711
22.8757
31.5771
49.2784
47.2286
48.7492
61.55
34.0617
58.6126
43.2833
52.1986
47.528
56.6425
34.9005
45.8741
60.785
34.0488
54.9139
42.0551
43.9531
53.9306
41.7906
48.9553
50.8935
54.0044
21.1181
53.0434
49.5681
56.7961
53.4297
35.9396
55.3462
50.253
53.5029
57.9147
28.6913
51.8743
47.034
45.6097
41.1902
31.6383
48.3289
50.157
39.2398
44.9779
55.8616
29.3234
49.3465
57.0753
55.3607
50.3235
51.8288
43.6818
38.2582
40.2375
27.7826
33.0379
56.2253
54.2322
48.5298
57.7648
45.4681
42.2773
34.4248
46.5566
61.4132
41.6672
50.7136
42.6997
34.5433
55.3788
60.237
55.3795
58.847
23.6092
41.551
55.593
50.787
45.8492
49.8918
18.6922
47.9334
44.3254
56.3512
45.0449
45.1001
58.4907
35.3504
38.7042
53.8852
54.6979
32.9849
53.6846
47.9651
45.902
53.325
55.8622
49.5109
57.1168
34.7745
56.107
40.5137
58.6589
56.6287
15.7353
53.7715
37.7703
52.2969
53.507
52.4483
44.4364
52.4645
50.5881
52.203
24.2829
28.1993
46.844
42.0663
50.2616
42.9536
45.9959
42.2553
49.3097
48.3785
46.0318
39.2042
60.7247
43.6603
55.1901
54.0554
48.2358
46.6505
55.4204
37.6988
51.4724
21.4923
35.01
57.0523
56.2123
55.1141
44.1284
41.0057
39.4708
47.5267
53.2273
53.1942
46.4345
39.9864
35.3492
45.0375
24.3646
59.9111
46.9286
49.7021
34.1008
23.9778
50.287
56.9773
42.2469
49.6541
40.8577
44.4898
45.3654
41.896
45.7541
35.4661
47.2386
59.7732
44.29
46.0671
17.431
56.9908
50.5278
61.7776
40.3261
47.2077
49.9562
40.7559
39.7879
43.665
50.1345
58.9814
44.5451
33.4181
31.0115
55.6848
46.6631
29.0075
57.4685
49.9091
23.6309
53.5335
50.0456
42.5563
44.8067
52.0016
44.1936
39.2357
34.8828
61.8459
28.9962
24.8482
44.6383
55.8452
28.9075
25.858
58.5023
33.0118
59.097
50.1173
30.0932
44.8358
44.5584
33.1886
49.1469
19.1945
43.3328
45.6199
44.2388
50.9383
52.1457
49.6415
42.1153
50.1267
55.0811
40.7776
47.8447
53.8225
40.6698
58.027
40.2931
31.0651
32.2709
53.7569
17.016
55.1043
59.4797
62.0716
44.4098
50.1945
55.2954
49.4222
54.2007
51.7838
32.79
23.2211
58.1797
59.2464
56.1799
45.8525
59.3773
44.2527
47.2257
60.0595
56.4572
36.5008
38.4447
49.5483
45.5698
41.8691
39.0569
59.2274
57.2246
42.384
38.9574
47.7484
49.3733
57.9453
49.4853
40.3734
43.9008
15.5741
31.671
58.2657
63.0006
58.4409
58.2993
51.5664
30.1319
48.7413
32.1501
19.2832
41.6026
47.4821
46.6195
48.2816
48.2316
53.1582
46.5175
51.922
33.9968
48.0899
49.0038
57.117
40.8901
56.7545
25.8952
24.7059
60.0317
42.9616
33.8638
47.0512
52.6613
38.779
57.1221
52.9885
27.8789
50.6371
40.2487
38.9616
36.3296
47.8526
47.3932
13.0409
50.8991
47.9755
62.2378
48.5201
38.2878
38.3609
28.9456
36.428
56.2194
42.4924
54.643
40.4352
46.3085
51.1725
61.6515
61.2626
31.7412
56.4347
49.8392
50.471
59.7489
30.1878
46.5868
59.65
46.6418
38.095
52.4078
50.7343
49.3067
44.6791
61.3763
52.0554
54.5462
45.0517
37.2773
41.7072
53.3084
52.3086
43.3073
58.8369
45.9897
47.0857
58.3308
32.8323
38.1491
31.8505
16.3489
49.792
25.6326
41.9206
47.1134
58.2875
32.9361
55.4647
45.6704
60.4363
36.9175
46.6045
50.4251
48.2827
47.4368
55.6082
41.1778
43.0817
61.2635
31.0001
50.9047
51.0243
51.6235
51.3308
56.6671
55.6514
49.2061
44.5535
57.771
54.8135
57.2808
44.0961
33.6852
61.0921
46.4804
47.504
60.1222
56.9331
54.4502
45.2133
33.703
40.4836
59.7903
45.6017
43.7393
50.6801
56.4005
43.6217
50.1893
17.3163
53.5326
56.7119
27.9851
38.4366
61.3655
55.9462
30.8932
47.209
35.4896
32.4968
42.8269
52.1291
37.7625
43.0265
43.773
23.8147
60.0481
59.0751
40.6295
49.3188
49.8467
31.4074
48.7931
51.2979
54.9191
36.146
40.6544
30.3246
51.8476
41.9618
41.9847
59.6418
49.4765
48.2167
37.7585
57.2136
51.7052
42.0173
46.1227
58.0929
51.8432
54.2533
41.5341
52.7498
53.5134
58.7125
44.661
47.2495
42.3884
53.0825
56.659
40.4678
48.6698
68.5576
55.2833
52.7309
51.14
52.5773
46.0717
50.5587
36.286
48.6103
30.4552
55.4634
54.8762
54.0612
59.7935
45.8932
51.265
21.5192
29.159
44.9941
54.5005
54.3303
45.5394
58.5118
47.8834
40.5516
16.0814
45.0548
57.016
55.0564
51.9396
23.1119
40.3468
50.2996
56.8137
55.289
42.4126
33.5557
51.2607
58.153
42.0632
36.4149
23.2795
34.2826
47.5371
49.4343
29.5437
45.5393
47.538
41.3856
39.2791
50.714
46.1033
21.6103
55.7437
49.0478
31.066
53.1763
29.4251
46.6067
39.4361
59.7115
47.8895
57.4118
30.3275
44.3951
49.0574
50.2383
49.6119
49.2611
27.7368
44.3179
29.3886
46.4474
49.4676
60.1663
48.1857
52.9378
56.4061
34.4085
41.6098
58.4059
46.0627
53.9383
48.359
41.3914
28.4195
41.7246
57.9219
33.6985
45.6634
35.6304
50.8616
52.7095
53.3196
60.3757
55.4779
30.0733
48.1831
51.4933
39.8712
47.2972
54.3509
51.6845
45.4577
36.912
55.8264
45.6091
46.966
23.7735
48.9636
58.5698
34.3648
60.0764
54.5523
37.9057
58.6729
56.1298
48.0863
51.9856
53.8472
38.1588
35.5784
59.5856
49.5868
49.7678
32.0914
51.5476
32.0622
50.1606
35.5972
43.4479
39.5162
56.0882
52.2253
53.8196
53.2036
35.7082
35.5717
47.636
30.0491
37.0649
35.7143
52.8805
50.0981
26.0634
37.959
44.583
36.2235
25.9942
48.4027
46.6912
42.9942
55.6129
35.5111
57.6325
33.4755
55.2487
45.4795
53.028
44.8749
45.6719
48.0238
58.5527
25.4091
40.7979
50.9348
37.524
35.3919
31.2003
56.8688
43.8495
50.3103
50.9686
61.3481
56.2093
53.5845
26.4717
35.7747
56.8266
58.3985
36.6136
21.5282
37.9863
44.463
60.2362
53.7434
44.4085
42.2494
22.6408
29.2762
60.0457
44.5111
53.0296
59.3775
35.1012
58.132
46.3673
28.6147
46.8506
48.6741
25.256
47.9668
43.4851
43.0113
36.4506
55.6582
42.6825
34.9221
23.2407
42.7839
50.2279
34.0737
49.0262
43.69
49.2976
27.9419
36.5259
24.1279
51.1726
36.6797
42.7034
51.3032
59.2632
50.1192
38.9841
35.9205
41.0546
58.3901
52.3506
52.7192
15.1545
58.5427
45.5147
33.3883
40.9117
26.5154
43.7688
30.3275
47.4889
45.8615
53.2707
35.5844
31.2162
54.6887
46.8478
48.7904
53.5624
38.7174
46.4015
52.0697
53.495
38.9938
58.0087
36.4981
50.8112
36.1459
55.8009
50.8715
40.7325
59.6572
43.9547
40.3079
47.5075
55.4877
48.7877
49.5059
55.1665
49.2541
49.9156
51.9775
43.8092
51.0087
46.6605
61.9572
47.9524
47.7707
57.3823
57.4727
61.3235
57.9675
38.5335
39.0508
34.3872
50.0106
52.9231
57.2532
28.9023
44.3575
31.4493
37.3964
57.9048
41.3304
47.1645
47.6006
48.4328
47.4674
49.7111
22.2813
45.9308
32.9285
52.6573
52.1859
45.5861
52.8393
56.1965
42.0987
29.4273
47.5735
44.6918
42.3629
59.6923
31.9081
45.9173
24.5284
59.4073
33.0681
56.2877
45.484
43.1579
46.9187
53.7402
58.1849
50.0866
27.5288
57.5825
60.065
25.4082
50.4585
42.8579
54.8395
53.4727
32.4778
29.3415
28.8262
44.197
37.5994
36.6769
54.0512
56.7629
58.2035
58.2696
23.1185
40.4035
57.3474
28.2394
41.024
55.002
47.4859
45.5249
51.1224
50.8042
37.6635
30.0148
53.6971
41.7969
46.5013
58.3993
47.0139
42.4147
33.4499
39.0343
51.5103
59.6238
50.358
57.4078
55.7099
36.5911
28.2913
18.9429
50.4175
62.9908
57.0977
61.133
60.3117
26.7393
61.4684
50.8048
52.0886
58.6927
41.8057
22.8606
48.7183
55.4717
46.4711
24.6665
57.7199
50.5583
52.9285
52.5389
53.4426
45.864
53.6745
48.3319
28.8816
48.4777
48.8858
34.5271
56.8449
28.0143
36.0512
39.2668
55.0337
38.0154
47.0594
38.4112
55.7378
58.2091
39.854
24.6615
55.1642
50.345
53.4412
43.2311
26.9837
40.4676
45.1076
34.6997
32.4293
46.2695
50.9063
41.0579
42.1424
59.7994
56.3765
59.4282
40.5419
57.0318
53.5651
41.8066
46.285
47.574
57.7425
46.7345
42.8314
53.3426
30.9704
58.4629
48.7111
60.0291
50.2014
48.8356
59.8346
52.1677
55.8404
20.2593
41.8859
49.8353
17.7161
54.2462
59.5631
35.1175
46.2274
16.3722
51.2541
49.7124
51.624
52.0143
32.0473
49.5327
48.4873
33.1038
47.3589
44.2649
46.542
27.2247
50.8362
48.6967
41.8174
61.663
46.0641
43.9687
55.1241
54.2706
50.2143
50.9284
28.4605
35.322
26.8236
48.4839
44.5693
55.1631
47.4692
41.3501
56.4277
49.9617
35.2832
50.7485
58.1792
62.8364
31.4114
55.2083
33.5505
24.1263
36.3394
38.3102
49.1816
56.9992
49.4578
52.8235
52.3497
46.2722
43.5646
31.3108
53.0306
59.8347
51.3285
40.438
45.911
30.8074
44.9409
44.819
52.9978
60.9151
52.725
27.8812
62.487
49.8454
49.4314
42.1547
59.5497
47.328
39.9318
49.8051
55.6153
56.864
30.8141
54.0027
38.0109
40.0818
42.7698
43.6129
59.9075
58.1285
48.056
34.7465
56.0064
35.303
49.3907
20.2603
57.0846
59.5041
23.666
44.229
38.2833
46.8461
49.1516
60.2198
40.2356
33.2609
59.5546
51.1445
39.6044
50.9765
49.2677
44.0854
54.5808
57.3633
29.6375
29.2237
54.5683
61.907
36.9597
53.143
34.5108
48.9674
45.1481
42.041
43.9989
43.8156
52.5374
46.3595
27.2342
50.2171
61.6673
42.5879
49.1771
37.3594
47.5507
47.6944
40.4237
26.3995
44.2904
40.7025
39.8423
49.4578
54.6343
45.9888
60.0554
32.7862
58.2409
44.7223
33.3614
59.705
50.3533
47.7484
43.5591
58.3889
46.2825
38.758
40.268
41.644
36.2736
43.4894
39.8744
54.0614
34.3043
44.4701
52.4476
40.3563
48.9391
29.2865
48.5939
16.1114
55.6167
46.7579
48.0084
50.964
55.2311
50.7403
58.5008
47.3469
43.101
50.7715
44.0991
58.7999
51.8237
22.9018
29.1
49.1504
43.7864
60.1559
39.4652
51.8426
39.0702
47.4631
48.8681
54.0561
20.0043
50.2256
66.5779
17.0634
52.5138
57.0468
42.886
54.5598
43.0963
52.5852
59.1437
21.8987
25.2972
39.6996
45.4049
36.0674
34.7761
56.6743
52.1188
45.7678
50.0598
30.0928
47.7467
51.3528
39.7339
58.6961
60.2137
45.3861
58.4218
46.3051
49.56
39.7531
45.5971
60.9599
50.9474
57.8784
28.0231
55.2379
42.7661
60.0831
41.8255
49.1583
34.0018
49.8837
32.4901
49.8411
33.0879
58.4544
56.0147
39.4743
30.4238
49.8759
43.3678
28.1386
50.0324
44.4318
55.7098
51.9644
47.2429
27.8416
53.7826
48.1523
51.0497
57.6741
57.2066
46.6431
40.5977
38.0594
40.2965
44.6492
47.2375
44.0668
37.9596
54.1801
35.8513
44.4446
56.0347
50.7396
48.9713
29.8142
45.5795
39.1303
29.2251
43.4543
36.6583
39.4029
32.0393
55.4753
57.4403
48.9718
31.682
36.4517
41.5542
52.0546
46.7106
46.668
27.6198
48.005
45.328
29.9672
55.4515
58.4159
60.0841
15.2145
37.1277
44.0911
54.9869
21.8829
26.3303
51.2722
18.4729
54.1048
49.9698
49.2371
58.0393
49.2732
47.3176
59.3594
44.948
46.8434
52.9024
59.2625
59.3088
55.7979
43.0293
34.929
37.5386
42.03
58.6517
30.8939
51.2634
33.7943
57.5304
47.2596
47.0841
37.6245
20.4301
47.2585
55.0721
53.2904
48.6826
41.192
49.8413
62.3188
50.155
48.2289
54.1286
61.6668
61.0171
49.5608
28.4942
57.8184
60.225
30.5093
52.0248
48.5899
52.2065
38.2084
50.8968
35.8349
43.5441
47.9164
61.4082
36.4135
50.7764
37.1827
48.6671
38.7147
56.9555
53.9907
55.5963
25.6198
37.3923
56.3383
26.5729
29.0355
45.1125
45.6278
32.9228
34.3765
49.6501
56.8466
39.823
46.0101
41.3825
34.8322
56.5304
56.4833
54.6003
53.7771
56.3668
53.7012
56.1847
34.1115
49.2342
40.1855
27.7305
56.3991
47.4789
58.8261
58.4508
52.2259
42.4803
47.8236
46.3219
55.7143
40.1422
52.7973
45.7571
44.6263
56.635
52.1889
49.0029
43.0049
46.4161
29.855
38.2741
48.866
51.3884
29.8112
44.7325
45.5199
56.3643
57.8463
47.0423
58.5873
54.9793
41.4501
57.4365
53.2787
34.6372
31.074
52.7363
52.2578
48.4638
47.8025
31.5672
41.0741
40.8613
37.136
52.073
42.9823
48.6312
35.9759
48.9931
47.4975
48.085
56.0397
50.2173
47.8456
48.7456
11.8081
70.4204
50.1414
53.2424
61.6085
50.5949
45.6762
58.3915
54.8214
34.6948
23.371
34.8082
18.0348
43.7254
38.3302
46.8285
52.3523
53.0811
55.1928
57.1684
53.6041
43.1768
59.7154
47.0141
25.847
49.3032
21.5756
36.581
48.968
17.8923
47.204
45.6794
55.8993
39.246
43.339
46.9514
45.8604
53.2836
34.8912
39.2407
46.5896
35.4441
43.9237
63.0856
47.6355
34.6649
58.4347
59.7155
42.9191
50.3592
27.6403
46.3424
49.6618
37.2919
46.0889
60.5262
39.4489
20.8431
49.4334
42.5811
46.5978
47.3759
39.4308
35.7687
20.1547
32.0607
48.5065
55.674
53.4214
47.4603
42.8366
36.9896
46.7773
46.2208
32.2182
47.7152
42.814
45.5249
50.7944
38.538
35.714
47.9679
45.5777
38.1875
48.301
55.0792
50.4116
42.3815
35.6654
56.6504
57.3147
57.1156
32.834
38.6405
40.0588
34.879
44.7647
45.0363
58.306
30.0424
56.117
45.0914
45.1417
57.652
29.1512
29.7721
51.2354
58.8757
45.1771
49.0357
20.4042
45.9122
54.9281
61.8062
41.9187
54.6469
44.5539
59.7989
53.6412
60.3784
37.7758
46.2066
47.7928
62.6953
50.1185
39.7856
59.4882
46.4779
39.0041
46.6572
49.8725
59.2892
26.0387
32.5927
55.7326
29.4433
60.134
53.7461
49.409
37.1599
49.086
27.871
50.9517
57.259
46.1338
49.8929
46.3612
47.202
42.7387
49.701
45.4371
28.6285
35.6151
59.938
43.0387
42.1005
45.7824
32.3594
42.9048
31.2707
34.4831
51.1397
41.8879
49.7656
48.8743
27.4083
57.8669
37.3501
41.6818
59.573
59.8546
39.2129
33.8013
46.9258
57.6868
46.8466
56.7903
53.8951
59.2739
54.9941
50.2584
44.0747
51.7704
58.7518
21.168
53.9717
47.8391
50.1428
55.4647
43.0571
58.7476
46.005
29.6729
29.2239
46.4623
37.6595
57.3449
59.6327
61.403
48.3665
50.6363
48.2199
22.072
42.2533
52.3679
40.1393
59.8698
46.6045
46.3988
41.2413
56.9597
47.4927
27.3505
47.6667
43.9365
54.4632
58.4698
49.5192
23.7274
48.8275
52.0266
40.6965
36.4166
45.5993
28.0093
38.0067
49.5611
54.603
44.9076
35.5761
18.6173
29.3715
57.2095
45.1544
59.5897
57.1401
47.539
55.4212
58.4398
34.8703
40.188
53.5222
49.0673
38.5639
31.6127
31.5187
37.8107
30.5915
50.9871
45.5098
35.2428
52.7222
46.7125
56.0883
46.2882
56.3149
47.8988
18.5536
32.669
38.9403
42.9795
20.4047
55.1055
42.5678
60.085
30.9994
59.6269
50.0761
34.9343
26.1887
44.2459
58.4313
41.4269
36.8871
63.1261
47.7782
61.3555
33.5049
47.8243
53.972
48.6778
20.3383
38.1759
35.1369
54.0234
47.6804
56.5685
45.7552
37.1092
37.6358
44.9899
31.6535
57.9971
37.8616
47.5179
34.8449
47.2783
56.0494
58.6194
42.8077
52.7177
52.6839
59.5907
45.5633
58.4285
38.415
42.6565
48.8743
53.4674
48.6306
29.7044
54.938
41.8203
42.7937
48.9362
38.5992
46.5142
57.8507
55.7662
35.0326
33.697
51.0869
45.3664
21.0615
53.4742
45.2947
47.9
50.7381
50.4309
59.8468
41.8169
39.6503
16.5037
59.074
53.0588
53.8232
44.3446
48.4967
59.8861
47.7177
58.847
44.2167
39.091
26.8252
32.1722
36.8282
50.1398
56.8473
48.5185
60.9923
45.8741
42.3231
36.389
41.9278
55.3838
47.9261
34.9749
40.5355
29.1789
35.8922
59.7364
53.0081
58.0777
52.6364
42.9534
42.052
57.879
50.2492
58.9135
61.3781
37.6502
48.2411
36.9593
40.8374
39.208
50.5959
58.8448
58.253
50.0404
39.1912
41.9359
52.0485
33.5858
46.539
42.1213
46.1017
47.024
56.5473
53.2954
49.3639
43.49
28.8035
49.9475
22.2372
43.4435
56.8905
57.5482
45.3842
39.6792
55.7271
39.9561
56.622
59.6468
45.2099
45.914
50.7881
43.8763
47.9636
55.6363
46.363
39.867
50.2289
28.7162
47.3097
45.1957
51.3881
44.709
41.0293
53.7978
28.7015
35.4078
55.4839
40.5632
53.2455
36.3525
37.9856
52.1776
47.4299
17.4231
45.0861
39.7561
24.5501
28.0235
50.1794
64.1499
17.1636
48.5756
28.2409
42.5164
53.8462
41.9741
22.1291
43.8735
40.7271
52.395
46.4686
46.2208
48.9906
48.5557
52.9338
29.1548
46.2389
40.2237
54.0551
47.9242
33.4577
54.1405
42.9901
26.6823
39.2742
45.0606
17.6382
35.0005
44.8431
46.0677
55.4724
50.8834
45.5193
52.693
43.9116
25.3853
46.3062
55.0506
56.1469
62.9704
43.1078
51.7702
51.5709
33.771
59.1271
38.2013
29.8137
47.1687
31.8676
47.9543
42.5644
50.4812
40.8764
43.8739
45.2948
57.8208
54.5375
38.8539
21.4509
46.3437
42.8734
30.0747
38.6049
53.6766
20.972
28.73
58.4446
38.8087
58.3902
31.8281
39.613
46.4117
37.5686
54.1836
48.7815
51.2881
44.5583
39.4688
43.3558
30.6208
41.0981
47.6736
46.8203
58.3511
49.6006
32.225
63.2619
56.5189
35.6788
44.2568
37.345
43.9051
38.145
55.8629
37.8739
58.2304
52.0152
48.6877
44.5827
50.7538
49.2248
44.0959
40.8108
47.2561
59.4091
56.7237
50.7011
29.1502
40.1282
42.3198
48.9757
38.3895
56.6449
49.2581
47.355
59.5711
30.6465
27.1736
59.4212
39.3937
54.2714
38.775
44.1264
40.0767
36.5813
60.2296
44.3913
51.5645
52.2219
39.4919
48.5427
56.0067
50.9171
22.3804
50.0545
55.8668
54.5343
44.2265
41.1698
49.0278
59.4328
49.0849
43.6667
32.1869
48.5261
58.5626
30.0335
43.9389
36.6519
15.5504
42.5093
30.1537
48.8058
57.6363
53.5562
55.8298
49.0182
37.196
35.9168
56.1285
46.5289
48.8132
51.6824
45.051
33.1895
27.9871
35.9458
47.8093
24.4852
52.8998
21.3397
36.2331
49.365
43.6457
25.6488
46.4749
57.8186
56.5314
49.2502
44.1675
57.1417
46.0957
30.118
61.2769
53.2627
52.5986
54.8609
43.8909
51.3193
49.8305
29.8803
23.8643
58.5358
41.6473
60.8166
35.8042
46.1905
32.786
29.5578
52.5403
59.4517
29.5572
40.3769
47.7096
42.5853
34.653
57.1437
34.9576
30.7522
47.519
27.4035
44.814
58.1459
38.0499
35.1753
48.2018
57.1935
26.3388
25.1792
41.4542
52.587
46.1911
41.7584
61.673
42.3728
48.8395
25.1882
52.7363
35.0116
45.9526
32.1215
43.2451
23.3321
44.5616
33.4002
49.346
55.4436
36.5152
49.8
41.3685
39.5587
48.0848
41.4637
21.5748
47.6924
53.9252
33.3986
58.964
59.9453
21.179
59.3726
45.5309
45.7045
62.6886
35.1559
51.9418
40.9876
38.0125
28.7381
30.7746
63.0811
41.8201
42.0952
35.4262
58.4742
60.3803
49.4884
36.5702
43.3525
39.596
50.1551
36.405
41.8159
46.3651
36.8883
58.6971
47.8124
53.8666
57.0723
43.5824
53.8243
59.5861
56.372
53.7886
46.0409
42.0911
57.0174
26.8099
57.1252
46.3088
37.3612
47.2292
25.93
61.253
46.4174
51.2561
48.0959
39.4697
61.9895
35.7863
55.6072
43.6718
55.5146
44.9655
45.3963
42.8065
45.4905
52.4697
53.2399
40.7765
38.3793
50.3064
55.4505
56.5596
50.7665
57.9334
24.2664
30.9966
56.1051
44.6843
57.9658
50.6566
52.6958
57.5672
46.5481
51.0927
45.5435
39.2742
60.4598
45.8367
49.2884
37.3121
37.274
23.0928
48.2915
57.1166
37.1708
40.2329
49.222
56.9719
51.1557
35.404
28.5207
33.8361
47.8153
41.7347
60.1103
25.0143
53.2368
44.245
25.6335
45.1131
29.0044
47.9255
46.5044
50.2111
27.0714
34.9984
47.7952
50.9113
46.6843
59.3067
60.084
51.6988
44.9725
50.5391
52.4684
39.8317
47.7238
41.3391
53.1119
47.5408
45.4362
52.6129
38.9048
38.1276
57.705
38.373
56.241
56.8708
50.753
36.2689
47.9695
56.2442
40.5819
57.1708
43.9633
51.8012
57.6371
45.9755
31.8554
49.807
39.5292
57.0074
24.0694
51.2235
43.177
39.8121
59.6949
51.1049
56.7233
32.6698
22.7207
58.5386
22.5433
45.3645
50.252
31.8151
31.0394
58.7749
62.1169
51.3109
33.9787
32.2521
55.1913
50.1207
19.8059
47.9434
49.2507
48.9106
46.9105
49.7348
50.9082
40.9399
46.0507
59.6287
59.9642
50.7192
27.5081
43.8455
37.2871
53.4086
46.5178
50.489
29.2073
39.4263
48.5811
54.6247
44.9362
47.2685
48.7814
36.0982
52.9345
46.9305
36.1678
41.7774
21.2008
34.3828
61.4102
32.8722
50.8887
41.3203
42.5772
47.502
48.1665
56.1677
43.9793
39.9324
59.9238
38.6733
24.3981
39.6748
54.1192
53.4517
35.3751
38.7491
39.1425
60.522
57.0854
36.8453
33.4827
45.013
31.3421
54.8831
44.8071
55.645
24.0019
30.742
55.3717
38.9084
12.8665
44.3666
43.9498
45.3735
58.5751
47.0595
34.9095
43.2266
54.5944
53.1604
48.875
37.0556
28.9785
58.2851
35.3695
42.6649
51.6132
49.794
57.6288
46.0179
36.0921
25.0271
58.2071
32.4665
52.1121
59.1414
45.3661
44.0076
43.8666
37.0435
60.0175
37.5929
49.6132
41.2159
46.5246
56.1967
41.8441
46.4849
51.3096
55.435
46.457
23.8524
43.8942
51.6174
43.7873
22.8505
40.6203
44.1394
50.3419
47.6832
39.9842
42.677
69.1031
59.7897
59.8714
44.1477
50.7208
61.4336
58.6559
58.0781
37.7552
46.9661
34.0146
56.5621
45.7282
61.4568
43.0309
24.0764
43.1133
37.6434
33.6609
55.8341
35.7036
48.3451
42.3275
24.6689
57.3551
17.4516
30.7151
48.7561
34.9447
49.7907
42.4479
44.9217
48.6194
58.1437
44.1437
42.9102
45.0145
27.1084
47.2417
44.865
17.2164
55.9898
59.1821
30.6165
42.1063
59.1152
39.0308
36.8273
40.0268
40.3642
53.5848
37.8805
60.4524
31.4725
32.4977
48.0094
43.6736
44.3559
36.1447
60.998
43.8948
53.0487
44.8183
56.4207
28.3327
40.9678
34.042
19.8091
47.4772
48.6498
35.617
49.9887
38.0321
55.8595
44.3127
40.081
48.3469
54.0928
44.5391
27.354
47.5592
40.7846
58.4375
34.0015
47.3488
48.9214
48.5383
31.0237
32.3354
36.4566
58.7782
45.7293
52.6702
50.2795
33.7068
44.6898
51.1016
44.5493
42.9192
57.1249
47.2819
28.007
47.2693
30.5916
56.1515
43.91
57.663
51.6064
35.0072
37.9227
43.8787
50.133
31.6295
43.9256
50.2356
51.3251
45.8959
43.7924
24.0065
49.86
54.9985
33.793
19.6303
60.7653
36.7055
28.4721
41.8368
51.8041
55.1476
52.3766
56.9099
58.5383
46.9067
50.9513
39.9394
46.1264
45.8925
64.3791
58.1536
46.3407
46.7388
22.0509
49.2779
49.9587
60.0153
22.9669
45.0613
40.6824
47.4092
50.6955
46.8153
59.673
44.7314
35.9191
42.9297
48.0455
43.3657
33.7881
49.4334
59.8723
44.591
47.7095
60.7551
58.3995
49.4944
35.1264
55.0987
53.1728
34.0172
42.198
34.2467
51.9476
42.768
47.9628
57.871
11.6436
54.4058
35.2103
56.3184
60.0654
57.9581
38.5338
42.5455
34.9753
57.2109
49.4139
41.6021
44.6353
45.6732
36.8496
50.5784
37.3085
54.4993
44.2919
44.3886
41.5078
62.0824
51.6301
55.8797
45.5038
48.8913
46.184
61.2795
48.2267
40.8216
50.3178
37.9167
52.7473
44.1335
46.0823
52.315
51.2929
53.8157
48.6555
58.2071
46.4527
41.2313
47.7654
49.3654
43.2197
43.3198
59.8663
55.9451
23.032
46.0202
34.5789
32.3902
49.6761
44.0023
33.5803
45.998
49.0492
31.7201
33.5452
54.7692
43.8483
38.7151
57.3624
42.3411
56.0219
60.1782
55.8856
36.7053
55.5271
55.9276
58.2146
45.6481
32.1984
51.1336
58.5348
60.5639
28.6374
35.5136
14.1452
45.673
26.9188
29.3966
54.2281
43.543
43.9489
29.4994
58.3998
40.1266
20.7996
43.7032
56.7507
42.2932
43.2174
36.2776
58.0735
32.311
45.5035
58.784
53.4009
54.0806
33.7514
61.4111
42.6341
45.2565
41.0607
47.9255
52.1128
28.4511
51.6136
49.4317
51.4755
61.6757
56.8145
56.643
36.2635
52.2236
41.8335
53.5449
47.0748
56.8275
61.3618
56.3751
60.9023
50.5737
46.8325
34.8253
54.267
56.6419
59.8683
53.894
40.8917
60.7657
46.9353
40.0068
37.0345
57.8894
46.5477
37.9757
53.3031
34.458
48.9913
26.6958
51.4808
25.9172
46.2523
30.5968
53.9611
53.0001
63.2537
43.5049
24.6234
30.8282
53.0824
60.3063
55.2198
42.7194
60.0701
61.3734
43.8196
41.3104
56.1598
32.9152
42.838
14.1411
25.3912
15.9018
48.0824
46.1984
46.6186
52.7128
59.7687
21.541
57.0288
57.9219
48.4759
44.2803
58.9714
58.5008
44.6036
47.3295
55.23
51.0047
37.7922
38.1412
58.7368
29.1358
49.1157
48.7769
37.912
36.635
42.203
45.2704
47.9245
10.804
38.0664
46.1154
47.7278
53.5983
46.8256
33.2673
43.0256
60.3718
57.634
59.2237
39.3116
28.4715
47.3402
47.9494
53.1679
56.1217
54.9196
50.7633
52.9412
53.2279
52.263
22.9853
45.5926
45.5836
41.6223
59.8742
55.5042
48.1937
48.4054
64.8087
59.9377
51.3576
38.5188
48.5227
58.2677
33.0538
55.7434
35.3009
41.8794
47.5303
38.9807
40.916
51.0807
41.2685
54.4625
50.3683
51.5402
38.6178
57.6284
39.5264
35.5181
50.0151
50.6033
37.761
35.9262
56.5622
51.4911
57.6606
37.3653
55.0001
55.4651
42.9735
25.4175
37.4928
41.9079
54.1284
49.2289
42.0432
57.6237
24.159
40.851
57.6077
42.4326
39.7609
50.184
47.0313
58.4241
23.578
47.5105
49.9351
46.1333
43.9206
26.8434
51.0144
54.1897
50.3362
11.9745
39.7221
71.0161
48.9606
56.4898
47.6137
35.8905
35.6774
56.0927
44.5798
60.1933
54.7751
61.3646
49.724
51.1354
50.7014
44.4073
27.5858
33.0916
55.0204
43.6506
30.3212
55.9476
58.1376
57.1391
38.148
42.1768
43.9176
48.4883
61.2902
53.7422
41.2729
42.2828
48.185
57.072
37.6451
47.5936
35.0579
49.5337
42.8046
37.5706
43.7106
39.0144
35.7554
26.8272
54.903
46.6922
58.5133
53.5274
53.5993
29.615
48.5695
53.1707
47.3862
52.7806
45.9848
47.7532
53.2385
47.8912
44.3531
45.5967
46.8612
37.5695
55.0651
45.8447
36.2093
46.9342
41.4983
48.9867
44.1439
21.4615
49.8738
49.7985
48.3861
40.8321
29.2079
45.2521
48.713
36.6415
47.029
50.1539
29.6426
53.7411
54.8222
51.7832
51.5405
32.6228
36.8979
48.5773
38.4349
49.1795
49.269
47.0346
44.3744
41.0511
46.8989
54.1929
40.5457
59.908
54.5916
46.2743
39.5836
23.5636
52.8605
42.7301
19.7922
46.8267
34.5039
25.8895
42.5804
48.5049
61.1261
54.6857
58.4572
46.4602
41.7681
25.0637
46.3954
24.3835
44.3632
36.0708
57.8197
31.8313
57.6862
38.7732
52.0172
45.5527
49.3644
42.6081
59.7476
49.827
47.9148
47.9366
59.6059
40.6262
36.8219
50.4467
39.0926
41.2135
42.4184
47.2672
47.5897
55.1735
58.1324
35.2476
57.154
28.4458
40.2574
37.8784
40.3158
46.3956
39.3115
44.3013
34.257
58.4038
51.6139
53.7668
37.4743
41.029
59.1034
43.6769
33.9207
52.3416
56.9401
47.7726
47.2919
33.0272
28.4866
44.3954
53.6068
47.2541
52.466
46.505
44.9272
28.4729
41.6567
49.7303
42.5185
59.612
42.0228
50.8738
49.3638
47.3666
41.6312
17.9741
44.0412
42.852
51.1205
46.9174
48.0525
55.0793
50.9129
47.6357
45.8897
35.621
36.6072
33.0261
53.1485
58.0648
56.8655
48.4854
55.8554
36.6883
47.0233
47.5851
41.3462
51.6438
51.3091
52.0667
43.6834
35.0203
58.8719
33.2304
57.6434
46.8058
55.388
45.9543
52.7905
37.3045
36.7707
41.1823
47.7253
44.1796
62.9955
49.7874
49.1978
39.4676
42.4967
41.1984
60.242
50.7995
51.315
49.8225
30.6251
34.0639
29.8751
46.8806
53.7339
56.7706
58.6163
52.2782
52.6393
49.0743
32.3043
34.0999
50.977
49.3025
29.0662
33.0134
56.935
58.7837
40.6644
49.6635
40.2663
56.9799
49.3748
23.4757
42.3313
46.9727
23.8873
43.2776
60.664
54.8977
59.6486
38.2501
58.2575
61.4913
16.4894
47.7417
45.6419
31.467
50.7361
41.3803
22.8277
58.4882
60.0262
49.0142
44.0636
52.7753
53.1369
57.5002
47.7516
50.3421
51.3606
42.2273
42.3849
60.0252
41.8654
54.1738
55.5689
34.2635
62.8948
49.3278
21.6496
32.4069
47.2512
47.9393
41.2282
53.5358
50.2847
58.0982
47.435
55.649
53.8904
49.4236
54.4915
49.7657
33.2029
59.8801
46.5239
44.7065
50.781
58.8484
34.8836
52.696
60.1922
44.6447
50.7659
37.1132
51.3397
48.0674
40.4241
26.4706
19.7559
55.8766
36.4617
37.948
45.3905
33.3269
46.6808
48.1382
39.0755
55.9482
46.702
56.2129
48.6152
34.6063
40.129
56.4262
31.2428
41.8179
26.3109
39.2782
49.9747
30.2525
25.0559
58.9806
52.7949
25.7661
56.345
55.404
59.5933
53.7223
51.5427
30.2874
60.0448
51.4175
51.8812
39.3507
43.4207
61.3087
29.0669
61.5183
58.322
34.614
44.1844
54.169
32.9606
56.502
44.7104
59.7003
30.5461
45.2953
34.3571
51.8533
36.3123
43.7174
69.9505
51.7592
45.7116
43.1235
52.8914
37.5663
38.626
43.2206
60.0439
54.3542
58.4845
41.0334
47.5289
57.7337
53.7664
23.4588
59.1321
52.0799
58.525
50.805
49.8317
30.7661
49.1439
43.5596
49.8716
58.1029
37.4941
50.8269
33.0763
31.4708
55.641
54.3768
42.2817
39.6711
47.9892
47.3124
26.8705
31.2546
50.0021
17.6254
58.9439
40.8746
58.1884
41.9486
42.5993
54.0091
47.5636
46.4419
58.4229
49.1747
38.794
47.6748
27.1664
29.4918
59.7205
20.7292
53.651
40.2194
40.9494
47.1934
59.4135
56.0509
55.6254
47.616
35.0786
53.4302
51.8303
59.5138
40.1254
34.8578
56.4618
46.5077
45.5058
41.4103
59.6362
54.0681
18.6556
20.1296
47.7928
50.3123
58.7979
43.2217
47.7837
37.8359
18.0244
38.4097
26.073
21.7614
34.9609
20.0143
27.504
44.0454
36.9629
55.3656
38.8363
56.3545
41.5774
51.6965
21.9901
47.9073
55.6378
55.8861
44.1691
32.5001
20.1208
56.3529
42.2143
37.1786
40.9805
57.5189
35.2478
31.8477
39.3679
52.8543
44.2619
51.5139
33.5152
30.4297
29.0244
43.1815
46.4536
54.5346
51.195
58.6635
57.4139
49.2063
57.2199
45.7992
42.7255
34.6369
57.239
52.4271
56.3369
24.184
45.8227
47.0097
42.906
56.0229
50.6534
35.8971
21.3706
46.4006
36.7476
47.8611
47.1186
44.9395
41.9709
56.2617
53.4128
50.1541
44.5497
49.848
45.4247
48.8664
52.674
40.8191
45.523
57.234
50.7047
46.4675
55.4298
43.2132
43.1179
30.8416
47.6671
60.0509
47.4957
58.2318
53.0454
37.8575
48.975
50.0761
56.7002
46.2648
58.0438
51.8799
57.7855
25.9617
34.0481
57.4459
50.4192
54.0585
36.934
32.281
39.0868
51.5928
47.3663
54.0583
49.6664
58.5227
55.4607
56.6878
53.5627
59.5548
47.2776
56.9762
55.4602
48.5307
55.2215
36.9664
31.7706
39.2589
53.7877
40.8862
26.5421
39.3677
43.7762
56.2321
37.8689
41.599
51.2614
46.0353
50.6083
60.0714
31.5313
53.8736
58.1319
44.6658
49.5494
44.2315
50.8085
27.5152
40.0545
43.9408
51.0014
29.924
34.6238
58.13
54.5642
56.5151
36.2734
37.6985
44.3101
27.7091
25.7267
37.5414
57.7059
57.2552
48.1192
32.1289
50.7578
47.459
55.8415
33.9754
25.4083
28.7355
40.3901
42.6887
56.2071
49.7075
44.5529
57.4168
58.5691
47.5107
26.4851
46.2828
55.3336
46.6199
49.1016
59.6321
47.1934
55.2466
28.3962
46.6383
34.8642
41.7313
50.2742
46.1236
51.9864
22.514
25.3066
31.4519
61.5824
47.0963
45.7282
58.6963
56.225
61.1786
75.9005
43.8301
46.3257
40.906
47.1284
59.1382
49.7723
36.9602
53.6984
37.3016
34.8083
32.7889
58.4415
36.1558
46.2752
53.9781
51.8944
58.4608
30.5608
59.7313
60.2992
51.6173
50.1891
57.1911
16.9684
59.6311
35.4049
48.3373
35.4966
58.4186
39.7874
31.3377
47.9949
54.1445
56.5755
52.8142
38.7094
54.6371
40.522
48.974
36.418
49.1948
32.6881
55.7672
25.9243
53.4787
55.0321
28.9575
39.5528
48.7214
14.1363
46.6018
47.9471
41.6264
29.4468
45.0954
15.2398
53.1488
55.5072
42.8433
54.7846
49.6992
46.5033
55.365
57.5801
44.4117
50.7366
49.0856
53.5347
53.839
50.0893
52.5455
44.6627
40.647
48.7655
55.9328
42.3972
55.8979
44.5022
43.4356
31.3023
34.2083
54.4743
30.7818
25.9089
59.3736
30.4431
51.976
42.575
49.1851
36.0731
47.4578
40.9368
49.2934
53.5502
56.1885
33.433
52.1368
43.4791
48.984
33.4642
54.0682
60.152
45.8361
35.8575
48.3492
20.1097
64.4139
53.2126
56.7325
45.937
56.2066
47.0283
53.3878
56.6963
52.0208
57.1872
55.4927
29.6055
60.0758
61.2284
55.2132
48.8208
54.3554
49.9422
55.9099
59.5107
39.1949
57.1145
32.6546
46.3158
41.7858
55.3812
45.4376
58.8195
57.1345
41.9339
45.9982
39.1713
27.2596
57.751
60.9209
49.7817
53.0426
26.4406
49.7204
40.9941
50.2581
47.7304
47.3847
56.9445
34.5986
53.1572
47.0237
45.3525
44.7229
43.3191
61.0861
40.9956
47.1877
39.3911
15.432
51.0103
37.23
24.4139
54.2901
51.8731
37.4945
54.02
48.0555
33.8506
44.5392
46.8227
51.9424
49.9252
56.876
32.5183
46.324
40.5463
9.76101
55.5863
23.5678
45.9114
55.0431
45.9477
52.0329
36.9561
44.5892
33.4998
46.6344
38.8556
36.9888
55.4654
48.0469
24.2511
50.065
60.3715
54.9871
44.7739
48.4486
55.8258
54.6862
57.0395
47.2606
55.7446
30.0194
59.0927
25.8671
47.4203
31.479
61.2784
57.8716
24.5896
56.1787
54.1795
59.3818
30.578
46.9369
49.0463
40.437
53.1448
49.4762
44.2223
36.4987
34.2991
36.4945
59.6184
44.6572
57.1078
43.4311
47.4576
56.0836
33.8004
48.6422
32.6825
34.9084
26.8216
40.1245
37.172
43.557
44.1831
43.7161
49.9425
55.4856
40.9579
62.2337
47.2814
42.148
50.8403
53.3102
49.2563
32.2405
51.9867
61.6967
38.5604
59.4203
45.9399
40.7852
57.3362
39.0401
46.2495
49.997
45.5947
49.627
60.8293
46.2586
15.0967
31.819
48.3622
38.4461
42.8287
58.2233
40.1223
51.1106
49.3829
44.6376
53.4442
40.9688
44.4691
56.6354
56.4088
58.1667
47.9609
44.0883
15.0443
38.731
31.5823
19.4599
34.2817
61.3073
50.461
57.9089
53.4692
50.3629
20.3301
47.9691
48.0292
49.0265
60.8136
60.0199
22.3851
45.302
39.5123
52.2778
48.3233
26.4779
29.7542
45.7954
57.1294
58.4415
41.2897
32.2822
35.1181
23.2116
53.7325
59.2545
42.9767
23.1862
53.6717
38.9582
27.1063
36.3079
58.2687
48.0619
46.7354
54.8632
35.3647
61.947
49.2468
47.1862
32.0568
45.0771
39.6556
48.3716
50.8174
42.3328
45.4739
45.7109
44.1421
45.8496
53.9225
50.8054
24.1065
57.9786
34.5157
53.263
26.8223
57.1873
44.7369
36.4109
40.377
30.4796
46.2249
45.4378
48.2437
35.7462
48.5237
35.9884
33.6698
44.5952
60.6305
43.4637
18.0275
34.3792
54.1747
55.0078
35.778
39.1477
57.3647
33.8732
53.716
47.0268
24.9198
45.5384
46.1209
41.6871
29.0608
36.8964
43.2532
47.7288
43.9036
45.8352
37.5691
54.1438
43.8969
44.834
49.1451
53.3302
60.7716
29.6675
46.6686
42.1513
49.1667
45.9167
56.4646
23.6068
50.9907
58.3237
58.1309
36.1767
40.5451
40.59
50.8367
19.9351
53.9992
54.8636
17.3074
34.8636
43.1453
59.9656
56.624
40.2253
48.5287
30.6096
57.5652
53.7707
36.0189
58.4264
53.0147
52.6607
36.134
61.0209
47.1159
32.0529
34.246
52.5341
40.1497
49.1998
53.919
32.4796
43.0106
39.2551
31.8119
44.466
43.5992
57.9447
31.4493
44.182
51.2375
50.2034
55.0526
34.4127
60.5559
49.1669
40.8173
36.6591
46.2499
48.7014
38.0226
50.9404
47.4574
41.3837
56.6359
49.9415
48.6036
43.5861
55.1661
50.0734
46.6763
46.482
29.8786
48.7502
38.3446
55.3202
53.9586
60.1896
50.3329
44.8233
48.4117
44.0289
40.6217
39.7576
51.138
46.1664
59.4944
57.6353
47.6842
26.5988
16.1981
58.3993
46.6088
59.7451
38.7562
50.1599
47.9215
43.4451
36.2163
47.6557
46.2293
41.1494
25.995
35.4248
56.117
53.3782
57.0881
37.1281
39.2375
56.7517
55.2419
46.121
57.528
35.4232
56.747
43.8492
61.143
8.42982
43.4774
49.5008
53.5806
27.153
38.1991
54.9751
42.365
33.5408
26.8142
44.9527
58.863
37.0779
50.541
54.8783
59.5023
40.887
28.906
53.6713
48.6916
47.3631
29.1682
51.8107
43.6507
50.814
62.7173
40.1182
44.6825
52.2267
43.7702
46.7628
52.9159
48.0449
45.2016
52.5348
35.0592
54.6564
57.5515
48.1468
46.4534
46.9282
41.9326
44.3339
39.3478
38.2879
30.3467
54.2464
54.0445
42.926
53.8251
56.5637
33.7537
24.8883
32.0754
32.7204
50.2706
55.4222
39.3305
56.4394
61.1532
54.7154
47.3931
53.8652
56.4893
48.8082
50.8169
43.2003
59.7303
61.3452
48.7341
49.8559
29.7982
48.6309
53.585
60.9541
45.5977
39.5156
41.328
37.5369
37.8044
50.8448
61.4989
56.5507
50.0694
58.2076
55.9159
40.94
49.4947
38.2042
48.044
37.9691
38.4171
41.1645
44.9597
54.6641
39.7368
49.9664
48.8811
50.3385
26.7697
61.3726
60.5826
51.7402
47.2664
51.92
46.4553
49.9501
39.3898
50.395
49.2316
51.1684
59.0416
47.0231
57.8491
44.5635
34.4421
44.2974
36.696
47.1465
41.0781
29.6429
44.3109
55.7562
62.4007
47.4213
58.6795
56.3732
51.3194
40.7805
44.6536
50.1698
49.6976
55.6264
33.1072
60.0277
44.0595
31.4088
58.2277
55.7892
45.9965
52.7718
53.7407
59.7431
48.4683
46.1982
30.0942
28.6045
46.9942
30.3683
43.8399
56.4281
52.7457
57.4826
40.4268
36.3779
14.8494
32.7804
45.653
57.1259
49.8857
35.766
49.3264
47.3922
54.28
49.9877
60.1875
62.9051
45.5188
44.9209
45.0657
57.4064
48.5208
41.1901
50.2134
61.3458
35.778
54.6047
61.476
48.3416
45.507
55.7719
30.8264
26.1799
59.4542
34.8032
54.5704
44.6091
30.7295
58.2323
28.2544
49.3968
57.4842
34.6303
55.8252
46.6236
59.9424
42.4541
55.6704
45.9036
45.6239
37.0587
57.5481
52.5587
40.2955
59.9829
48.7187
46.5104
29.6304
47.1949
49.2748
46.2603
61.7301
43.8715
47.6808
47.2354
44.4926
47.9849
69.0112
39.38
22.2414
40.3737
52.2303
43.7832
44.5232
45.2041
40.2911
25.9022
49.9633
45.0105
23.3165
40.2947
44.2937
42.1059
48.1584
41.8215
46.9945
43.3191
39.0475
45.9591
44.6892
44.0262
50.5984
58.5511
44.556
32.2265
31.0218
46.0964
32.5102
47.9866
38.7861
44.6855
37.8976
54.1824
40.0527
55.4293
49.4907
32.2856
54.8234
60.7038
25.4191
41.0504
49.6087
56.5778
50.1297
48.2169
46.0101
40.2017
32.5439
56.3114
33.319
51.3913
45.705
58.1673
48.4116
44.102
60.6633
54.4082
20.3946
36.1463
31.748
57.6007
29.38
23.4948
48.9556
44.2566
47.9755
50.0579
42.923
49.9805
48.0673
42.5904
61.4346
54.3708
27.0453
35.2502
30.4386
59.9676
41.8927
33.5009
30.3059
47.7628
50.6266
50.1955
51.8367
47.9867
51.4524
48.2463
58.2504
27.1011
50.4742
52.6144
53.0989
53.8253
43.5566
53.982
45.1251
28.3106
54.561
48.8198
37.1226
39.0384
42.1701
43.1128
58.8237
50.6375
35.5671
45.6728
29.8927
46.5925
35.8228
55.8852
44.548
49.5593
27.4933
31.5736
48.007
59.8221
44.2325
43.2156
51.8424
58.0496
47.0239
45.4286
39.393
57.5571
28.2164
33.127
51.4584
27.7901
27.4785
38.162
22.2346
54.4984
50.1412
47.0269
44.0188
18.1991
45.6346
48.7406
43.8679
58.744
22.4834
47.6582
49.589
46.411
48.2349
47.525
50.1117
52.5835
28.9999
58.067
49.3678
47.0098
49.7318
35.7135
51.6126
58.2982
31.2732
15.6349
32.6502
46.425
57.031
46.379
60.0657
38.6437
47.2422
31.6656
57.1791
34.3356
52.2282
56.9062
32.5932
43.1239
49.8755
55.8279
51.985
61.7622
38.9428
28.4302
56.4277
28.801
54.2502
44.2246
35.9324
43.5534
43.2099
27.3702
52.9621
41.0034
47.3036
58.2018
49.9386
49.1102
37.1733
59.6746
50.9368
54.6118
49.2053
47.5398
56.6506
39.6114
40.2677
54.0771
57.2006
39.8806
36.6648
31.6207
59.5851
53.7619
21.0815
47.0023
46.8773
23.1847
48.9784
41.6493
57.9074
60.7413
32.868
50.9037
57.4123
38.2662
44.9011
27.0593
55.903
57.523
52.9803
45.9029
43.1638
59.819
52.1619
59.0133
49.7909
43.4517
22.4475
50.7463
47.1574
31.3606
51.0536
48.4601
47.229
58.2999
46.5812
51.3556
45.9044
54.9922
54.3865
45.2773
50.8764
47.293
48.0876
54.8044
45.8895
46.6199
43.5601
38.4819
38.2491
48.2147
54.4584
48.8144
38.4287
51.9486
47.1887
49.0401
37.9687
47.0073
50.7896
40.0943
43.1266
60.2291
52.1837
48.589
42.5888
50.0711
40.0817
37.7633
53.4676
34.0162
40.3862
47.9188
55.3454
45.0477
49.6239
54.4449
35.0387
48.9373
34.8093
47.9198
51.3843
38.8644
50.4899
48.3584
42.1323
57.7005
50.3773
28.6088
22.1057
52.0201
46.6483
45.0089
42.6434
44.0274
47.6554
34.2453
50.6578
49.0951
32.21
57.2052
33.4387
24.5249
57.9602
51.7061
33.7904
42.1333
29.1337
13.2625
43.3081
17.8335
49.7231
51.703
32.5052
48.7844
43.6876
59.7166
57.9493
50.0978
54.3608
55.6277
58.0462
51.129
28.4699
46.3394
37.3377
57.1827
39.8178
39.9607
43.1369
55.498
20.0463
56.4118
38.4584
26.2193
43.2373
43.9717
51.1177
43.5009
32.0738
19.8463
60.0049
36.4055
50.7399
40.1315
36.9528
50.0134
57.687
55.4583
42.5573
47.5691
55.6046
56.0492
56.7402
50.186
53.2037
49.3292
56.4886
42.2375
55.4968
57.537
57.2579
58.8167
51.4834
46.3047
36.2659
53.2919
48.0932
53.7495
51.8693
30.1099
44.7556
44.2597
39.232
40.0474
26.3499
63.8544
45.0694
50.1495
57.886
49.0464
35.4738
46.5448
53.4235
30.2409
55.4477
46.9071
56.691
57.0836
23.6477
46.3832
33.5318
45.0103
51.485
55.6329
51.1783
40.4423
24.8338
46.8265
39.3168
47.4257
51.9014
37.0418
49.0081
48.014
49.7561
29.5971
58.4609
52.9499
41.0624
30.2094
41.363
48.6314
49.5554
26.0046
48.6776
38.5159
47.0814
37.1327
31.2943
54.085
58.6515
51.1528
42.8602
42.1933
31.5948
33.9633
56.0804
47.4967
32.6668
34.1666
56.286
56.9667
30.1755
44.6386
56.9061
46.9986
46.1679
60.4684
33.0739
53.0131
49.0221
43.5998
34.5337
46.0589
46.8778
34.4672
42.3943
53.2223
24.5169
40.4686
33.3926
50.282
38.8274
45.1705
38.0479
40.146
47.2091
55.202
60.9764
55.0801
40.5199
36.9585
55.9725
57.9223
44.5256
39.9789
55.3963
52.0321
48.6968
48.3805
58.3518
42.0513
44.663
48.6804
40.8697
47.882
28.3218
52.8029
54.4009
60.5548
58.2211
39.3318
51.2565
54.3866
30.121
51.3834
28.7953
55.0952
37.9536
46.6028
52.4176
48.1625
52.921
53.146
60.0712
60.0126
49.6734
59.7278
50.0687
39.884
52.9145
60.1764
26.8181
61.5493
59.2779
42.5736
43.9362
55.8385
50.738
40.6932
49.4448
27.8847
57.0498
38.5311
52.4352
54.2574
47.8626
29.067
41.6306
48.6259
62.5242
50.725
38.0057
56.68
36.8296
45.509
45.7412
42.5003
45.0587
44.6094
59.4685
47.5412
45.7795
46.1514
47.8105
62.072
49.1376
42.3034
59.2741
44.5488
55.9275
43.8715
50.3263
55.7919
14.1242
62.1249
59.2469
47.9924
43.2626
32.1596
56.6176
49.0496
60.0705
54.9682
49.3495
58.3101
29.0322
53.2308
29.36
45.8814
45.5466
45.5463
54.5443
58.2424
44.9405
43.8215
46.1047
60.7703
57.1771
56.8959
59.121
42.9952
61.6152
49.0915
46.5904
59.95
21.1884
45.6553
31.3135
45.361
51.8428
52.3254
22.4976
39.3835
52.7202
40.584
39.2042
29.892
46.4436
47.2102
55.674
37.7062
40.0667
48.312
53.881
57.1355
49.5413
49.929
55.1934
47.2897
51.5398
50.6992
49.0737
41.0503
54.4062
55.468
46.8001
47.3753
28.1585
58.1683
42.2569
58.8111
56.7703
42.2701
23.084
41.4695
57.0406
58.4181
25.8867
34.2718
40.1256
46.4844
40.1894
49.3255
24.0612
51.9294
45.8958
45.0762
55.0604
36.0932
39.4941
49.3431
49.5175
31.1864
41.3598
53.8095
38.6747
48.9642
53.0545
53.2274
41.2561
33.8749
41.4576
29.6661
45.6572
56.8983
17.082
31.3083
59.6647
60.1757
39.7703
54.2447
48.4839
38.8402
45.216
52.1127
45.1611
38.0037
45.1088
53.6894
40.7322
52.0251
35.7133
44.5075
59.741
37.1054
56.061
51.2367
52.2302
49.2789
43.5325
58.5972
48.3076
57.6165
47.647
54.0381
43.9169
34.0436
45.1618
39.7545
44.1912
53.9554
49.3443
57.5216
53.6837
58.5299
55.5227
41.5848
56.4004
40.9811
46.5373
42.639
45.9296
58.8655
45.5452
48.5086
50.0977
53.7279
44.4118
50.3175
43.301
59.7613
60.1613
43.1495
42.8811
45.1754
52.9083
59.1554
56.9128
25.4629
48.7052
49.6229
55.2379
51.1624
63.8623
27.5224
44.3159
43.6223
58.3363
47.2875
57.9376
30.433
45.448
39.0845
48.9395
48.4194
53.7336
58.964
56.5286
47.8031
35.0063
36.5498
51.0212
47.4689
31.7153
59.1731
31.2116
50.4059
58.4444
47.6542
50.7455
32.4634
54.4636
34.7893
57.132
56.6967
51.256
50.0534
50.0427
57.0676
40.899
57.0036
51.4245
42.2378
35.223
54.6574
47.6511
53.1376
58.2514
39.5804
49.8718
35.7113
51.4678
29.0457
54.3869
47.1913
47.8883
51.6287
41.7711
60.018
57.2429
41.7152
37.7958
44.4977
56.8669
36.7642
47.6807
20.1705
28.8423
46.4706
59.7665
61.7313
49.423
52.1609
23.5352
51.4786
50.692
48.3155
47.0871
30.3043
57.692
39.7863
50.5412
42.1858
38.3217
57.4363
35.8372
46.7057
35.3309
35.0389
52.3075
47.07
55.6698
23.2012
56.4079
35.8226
42.2799
54.2825
35.6703
42.7882
59.4911
43.0418
34.5677
39.9411
40.8169
58.7234
30.0759
49.4246
43.9436
48.0919
34.1809
43.0753
46.8275
32.9155
33.5511
33.9586
50.065
56.6964
43.5685
36.0292
56.0425
34.1305
37.7875
35.2989
43.7676
40.0091
40.1993
55.3067
39.8102
35.7008
55.5072
43.6938
61.6425
38.4662
48.1279
33.904
27.9717
61.2651
39.1394
48.9556
40.8397
49.2157
54.7574
49.5041
61.372
50.2656
40.5136
48.8446
44.3585
49.0529
56.8838
45.0695
30.1015
37.1034
33.4288
40.6548
32.2096
46.8632
50.5865
31.7001
52.0783
54.2046
49.0606
48.6872
42.4117
56.8221
30.9275
26.7925
45.4306
32.3034
20.0486
47.3884
47.4036
43.2973
23.5999
40.0699
51.5691
47.0138
46.638
51.4862
47.4359
46.2537
54.3746
53.7657
54.0536
49.9763
43.62
43.2449
40.3304
33.5384
44.375
58.8175
37.8244
46.1434
59.0662
35.4743
57.8735
34.0947
59.7126
39.8352
49.5875
51.6853
53.9646
40.6008
56.3414
40.4814
54.8709
60.0235
56.3139
56.8268
48.6241
31.6214
46.2046
45.1339
48.3244
40.9963
64.4893
44.8293
51.2218
57.8307
40.4187
50.4957
22.6866
40.226
57.9898
43.5206
43.5201
20.8267
39.0797
52.1779
54.3798
26.9112
45.3574
40.9144
60.2121
24.7918
48.6237
49.6251
42.1404
47.2796
47.8769
51.0654
35.2619
46.1083
30.4726
51.8725
29.8161
44.3451
47.3551
48.8916
56.405
54.1151
51.1172
26.701
44.1501
55.9547
48.8987
49.1195
45.9169
61.3023
43.4398
32.5644
54.0263
45.1846
29.3479
30.3044
56.5468
55.885
56.3226
43.5974
56.0603
36.7527
45.2369
48.0951
40.1327
54.0147
40.889
44.4624
60.931
44.2954
34.9613
59.6328
57.7736
42.4311
49.4513
55.8319
38.789
56.4368
30.4031
62.9553
59.9037
40.5075
43.3864
49.7578
54.9717
55.1944
54.7699
45.4011
40.1303
46.3923
54.0409
57.2695
41.4021
18.0946
52.5634
54.3187
51.4903
58.8352
53.5649
42.7383
57.0575
47.9665
48.1606
36.9977
44.7837
59.7679
44.6749
46.0341
54.2875
32.1574
57.0663
41.3463
39.2641
56.0663
38.6353
56.8703
45.7878
51.5811
44.0723
50.239
49.3398
58.6317
60.9976
59.1316
45.5414
43.6464
57.554
46.2826
46.1665
60.2322
34.0716
25.7925
31.9595
39.5949
25.5834
43.6706
46.2176
57.4585
50.9397
43.9096
48.5452
46.2428
37.2162
53.2404
58.8042
56.8744
45.0385
41.4681
59.849
40.2125
43.6934
58.5073
45.2912
49.5003
37.0137
48.8529
56.6016
59.5889
50.7611
47.8379
40.6554
46.7107
39.4759
47.8474
58.3994
57.6926
55.9218
46.3902
59.9335
54.9851
33.7847
41.4045
20.0588
48.0709
43.346
26.8747
48.8473
51.6345
35.9996
56.3143
53.3823
48.1323
46.8901
61.554
34.9103
50.4568
35.8435
32.3139
30.436
40.3227
54.7893
41.4201
51.2125
56.591
38.3239
45.2202
50.9068
18.2494
26.0882
13.639
57.6315
41.5802
42.6749
40.5573
40.8257
25.5437
56.5988
55.3561
42.3401
27.4767
53.6708
38.0839
48.6114
56.5168
35.3432
47.5532
48.0554
53.1871
57.1457
59.558
33.1262
48.5979
38.3283
49.6447
51.8581
37.2706
24.698
41.0045
56.8972
60.4763
41.8988
46.5904
48.7456
44.2275
42.1796
36.2382
52.9927
38.0043
42.3975
24.9973
50.6535
48.9647
51.5659
48.8808
75.0221
43.6937
25.7178
35.9305
36.8702
44.2537
53.4016
54.2475
51.5624
36.5628
47.8482
29.6285
51.6782
44.7835
53.7914
42.6863
60.3232
48.8835
56.1407
60.2819
51.5067
57.7592
40.2046
37.3971
36.0727
48.0433
48.9684
52.171
40.0618
47.06
53.5294
38.9096
54.4465
32.9306
58.4539
46.675
46.5056
42.1318
53.41
49.4751
30.5919
56.0781
36.2086
56.8164
47.0347
55.4871
55.8495
52.0403
45.4522
49.1991
35.406
50.6017
36.2951
44.8903
53.3269
38.5982
56.7896
56.8655
43.8757
55.1291
35.0782
44.3591
45.7932
19.1023
50.6472
40.2658
31.1169
41.175
60.5147
45.6816
48.5923
40.7499
55.8443
25.8211
57.8133
47.426
43.214
42.6015
48.1383
60.1551
53.5132
27.0643
49.9865
51.9503
46.8502
46.1848
46.9769
44.148
48.2372
42.3154
43.6803
54.025
54.1855
49.4873
46.8005
52.7873
46.1187
41.0943
47.5477
32.4232
48.1405
56.9382
40.8813
41.3043
50.9376
40.6613
51.1646
51.3854
50.0253
34.7124
55.2131
24.2362
45.5258
45.1844
44.1253
57.1385
46.9248
51.6553
57.0699
52.9858
56.84
40.5377
57.2678
42.9703
38.3964
45.4927
9.63948
26.6461
33.7938
44.2682
46.41
54.2126
37.0747
57.9998
27.0717
23.7115
52.9837
49.9053
35.935
56.9896
36.2172
56.7058
32.7872
44.8816
47.7481
60.4635
46.9556
50.004
32.6999
47.0812
48.1933
46.7517
39.4002
60.619
41.4714
43.352
33.7769
54.2606
52.2522
32.0748
41.7552
23.466
71.9256
40.0847
42.0187
28.8083
42.1785
39.0928
46.5598
47.0382
55.5767
52.8386
29.2657
27.5798
33.2126
43.1252
48.5279
53.4626
50.6755
46.0503
42.1594
56.0756
42.6166
57.5256
50.6711
48.1922
59.196
58.0426
58.5856
48.0257
54.6536
54.1992
49.6245
48.6685
56.7822
49.9569
48.3815
61.452
57.0062
46.0061
42.268
38.6133
25.5253
49.7127
57.5179
38.1837
60.1612
57.557
50.0834
51.1099
60.0746
41.8572
44.0534
48.6593
50.9694
27.8915
43.0186
55.5451
46.8172
49.7901
56.1151
37.7344
40.2136
38.712
51.8249
42.9281
39.2003
49.0775
40.2776
20.1695
29.9779
47.5442
59.0104
58.6424
43.8357
60.0705
38.3311
24.1162
29.5114
58.5614
22.8402
50.6484
32.1324
40.1951
30.7866
55.2633
44.9925
53.24
57.4738
58.9697
45.9398
44.5708
43.6885
35.115
45.5889
47.7145
26.1478
50.4298
55.6881
51.2229
52.7867
50.193
15.8618
58.2968
57.653
50.2788
51.0447
60.3999
60.2913
57.3163
40.2199
61.2377
37.7335
61.0724
57.0214
46.2778
46.7273
52.0427
56.6011
40.4431
58.327
57.0581
51.6439
46.697
42.7784
58.0701
43.5111
46.8598
26.0158
51.8865
46.6179
44.5089
62.0191
39.9496
29.3339
37.5333
43.3662
19.2368
31.1039
60.5106
44.6262
54.7275
40.7387
39.1446
61.5964
46.5518
50.89
42.3295
54.5617
51.2336
35.9794
48.1404
44.2307
56.388
60.2652
43.5074
48.6216
39.1514
27.1832
44.2101
45.5807
54.5832
58.2819
55.6524
48.8398
40.6026
59.7661
37.1801
55.9242
58.2589
45.0504
55.846
54.5291
46.8586
48.1485
33.0664
55.2272
43.2595
47.6144
46.0724
46.858
48.8577
29.5551
49.6421
49.3861
33.7555
50.7252
35.3555
43.7014
51.7993
60.0554
47.3497
42.7918
38.3822
48.9516
30.938
58.5768
57.6245
51.3764
39.1316
48.9538
51.2281
35.4244
40.4171
53.0155
60.0446
42.4485
43.2914
49.1265
36.1708
57.8938
54.9346
45.7475
55.0343
46.0465
58.759
49.6241
17.3038
40.7199
25.3106
57.0267
32.3186
45.8154
42.8435
45.7367
60.9791
40.8091
51.5394
49.691
55.0891
32.7547
33.149
60.6065
36.6467
48.6803
37.6355
40.3927
37.4959
51.2145
38.4047
56.4826
59.6622
43.008
32.7483
52.2862
48.5387
51.786
41.1225
44.8156
60.6505
61.5112
45.9891
46.284
55.7734
54.0398
32.1908
45.461
23.8436
32.4187
57.8236
53.3736
37.763
45.3116
16.8412
42.5371
53.963
57.5957
34.6956
46.9255
39.4766
45.8303
56.4531
54.1986
59.8914
56.7987
46.8665
45.6931
50.6546
29.8107
55.7107
48.9761
41.3015
44.8776
50.1682
42.6195
60.9828
60.8797
57.756
41.6211
52.4049
22.4049
62.7706
45.0279
22.1557
40.2267
49.0724
36.1491
55.0814
45.621
27.9107
61.2864
53.6478
47.0836
50.4328
42.4309
51.2253
56.7342
39.8937
48.9278
47.8679
61.1955
49.3209
47.5157
42.7122
53.4908
52.9983
25.5921
39.8294
55.6077
41.8401
59.5403
44.0167
54.2847
21.9005
33.2464
47.8492
40.0387
17.7464
49.8675
55.5213
44.1025
42.9229
52.7173
42.8815
46.8213
36.8863
51.0416
51.7664
58.3935
38.2275
47.425
55.3365
56.2079
57.5694
20.4017
46.6994
40.9375
61.987
46.0843
57.6864
49.6308
60.6315
77.6869
14.2771
38.7063
48.8319
59.3748
57.0878
22.4153
44.7396
53.2681
47.4822
45.4137
51.2553
40.0006
50.7394
40.3248
56.8457
50.0788
51.6728
51.7882
50.1789
22.6456
34.9071
39.4925
34.2915
57.5626
52.7446
46.5599
42.4008
51.8661
30.6476
64.0838
36.6118
40.9585
40.5936
19.3054
59.9484
46.0749
42.5045
50.499
53.7891
45.0149
28.6533
56.9832
45.3968
22.5419
50.5995
35.2409
47.5944
56.9715
40.3341
54.1997
53.6669
55.2218
52.1732
47.3807
49.5593
46.53
43.5033
59.7781
46.9719
47.1875
39.2767
50.0557
50.3676
47.8867
47.594
49.2357
43.2199
25.2451
44.4542
30.7737
54.6711
46.4487
58.4322
47.3456
55.7099
61.3908
50.3513
59.2738
34.3894
51.9016
36.5024
35.653
38.6922
41.8493
45.9866
44.4437
39.5923
53.7863
48.4494
36.7577
42.4427
61.7254
40.3352
47.9728
48.1758
53.685
34.9701
47.882
51.8596
58.4297
52.9426
44.49
45.0952
49.2138
60.0467
61.5575
52.6439
50.5051
51.5586
27.8524
50.3767
47.1956
61.4058
53.892
58.0606
42.6453
50.7564
47.743
59.0547
56.9863
49.8926
46.6641
38.9286
55.679
56.4848
57.5981
46.4267
44.4725
50.537
48.0322
11.2475
56.8203
40.3692
27.0213
33.5126
34.2457
58.3532
39.6939
50.9006
58.5265
50.8501
26.1683
59.4341
50.5629
41.7656
48.2335
57.3595
42.0762
43.4024
38.5119
28.2825
49.8759
47.4536
30.0772
40.9313
51.399
41.1282
39.7656
46.1887
50.174
31.3491
49.2239
49.801
44.9726
42.551
53.2679
43.5072
35.6793
48.532
48.2239
57.2582
41.5535
50.0145
48.0824
25.3094
49.9049
51.0232
59.5904
58.4062
41.0571
41.1812
43.1463
56.9636
61.1924
51.0185
43.0001
53.0744
37.7049
37.8088
39.7373
47.3256
60.3692
33.9356
42.6203
47.1344
25.6799
57.8612
37.5435
47.1315
48.5462
47.0956
45.5803
47.3781
38.2402
34.8809
28.719
49.6064
61.631
54.7238
60.1774
58.322
42.0045
46.9716
34.7661
40.4448
49.9895
48.3873
55.1758
56.175
60.3125
37.6467
47.7218
53.2208
45.1795
45.5126
60.1699
45.388
41.3245
33.2822
45.9001
40.8535
45.136
35.9926
37.2617
57.2622
42.2121
51.1907
53.7812
49.757
40.1579
38.0614
32.5901
37.9135
24.304
47.3888
30.9461
26.5893
52.7925
39.7364
38.5813
57.9374
60.1303
63.2249
56.3568
36.7507
41.9437
40.5847
52.4989
43.4876
41.1394
31.8598
57.1394
46.2275
40.2062
38.4023
37.1779
51.2337
30.9485
50.1954
58.4072
50.6776
58.7449
49.3717
22.3853
49.5838
37.7265
50.137
36.0541
56.7333
40.6664
43.8168
37.229
47.334
39.5797
47.3979
51.5717
60.001
59.172
28.6515
61.3817
55.8013
44.6085
50.1526
49.7258
47.0031
47.2579
56.6786
57.1382
50.8596
44.2202
48.3974
47.1846
43.5671
50.8656
59.5616
55.0173
59.9205
50.0536
42.9115
55.5118
61.288
58.5187
49.4516
29.291
60.0042
33.9623
15.7775
45.5674
52.7596
58.7162
57.0969
56.835
46.4771
54.0786
34.408
50.5123
47.8415
41.5041
56.6007
34.0335
46.5545
55.1876
33.3035
46.0736
30.2544
47.4747
58.1657
52.9918
42.3965
46.5016
48.7447
53.7615
36.362
37.5221
53.4466
35.9452
50.4566
57.7606
39.6743
42.6244
36.0006
39.4812
59.8095
35.7649
43.2496
53.6367
60.9179
52.6308
44.0416
44.7915
29.9506
41.7616
43.0797
38.5102
33.5595
47.4308
40.626
49.035
50.9313
50.6513
54.7662
45.5315
51.6746
42.0973
47.5271
49.5786
16.5757
60.3794
53.5915
41.9718
47.1818
42.9842
46.1698
49.743
23.1744
49.3274
41.3146
37.7767
39.712
15.0647
31.953
31.084
56.4952
14.6264
55.1316
49.6021
48.4548
55.5301
50.3284
46.0822
52.298
41.33
47.2584
41.2581
45.8749
48.2881
47.8958
16.8404
58.2233
32.0943
51.0298
54.166
47.5202
52.6004
22.5727
23.5841
54.7364
59.168
37.5378
39.9256
31.4851
48.686
44.386
49.725
30.5846
44.1234
34.0854
44.6984
53.2451
50.5717
30.8792
55.7826
33.5946
39.8875
51.0087
39.0302
46.607
46.7182
58.0545
47.4641
49.3143
46.5662
46.6425
52.038
53.4482
47.6596
48.5963
55.2729
48.3748
61.3198
33.21
45.8403
38.3867
44.4063
42.5558
46.9227
58.1841
42.6214
58.5747
59.0535
28.0129
35.3302
36.7885
60.866
56.7154
59.9989
46.0755
44.3322
51.4222
32.8465
50.6034
54.8398
49.1033
59.9525
57.4797
42.9528
31.5473
36.5794
50.5826
49.8678
40.8592
43.3498
50.056
16.5326
49.8876
46.951
24.1408
24.9658
38.8983
49.3038
60.2903
35.4156
42.9859
34.953
49.8563
45.0516
25.5429
54.3018
44.2276
29.5581
60.7931
59.7266
40.9739
43.9625
35.1442
39.621
38.9685
59.3605
58.3362
29.3901
36.7787
45.6057
52.3349
32.3506
59.9598
42.4418
36.2977
60.0088
26.12
47.3283
42.0901
49.724
44.5187
50.3428
33.3873
48.8221
46.7644
47.1793
59.6495
48.532
33.0892
35.9952
44.601
30.2006
47.2189
53.6743
37.0236
50.6458
39.5002
44.5832
52.2203
56.5902
48.4964
50.3857
26.3511
49.8482
33.1196
55.4412
41.0975
57.867
59.5434
37.7514
60.4572
50.3296
45.0368
26.1378
57.792
26.3494
46.0911
56.6271
33.8887
49.1224
45.8468
11.3681
60.2563
26.3309
56.9887
60.44
39.9037
41.9327
58.2188
42.1004
47.9774
38.7434
51.8981
36.3202
49.7979
58.6263
56.0681
40.0201
28.0961
49.2276
28.971
32.6268
33.1522
58.7123
44.2721
41.4015
47.1572
60.6126
34.4467
53.8154
21.83
44.8178
56.5531
44.0184
43.4341
52.3863
49.2761
63.8696
27.4141
45.3564
55.5673
35.8185
54.3184
51.8527
42.2744
42.1717
49.6474
63.2966
45.7534
46.2894
50.4447
51.9384
50.8025
48.6111
38.5108
36.7589
44.9543
38.6233
44.5285
60.9562
54.3192
48.3169
49.307
58.2459
50.0117
58.7526
46.3711
50.8708
49.5528
44.6833
49.9864
20.7579
43.6323
45.0337
35.6447
52.2289
51.8491
35.9232
23.7908
37.6983
49.8776
56.321
45.8902
63.1069
44.344
49.4472
41.1483
54.3687
61.6474
45.2474
29.365
42.1847
58.3129
39.0131
56.6577
22.8887
30.9962
35.455
38.5686
60.0198
36.1533
61.893
42.3374
50.9049
53.0059
41.5053
49.9683
30.5226
48.3182
29.5473
59.9761
27.7809
38.2506
58.1158
42.724
25.931
44.2957
39.3976
47.9888
49.8017
57.445
50.3209
49.9831
45.9004
26.0604
39.3344
52.803
58.4519
52.4423
45.7589
35.2617
53.9231
33.7274
56.9943
58.214
58.497
55.6879
49.1569
59.9746
50.0154
38.5839
51.8501
38.1061
60.2967
42.844
58.1814
48.1225
59.9173
51.2774
39.6604
29.1447
49.9163
57.3788
58.3282
38.209
31.3792
36.5309
58.2299
50.3757
26.0263
54.3187
30.0542
53.5452
59.3196
55.2774
49.6642
47.6406
42.5604
46.1223
41.2104
33.7815
48.085
57.0667
57.0276
44.7933
37.2752
55.9065
50.7936
50.0549
54.2338
57.2156
51.2101
48.7811
48.43
46.3622
28.6178
50.4572
41.142
51.9225
35.9326
47.1565
46.4378
47.3845
31.169
42.7264
44.5562
52.3182
46.4887
33.892
45.9281
45.3837
50.9557
41.625
29.2532
57.4125
34.9185
32.9616
60.1159
45.2734
20.2303
47.118
51.2984
61.1867
45.8385
42.8289
45.5432
46.853
54.2544
56.4081
40.9881
58.6051
45.9338
49.7389
51.4213
55.5659
61.738
59.8922
44.8684
56.1281
45.8059
40.359
51.2041
41.361
58.4776
40.7041
40.1963
59.667
11.2594
49.5684
35.4725
37.4189
49.1689
47.9334
42.8148
34.1373
55.7238
49.6052
39.0206
28.7419
38.2335
50.1109
36.704
49.7763
56.546
45.0544
50.3536
41.525
58.8825
48.9449
56.6988
47.2864
42.7792
43.9264
57.0506
53.6531
31.6223
44.9579
48.1663
56.7906
36.8797
43.1413
44.6756
43.3389
51.6235
32.8739
54.4616
60.5584
51.6664
32.9378
51.8079
47.1729
47.5115
34.8542
55.8329
51.6806
33.6997
42.0132
52.5227
14.6394
57.7568
47.3722
57.0409
50.1008
26.8304
56.9673
37.0064
13.3931
44.043
24.1521
61.2121
33.2698
29.4624
48.6665
25.9593
60.5067
48.2346
48.3768
55.6047
59.7333
58.8886
24.4441
46.0346
55.5114
50.3473
54.0368
35.1094
33.661
55.8134
45.3703
55.3597
37.1775
30.9726
39.6471
49.3506
50.7701
24.7213
35.0533
14.1693
27.488
46.8133
31.7049
52.7336
47.7623
35.548
28.3071
33.7681
12.7362
46.8044
41.3643
48.5826
50.2442
41.0724
55.4667
56.4379
54.1256
42.9018
58.7472
45.7722
47.4189
45.7574
51.2819
47.3562
46.9671
39.2899
46.4026
48.217
40.7389
48.9775
40.8519
52.0255
50.4947
46.2386
45.987
51.4272
37.5947
61.1163
49.3649
49.0053
49.8981
59.9629
55.8521
38.7866
19.6311
52.4914
34.4333
47.8188
34.4817
54.8582
56.0744
48.9497
32.0683
42.6548
43.4097
34.5943
45.1365
17.3299
46.9821
45.4579
48.4235
37.8167
49.4656
59.4912
57.0282
41.6933
56.7346
45.5749
33.2056
56.8559
56.3393
62.2207
53.4302
23.726
50.0041
55.608
46.6169
54.6619
29.3453
48.3629
46.4409
50.0996
38.2887
19.0302
39.9751
60.2799
49.4493
23.6337
48.9306
43.4302
57.12
59.4856
53.7361
49.5379
48.6583
60.9728
37.2331
49.9057
57.7727
45.6133
43.5988
59.7194
52.9422
52.9504
53.135
58.6275
41.787
46.8696
58.9444
34.2442
44.7986
19.6024
39.9491
49.2789
39.3377
32.2986
56.6196
49.1602
40.8172
45.6516
56.1625
49.2624
44.5087
32.157
54.1698
30.3233
56.4747
62.5932
44.3307
56.5068
59.6186
61.4271
37.7893
45.0883
51.8368
42.809
49.3923
36.1098
37.5648
50.2862
35.6332
9.87509
29.0282
26.8643
23.6975
45.1189
39.9665
51.7635
48.0549
50.9212
52.6344
47.4777
62.0697
37.5171
43.8047
23.9753
50.7
56.7961
50.4364
57.6069
36.4607
43.5227
24.6363
46.1562
33.217
36.5401
46.949
45.9388
30.9159
17.0969
36.2102
49.1704
25.0292
25.9662
63.1825
43.207
38.9275
55.4247
39.1102
61.1348
32.8867
51.2468
55.7628
55.2613
48.5956
43.7981
55.369
28.2807
48.8949
45.9748
43.0403
41.461
55.1234
46.9226
40.4682
55.2422
49.6008
35.5646
60.6106
44.6193
55.8344
15.1836
74.1417
25.7389
34.221
38.4157
35.8894
46.0089
57.7473
49.8486
59.8308
21.9669
49.7981
49.5611
54.8635
43.0383
36.0199
42.6208
31.1344
51.14
48.4019
43.7517
51.6583
51.3136
48.8112
32.325
27.7911
36.4915
63.0941
44.1121
37.071
56.5999
57.0732
43.0511
45.4318
52.3474
52.4629
33.7884
45.5917
54.2071
56.4138
48.7393
50.9405
31.6531
60.9765
56.2012
51.2582
57.3854
51.366
23.9507
38.9025
56.6267
44.5066
26.0414
56.9295
40.13
37.5116
48.1598
46.7883
13.1933
44.6826
61.3103
50.4889
47.9121
32.917
57.3542
35.1518
47.2246
25.495
55.4428
45.5459
55.1309
48.7282
54.938
57.3635
47.7974
57.1543
45.4947
58.1929
55.5571
57.0066
45.6454
34.8953
32.7438
49.8285
55.775
13.1867
45.2094
46.8862
25.965
57.2334
52.127
29.5525
47.3116
30.6519
19.3327
25.8193
47.6137
47.6263
53.2207
39.9743
41.4898
58.7573
17.8066
43.6514
46.4626
61.6992
34.44
10.6147
53.9702
52.8398
60.763
48.5094
60.7991
54.7607
58.2493
44.9654
49.3197
49.0203
53.7719
45.4702
45.945
61.2648
55.8894
39.9672
48.0639
50.3531
58.5677
49.9317
23.617
49.8717
42.9647
39.5591
31.4004
33.9803
58.6182
57.8625
53.813
71.6338
55.2121
46.2209
48.2109
55.9358
45.284
59.6198
32.1678
48.03
57.3028
48.9629
49.8336
57.9008
51.403
27.4608
40.3755
46.3023
24.4672
34.7683
43.9556
39.5659
29.7541
33.1944
51.3667
44.8823
57.5943
49.9418
52.9537
55.759
45.5721
36.5033
54.6459
57.5405
41.0444
52.964
56.025
58.7652
43.9765
45.848
42.3403
48.0915
36.8508
45.8376
40.5215
27.6975
40.1862
51.8299
35.8689
83.3936
55.0195
47.2966
47.5198
28.0664
57.9727
52.2631
46.7227
47.4213
57.9184
52.5814
49.0364
48.9235
56.6016
52.9339
45.0352
52.7889
60.7249
46.1613
48.8383
46.5665
45.3588
30.633
42.6788
39.487
38.4067
37.0699
59.733
42.8004
55.8676
50.148
39.6459
37.4831
56.1231
33.0068
59.7306
54.731
47.5701
57.5284
50.6724
40.849
39.9845
60.0083
36.7231
42.7683
36.9102
56.4408
45.2926
45.768
51.7387
42.1475
47.2964
46.9351
55.2419
47.9757
33.3666
39.2221
50.3557
