1.063781023025512695e+00
2.582135796546936035e-01
6.168560028076171875e+00
1.516816997528076172e+01
8.170742034912109375e+00
8.410137891769409180e-01
1.936155408620834351e-01
2.309289216995239258e+00
9.517033696174621582e-01
1.478973007202148438e+01
5.968841075897216797e+00
1.477398157119750977e+00
2.384900093078613281e+00
7.157189249992370605e-01
8.978841453790664673e-02
1.278151988983154297e+01
1.142631694674491882e-01
1.683838516473770142e-01
6.083695292472839355e-01
2.153096050024032593e-01
1.037258505821228027e+00
1.299060211181640625e+02
1.347916245460510254e+00
3.806085884571075439e-01
7.942305564880371094e+00
1.359689474105834961e+00
6.249851608276367188e+01
2.148322612047195435e-01
9.131844520568847656e+00
5.255620956420898438e+00
2.095903307199478149e-01
9.690148830413818359e-01
2.049877166748046875e+00
2.360345602035522461e+00
3.830718517303466797e+00
3.931880593299865723e-01
3.659420013427734375e+01
1.622331619262695312e+00
3.043675422668457031e-01
1.145857214927673340e+00
2.478111267089843750e+00
1.269463539123535156e+00
5.370475649833679199e-01
1.730243086814880371e+00
2.842016696929931641e+00
2.742798328399658203e-01
3.839840698242187500e+01
3.259820461273193359e+00
1.710182726383209229e-01
2.316637516021728516e+00
2.066326379776000977e+00
8.717311859130859375e+01
1.582032561302185059e+00
6.861039638519287109e+00
6.713496208190917969e+00
6.402372121810913086e-01
2.459116744995117188e+01
3.701276397705078125e+01
2.857875251770019531e+01
6.565917134284973145e-01
7.724826049804687500e+01
2.368942499160766602e+00
2.157908248901367188e+01
1.379172086715698242e+00
9.508442878723144531e+00
6.942801922559738159e-02
6.567870825529098511e-02
1.300929635763168335e-01
2.648008763790130615e-01
6.666879653930664062e-01
1.415021419525146484e-01
1.034739971160888672e+01
1.134624004364013672e+01
2.593129158020019531e+00
1.365803182125091553e-01
4.158085882663726807e-01
4.324423789978027344e+00
1.546552896499633789e+00
1.743051719665527344e+01
1.287677407264709473e+00
9.518000793457031250e+01
5.891153216361999512e-02
5.229998016357421875e+01
1.909969806671142578e+00
5.106558203697204590e-01
2.476456880569458008e+00
5.038470402359962463e-02
9.929713010787963867e-01
1.727727986872196198e-02
2.562494993209838867e+00
9.236398935317993164e-01
1.557344198226928711e+00
1.896375298500061035e+00
2.209892845153808594e+01
1.803489112854003906e+01
2.413500845432281494e-01
1.388891601562500000e+01
4.878211975097656250e+00
1.354585456848144531e+01
4.156102240085601807e-01
1.541216373443603516e-01
4.613441228866577148e-01
3.310457458496093750e+02
4.246124744415283203e+00
1.999041438102722168e-01
8.897613525390625000e+00
8.107064247131347656e+00
2.361218780279159546e-01
1.169860661029815674e-01
1.339228272438049316e+00
3.667158782482147217e-01
5.126772522926330566e-01
3.237107276916503906e+00
2.182387351989746094e+01
4.514082431793212891e+00
1.069313240051269531e+01
3.053557395935058594e+00
1.755690917968750000e+02
1.425940036773681641e+01
8.425251007080078125e+00
5.456509590148925781e+00
3.588400408625602722e-02
8.403168320655822754e-01
2.447612583637237549e-01
4.546404480934143066e-01
1.834824562072753906e+01
9.658809304237365723e-01
2.779903173446655273e+00
1.037706089019775391e+01
1.614660644531250000e+01
1.472637451171875000e+03
6.266050338745117188e+00
1.329623222351074219e+00
7.104643434286117554e-02
3.197904109954833984e+00
3.812156677246093750e+00
1.009733104705810547e+01
6.743975877761840820e-01
1.710995197296142578e+00
1.115529537200927734e-01
9.650279045104980469e+00
2.843006551265716553e-01
6.532459855079650879e-01
2.777275800704956055e+00
1.818597221374511719e+01
3.671493911743164062e+01
4.683777809143066406e+00
5.487189292907714844e-01
1.703733325004577637e+00
7.226746368408203125e+01
2.352990150451660156e+00
2.089174538850784302e-01
2.789439857006072998e-01
3.655355215072631836e+00
1.857967376708984375e+00
1.328406906127929688e+01
1.421462154388427734e+01
4.583549872040748596e-02
5.409641265869140625e-01
1.527048349380493164e+00
8.210852742195129395e-01
7.866012573242187500e+00
1.005067348480224609e+01
1.968177258968353271e-01
1.342966258525848389e-01
1.161280155181884766e+00
2.504425644874572754e-01
1.950331807136535645e+00
5.882821679115295410e-01
4.437549591064453125e+00
3.169566392898559570e-01
2.148809623718261719e+01
6.979158878326416016e+00
1.089204788208007812e+02
2.217195987701416016e+00
4.123849868774414062e+00
1.545897388458251953e+01
1.025910949707031250e+02
1.123697280883789062e+01
1.526160359382629395e+00
3.092107543945312500e+02
3.037676513195037842e-01
4.833673477172851562e+00
1.702099151611328125e+02
4.379213228821754456e-02
4.032762527465820312e+00
2.371980547904968262e-01
1.197184143066406250e+02
3.944179916381835938e+01
6.700579833984375000e+01
2.064696550369262695e-01
2.885804176330566406e-01
5.273905396461486816e-02
1.301603466272354126e-01
1.032359972596168518e-01
9.895706176757812500e+00
2.065523719787597656e+01
2.044643089175224304e-02
2.127257436513900757e-01
2.428997516632080078e+00
7.849013209342956543e-01
1.988131713867187500e+01
5.356896519660949707e-01
6.461349964141845703e+00
1.268794387578964233e-01
9.180573821067810059e-01
2.679557085037231445e+00
1.600077819824218750e+01
1.371210455894470215e+00
1.080824971199035645e+00
2.889393568038940430e-01
2.482219338417053223e-01
5.400174140930175781e+00
5.134733276367187500e+02
2.316739559173583984e+00
2.251626253128051758e+00
8.579629516601562500e+01
7.039457559585571289e-01
3.194911777973175049e-01
1.594022393226623535e+00
1.497348785400390625e+01
5.319539085030555725e-02
1.703451633453369141e+00
2.964929103851318359e+00
1.026246473193168640e-01
2.310637682676315308e-01
1.714703589677810669e-01
5.688405036926269531e+00
4.418982505798339844e+00
1.499670445919036865e-01
1.314401775598526001e-01
2.096142619848251343e-01
1.246871724724769592e-01
2.109329032897949219e+01
1.086363270878791809e-01
6.355802536010742188e+00
2.015190839767456055e+00
1.306015700101852417e-01
6.894491577148437500e+01
3.160866737365722656e+00
1.368672657012939453e+01
9.144995689392089844e+00
1.024512052536010742e+00
8.034120202064514160e-01
9.828744083642959595e-02
2.675999641418457031e+00
1.554138469696044922e+01
3.597318115234375000e+02
2.001061677932739258e+00
1.860960693359375000e+02
9.332263946533203125e+00
1.189947128295898438e+00
2.908435344696044922e+00
1.355955898761749268e-01
5.647721862792968750e+01
2.221775531768798828e+00
