2.0375,
3.89017,
1.81924,
2.6468,
0.358867,
0.39335,
8.94476,
2.28117,
2.53252,
11.6621,
7.51971,
0.62736,
0.354746,
1.83269,
4.38356,
18.737,
3.76052,
2.14167,
10.5931,
0.0176832,
0.477405,
0.108026,
0.14664,
1.77256,
0.791133,
1.2439,
4.65597,
1.62893,
23.0471,
1.5151,
0.549834,
6.96809,
3.17022,
1.02536,
0.748208,
1.58641,
1.14734,
0.776138,
0.27423,
0.286986,
1.89298,
1.3321,
2.04534,
1.61346,
4.81318,
1.42236,
6.269,
4.16298,
0.986003,
1.90219,
3.00624,
15.639,
0.915994,
0.478387,
21.8033,
0.777328,
10.5754,
10.4657,
1.87078,
0.0283168,
0.859302,
0.0903648,
3.69707,
0.137507,
3.37469,
0.531549,
0.901782,
0.05784,
2.79275,
14.5159,
1.93909,
2.79778,
1.96335,
1.21526,
0.530525,
2.45551,
3.23869,
1.26964,
0.859661,
9.35503,
0.444474,
1.4474,
4.70242,
1.56164,
1.77736,
3.58219,
0.067456,
4.06867,
0.371802,
2.28433,
0.694778,
3.92633,
0.245312,
2.72074,
0.0555968,
3.60705,
6.10579,
2.1273,
2.75711,
0.910819,
35.0191,
0.675734,
0.0352288,
0.813814,
4.72221,
3.70844,
0.722016,
0.19473,
2.37172,
4.2547,
3.8221,
1.37341,
2.24066,
14.1658,
5.12886,
6.19313,
1.00055,
2.9802,
1.72714,
1.56209,
3.44194,
2.26017,
16.4378,
0.526371,
1.75432,
0.499155,
2.74413,
6.97951,
2.74321,
5.92096,
4.3757,
1.77781,
11.2582,
1.75863,
1.43408,
1.21803,
3.72177,
7.67344,
5.52517,
1.25525,
2.81611,
18.277,
0.0372224,
13.3145,
0.713446,
2.5321,
0.804458,
1.13694,
0.739446,
0.144954,
0.33535,
0.796102,
0.661808,
7.27287,
5.26606,
1.9403,
2.49706,
5.35289,
0.158752,
0.974595,
4.40714,
3.64672,
17.6384,
4.12915,
2.20948,
1.98126,
2.7204,
8.46068,
0.254387,
10.3692,
1.65256,
2.32785,
0.6808,
0.929126,
0.75815,
0.529178,
0.270634,
3.39461,
1.59178,
1.07591,
1.8324,
5.40164,
6.87496,
0.113846,
2.58311,
3.47171,
0.545389,
14.2231,
2.69991,
0.263786,
1.1709,
1.43405,
1.20788,
5.33949,
1.66443,
2.74044,
2.2598,
1.44461,
0.342339,
0.807741,
1.89237,
2.84414,
7.2871,
0.699821,
0.283843,
1.21296,
1.7726,
0.0558656,
0.884787,
1.40377,
2.6178,
5.15324,
0.0999968,
2.55609,
6.66649,
1.27033,
2.43487,
0.684698,
1.72056,
0.308218,
16.9327,
5.4002,
6.81596,
1.66758,
0.888365,
0.79961,
0.499606,
0.241629,
1.31431,
3.08446,
0.119066,
0.17191,
1.44513,
0.814234,
1.57989,
1.5018,
1.91062,
4.88702,
11.9086,
0.601898,
3.69571,
6.05565,
5.5864,
0.792925,
5.69827,
2.85355,
1.20127,
21.3642,
3.71545,
0.906346,
9.15226,
6.03774,
5.4182,
2.39825,
1.50817,
0.0558592,
2.52048,
3.13589,
0.482432,
0.949955,
0.0288064,
6.8255,
1.77526,
5.05147,
0.184202,
1.48129,
30.1563,
4.29671,
0.76449,
4.05991,
7.93146,
31.2433,
1.10942,
0.998474,
0.838675,
0.0492736,
10.6515,
2.13907,
11.9737,
21.331,
3.33081,
4.51616,
0.685171,
18.3414,
0.522496,
0.948397,
0.142582,
1.12682,
0.908246,
2.18587,
2.54085,
0.697245,
0.419571,
1.90289,
2.39637,
0.4544,
1.08128,
0.457914,
5.18495,
0.246358,
0.560298,
0.698394,
1.19192,
3.02754,
0.772653,
2.03369,
0.657069,
2.2523,
15.5471,
0.208371,
2.19264,
2.68182,
4.29796,
1.66067,
2.97336,
0.627389,
0.278205,
0.965184,
0.586355,
6.22397,
1.29185,
9.06901,
1.81692,
3.96451,
2.64908,
2.4426,
2.03299,
2.49166,
1.48573,
0.0396672,
1.24499,
1.11995,
2.87932,
1.33155,
9.06939,
1.2154,
6.50506,
0.20343,
1.53861,
0.643453,
0.12103,
2.96886,
0.275197,
14.0052,
1.54555,
3.6162,
0.191181,
0.724685,
3.08067,
4.07542,
8.72006,
0.53367,
0.736317,
0.900582,
2.40518,
0.733766,
6.72132,
3.32107,
6.70058,
0.369094,
4.32427,
0.544205,
1.93568,
0.603574,
0.105718,
0.903059,
6.37837,
1.5686,
1.58121,
8.2454,
1.08452,
1.40036,
4.48879,
0.071152,
3.86526,
9.46746,
0.615907,
0.931181,
2.11358,
0.815754,
0.145744,
0.716266,
2.26497,
0.157242,
1.16183,
0.859178,
0.944573,
2.87976,
1.95104,
2.03691,
2.97105,
0.904573,
0.750147,
0.804928,
5.92425,
4.0402,
4.47962,
0.446387,
0.30481,
0.713043,
8.33206,
1.09676,
1.55041,
0.620797,
0.664595,
7.21286,
0.813133,
2.18731,
1.52364,
1.2705,
0.171827,
2.9371,
7.16637,
2.0953,
1.20747,
0.0938368,
6.26819,
4.73229,
0.275011,
6.65385,
2.13058,
0.0184512,
9.29386,
0.568794,
1.86861,
2.04533,
6.16756,
3.48344,
0.595315,
1.50494,
9.60422,
0.686691,
3.28739,
1.77008,
0.27735,
3.41886,
0.594707,
1.83306,
2.56665,
3.37414,
2.34424,
1.78708,
1.86704,
1.98752,
0.17112,
0.0641952,
3.7234,
1.92713,
0.286,
2.07821,
1.42376,
0.516746,
0.222573,
2.32765,
0.909853,
1.54787,
0.116848,
11.4254,
8.4507,
2.59444,
0.85321,
1.56352,
0.744006,
0.779546,
15.5645,
4.30633,
1.93141,
0.189683,
3.73417,
1.8121,
0.0628832,
0.381437,
0.298678,
1.8159,
0.648912,
0.152938,
0.395776,
3.11478,
0.191382,
3.62998,
0.1616,
0.0169344,
7.89696,
3.34846,
1.36463,
1.60114,
1.56894,
4.69072,
0.745597,
0.457808,
1.87847,
3.32704,
0.947808,
0.574208,
0.846006,
6.74909,
12.5594,
7.26558,
1.89295,
2.7206,
0.333104,
2.13834,
2.35332,
1.71996,
10.8735,
0.744522,
2.49656,
1.02356,
0.9556,
1.44274,
2.63132,
1.65486,
0.104666,
0.333901,
9.19989,
0.273722,
1.49033,
0.0419232,
1.29699,
0.550298,
4.98556,
1.61195,
0.215651,
1.03044,
0.840576,
5.97299,
0.117824,
0.483066,
0.825754,
0.75855,
2.17902,
0.426125,
2.63233,
10.6734,
0.678134,
0.861978,
4.4175,
2.76372,
3.03494,
1.58056,
1.76483,
1.38135,
6.72214,
2.39609,
1.37553,
0.56313,
16.7692,
0.193514,
0.37016,
0.197846,
0.246774,
1.75398,
0.688794,
3.76853,
1.69253,
1.18602,
3.32134,
0.0501792,
4.17538,
0.0167872,
0.91521,
2.91063,
3.79441,
0.968141,
0.847808,
0.444653,
3.18073,
0.693629,
0.169942,
0.909286,
6.33791,
2.36355,
0.14247,
1.29856,
3.65302,
0.288691,
0.0838432,
2.63563,
1.86124,
2.64905,
0.614682,
4.63198,
2.81173,
2.35519,
0.0781152,
1.74627,
2.12418,
8.35294,
0.88231,
4.93739,
2.13087,
1.69004,
0.822106,
0.595501,
0.321408,
4.10604,
4.64697,
0.947686,
2.37401,
1.20455,
13.5409,
7.8107,
0.387898,
2.38314,
0.0386016,
2.47296,
3.11964,
0.66536,
4.961,
4.38597,
0.369283,
1.227,
0.894365,
0.967616,
3.2959,
0.0709152,
1.65416,
7.36617,
0.947942,
6.54842,
0.819082,
1.47234,
3.19402,
1.06388,
0.312211,
8.32996,
0.127968,
2.24737,
0.925978,
4.14508,
2.85486,
0.0220704,
1.31375,
11.6515,
1.07574,
0.983898,
0.556733,
2.24973,
0.855331,
0.615862,
1.86526,
0.892662,
2.89539,
2.96764,
2.19808,
2.36744,
3.11886,
2.24844,
21.9618,
1.66772,
5.88748,
0.834269,
2.30054,
11.9153,
2.11356,
10.7747,
1.27279,
1.31719,
0.875408,
0.649517,
0.340474,
13.2834,
0.545085,
0.804333,
0.0588896,
1.32518,
1.9709,
1.16315,
5.26789,
0.131123,
19.6955,
2.22361,
5.77755,
3.53383,
30.0046,
6.41433,
7.82415,
0.43968,
2.55361,
1.92575,
1.35528,
4.63185,
2.54157,
10.7705,
11.5357,
3.00429,
1.89416,
18.5841,
0.859552,
0.676717,
3.06937,
14.1091,
4.43899,
6.18139,
0.464797,
2.42973,
1.16568,
0.106736,
0.521002,
4.52735,
19.7278,
1.5388,
5.12956,
0.643322,
0.200496,
4.43071,
0.507978,
5.0324,
6.18958,
0.267914,
4.40355,
1.17145,
1.56936,
18.4565,
2.07055,
10.4665,
0.936934,
3.55591,
6.33333,
0.457325,
3.46812,
5.04331,
2.42787,
4.03809,
1.33254,
5.4698,
3.17942,
0.809024,
22.3956,
2.15543,
0.32241,
2.81976,
0.904362,
20.94,
13.2695,
1.34778,
2.70375,
1.53729,
2.3369,
0.533619,
8.64409,
0.241888,
0.974874,
9.38117,
0.339363,
3.58547,
0.776621,
2.10296,
5.16467,
3.98478,
1.742,
4.07334,
4.23038,
5.33191,
0.334877,
1.87417,
0.943082,
1.27374,
0.83848,
2.35445,
4.09551,
1.75171,
1.88206,
15.2566,
29.365,
3.7493,
2.65012,
4.95378,
1.2774,
1.49105,
6.01584,
1.42523,
0.577187,
3.38495,
2.89708,
0.941277,
0.134442,
0.616371,
0.863418,
1.2258,
0.457776,
24.331,
1.89982,
7.93126,
1.75339,
2.85749,
4.37083,
3.37928,
0.998877,
4.46328,
8.66025,
1.17776,
10.2049,
5.84483,
0.382371,
2.42627,
6.67774,
22.5511,
0.0706368,
10.5428,
3.2732,
3.31706,
6.78409,
4.73945,
0.0560864,
5.63602,
4.39489,
2.12419,
0.610973,
2.80419,
17.4304,
2.37639,
0.0920192,
2.75918,
0.203514,
8.2736,
10.2532,
0.893523,
24.7346,
1.5744,
6.2522,
1.42818,
12.8188,
5.55357,
7.55949,
2.204,
2.09886,
15.1914,
2.89586,
0.210752,
0.639094,
2.2383,
0.88695,
0.059216,
2.26156,
6.63813,
6.33281,
7.15225,
4.78433,
5.52543,
1.30612,
0.700982,
3.41118,
1.40997,
0.320314,
3.03124,
1.25148,
1.99854,
3.18988,
0.64031,
1.59,
4.90765,
2.37741,
0.440742,
10.2209,
0.860995,
0.13129,
1.43059,
1.62256,
0.67513,
5.93996,
3.55568,
0.670234,
0.454915,
0.163949,
8.73428,
1.6643,
1.36925,
1.45326,
0.116115,
8.33724,
0.404758,
1.04072,
1.8281,
0.528413,
5.03262,
7.74245,
0.990534,
2.27989,
0.0733728,
0.316611,
1.43669,
0.407997,
3.50463,
2.50249,
7.11278,
14.321,
1.49311,
5.56428,
2.8469,
0.356755,
3.08632,
0.348701,
0.426419,
0.152787,
1.90007,
0.191133,
0.407174,
0.530259,
0.99344,
0.808138,
0.767277,
0.667805,
0.0603232,
2.41529,
0.2468,
3.64226,
5.05523,
7.19353,
1.63399,
1.04428,
0.831696,
0.665037,
2.50443,
7.7368,
2.478,
0.25911,
2.41387,
3.31344,
2.67483,
1.05446,
9.48942,
3.55128,
3.7613,
0.644522,
5.72296,
1.01135,
2.86266,
0.897187,
10.4954,
6.86466,
2.52573,
0.438157,
1.91242,
0.647766,
2.81594,
1.61316,
1.95041,
11.4794,
0.212291,
5.29505,
0.399469,
0.919366,
0.0209056,
9.17764,
1.25385,
2.53705,
6.52726,
1.30155,
1.10221,
0.0810048,
2.74179,
12.1204,
0.0737824,
0.0834752,
3.48886,
3.64156,
0.250061,
0.950736,
0.130403,
0.433312,
7.16382,
12.0533,
1.10695,
1.6647,
0.0592768,
1.06323,
4.18386,
0.516758,
0.611811,
0.887066,
3.73715,
0.057648,
1.63894,
1.67242,
0.516515,
0.239203,
0.779206,
3.30244,
0.0480544,
1.68713,
1.5567,
4.72626,
0.758003,
2.30217,
8.32967,
2.04683,
0.952797,
13.7815,
7.22013,
3.48292,
6.1678,
2.21449,
4.68901,
9.54508,
0.381338,
3.43179,
0.0651488,
0.703168,
0.165616,
1.50005,
9.67886,
0.985619,
1.24707,
6.01184,
2.04716,
1.05821,
1.57462,
1.25101,
0.115078,
1.05373,
1.52438,
4.52068,
0.415741,
5.19557,
3.79922,
0.464352,
8.60088,
4.44766,
1.81195,
0.910509,
1.81972,
3.23196,
1.98123,
1.95724,
0.520589,
4.05153,
5.99696,
14.57,
10.9051,
0.694509,
3.1588,
2.36271,
0.448771,
0.129526,
1.41346,
0.769805,
1.8848,
2.53709,
5.35625,
8.38175,
1.48512,
1.74919,
4.14354,
3.69571,
3.271,
3.58773,
3.02689,
2.25985,
1.27417,
10.6591,
0.594518,
5.83745,
0.936048,
2.30192,
0.213024,
0.0717344,
0.578691,
0.670403,
5.38753,
5.37558,
3.67767,
2.42066,
8.83025,
9.10746,
0.141942,
7.19789,
6.38961,
0.638691,
3.27364,
6.2902,
0.856467,
3.28403,
1.58785,
1.39588,
3.10547,
1.02091,
16.2063,
4.65264,
2.13354,
4.47658,
1.61829,
0.55015,
1.07517,
17.5893,
2.80652,
1.36714,
1.76262,
16.1769,
6.86543,
0.255683,
1.50869,
5.63326,
6.47696,
24.9645,
0.991389,
0.762349,
2.82728,
3.85326,
8.63725,
0.777021,
4.74547,
1.67494,
6.61478,
1.17983,
3.34249,
4.00715,
1.46275,
10.6253,
1.0815,
6.50719,
0.919795,
1.30173,
0.707046,
6.12574,
1.04274,
0.2904,
1.02415,
0.338682,
8.58055,
0.202182,
18.164,
21.0398,
4.20127,
0.648589,
15.2225,
0.909888,
2.756,
2.97246,
0.112278,
0.933462,
3.78247,
6.36847,
8.68326,
4.80836,
0.178038,
0.934429,
2.28424,
0.769584,
2.40687,
9.45142,
1.57838,
6.07564,
3.72392,
0.0694816,
0.784522,
3.04249,
1.80491,
0.230259,
1.75964,
4.01962,
0.706416,
1.18507,
0.618198,
0.951088,
3.47043,
4.23105,
0.857584,
0.622483,
20.3699,
9.88301,
12.5402,
0.538666,
6.03805,
0.582755,
2.12142,
0.574253,
0.594086,
0.269213,
2.85649,
1.9925,
3.25992,
0.265533,
0.305011,
3.48842,
12.8069,
0.809306,
1.64091,
3.43693,
2.08971,
0.292589,
2.28683,
5.19758,
0.581376,
1.00996,
0.430534,
0.765709,
0.535587,
1.13901,
0.359094,
0.0517952,
1.58864,
6.8639,
0.383139,
2.00739,
3.88611,
9.21969,
2.06509,
1.6115,
0.845053,
0.0323392,
0.437549,
21.984,
9.24508,
0.817114,
4.3828,
0.0479456,
3.04707,
1.01783,
2.79839,
14.435,
0.175088,
3.83935,
0.661114,
3.00232,
2.18621,
2.16744,
0.637722,
1.30173,
0.184694,
2.29863,
1.94448,
3.61219,
1.7712,
4.91632,
5.09927,
1.21076,
6.59331,
0.616189,
1.31458,
1.72674,
1.06095,
24.5843,
1.21786,
0.379082,
0.85904,
3.97594,
5.95462,
0.280803,
2.43147,
0.945107,
1.21571,
0.56024,
3.52936,
6.71428,
0.54433,
0.562656,
0.395795,
3.97932,
0.586176,
0.172755,
8.67766,
5.12852,
4.6681,
4.54914,
4.44855,
3.46581,
4.27107,
0.642694,
0.0404384,
1.6088,
9.281,
3.65937,
0.530912,
0.0795232,
5.94757,
7.22964,
2.21795,
3.30232,
0.87209,
0.803859,
0.124861,
1.72439,
1.50482,
2.06395,
23.044,
2.70704,
14.1153,
4.13172,
2.53753,
0.44713,
3.32294,
0.287958,
0.856902,
0.0747968,
10.7829,
8.05878,
1.76385,
5.30966,
0.412608,
1.04759,
6.48751,
0.593795,
9.66841,
5.5443,
1.05476,
0.152851,
3.48383,
1.05934,
1.49092,
7.84818,
0.956963,
0.78135,
0.992195,
9.33823,
4.67172,
3.03748,
1.70172,
3.19319,
3.78883,
3.76724,
0.63801,
3.07229,
5.04319,
2.65332,
1.65624,
4.87208,
11.3808,
0.117222,
0.400035,
0.485306,
1.11252,
1.37471,
0.57719,
0.393859,
8.8635,
20.4666,
5.92893,
2.2698,
1.46308,
0.842349,
7.88422,
5.88684,
0.194259,
4.97042,
1.71282,
0.128742,
0.692947,
2.82949,
2.28352,
24.9775,
3.03895,
1.80429,
1.15514,
6.95925,
0.0623744,
1.45915,
1.38355,
0.50119,
2.33986,
8.49597,
8.76357,
3.68843,
0.929917,
3.37527,
16.7248,
1.60523,
5.92683,
0.0475264,
1.30193,
0.97753,
0.767706,
0.530752,
0.454944,
1.27583,
4.72474,
1.29312,
0.728477,
0.136208,
3.19051,
0.247574,
7.78896,
4.33291,
1.14273,
1.03726,
4.12516,
0.673162,
1.75768,
10.7512,
0.106733,
0.397728,
3.87352,
2.58645,
0.365834,
7.06408,
1.5155,
0.113965,
2.00481,
5.42692,
1.21916,
3.60238,
3.12467,
1.08892,
0.749766,
3.86339,
17.5607,
1.62106,
1.70652,
0.74031,
15.7681,
3.56483,
0.598294,
2.26005,
6.47516,
0.750982,
4.4427,
0.767056,
2.44436,
0.353462,
0.770883,
2.95431,
0.348154,
3.39844,
6.57728,
0.882102,
2.6857,
1.33052,
2.02515,
5.51024,
0.042592,
4.6031,
0.823011,
1.40642,
2.77983,
1.05445,
1.78564,
0.189968,
1.70704,
4.26204,
0.863904,
12.4629,
0.410912,
1.15739,
4.00138,
3.42462,
3.90152,
1.64943,
2.55506,
6.29823,
1.64234,
0.749795,
34.4269,
0.113267,
1.46809,
11.7667,
5.02244,
1.00685,
1.44396,
8.60335,
1.32845,
1.23924,
2.53933,
3.03232,
2.85426,
0.755398,
4.5023,
0.0876448,
0.51665,
4.30032,
8.3315,
0.291088,
3.61124,
3.73291,
2.81879,
1.07302,
1.62194,
1.81659,
3.41349,
1.59402,
6.07907,
0.41457,
0.778467,
4.30134,
0.23608,
0.437366,
1.05804,
5.61841,
3.56088,
2.19636,
1.564,
1.41263,
1.01294,
0.0561216,
2.06776,
0.755075,
5.12122,
2.17422,
0.650886,
0.637488,
2.34696,
2.61749,
1.17746,
0.0461376,
3.01931,
0.422691,
1.01968,
5.84203,
0.675219,
1.25175,
0.704346,
3.84321,
4.98138,
0.636778,
18.7823,
0.856403,
0.018576,
0.439571,
0.372627,
0.610224,
0.07128,
11.2691,
2.74703,
1.38048,
3.90841,
0.416742,
2.75446,
0.88111,
3.47796,
2.27292,
0.431286,
3.46207,
0.358195,
1.42674,
2.28868,
2.89007,
5.88031,
4.19084,
2.36993,
16.3132,
0.0604928,
0.0499872,
1.6986,
1.0403,
0.453549,
1.95018,
0.385162,
1.83597,
0.319046,
2.96178,
9.00885,
1.50779,
0.851997,
2.50968,
19.0198,
0.507843,
19.0179,
1.90939,
0.483363,
3.3629,
12.5625,
6.8312,
4.5048,
0.0693344,
5.98479,
0.5984,
0.155331,
11.2676,
18.0478,
0.670499,
2.33389,
2.38244,
2.90909,
1.51761,
8.87172,
3.41143,
5.2884,
12.0258,
0.509229,
4.39188,
0.483078,
0.17625,
1.53336,
1.68413,
6.80174,
1.96082,
1.05781,
5.91614,
3.54895,
2.26208,
1.86917,
0.404118,
5.4163,
4.08817,
0.0857536,
0.703565,
2.78917,
0.0192544,
1.46803,
0.163747,
0.32911,
1.2424,
24.9497,
1.57809,
4.87792,
1.083,
0.771629,
0.0779296,
1.2693,
0.0997376,
0.321667,
4.19157,
2.94389,
0.724538,
8.15653,
9.46398,
3.767,
1.4734,
5.15436,
0.909414,
0.936694,
3.39672,
0.740013,
0.37696,
3.30041,
1.7515,
1.93467,
16.9528,
1.54898,
6.89175,
0.717712,
2.30513,
1.82708,
2.54865,
6.12921,
1.66325,
0.157878,
3.25181,
1.05157,
0.6868,
1.00525,
2.02823,
0.946278,
0.395536,
4.78964,
14.0727,
0.601174,
1.39069,
1.04449,
1.67629,
0.49472,
2.26053,
1.89988,
5.38969,
4.03977,
0.154448,
3.26732,
0.665171,
0.811856,
0.141667,
4.9925,
1.60239,
1.84559,
5.58918,
1.44472,
2.8967,
1.65422,
3.29404,
1.92088,
0.696896,
2.05798,
0.151898,
0.696387,
0.0912128,
2.12121,
1.40993,
3.26111,
0.15367,
0.302886,
1.99667,
5.08788,
0.134288,
4.99448,
2.27339,
3.42488,
5.81669,
1.6322,
2.8038,
0.164608,
0.396854,
1.10972,
3.30854,
0.372819,
0.288362,
0.239581,
2.16168,
0.0872896,
15.2087,
2.72597,
4.59366,
0.299309,
2.00005,
1.44114,
0.623149,
6.04644,
3.18378,
0.983933,
0.0890048,
3.30269,
1.14233,
1.30884,
1.66224,
4.75019,
9.06367,
2.63997,
1.21291,
2.26973,
0.826432,
2.70117,
4.60812,
0.0902752,
1.93704,
1.08005,
0.811699,
1.83517,
2.18789,
3.24084,
2.50429,
1.30833,
1.53086,
2.48153,
2.27143,
0.711264,
0.112211,
0.0519808,
1.66805,
1.32175,
10.1214,
1.19607,
0.310781,
0.663251,
5.13607,
3.80592,
3.24723,
0.51872,
5.11918,
2.59695,
1.49841,
3.92714,
0.251293,
3.43345,
1.26064,
4.6853,
1.33333,
2.58709,
4.56843,
0.390979,
0.354973,
3.8677,
0.192307,
0.388214,
0.858064,
0.570163,
0.500163,
5.41938,
5.45859,
5.50347,
0.513453,
4.0344,
8.14359,
2.46828,
2.37152,
3.01064,
0.853491,
0.282621,
1.07298,
0.260266,
1.38325,
3.04414,
0.89639,
0.965648,
10.5946,
0.637574,
11.492,
4.84611,
2.57221,
0.28088,
5.86652,
2.25614,
1.95837,
1.96604,
3.06943,
0.107459,
0.91545,
1.27511,
0.19544,
0.171539,
0.474406,
0.844762,
11.8361,
4.63127,
0.882214,
1.65611,
0.979741,
15.2112,
0.129005,
8.51198,
1.81896,
0.269443,
1.16952,
0.991984,
13.7793,
2.60725,
0.918563,
0.202106,
2.13665,
0.455005,
1.18943,
5.66614,
0.81031,
1.12273,
0.871386,
6.5094,
0.380832,
2.95526,
0.511469,
0.818256,
1.99324,
1.94163,
2.79513,
43.6878,
18.7349,
1.55729,
3.87943,
0.0771168,
0.564147,
2.36106,
21.6891,
6.51861,
0.463824,
4.59141,
1.33685,
1.14683,
1.04883,
1.02658,
1.48038,
2.24416,
0.0214624,
1.23728,
1.58358,
11.2241,
3.31394,
0.857184,
0.941757,
1.58671,
9.71067,
3.22848,
9.30869,
0.526771,
1.70924,
1.88577,
0.210512,
2.70706,
3.70339,
2.61389,
0.27168,
0.974794,
0.60073,
4.49501,
0.103635,
0.12881,
1.97713,
6.65014,
0.308874,
6.93648,
1.54525,
2.33874,
0.684294,
5.9751,
0.846211,
6.71344,
1.42247,
8.81886,
3.03276,
0.951178,
18.2098,
2.06286,
4.91068,
0.657699,
2.51688,
2.17857,
0.654483,
2.21555,
4.09197,
0.291197,
3.37325,
3.20488,
1.85568,
4.85363,
8.6167,
0.255155,
2.5156,
0.702451,
0.989514,
0.59088,
0.501894,
8.93485,
0.948653,
2.1755,
1.33027,
4.209,
3.80345,
9.18591,
0.613827,
1.07154,
1.16681,
0.709795,
14.5637,
0.0449344,
0.682182,
4.97634,
3.33081,
8.4928,
1.12475,
2.37294,
3.9601,
0.639939,
1.64132,
1.37331,
0.95543,
1.22379,
4.72548,
0.12912,
4.78375,
1.04551,
13.1598,
1.61535,
2.15187,
0.898176,
2.06853,
5.48484,
1.29234,
19.7843,
0.980669,
0.262051,
6.62352,
14.5079,
4.16195,
2.50914,
1.94666,
0.34073,
12.9742,
1.60496,
1.58272,
1.31867,
1.05388,
0.69001,
2.60964,
3.22693,
0.387011,
0.465757,
13.3215,
1.3348,
0.424554,
0.583526,
17.7663,
0.471318,
5.46095,
1.8455,
1.26347,
1.28249,
0.693632,
1.92064,
0.353974,
8.27301,
2.43183,
0.48121,
1.59327,
1.9214,
4.81544,
0.617251,
4.67464,
1.96794,
7.47116,
5.64072,
0.537923,
1.47841,
