0.0278976,
2.34423,
1.88505,
0.0537248,
9.57982,
0.0885312,
0.0267648,
0.0407936,
0.93304,
0.0597184,
0.345709,
1.58306,
3.8352,
0.230909,
15.3819,
0.0351648,
2.54441,
0.0862336,
0.225133,
0.0242016,
0.0195936,
0.03304,
0.0932608,
0.02896,
0.04728,
0.109898,
0.059232,
0.115779,
0.308051,
0.034912,
0.199008,
0.0420352,
9.39593,
0.0230176,
3.07891,
0.801779,
0.0197472,
0.146458,
0.0213728,
3.02095,
0.0322528,
0.178102,
10.3571,
2.06153,
0.230259,
0.177251,
0.212131,
0.0169536,
2.20485,
0.327229,
0.147328,
0.278691,
0.377171,
0.0585408,
0.216474,
0.0420096,
0.454947,
0.293299,
1.38371,
0.219264,
0.0189632,
0.63001,
0.696717,
0.0190208,
0.0963744,
0.066464,
0.290301,
0.198131,
0.148698,
0.015616,
0.0142496,
1.2319,
0.920077,
16.682,
1.74333,
2.10751,
0.0380704,
6.98458,
0.083344,
0.52487,
0.061008,
0.0464736,
0.0821216,
0.0336096,
0.0682624,
0.220339,
0.050912,
0.261507,
1.2027,
13.029,
0.814166,
0.133043,
0.021664,
0.145629,
0.328083,
0.181059,
0.0147008,
0.575446,
3.96203,
0.0883392,
0.0475424,
0.020912,
2.65021,
0.102909,
0.022544,
0.0287552,
0.300448,
3.92817,
0.0212,
0.132848,
0.204451,
0.668957,
0.0234336,
0.0206656,
0.028416,
0.0209056,
0.15089,
2.27527,
0.0207072,
15.7936,
0.0500384,
0.0975744,
0.0646624,
0.0674272,
0.021104,
0.0470592,
0.586963,
0.135629,
1.47313,
0.0360512,
0.129402,
0.306432,
0.0376768,
0.81031,
2.55575,
2.19874,
0.111747,
0.2064,
0.0579456,
0.136138,
0.0518496,
0.220301,
0.0563488,
0.440493,
0.137808,
0.0870752,
0.429312,
0.359088,
0.0275648,
0.119824,
1.92148,
2.64179,
0.0488704,
0.0371104,
0.152848,
0.439677,
0.0434016,
0.878714,
0.0641312,
0.061952,
0.463814,
9.81803,
2.13851,
3.4416,
0.604816,
0.0702112,
0.118573,
0.0419488,
1.84624,
2.02645,
0.0995648,
0.152544,
1.62577,
0.0808224,
0.0271904,
0.0300512,
0.021552,
0.0531744,
23.8369,
0.337245,
0.346099,
0.0347648,
0.344653,
0.020672,
0.178749,
0.345846,
0.058688,
0.0855072,
0.25367,
8.0062,
0.759306,
0.270138,
4.62951,
1.66737,
0.0208832,
1.25109,
0.295661,
0.0182976,
0.0554176,
0.0918336,
0.420378,
0.224416,
0.0200576,
0.245312,
0.219789,
0.17584,
0.196829,
0.106166,
0.828803,
0.0306944,
0.0881408,
0.0505376,
0.128797,
2.72642,
0.0221664,
3.98746,
0.0690496,
3.59313,
1.70055,
0.0362912,
0.189254,
0.02096,
0.413734,
0.02224,
0.50913,
0.0910304,
13.6142,
0.021936,
1.82119,
0.988198,
9.47812,
0.0202912,
0.0706304,
0.337501,
1.11232,
1.74293,
0.0933536,
0.217405,
0.0340704,
10.9061,
0.581773,
0.317789,
0.265328,
7.3007,
1.34292,
0.0639712,
0.0141216,
0.252458,
0.132426,
0.560653,
0.117254,
0.0463456,
0.318342,
0.113715,
0.0197152,
0.40672,
0.055776,
0.0911232,
0.030576,
0.36033,
0.0294464,
0.112672,
0.0184608,
2.62895,
13.4234,
0.109734,
0.0218368,
0.228998,
0.19535,
0.060096,
0.0333152,
0.0631264,
8.79804,
3.84114,
0.0963584,
0.245034,
6.14182,
15.6462,
0.0200288,
0.025712,
0.367053,
0.0181888,
0.0215968,
0.045456,
0.0851488,
0.0394176,
0.0162848,
0.0189056,
0.300429,
0.0415872,
5.22339,
0.107024,
0.11087,
0.0335744,
22.0193,
14.2291,
0.443318,
0.437354,
0.858256,
0.01936,
3.67292,
0.124163,
0.382429,
0.512378,
0.0711936,
0.0207072,
0.0228768,
2.21052,
22.5208,
11.6065,
4.14286,
0.454298,
0.021424,
0.0510496,
0.739546,
0.352221,
0.0335136,
0.0460352,
0.024448,
0.0773472,
0.127482,
0.90711,
0.0838816,
0.0616608,
8.89833,
0.438422,
0.125987,
0.96273,
0.961779,
0.0807776,
0.134256,
0.138384,
0.0220896,
0.0856928,
0.039808,
0.0201856,
0.0241696,
0.05584,
0.0471072,
0.81201,
1.37501,
0.117098,
0.0213216,
5.60248,
1.62202,
0.0515072,
1.24736,
0.0197536,
0.0388512,
4.22308,
0.0441344,
0.0192288,
0.246797,
0.0234848,
18.9706,
0.150659,
0.0221312,
0.469587,
0.477014,
0.0347232,
1.48324,
9.98686,
0.0861344,
0.531818,
0.028864,
0.037584,
2.0384,
0.0251328,
0.144582,
0.180314,
1.49181,
8.5762,
0.0793888,
0.703626,
0.562803,
0.194858,
0.0333536,
0.102752,
0.125053,
0.107088,
0.198301,
2.93959,
0.189306,
0.219098,
0.0512224,
0.0185696,
5.7639,
0.123075,
0.164346,
0.015392,
1.34828,
0.0857312,
0.697286,
0.0175168,
0.091184,
0.0431232,
0.016816,
0.091248,
0.0205376,
1.03864,
0.574819,
0.0336704,
0.27167,
5.08279,
0.028912,
0.038976,
0.344848,
0.0450208,
0.105616,
0.104026,
0.0201024,
0.0838048,
0.357478,
0.0231424,
0.0316704,
0.11681,
6.32356,
0.0291488,
0.0364448,
14.6657,
0.134816,
7.86907,
0.558982,
0.0850656,
0.0181696,
0.02768,
0.77296,
0.0265024,
0.751072,
0.117101,
0.671904,
0.171203,
1.06461,
0.229971,
1.6804,
21.2834,
0.0218624,
0.0653216,
0.063152,
0.0799456,
0.544397,
36.0632,
0.21471,
0.0454144,
1.6111,
0.550387,
0.151338,
0.0479904,
0.0345856,
0.0627904,
0.34751,
0.119818,
0.0270464,
2.85727,
0.0890432,
4.12643,
0.0341888,
4.86506,
0.180957,
0.0279808,
0.24447,
0.154675,
0.0410624,
5.67174,
0.107152,
0.0519456,
0.0214208,
0.021568,
0.034144,
0.31096,
4.01858,
1.79398,
0.030928,
0.0218816,
0.388656,
0.58297,
0.25559,
0.144614,
0.0374016,
0.0269888,
0.0360064,
0.580778,
0.929939,
0.0204064,
0.376317,
0.0608256,
5.99566,
0.0297024,
0.14033,
0.282189,
8.54705,
0.0496256,
2.57536,
0.200499,
0.526784,
0.0402784,
0.0246016,
0.618621,
0.0452416,
1.6088,
0.302163,
0.146221,
0.165635,
0.182614,
0.686192,
0.114083,
0.0662208,
0.0961216,
1.06252,
2.13467,
0.0364928,
0.031552,
0.0389888,
0.268774,
0.0202496,
1.78799,
15.7765,
0.157648,
0.0285504,
1.19265,
0.633178,
1.42276,
0.0846592,
1.0092,
0.129027,
0.368051,
0.0978752,
0.080944,
1.0988,
0.0284416,
0.0884544,
0.178381,
12.2448,
0.0230432,
0.529539,
1.58203,
0.193949,
0.0989568,
0.101094,
1.40205,
1.70434,
0.0346304,
0.0923264,
0.0289632,
0.0526432,
0.23249,
0.0222176,
0.0539392,
0.0158368,
0.943085,
1.77827,
0.0279616,
0.290342,
0.0272928,
0.616966,
1.93094,
0.0313216,
0.140394,
0.47905,
2.73419,
0.0187072,
0.0392608,
0.545264,
0.0260832,
0.0259904,
8.61431,
0.209181,
0.0780544,
0.560256,
0.271808,
3.05914,
2.30179,
0.120262,
0.052544,
0.106602,
0.0226624,
0.143475,
1.15201,
0.074912,
0.0557792,
0.085168,
0.0641824,
0.0258016,
3.20177,
3.09713,
0.206486,
0.0276352,
0.143814,
0.0772096,
0.550093,
0.290531,
0.0261312,
1.66741,
2.17951,
0.838934,
0.0863808,
1.52888,
0.697984,
0.0229216,
0.401754,
0.140838,
0.0234112,
0.0633792,
2.36023,
0.071728,
0.133664,
0.571027,
0.148016,
0.860176,
13.8554,
0.272278,
0.156787,
0.642403,
0.0223904,
2.23244,
0.0308896,
0.0675744,
0.0822976,
0.0801856,
0.0335488,
0.214589,
7.60981,
0.348048,
0.0255584,
0.113386,
0.466538,
0.0164864,
0.234493,
0.0704352,
0.025296,
0.0592864,
1.66879,
0.0264192,
6.2044,
0.0270592,
0.141846,
0.0645344,
0.0464352,
0.0706752,
0.019328,
0.031872,
0.782192,
0.0304512,
0.154314,
0.0507264,
0.131533,
0.390429,
0.0197792,
0.401629,
0.0181632,
0.699142,
0.027824,
0.0178976,
0.92751,
0.36553,
0.017456,
0.07632,
0.0318912,
0.0756672,
0.0896864,
0.0207168,
0.170682,
1.19748,
2.74803,
1.39768,
0.221712,
0.312058,
0.0494304,
0.078768,
1.1304,
2.07918,
1.20662,
1.97341,
1.1878,
0.111203,
1.1305,
0.279395,
0.511344,
0.022544,
0.439421,
1.14367,
0.07864,
0.0253888,
0.019264,
0.028448,
7.52613,
0.278032,
0.563114,
0.0481984,
0.020512,
5.26283,
0.0243104,
0.154042,
3.29873,
0.222822,
0.116762,
0.091872,
0.0167136,
4.05364,
1.44949,
0.273494,
7.32179,
0.0187072,
0.164368,
0.0280064,
4.08932,
0.0201504,
0.0397696,
0.046064,
0.0575936,
0.287594,
0.155149,
0.501901,
0.0218464,
0.0284256,
0.626054,
17.4923,
0.347904,
0.0444096,
0.0312896,
1.45801,
0.0623552,
0.363827,
2.79879,
0.142563,
0.473987,
0.0515456,
0.144787,
0.649322,
0.0196224,
0.0366368,
0.019056,
0.0294208,
3.96775,
0.0189056,
0.0544064,
0.163619,
0.03048,
0.023664,
0.121098,
3.45622,
0.0164736,
8.39862,
0.0158336,
0.0183456,
0.0409312,
0.39159,
0.0366624,
0.0747808,
0.46201,
0.12223,
12.715,
14.9648,
0.0933632,
0.363315,
1.13666,
0.0294496,
2.36182,
0.0426752,
0.186512,
2.93463,
4.17088,
0.0206144,
0.230915,
14.9464,
0.0551424,
0.0823808,
1.11268,
0.0650688,
0.73072,
0.046208,
0.113062,
0.0433344,
0.171674,
4.14775,
1.25133,
0.0199776,
0.0177536,
0.0642304,
0.104022,
0.0204832,
0.242931,
0.0331936,
0.291219,
6.45284,
0.0898752,
0.698938,
0.106461,
0.0305504,
0.624781,
0.0248192,
0.017632,
1.76283,
0.172886,
0.666707,
0.0881792,
1.13109,
0.0527072,
2.12916,
0.361558,
0.0173952,
0.0370528,
0.0229056,
0.0213632,
0.0515168,
0.103136,
0.788838,
0.290877,
0.0663296,
1.33236,
0.02304,
37.2427,
0.712995,
0.0230656,
17.5511,
0.292134,
0.909677,
2.18068,
0.185718,
0.0532064,
0.0354688,
4.52413,
0.02144,
0.205789,
0.146835,
2.24452,
0.261664,
0.0218592,
0.0385632,
2.40715,
1.2835,
0.0303712,
1.31367,
2.47397,
0.0245952,
0.0211232,
0.0713696,
0.0185568,
0.897181,
0.111222,
0.0455488,
0.607293,
0.462166,
0.0211808,
0.777974,
0.0651104,
13.3975,
0.030352,
0.0753408,
0.0526496,
0.172554,
0.028192,
0.0187488,
0.774598,
1.58871,
0.0391552,
1.23582,
0.295795,
0.197754,
0.553398,
0.113549,
0.0232096,
0.083344,
0.0163648,
0.118528,
0.0290848,
0.0813632,
0.0923872,
5.13738,
2.41677,
0.0206304,
0.0175808,
0.110637,
15.7077,
0.019456,
3.0106,
0.718794,
0.0421856,
0.0341728,
2.38024,
0.0168064,
0.32879,
0.184003,
0.380918,
7.10513,
0.0251936,
0.681274,
1.18518,
0.0679104,
0.193533,
4.56809,
0.207651,
0.286035,
4.03846,
0.104371,
0.248877,
0.711747,
0.839037,
0.0853664,
0.286,
0.0205664,
5.00368,
0.126909,
0.264387,
0.0214368,
1.0768,
0.589526,
0.181664,
0.0266624,
0.179734,
0.0792256,
0.547635,
0.745549,
0.80369,
0.0922432,
0.0539968,
0.0609088,
0.0301664,
12.5987,
10.9324,
11.5542,
0.0966464,
0.160954,
0.0314592,
2.36717,
0.024288,
0.0261056,
0.530032,
0.127555,
0.0265984,
3.06181,
0.0710304,
0.0210816,
0.207686,
3.51168,
0.704371,
0.381523,
0.157661,
0.256675,
0.018928,
0.0586016,
0.181152,
3.35248,
0.0251264,
0.437798,
0.331811,
0.0366144,
1.39438,
1.30726,
0.0572576,
0.0883968,
2.57972,
0.0542848,
0.81719,
1.44167,
0.0199776,
0.0188,
0.444602,
0.0692448,
0.714909,
0.0726784,
13.4616,
0.0430208,
0.032512,
16.954,
0.104029,
0.0790176,
3.9116,
0.279098,
0.0773792,
0.443827,
0.656403,
0.0401504,
0.0192224,
1.08967,
0.48305,
0.0329952,
0.230621,
0.0377024,
0.0417536,
0.364928,
0.18751,
0.0351616,
0.0280096,
0.134595,
0.0844992,
1.89359,
2.28833,
0.407597,
0.0524512,
0.0347168,
0.389098,
0.106474,
0.124995,
0.161706,
5.7213,
0.0854624,
1.99426,
0.931882,
1.12184,
0.0371616,
0.0251968,
0.03176,
0.0511744,
0.588064,
0.139322,
1.07564,
0.0358784,
1.86796,
0.0341344,
0.648826,
0.0640416,
16.9146,
0.0194624,
0.431168,
0.271846,
0.834922,
0.0403136,
2.15353,
0.157011,
0.0351232,
0.036128,
0.128179,
0.0390432,
0.0226432,
0.179693,
0.01848,
0.0247936,
0.272989,
0.0565472,
0.339674,
0.562032,
0.253744,
0.302854,
0.69641,
0.031824,
0.209837,
0.173635,
8.54674,
0.972829,
1.13388,
16.2242,
4.20096,
0.0483104,
20.0451,
10.7767,
0.244534,
1.21308,
0.0755168,
0.0353056,
0.0550784,
0.422867,
0.0271392,
0.90897,
0.132557,
0.0205248,
0.0632,
2.02211,
0.0228448,
0.0716416,
0.235693,
0.0521056,
0.165171,
0.043712,
0.230506,
0.0184928,
0.243693,
0.286227,
0.194182,
0.74431,
0.0873568,
0.0213056,
0.0252992,
0.263088,
0.079936,
1.38589,
0.0338976,
0.0329696,
0.022064,
0.288157,
0.0632608,
0.522954,
0.0801344,
0.0215072,
0.0282144,
0.0736544,
0.0173792,
0.0421568,
0.275104,
2.92373,
3.37733,
0.0415968,
0.133725,
0.0202368,
0.197939,
1.85578,
0.0284896,
0.028464,
0.0582432,
1.58031,
0.0272192,
2.27133,
0.0998464,
0.912038,
2.44372,
0.0820288,
1.09683,
0.369302,
0.02672,
0.0629024,
0.514234,
0.0300384,
0.226118,
2.47951,
2.62817,
0.702259,
0.256454,
0.0272096,
0.0179456,
0.0542592,
1.13617,
0.0309952,
0.1208,
0.0377408,
0.0417984,
2.36284,
0.0551936,
0.186934,
0.0221472,
2.66301,
0.407507,
0.801808,
14.3565,
0.167235,
1.45191,
0.165347,
0.36321,
0.0472288,
0.0829888,
0.0502496,
2.89511,
0.0326592,
0.061632,
0.0370496,
0.157907,
0.0458496,
41.2975,
0.0452736,
0.976496,
0.400394,
7.2448,
0.0303808,
0.0209088,
0.038096,
0.0554048,
0.0186432,
0.0218304,
0.515667,
4.05029,
3.45579,
0.197606,
1.27815,
0.143706,
0.025984,
0.249837,
0.378195,
0.125072,
0.883789,
1.3423,
0.046864,
0.149245,
0.019824,
0.0231872,
0.0659136,
0.0306272,
0.112256,
0.0314528,
0.0339776,
3.45573,
0.0860608,
0.391443,
0.210822,
1.50377,
0.274736,
0.95201,
1.08984,
0.72072,
0.277517,
0.796675,
0.149536,
0.0278816,
0.076528,
0.070608,
3.19674,
0.335578,
0.455485,
1.09369,
1.22948,
0.124829,
2.02619,
0.0508512,
0.0324064,
15.0981,
0.0605312,
0.0633408,
0.0423296,
0.076576,
0.0191872,
0.109296,
0.0721056,
0.0510848,
0.030384,
0.0308096,
0.888426,
0.0708672,
0.274064,
3.95864,
0.784384,
0.127232,
0.13103,
0.233587,
0.387693,
0.0813984,
0.0230016,
0.0197504,
0.0275488,
0.141866,
0.466739,
0.0499008,
0.0222464,
0.513594,
2.92362,
0.266746,
0.054416,
0.0593088,
4.25412,
0.0790144,
0.0530848,
0.0248928,
2.99108,
0.0191136,
0.354109,
0.0166976,
0.0398112,
0.065088,
6.7317,
0.0356096,
0.021136,
0.121072,
0.992701,
0.0149344,
0.0503392,
0.278611,
0.0282432,
0.0182912,
0.0363328,
0.0311776,
4.4259,
0.0216128,
0.0274464,
0.0974656,
0.445997,
0.281718,
2.73702,
0.0221376,
0.451517,
0.0408544,
0.13655,
0.0291296,
0.0309344,
0.203286,
0.0751232,
1.36897,
0.045216,
0.0194592,
0.536925,
0.0483904,
0.0640448,
3.68666,
0.0715072,
0.0259264,
0.175466,
0.04856,
0.0596128,
0.05488,
0.970115,
0.969645,
0.854042,
0.0282112,
0.946509,
0.115283,
1.07244,
0.0440768,
0.0273952,
0.046288,
0.145626,
0.04456,
0.539187,
0.0250752,
0.0255616,
0.851622,
0.0167712,
0.0433088,
0.0589472,
0.0242912,
0.037168,
12.2318,
0.194989,
0.829206,
0.536704,
0.124378,
0.0794528,
0.0536416,
0.718672,
0.0819968,
8.08697,
0.53511,
0.0789632,
0.0537632,
0.0213248,
2.77228,
0.0310368,
0.059728,
0.0271904,
1.89085,
0.0613408,
0.0337088,
0.155786,
0.0213376,
0.285952,
0.0638464,
0.0456256,
0.019824,
0.261315,
0.0191584,
0.0618784,
0.061472,
0.0599776,
0.193075,
0.0708064,
10.7928,
3.36978,
0.035952,
1.92544,
0.315824,
1.66352,
0.126339,
0.21,
9.01851,
1.44375,
0.441498,
0.971053,
0.445264,
0.136122,
0.187606,
0.17367,
0.046096,
0.172541,
4.85099,
0.11336,
0.0268128,
0.0670784,
2.11338,
0.036992,
0.114166,
0.119344,
0.0207008,
0.495331,
0.371434,
0.0396064,
0.248637,
0.629914,
0.182675,
0.0298368,
0.392701,
0.114973,
0.0291872,
0.738579,
0.0447904,
0.031216,
0.0412864,
0.171741,
3.01612,
0.174646,
0.0533376,
0.0283264,
0.368749,
0.0260512,
0.0219808,
2.75565,
0.0366368,
0.762416,
0.05592,
0.130506,
0.0652992,
0.502653,
0.0284448,
0.384486,
0.517834,
0.0444832,
0.551146,
0.02344,
1.73959,
0.0167648,
0.0226464,
0.0300224,
0.0893248,
0.186048,
1.18883,
7.84467,
0.0186144,
0.278419,
0.831133,
0.317542,
0.0387744,
4.42062,
0.284064,
0.0259296,
0.0606592,
0.01848,
0.174048,
1.23244,
0.358467,
0.195725,
1.07689,
0.019056,
0.73753,
0.0704736,
0.0841536,
0.0303328,
0.0214016,
0.0483712,
0.367171,
0.744269,
0.0242816,
0.107731,
0.021152,
0.0928096,
0.267446,
0.0285696,
0.109174,
2.11217,
0.0200576,
0.603638,
0.337242,
0.307741,
0.154451,
3.35309,
0.106509,
0.0196384,
0.132122,
0.107373,
0.251811,
0.0292928,
0.0563296,
1.06611,
0.91841,
1.31428,
4.19653,
0.037536,
1.20106,
2.90071,
0.0255296,
0.0755168,
1.40857,
0.890179,
3.15931,
1.03589,
0.30328,
0.0185824,
0.0265504,
0.0494112,
0.192416,
0.0602912,
0.0443296,
0.41233,
0.345869,
0.0843584,
0.186,
0.0261472,
0.317632,
6.90749,
0.0679296,
0.108192,
0.0279872,
15.6843,
0.0250176,
0.034176,
1.72767,
0.882986,
0.23305,
0.02016,
0.0215872,
0.161347,
0.0274048,
0.01648,
1.18127,
0.288237,
0.154624,
0.0358912,
0.0377792,
0.114918,
0.0671296,
0.0189856,
0.507005,
0.0363936,
0.189869,
0.0262688,
0.0788384,
3.60709,
0.283498,
0.0195904,
0.111216,
0.0236672,
0.0207584,
0.251798,
0.0246208,
0.106826,
3.10128,
0.20264,
0.12185,
0.0430848,
2.5339,
0.0719424,
5.00186,
0.52359,
0.193565,
0.0560224,
0.0180192,
0.0942176,
0.181222,
0.0276288,
0.0291904,
5.28818,
0.710813,
0.924426,
1.49916,
0.0832256,
0.0189024,
2.20686,
0.0767008,
0.082992,
2.756,
7.15283,
0.735213,
0.0946208,
0.460118,
5.20867,
0.0226976,
0.0478176,
0.125312,
1.49042,
0.171021,
0.0855648,
0.137894,
2.27797,
3.99136,
0.0941728,
0.18081,
3.51552,
0.0299168,
0.613226,
1.67424,
0.0364512,
0.0362752,
0.18071,
17.5887,
0.642336,
0.0212736,
1.04683,
0.0189664,
0.14128,
0.451427,
0.0464256,
0.0737792,
0.14128,
0.0787328,
0.018368,
0.113398,
0.0576544,
7.7197,
2.6133,
1.77323,
23.2224,
1.12561,
0.541005,
0.773373,
0.0228704,
0.0949568,
0.0214688,
0.029984,
0.0725504,
0.0371264,
0.0392736,
0.0172992,
3.05369,
0.988237,
0.0272704,
0.0245312,
0.792646,
0.0359616,
0.204288,
0.0217184,
0.759642,
0.0195072,
0.555354,
0.713139,
0.343296,
1.55618,
0.0309632,
0.497398,
0.0456128,
0.230509,
9.8064,
0.0278784,
0.0383392,
0.27065,
0.442077,
1.14331,
0.581744,
0.0701632,
0.25775,
2.28994,
0.20561,
0.036512,
0.0211808,
0.250166,
0.269667,
0.076416,
0.172464,
4.94885,
0.0298368,
0.0620832,
0.193478,
0.0573376,
0.0531264,
0.0662304,
0.0388672,
12.8061,
0.219062,
0.218202,
0.01888,
0.0350016,
0.130128,
0.736003,
0.03304,
0.0350976,
0.216778,
0.0330688,
0.190931,
6.60345,
0.0477184,
0.023792,
0.148464,
0.0198432,
0.155645,
0.402307,
0.0421216,
1.09231,
0.0392672,
0.618854,
0.210854,
0.363606,
0.639437,
0.0926112,
22.4079,
0.198266,
0.982906,
0.092608,
0.0359712,
0.338032,
0.0902016,
32.8909,
11.182,
0.0582368,
0.026592,
0.110141,
23.7486,
12.8014,
0.253494,
0.0323168,
0.0808864,
0.439085,
0.163434,
0.138189,
1.08464,
0.048832,
0.155766,
0.0202208,
0.0665152,
10.3197,
0.0410112,
0.0499872,
0.144138,
0.317875,
0.0205536,
0.534013,
0.122653,
1.95801,
0.302288,
1.43565,
0.127875,
0.169334,
0.239565,
0.36255,
0.654435,
0.0730464,
0.659952,
8.21011,
4.27525,
0.311754,
0.065472,
2.62116,
0.417626,
0.297434,
0.0363616,
0.119456,
0.0189344,
0.0187392,
0.0170048,
5.401,
7.65507,
0.959251,
0.346064,
0.482547,
0.779216,
0.407366,
0.067872,
0.03224,
0.258675,
4.92915,
0.0162656,
1.48135,
0.47321,
0.0208,
8.0967,
11.8246,
0.0340768,
1.89485,
0.393578,
0.104339,
0.072944,
0.0362144,
0.181859,
0.155357,
0.0832512,
0.018432,
0.271094,
0.113456,
0.147194,
0.993562,
1.22453,
0.24305,
0.163923,
0.058464,
1.23388,
2.11516,
0.56825,
0.02112,
0.0192736,
0.0233696,
1.38811,
0.498173,
2.31032,
0.68104,
0.26527,
0.127523,
0.0925952,
0.117056,
0.117456,
0.0224928,
0.0390816,
0.108826,
19.7229,
1.34997,
0.0275424,
0.074544,
0.422662,
0.0577024,
0.0972608,
6.16863,
0.219318,
0.0194496,
0.018992,
0.040704,
0.032208,
1.31783,
0.11584,
0.0234496,
0.454979,
0.168115,
0.153555,
0.0400992,
0.0289536,
0.0328832,
0.229158,
0.061664,
0.229184,
0.0476512,
0.106349,
0.025184,
0.600256,
17.326,
0.0411456,
0.066848,
0.0207168,
0.148566,
0.0219104,
0.469149,
0.0589888,
0.0980448,
0.0921632,
0.035152,
0.0331872,
0.0822144,
0.0883488,
0.028464,
0.019136,
0.380192,
0.0290496,
0.0370304,
3.60364,
0.0400064,
