3.234207916259765625e+01
5.099618148803710938e+01
5.072579193115234375e+01
3.645090866088867188e+01
5.253838348388671875e+01
3.692307281494140625e+01
4.713683700561523438e+01
4.036248397827148438e+01
5.936248779296875000e+01
3.905761337280273438e+01
4.517368316650390625e+01
5.477839660644531250e+01
6.087016677856445312e+01
5.654819488525390625e+01
2.125057792663574219e+01
5.149123001098632812e+01
4.239497375488281250e+01
6.054199600219726562e+01
6.102695846557617188e+01
5.092442703247070312e+01
3.259041213989257812e+01
4.305281448364257812e+01
3.669666671752929688e+01
4.469810104370117188e+01
4.501194763183593750e+01
5.979824066162109375e+01
2.816239738464355469e+01
3.528598403930664062e+01
5.174232864379882812e+01
5.189360809326171875e+01
5.813248443603515625e+01
5.111577987670898438e+01
3.022115516662597656e+01
4.234007263183593750e+01
1.749329757690429688e+01
4.433183288574218750e+01
3.017752838134765625e+01
4.966789627075195312e+01
3.643836975097656250e+01
5.052580261230468750e+01
5.879998016357421875e+01
5.143844223022460938e+01
4.049080276489257812e+01
3.691478347778320312e+01
3.812220382690429688e+01
4.311287307739257812e+01
5.198934555053710938e+01
5.151258468627929688e+01
3.132060241699218750e+01
5.754701614379882812e+01
4.518625259399414062e+01
5.279783630371093750e+01
4.261394500732421875e+01
2.802625656127929688e+01
4.445342254638671875e+01
3.805705642700195312e+01
6.744415283203125000e+01
3.061104774475097656e+01
5.270337295532226562e+01
2.808180618286132812e+01
4.205255889892578125e+01
5.858364486694335938e+01
5.057728958129882812e+01
2.461306381225585938e+01
3.755650711059570312e+01
3.026787376403808594e+01
4.271754074096679688e+01
6.008921813964843750e+01
4.957345581054687500e+01
5.530741882324218750e+01
3.082420921325683594e+01
4.748991012573242188e+01
5.464615249633789062e+01
4.403522109985351562e+01
3.965561294555664062e+01
4.208275604248046875e+01
6.101447677612304688e+01
6.040663909912109375e+01
5.136002731323242188e+01
3.923739624023437500e+01
4.771899414062500000e+01
4.304096984863281250e+01
5.104144287109375000e+01
4.981959533691406250e+01
4.663915252685546875e+01
3.653173065185546875e+01
5.663751983642578125e+01
3.936054992675781250e+01
5.819469070434570312e+01
5.025763320922851562e+01
4.698921585083007812e+01
3.562693786621093750e+01
3.626792526245117188e+01
3.087729263305664062e+01
5.995873260498046875e+01
3.281544494628906250e+01
4.966542053222656250e+01
4.266599655151367188e+01
5.740206527709960938e+01
3.075453758239746094e+01
5.424822616577148438e+01
4.844261550903320312e+01
2.924090576171875000e+01
6.965009307861328125e+01
5.673593521118164062e+01
3.909387588500976562e+01
3.225696182250976562e+01
1.485057449340820312e+01
3.212066650390625000e+01
5.786027526855468750e+01
5.019778060913085938e+01
4.910259246826171875e+01
3.531560134887695312e+01
3.414338302612304688e+01
5.185166931152343750e+01
6.041055679321289062e+01
3.286276626586914062e+01
5.040338134765625000e+01
5.275772094726562500e+01
5.872947692871093750e+01
5.949071121215820312e+01
4.514142608642578125e+01
4.336615371704101562e+01
5.238821029663085938e+01
6.461315155029296875e+01
3.960930252075195312e+01
4.900379180908203125e+01
5.975990295410156250e+01
5.801921844482421875e+01
5.027997207641601562e+01
3.841322326660156250e+01
5.744782257080078125e+01
4.588044738769531250e+01
1.717605972290039062e+01
4.670991516113281250e+01
5.809426879882812500e+01
4.992137527465820312e+01
5.868099594116210938e+01
4.171506500244140625e+01
4.958232116699218750e+01
4.686825561523437500e+01
3.601521301269531250e+01
6.039877700805664062e+01
4.667828750610351562e+01
6.101447677612304688e+01
6.040874099731445312e+01
6.015294647216796875e+01
4.292973327636718750e+01
4.543357086181640625e+01
3.102481269836425781e+01
3.307062911987304688e+01
4.485689544677734375e+01
4.585353469848632812e+01
5.996430969238281250e+01
4.336304473876953125e+01
1.182674121856689453e+01
6.584738922119140625e+01
3.051881217956542969e+01
4.817647171020507812e+01
5.122551727294921875e+01
3.240534591674804688e+01
3.096477127075195312e+01
6.051951217651367188e+01
4.748699951171875000e+01
5.403787994384765625e+01
6.084053802490234375e+01
5.099618148803710938e+01
3.485579681396484375e+01
6.032362365722656250e+01
5.406052398681640625e+01
6.015111160278320312e+01
6.101211929321289062e+01
4.890813827514648438e+01
3.062377166748046875e+01
3.121081542968750000e+01
5.955349349975585938e+01
2.981911659240722656e+01
3.801942825317382812e+01
5.147305297851562500e+01
3.543925476074218750e+01
6.014437103271484375e+01
5.901190567016601562e+01
4.302623748779296875e+01
5.560448074340820312e+01
6.091479492187500000e+01
4.080606079101562500e+01
5.592663192749023438e+01
4.507747650146484375e+01
5.013320541381835938e+01
6.089719390869140625e+01
5.102242660522460938e+01
5.687386322021484375e+01
5.154764556884765625e+01
4.771101760864257812e+01
3.830757141113281250e+01
5.652646636962890625e+01
4.140279388427734375e+01
5.350806427001953125e+01
4.666523361206054688e+01
4.306855010986328125e+01
4.091268157958984375e+01
4.767832565307617188e+01
4.756527709960937500e+01
4.196339035034179688e+01
5.592129898071289062e+01
4.785207366943359375e+01
4.373534393310546875e+01
3.859774780273437500e+01
6.047978973388671875e+01
4.005192565917968750e+01
2.931072616577148438e+01
9.234644889831542969e+00
4.603940200805664062e+01
4.922124481201171875e+01
4.328870010375976562e+01
5.629674911499023438e+01
5.024553298950195312e+01
3.012089347839355469e+01
5.936271286010742188e+01
5.217350769042968750e+01
3.598466873168945312e+01
5.562272644042968750e+01
4.885956192016601562e+01
5.956309127807617188e+01
5.834832000732421875e+01
2.531629371643066406e+01
4.215682983398437500e+01
4.918858718872070312e+01
3.435118865966796875e+01
6.025968551635742188e+01
4.786429595947265625e+01
5.273141479492187500e+01
3.643261718750000000e+01
3.813685989379882812e+01
4.579203796386718750e+01
3.839468002319335938e+01
2.971186637878417969e+01
5.402479171752929688e+01
4.030278015136718750e+01
6.056720352172851562e+01
5.949071121215820312e+01
5.525079727172851562e+01
5.568761444091796875e+01
3.225696182250976562e+01
3.644777679443359375e+01
4.541956710815429688e+01
3.670493698120117188e+01
6.028242111206054688e+01
6.002710342407226562e+01
1.459086799621582031e+01
4.524129486083984375e+01
6.121540832519531250e+01
4.717539978027343750e+01
6.650839233398437500e+01
4.049761962890625000e+01
5.001583480834960938e+01
