2.610780000686645508e-01
1.436840152740478516e+01
1.054789924621582031e+01
8.179839700460433960e-02
1.673979949951171875e+01
1.471719970703125000e+02
1.105160045623779297e+01
9.474909782409667969e+00
1.657840013504028320e+00
5.829500198364257812e+00
2.368219941854476929e-01
1.374689936637878418e-01
2.842149972915649414e+00
1.434869956970214844e+01
4.164479672908782959e-02
5.557820200920104980e-01
2.638649940490722656e+00
5.574750304222106934e-01
2.732649803161621094e+00
1.503870040178298950e-01
1.051820039749145508e+00
7.126399129629135132e-02
3.467340087890625000e+01
1.538709998130798340e+00
1.130529999732971191e+00
1.536699980497360229e-01
3.279100060462951660e-01
1.090380249023437500e+02
5.633150100708007812e+00
5.355299711227416992e-01
8.987409210205078125e+01
1.211549937725067139e-01
3.269630074501037598e-01
1.175199890136718750e+01
6.813430309295654297e+00
1.435970306396484375e+02
5.825918960571289062e+01
3.819249868392944336e+00
1.391909885406494141e+01
2.175419998168945312e+01
2.783750305175781250e+02
1.164219856262207031e+01
5.886300206184387207e-01
2.638299942016601562e+01
7.395839691162109375e-02
3.491719818115234375e+01
1.023709923028945923e-01
3.620840072631835938e+00
7.196130156517028809e-01
1.626719856262207031e+01
7.509580135345458984e+00
5.824718856811523438e+01
1.222390055656433105e+00
1.423010063171386719e+01
1.327340006828308105e+00
6.032289862632751465e-01
1.385289859771728516e+01
1.564520001411437988e+00
7.439239978790283203e+00
4.759359955787658691e-01
4.307140111923217773e-01
1.962730216979980469e+01
4.354909956455230713e-01
2.509689712524414062e+01
1.202009868621826172e+01
4.848740100860595703e-01
2.011310100555419922e+00
6.530440521240234375e+01
7.977280020713806152e-01
1.296290159225463867e-01
2.073269844055175781e+00
4.249229907989501953e+00
4.600059986114501953e-01
3.022239804267883301e-01
4.698020219802856445e-01
7.979069709777832031e+00
1.606139987707138062e-01
2.162719964981079102e-01
1.657840013504028320e+00
1.204530143737792969e+01
9.109860062599182129e-01
1.626590013504028320e+00
5.793279409408569336e-02
4.451810359954833984e+00
6.178529858589172363e-01
1.506399959325790405e-01
1.512879943847656250e+01
3.161900329589843750e+02
9.191650152206420898e-01
2.451630115509033203e+00
5.221709823608398438e+01
4.468159973621368408e-01
3.348320126533508301e-01
2.232620000839233398e+00
4.704000055789947510e-02
1.366249942779541016e+01
4.249819815158843994e-01
5.554220199584960938e+00
7.442509651184082031e+00
1.027379989624023438e+01
4.063600063323974609e+00
3.873379826545715332e-01
2.737030029296875000e+00
1.089499965310096741e-01
1.355650126934051514e-01
8.866369724273681641e-01
3.186210095882415771e-01
6.443970203399658203e-01
1.312420010566711426e+00
6.131430149078369141e+00
1.027999973297119141e+01
1.696670055389404297e-01
1.990739941596984863e+00
4.371650218963623047e-01
7.630109786987304688e-01
1.012290045619010925e-01
3.708799743652343750e+01
8.895710110664367676e-01
5.286370086669921875e+01
5.574750304222106934e-01
1.036440200805664062e+02
8.544909477233886719e+00
1.290539932250976562e+01
2.108160018920898438e+00
1.129590034484863281e+00
1.051270103454589844e+01
2.988640069961547852e-01
2.515389919281005859e+00
3.647249984741210938e+01
2.861819863319396973e-01
2.745529890060424805e+00
1.078820005059242249e-01
2.979480028152465820e+00
3.112290143966674805e+00
4.952499389648437500e+01
1.695639967918395996e+00
2.372120094299316406e+01
1.022220015525817871e+00
9.225410223007202148e-01
7.578300237655639648e-01
3.951230049133300781e-01
1.746039986610412598e+00
1.364929962158203125e+01
8.965119719505310059e-01
2.465980052947998047e+00
3.660579919815063477e+00
7.551999390125274658e-02
3.400450050830841064e-01
1.306609988212585449e+00
1.401890069246292114e-01
1.445520043373107910e+00
1.156220063567161560e-01
5.732259750366210938e-01
3.356989920139312744e-01
2.009459972381591797e+00
1.193610153198242188e+02
5.099270629882812500e+01
2.696059942245483398e-01
2.481729984283447266e-01
1.317220020294189453e+01
7.807530879974365234e+00
1.082900047302246094e+00
2.833180129528045654e-01
7.228549957275390625e+00
2.404489994049072266e+00
3.796540200710296631e-01
1.031039953231811523e+00
8.887200355529785156e+00
2.961009597778320312e+01
2.470420122146606445e+00
2.228359937667846680e+00
1.843040138483047485e-01
1.782559990882873535e+00
8.910720050334930420e-02
1.407780051231384277e-01
1.881460189819335938e+01
1.143230125308036804e-01
2.403620183467864990e-01
6.387589931488037109e+00
6.881330871582031250e+01
2.103040069341659546e-01
5.731150150299072266e+00
2.813859879970550537e-01
2.933499813079833984e+00
4.764870071411132812e+01
2.507659721374511719e+01
9.869819879531860352e-01
6.044049739837646484e+00
1.012800112366676331e-01
4.502209854125976562e+01
7.218530178070068359e-01
1.776559948921203613e+00
3.320100069046020508e+00
7.248640060424804688e-02
9.489599615335464478e-02
8.655679225921630859e-02
5.857959747314453125e+00
1.918459701538085938e+01
2.534090042114257812e+00
6.677481079101562500e+01
8.983039855957031250e-01
9.865980148315429688e-01
1.862280011177062988e+00
3.849849939346313477e+00
1.000449955463409424e-01
1.071370005607604980e+00
1.264189910888671875e+01
5.414779782295227051e-01
8.528450131416320801e-01
1.848249912261962891e+00
4.812479764223098755e-02
4.848989844322204590e-01
9.280589103698730469e+00
5.615469932556152344e+00
5.797120556235313416e-02
3.462739944458007812e+00
2.009459972381591797e+00
9.088730812072753906e+00
1.355190124511718750e+02
1.029580020904541016e+01
3.714899826049804688e+01
2.753469944000244141e-01
1.645959973335266113e+00
2.288189888000488281e+00
1.126370131969451904e-01
2.309180021286010742e+00
3.266830205917358398e+00
1.996609866619110107e-01
2.702759981155395508e+00
3.632579803466796875e+00
5.597819685935974121e-01
2.760220031738281250e+02
1.220260038971900940e-01
4.703200161457061768e-01
3.259200155735015869e-01
8.821889758110046387e-01
4.593579864501953125e+01
2.813859879970550537e-01
2.005489730834960938e+01
8.549620628356933594e+00
5.620159208774566650e-02
1.761579704284667969e+01
2.099969983100891113e-01
2.999039888381958008e-01
3.135970234870910645e-01
4.309059977531433105e-01
5.741120502352714539e-02
6.540479511022567749e-02
8.344639837741851807e-02
3.462739944458007812e+00
1.029250100255012512e-01
1.564290046691894531e+00
5.723999738693237305e-01
8.477429389953613281e+00
4.159680008888244629e-01
2.723780059814453125e+01
