1.744284927845001221e-01
1.341105842590332031e+01
5.432274341583251953e+00
1.839723289012908936e-01
9.526060104370117188e+00
1.968514251708984375e+02
6.004559516906738281e+00
6.995497703552246094e+00
1.525121331214904785e+00
5.055169105529785156e+00
1.758922338485717773e-01
2.771945297718048096e-01
1.761947035789489746e+00
1.526961803436279297e+01
9.432755410671234131e-02
6.234058141708374023e-01
3.304331779479980469e+00
5.173981189727783203e-01
2.858549118041992188e+00
1.040026843547821045e-01
1.056605458259582520e+00
5.497375503182411194e-02
3.526132583618164062e+01
1.624507904052734375e+00
1.306827902793884277e+00
1.956865191459655762e-01
2.843174636363983154e-01
1.051658935546875000e+02
5.384967327117919922e+00
4.508164823055267334e-01
6.039627075195312500e+01
1.081752106547355652e-01
5.175462365150451660e-01
8.864875793457031250e+00
7.896876335144042969e+00
1.920449676513671875e+02
3.031415176391601562e+01
5.966438770294189453e+00
7.073563575744628906e+00
8.613222241401672363e-01
2.252693634033203125e+02
1.045187854766845703e+01
4.141530692577362061e-01
3.148307991027832031e+01
8.508588373661041260e-02
2.468057632446289062e+01
1.508591771125793457e-01
3.843724727630615234e+00
9.747315645217895508e-01
1.167590904235839844e+01
4.033955097198486328e+00
2.909419631958007812e+01
8.170056939125061035e-01
8.872602462768554688e+00
1.316258311271667480e+00
6.157953739166259766e-01
9.271033287048339844e+00
1.786197662353515625e+00
3.792218923568725586e+00
5.554268360137939453e-01
4.511673152446746826e-01
1.111591243743896484e+01
4.978295564651489258e-01
1.681840896606445312e+01
1.113139057159423828e+01
4.868550896644592285e-01
2.743450880050659180e+00
4.183666992187500000e+01
8.526960015296936035e-01
1.611199229955673218e-01
1.241140246391296387e+00
2.661729574203491211e+00
5.842499136924743652e-01
2.056427896022796631e-01
4.336907565593719482e-01
7.267079830169677734e+00
2.357347458600997925e-01
2.107886523008346558e-01
1.430624604225158691e+00
1.225044536590576172e+01
9.045863747596740723e-01
1.375574350357055664e+00
7.171957194805145264e-02
4.350737094879150391e+00
8.331786394119262695e-01
1.006273254752159119e-01
8.166735649108886719e+00
2.927361450195312500e+02
8.193342685699462891e-01
2.241349458694458008e+00
6.942902374267578125e+01
5.134320259094238281e-01
3.546565771102905273e-01
1.683522105216979980e+00
4.425869509577751160e-02
2.178676414489746094e+01
3.689637780189514160e-01
4.789987087249755859e+00
5.002502918243408203e+00
9.837336540222167969e+00
3.126215934753417969e+00
3.638326227664947510e-01
2.383121728897094727e+00
8.412203192710876465e-02
1.274534612894058228e-01
8.223347067832946777e-01
2.813479900360107422e-01
5.191982388496398926e-01
1.481480240821838379e+00
4.095271110534667969e+00
6.456656455993652344e+00
2.326011806726455688e-01
1.651994585990905762e+00
4.288695752620697021e-01
3.528773784637451172e-01
1.846504807472229004e-01
1.684780883789062500e+01
5.868912339210510254e-01
1.151163177490234375e+02
5.619112253189086914e-01
6.624057006835937500e+01
2.440559196472167969e+01
2.112290191650390625e+01
1.539670586585998535e+00
6.163775920867919922e-01
7.323830127716064453e+00
2.808896899223327637e-01
2.786852836608886719e+00
2.706610298156738281e+01
4.898836016654968262e-01
2.226769685745239258e+00
2.665821015834808350e-01
2.847022533416748047e+00
2.509571075439453125e+00
1.178236312866210938e+02
1.894407153129577637e+00
2.262446594238281250e+01
1.011829733848571777e+00
6.090396046638488770e-01
7.559775710105895996e-01
4.027480483055114746e-01
1.839459419250488281e+00
1.009352302551269531e+01
7.968078255653381348e-01
2.748977422714233398e+00
5.684377670288085938e+00
7.422503083944320679e-02
3.645990788936614990e-01
1.265641570091247559e+00
5.982574447989463806e-02
1.496353507041931152e+00
1.043846234679222107e-01
5.932596325874328613e-01
3.347454369068145752e-01
1.913530707359313965e+00
1.615652313232421875e+02
1.473351764678955078e+01
2.090056091547012329e-01
2.396757751703262329e-01
5.855128288269042969e+00
7.045300960540771484e+00
1.039389491081237793e+00
3.176311254501342773e-01
6.959496498107910156e+00
2.646753549575805664e+00
5.433394312858581543e-01
1.157353520393371582e+00
1.069079971313476562e+01
3.831862258911132812e+01
2.140270471572875977e+00
1.983486294746398926e+00
3.295567929744720459e-01
1.677796840667724609e+00
1.184177324175834656e-01
2.205257564783096313e-01
2.299245643615722656e+01
1.404639333486557007e-01
2.150354981422424316e-01
8.350165367126464844e+00
6.736650085449218750e+01
2.722700238227844238e-01
5.832236766815185547e+00
2.941285967826843262e-01
5.052442073822021484e+00
4.646268463134765625e+01
2.470726966857910156e+01
9.136477112770080566e-01
5.987780094146728516e+00
3.632712736725807190e-02
2.799120521545410156e+01
8.864820599555969238e-01
1.151239395141601562e+00
2.617768526077270508e+00
3.385388851165771484e-02
8.458881080150604248e-02
8.914615213871002197e-02
8.131747245788574219e+00
3.110003280639648438e+01
1.411723732948303223e+00
5.717443084716796875e+01
9.245566725730895996e-01
4.467097520828247070e-01
1.295797228813171387e+00
2.704817533493041992e+00
1.726536452770233154e-01
8.379032611846923828e-01
1.451933288574218750e+01
6.458548903465270996e-01
6.845157742500305176e-01
1.652772903442382812e+00
4.575115442276000977e-02
4.144244492053985596e-01
1.332197093963623047e+01
2.505621194839477539e+00
6.918402761220932007e-02
2.976195335388183594e+00
1.903225660324096680e+00
8.533367156982421875e+00
1.136489410400390625e+02
9.723268508911132812e+00
4.492433166503906250e+01
2.238177657127380371e-01
1.807841658592224121e+00
1.939072012901306152e+00
2.632134258747100830e-01
2.707822322845458984e+00
3.412064552307128906e+00
1.656891405582427979e-01
2.942797660827636719e+00
1.791392803192138672e+00
7.550318837165832520e-01
1.461659545898437500e+02
1.473979651927947998e-01
5.397586822509765625e-01
2.467439323663711548e-01
7.249271869659423828e-01
5.266706085205078125e+01
2.918686270713806152e-01
1.225040435791015625e+01
5.847126483917236328e+00
6.167125701904296875e-02
9.618066787719726562e+00
2.125425487756729126e-01
2.413214594125747681e-01
3.459578156471252441e-01
3.776825368404388428e-01
9.396166354417800903e-02
1.151925176382064819e-01
1.396250724792480469e-01
2.863725662231445312e+00
2.127723097801208496e-01
1.165520668029785156e+00
6.567623615264892578e-01
1.001379013061523438e+01
2.241791635751724243e-01
1.340038871765136719e+01
