15.0066,
1.13881,
4.07802,
9.8167,
12.2869,
6.03352,
1.09321,
167.252,
1.28557,
0.684298,
0.408419,
88.9781,
122.699,
12.2312,
3.49803,
0.673338,
3.21115,
4.48156,
12.1564,
0.207235,
6.87432,
10.6296,
1.29397,
4.38376,
2.78626,
0.31065,
0.0716288,
1.11932,
1.14223,
0.118269,
378.375,
13.7128,
3.60422,
0.272867,
52.3164,
2.75619,
0.18857,
0.119101,
0.0802496,
0.111773,
0.438787,
0.457683,
0.293354,
35.7924,
316.254,
25.0411,
0.147168,
6.49649,
5.54755,
1.14121,
0.709187,
0.330458,
15.9346,
0.079952,
0.24209,
9.91108,
3.27159,
1.06168,
0.166038,
1.3553,
0.0576,
11.4264,
299.363,
99.3646,
21.0582,
3.59315,
0.164096,
1.02082,
0.241917,
109.618,
20.2219,
1.4283,
2.0078,
0.35776,
3.22129,
8.61806,
0.10895,
11.0922,
0.217366,
1.09092,
25.2318,
0.291789,
0.172998,
3.43293,
14.1292,
28.5201,
25.4427,
313.965,
0.148938,
0.071264,
23.1081,
8.97247,
4.76254,
24.1109,
1126.86,
1.69646,
2.30011,
0.624582,
0.434698,
1.43917,
0.119882,
167.545,
488.834,
95.768,
1.18318,
14.9112,
1.48189,
1.45822,
58.883,
4.07017,
1.82308,
191.516,
2.77377,
2.57094,
1.64906,
73.0287,
0.0940672,
38.349,
2.87477,
4.04505,
607.348,
0.269606,
0.378979,
0.174515,
8.47743,
0.747504,
7.54464,
56.5239,
0.427626,
4.04125,
18.2617,
1.2041,
0.341658,
1.33609,
0.676061,
0.253955,
2.05342,
5.5704,
7.08696,
0.0579328,
0.142115,
0.06656,
102.643,
0.155805,
0.166688,
20.8713,
1.79524,
7.53324,
10.4026,
74.2702,
1.10634,
6.7351,
12.5632,
12.876,
0.161286,
0.304461,
0.0751584,
1.23256,
2.97605,
214.504,
3.27067,
19.51,
54.6692,
0.0976896,
0.643802,
13.1123,
52.2171,
0.262726,
0.142298,
0.171907,
19.6629,
13.4868,
10.8244,
0.807405,
0.128867,
4.25812,
11.6783,
0.074096,
0.240675,
11.3545,
0.683235,
21.6193,
22.6451,
2.081,
0.715293,
5.50846,
1.95038,
0.410515,
0.51505,
0.163626,
1.18332,
1.56021,
11.272,
2.69052,
3.13512,
1.30954,
16.6698,
0.699677,
46.8289,
0.247302,
0.369696,
1.80947,
0.117206,
25.7385,
0.07208,
3.09429,
0.737824,
0.0833376,
0.113638,
0.0764096,
1.44015,
59.0438,
7.89772,
0.367274,
201.697,
25.9911,
120.91,
0.399581,
355.497,
3.35031,
7.49588,
5.87763,
14.1611,
0.1564,
4.21878,
0.318749,
155.573,
4.86722,
16.0831,
0.288544,
3.00691,
0.830362,
1.06742,
0.15064,
0.0480736,
99.9085,
1.76464,
447.826,
1.73313,
54.6714,
3.18889,
0.669021,
0.802224,
0.0997664,
32.1057,
24.6309,
8.0001,
1.12462,
38.0647,
3.65452,
0.987827,
0.363347,
1.76289,
0.595443,
0.44871,
6.70618,
0.548739,
1.41249,
218.676,
0.213184,
2.17612,
0.299757,
1.07197,
26.4926,
0.0562656,
2.37036,
0.139635,
1.55612,
2.52075,
0.524259,
1.01967,
2.42078,
0.320592,
0.0951264,
0.143664,
0.312349,
0.233075,
403.214,
16.2672,
1.26147,
11.231,
0.638304,
99.4884,
2.08525,
6.09507,
3.54065,
1.2969,
14.744,
0.123341,
46.0787,
24.3286,
2.76805,
0.107882,
6.22252,
2.06457,
5.00945,
10.8097,
0.107226,
0.149978,
4.32074,
0.10465,
0.0603904,
0.132394,
0.100256,
2636.37,
1.89969,
3.4742,
4.03241,
0.100406,
35.4829,
2.69332,
0.131302,
0.394803,
2.36961,
7.74946,
3.50842,
0.0496032,
0.776858,
5.82914,
4.34263,
0.49344,
2.43428,
0.0820672,
0.446912,
2.11116,
0.101613,
3.02661,
0.131373,
0.304102,
501.147,
0.0875072,
1.08267,
0.642413,
5.71783,
3.199,
0.0922624,
0.139443,
46.8445,
50.1379,
3.67064,
78.9208,
7.08401,
0.198992,
8.17127,
13.2273,
50.5841,
0.194365,
0.202179,
125.582,
0.337507,
1070.77,
0.166,
42.4137,
101.877,
0.156029,
9.59358,
0.139306,
0.0861376,
9.96615,
2.37021,
29.4748,
0.122266,
0.071296,
0.131002,
0.862624,
0.0457792,
85.5181,
0.263258,
1.26737,
13.641,
1.07779,
15.7711,
1.96198,
0.1344,
1.49006,
0.187216,
11.6044,
1.78433,
3.18219,
1.57565,
0.11593,
6.90694,
0.96544,
0.472288,
0.137718,
5.98116,
0.504627,
0.552851,
0.160877,
0.484509,
16.871,
1.93856,
0.0988032,
259.465,
13.4217,
0.113776,
0.304378,
12.5372,
3.18968,
139.522,
0.712515,
0.206822,
21.7542,
3.75327,
0.687526,
10.886,
8.26914,
22.7417,
49.2654,
0.240362,
22.0531,
31.2449,
0.427818,
0.0899616,
0.151789,
0.558986,
0.186198,
50.0733,
0.0844448,
0.935315,
11.8128,
7.94839,
0.111718,
5.5532,
0.162765,
0.154144,
7.8431,
349.477,
29.8267,
0.360787,
42.8426,
2.11528,
83.2967,
22.1525,
2.45163,
3.3201,
69.908,
0.562029,
2.14495,
0.150774,
4.5263,
4.641,
86.7,
0.370899,
76.1878,
50.6814,
38.1692,
0.100243,
0.460381,
0.390406,
3.9997,
0.536403,
13.6625,
1.69361,
11.3936,
2.60182,
0.0385088,
29.1469,
187.618,
2.10075,
0.0999552,
1.80719,
50.1074,
0.476618,
0.43559,
1.45986,
45.4463,
0.698358,
1.58808,
0.254224,
0.0952064,
8.54028,
1.46697,
0.288659,
0.828749,
28.8935,
7.55642,
0.0998432,
41.7694,
1.03853,
17.287,
6.38399,
0.62145,
0.0969664,
1.1701,
0.098224,
1.11365,
1.08626,
286.549,
240.01,
0.158813,
0.0931424,
15.3946,
0.797715,
1.82558,
0.125398,
27.2078,
1.74818,
0.118109,
0.178854,
9.91651,
6.34571,
10.1988,
62.4912,
0.165027,
3.81508,
1.44799,
3.98238,
1.26747,
102.078,
19.1811,
40.3765,
1.48402,
0.493629,
0.231571,
0.202214,
0.642374,
1.10569,
0.0885056,
0.677158,
10.7163,
1.9137,
0.286531,
0.119744,
2.14183,
0.0492416,
2.55582,
28.0352,
44.0583,
0.111616,
2.85299,
0.062464,
0.192102,
0.552797,
0.439443,
8.03334,
0.115949,
1.22732,
3.09636,
5.28457,
57.7569,
0.0674752,
0.612038,
247.143,
1.84679,
0.0656832,
9.34291,
14.7067,
15.9646,
0.976019,
0.67896,
1.08535,
10.5187,
2.40596,
2.47685,
4.86098,
0.803885,
130.006,
2.65724,
0.252269,
948.358,
0.21175,
20.8891,
0.230509,
2.20828,
0.0675104,
1.88959,
2.65769,
27.0318,
1.3614,
0.15553,
0.951414,
0.48905,
1.04164,
6.66846,
0.171965,
3.07815,
44.39,
0.62583,
0.0876448,
48.2455,
0.405558,
42.3569,
7.07698,
12.1704,
210.925,
0.046832,
1.0829,
13.0246,
1.25826,
0.117658,
0.254797,
4.74224,
0.255264,
0.163146,
1.27101,
0.0763008,
0.835267,
40.7596,
0.0820384,
24.4841,
5.9594,
14.6553,
5.85775,
0.73376,
8.23178,
7.74175,
19.842,
0.149981,
0.150006,
4.10308,
0.811763,
5.98712,
10.2883,
514.51,
7.24322,
12.7814,
0.463299,
0.10128,
0.242314,
1.91812,
8.11352,
366.797,
0.215341,
1.54931,
5.41631,
1.45524,
2.16293,
0.445667,
58.7642,
0.514598,
5.65363,
0.66457,
2.91129,
31.98,
5.36223,
26.6279,
28.6573,
0.0609376,
0.282272,
137.588,
0.731008,
0.727462,
4.95962,
0.191277,
2.78979,
70.6799,
0.980736,
1.17604,
8.9769,
0.243418,
34.3616,
0.255126,
37.3759,
0.251856,
23.6918,
0.270928,
0.070336,
17.0752,
19.0098,
31.3995,
0.138448,
0.220845,
0.535203,
0.495136,
0.387776,
0.188029,
27.0484,
12.0201,
19.4542,
2.81683,
9.08441,
13.3804,
88.0845,
2.92098,
1.30721,
0.40889,
5.3658,
0.178781,
3.36582,
0.219088,
2.50883,
11.8734,
0.051792,
0.078288,
2.87321,
3.83963,
6.60203,
5.04808,
0.679542,
0.323907,
817.256,
20.4177,
18.33,
220.742,
196.156,
0.329245,
0.0692192,
0.406435,
0.609744,
0.0768032,
2.89739,
1.20785,
0.442739,
5.53297,
2.88347,
8.5328,
321.354,
0.15368,
0.0980448,
1.65235,
65.21,
5.80412,
2.17397,
78.6954,
31.0437,
0.125574,
26.4418,
2.46593,
0.881638,
0.879085,
0.151328,
14.5985,
18.0711,
0.121398,
2.45052,
52.6132,
0.531654,
8.74948,
0.44201,
5.36063,
4.74818,
3.01581,
4.95489,
4.38883,
3.99808,
49.0117,
0.233658,
2.92645,
0.321507,
32.9876,
0.0790912,
2.48885,
1.72559,
13.5106,
0.152461,
519.854,
100.889,
0.447133,
106.981,
297.781,
0.777574,
9.30528,
0.076896,
1.69242,
0.061344,
344.375,
4.58922,
0.0973056,
1.11412,
0.0813088,
0.685539,
0.255898,
1.5483,
1.88161,
0.213616,
2.19473,
2.22356,
37.3036,
0.637533,
0.0357952,
0.0681632,
0.148214,
5.0764,
0.0969952,
3.34171,
0.430733,
4.84136,
3.91172,
0.153414,
1.54406,
36.3408,
57.555,
0.237542,
1.3154,
0.797648,
0.287952,
10.3057,
0.14455,
0.176742,
0.0473568,
0.148762,
11.4561,
8.99546,
10.146,
1.65746,
71.7478,
0.11233,
0.311043,
13.5119,
0.596566,
8.24388,
0.0748896,
1.81917,
1.14613,
0.922557,
1.1646,
0.0651264,
2.35924,
0.147677,
1.18043,
1.63046,
0.148019,
0.287302,
11.9123,
0.17807,
2.04697,
0.0639968,
0.230528,
38.0077,
37.6187,
5.65155,
131.588,
85.6282,
20.5632,
0.116387,
11.2852,
4.5875,
15.3114,
19.9064,
34.19,
0.268195,
0.0989376,
12.8973,
0.414195,
1.10065,
4.44135,
84.1669,
0.118483,
0.0586208,
6.70252,
0.190038,
8.46091,
3.64632,
0.172381,
1.91005,
0.201696,
21.865,
0.123376,
0.105798,
1.72293,
0.261859,
3.75143,
77.2529,
0.52577,
4.72966,
0.07256,
0.986502,
116.811,
0.642838,
1.10354,
0.164192,
0.528787,
0.060448,
1.47107,
0.768269,
1.42179,
4.42655,
0.58319,
0.49032,
58.2472,
20.0549,
2.49368,
7.82871,
0.953504,
18.7736,
1.10451,
9.2167,
18.8482,
0.801114,
6.11143,
0.265094,
0.228102,
3.55539,
0.884893,
0.0655072,
3.95852,
1.6046,
1.74596,
7.32775,
3.38576,
56.1403,
2.35202,
0.295296,
0.717613,
1.99337,
1.30568,
3.83032,
16.4262,
132.404,
3.45192,
1.18551,
3.98864,
5.60191,
0.040096,
0.0385792,
3.61915,
1.38086,
0.811232,
0.710298,
4.00886,
854.223,
2.55248,
21.6403,
9.71125,
82.819,
1.93452,
5.59286,
0.129245,
0.141078,
2.47946,
0.226755,
161.899,
0.0682016,
0.604042,
1.70163,
0.369424,
0.685862,
1.93184,
105.215,
10.4386,
1.52882,
0.922541,
4.72778,
1.43958,
1.2889,
86.2279,
10.8388,
21.2101,
72.5405,
12.4257,
0.0462432,
0.28152,
5.68532,
6.24408,
0.837946,
12.8081,
0.617085,
3.64694,
0.0817824,
0.792336,
6.70952,
34.9352,
1.47907,
12.2318,
19.2046,
7.47973,
0.559846,
0.735126,
33.3379,
0.0998432,
0.263203,
0.038384,
1.82464,
1.80299,
6.59239,
0.388314,
1.3275,
39.2419,
0.611213,
11.9378,
0.036704,
1319.35,
0.130608,
0.15415,
1.30047,
0.222688,
0.598701,
37.088,
1.10344,
4.80474,
13.1617,
2.53974,
0.26561,
152.328,
4.58143,
12.8223,
9.1027,
1.1874,
0.719613,
7.43924,
1.43011,
2.44069,
78.7938,
1.99212,
9.27725,
4.739,
0.142896,
0.880845,
0.15817,
6.23846,
11.5476,
1.12959,
1.40537,
396.283,
1.13321,
0.660998,
114.038,
577.381,
50.0692,
2.44114,
2042.97,
0.12424,
0.229456,
1.32734,
0.0502176,
3.39131,
0.713117,
75.1071,
29.1462,
3.23482,
4.59472,
145.96,
7.86309,
64.0326,
0.0899744,
2.16165,
11.6579,
1.39778,
37.2915,
37.5514,
0.129331,
19.555,
0.350877,
16.7398,
1.1987,
0.219514,
2.47779,
1.79726,
6.03324,
24.5824,
0.0701728,
49.6002,
108.93,
1.85453,
0.865216,
0.268589,
0.986598,
0.507018,
1.1324,
900.047,
2.94651,
0.294963,
8.81748,
21.137,
9.08325,
0.488426,
45.7139,
4.0636,
2.6986,
122.556,
4.55938,
13.3058,
9.63691,
0.585398,
18.0584,
0.213965,
0.159354,
0.540806,
9.41213,
248.645,
8.69748,
0.0789408,
4.49724,
23.8835,
0.401667,
0.0785184,
21.988,
0.39185,
0.89033,
14.2301,
0.758726,
0.373046,
0.810781,
0.743331,
20.0633,
6.65698,
1.21597,
32.3335,
0.228214,
8.43728,
0.335834,
3.51233,
0.21079,
0.248173,
3.73889,
7.84112,
1204.26,
10.5601,
1.03253,
4.52486,
3.11229,
1.71067,
0.673165,
1.69314,
0.0741088,
37.1305,
14.1723,
0.0822528,
1.46337,
5.31561,
132.607,
0.603347,
0.881606,
0.128387,
1.18261,
12.485,
0.286182,
52.3352,
0.60409,
0.15471,
25.1584,
18.9018,
1.84153,
1.7451,
0.722083,
0.362198,
0.620694,
2.16147,
0.301472,
0.112125,
0.103904,
263.266,
1.44612,
40.6525,
12.6463,
4.13185,
0.384282,
81.0189,
0.90712,
0.121254,
0.147194,
17.1068,
0.843488,
33.408,
2.05717,
3.36869,
17.5743,
1.947,
24.3345,
4.80167,
3.42725,
0.463798,
5.53526,
10.0548,
2.71363,
53.0174,
245.475,
8.5879,
13.6871,
1.15505,
2.15748,
2.41015,
0.556416,
0.0904064,
0.0830016,
3.01529,
5.7593,
1.94533,
1.17698,
3.35907,
1.4763,
0.0654048,
21.5695,
0.398336,
0.149712,
0.0436352,
0.690534,
69.505,
0.11313,
1.67271,
3.20293,
44.8655,
1.58629,
79.2583,
3.19949,
144.605,
19.0124,
3.26021,
0.349242,
3.42622,
2.28134,
1.24609,
1.22011,
3.64186,
0.435965,
0.0913344,
3.09292,
0.688662,
0.243174,
0.09696,
3.30148,
98.4547,
0.310051,
20.5386,
34.6734,
1.01592,
10.5693,
2.35263,
0.081712,
0.11303,
4.4606,
0.526573,
4.45375,
0.824042,
0.161322,
35.8266,
9.14932,
34.7293,
0.612176,
1.04682,
0.47399,
9.16707,
0.0875552,
49.212,
0.952845,
0.14161,
0.951242,
4.35444,
0.305872,
11.0089,
0.177488,
0.376816,
0.271485,
0.345898,
299.575,
32.907,
0.29393,
0.494832,
0.298125,
0.336262,
0.106003,
0.584221,
20.7108,
15.4173,
32.4145,
97.857,
10.665,
23.7253,
0.591021,
5.33484,
6.48359,
25.1604,
0.25737,
2.69469,
2.53033,
59.0925,
0.89049,
63.3851,
0.953306,
32.8023,
1.4966,
1.3802,
0.47624,
3.28884,
115.944,
1.4038,
4.60318,
7.97271,
2.12965,
23.2939,
1.7454,
1.61456,
4.67813,
0.564787,
40.8227,
0.181606,
8.77334,
14.7832,
0.10089,
5.47376,
68.0178,
1.16191,
1.339,
215.759,
27.086,
0.884502,
18.1813,
11.6281,
3.36432,
38.0504,
0.104675,
3.82207,
0.21119,
0.115955,
0.132742,
0.548365,
1.15927,
0.707997,
1.53181,
17.1243,
0.256378,
0.313597,
1.31786,
7.88604,
7.82834,
14.9612,
6.78548,
21.793,
0.279149,
73.7706,
2.9694,
0.644397,
5.68159,
0.102925,
75.9211,
240.608,
1.24864,
4.89571,
34.4426,
0.690058,
2.46876,
0.662803,
12.3762,
1.40999,
0.261418,
2.17104,
21.9074,
0.199978,
0.196643,
73.8863,
1.24536,
0.17039,
0.332554,
58.2194,
332.285,
0.053536,
3.59542,
0.13119,
180.96,
69.4604,
207.384,
1.62659,
6.63926,
7.19233,
8.60298,
33.5689,
0.388752,
16.307,
415.532,
2.11468,
0.153437,
8.3009,
188.668,
0.949091,
92.7059,
0.126109,
20.5191,
0.825094,
18.6906,
0.324416,
3.01641,
0.0674208,
5.2206,
1.17845,
1.43506,
0.0881696,
6.71287,
18.4184,
4.02777,
0.0641312,
197.139,
3.13665,
38.102,
97.9408,
0.15984,
0.501616,
30.6485,
0.382099,
1.53871,
0.132038,
51.5887,
0.0751808,
8.63993,
44.0052,
0.148326,
22.7622,
1.77468,
91.1248,
1.40026,
0.443699,
9.47491,
1.89259,
27.0341,
125.763,
0.215021,
68.9952,
0.395133,
0.144832,
0.0860256,
0.383094,
19.5978,
0.0400224,
0.187408,
6.69211,
2.40885,
2.25896,
41.6997,
0.09184,
3.14642,
0.0572224,
0.579363,
0.0913184,
1.4683,
0.674336,
0.15257,
0.295766,
41.1291,
0.734707,
5.57,
0.270086,
1.03046,
15.5392,
44.2758,
0.452637,
20.6167,
4077.55,
0.852845,
4.83214,
1.59942,
0.295709,
0.152483,
30.6592,
3.77887,
11.8207,
9.28944,
43.9023,
2.28672,
0.108608,
0.0574112,
80.4382,
2.59691,
1.31242,
0.429741,
58.4694,
2.6987,
0.464845,
1.71955,
0.440957,
0.34881,
67.5532,
37.9832,
0.0586592,
13.461,
10.6836,
11.7505,
12.4182,
0.497568,
0.43071,
2.53831,
6.56676,
6.38759,
0.553462,
0.35992,
0.882189,
1.4167,
0.318621,
0.11375,
0.0621152,
3.31711,
24.8958,
0.210982,
1.1784,
3.41072,
0.581446,
8.6295,
31.7682,
40.0468,
7.49734,
0.940627,
9.06294,
21.4849,
86.7981,
2.76965,
5.83825,
0.400624,
15.0943,
32.4644,
76.4904,
1.1245,
5.85647,
3.67397,
0.150995,
0.146845,
1.28116,
7.52104,
7.0711,
2.45991,
3.3633,
22.1853,
9.1676,
27.0734,
103.326,
0.193018,
0.0700128,
5.06749,
0.066208,
13.0976,
5.07349,
5.35501,
10.781,
6.40324,
1.03118,
0.451472,
0.191331,
6.34756,
19.5868,
53.5544,
101.38,
2.27755,
10.2843,
22.0382,
0.872134,
1.16926,
38.5703,
4.61437,
7.37299,
26.7728,
0.100141,
3.54541,
0.389443,
0.0865568,
0.17352,
19.2992,
0.746035,
134.979,
39.409,
0.159088,
10.1495,
19.6224,
7.94562,
0.72551,
1.61188,
213.398,
487.884,
16.1527,
0.312093,
13.8529,
0.461888,
13.9191,
0.134048,
0.172883,
28.6706,
0.187082,
314.456,
0.559603,
1.36545,
54.127,
0.965862,
19.9032,
0.309184,
641.887,
203.599,
3.5046,
1.4027,
5.49116,
5.41888,
6.74876,
1.65491,
3.27579,
2.12512,
18.7147,
6.87452,
32.4948,
0.098992,
131.753,
9.28961,
0.0688064,
23.1657,
0.117693,
0.192675,
0.151843,
0.12719,
0.161357,
1.02976,
8.07371,
1.60523,
246.947,
17.6158,
1.49253,
0.990998,
0.166397,
86.5974,
11.5455,
1.18148,
0.20745,
0.06288,
0.281171,
2.86668,
0.605907,
1.2899,
0.136195,
0.0397472,
0.0779392,
516.373,
6.79975,
4.17319,
4.05242,
0.488541,
2.16545,
0.0717472,
1.4917,
28.8848,
0.562835,
1044.72,
23.0369,
0.16128,
80.3771,
4.17854,
2.49722,
9.17454,
4.57727,
0.588845,
2.99512,
6.81343,
6.23647,
0.794598,
1.05212,
0.108154,
7.05931,
0.14791,
22.7488,
0.0831168,
0.260771,
2.61474,
2.08143,
3.56672,
2.75444,
0.0506816,
0.603069,
1.97457,
3.43826,
0.613952,
6.81693,
0.759978,
0.146957,
28.4237,
2.13906,
24.1208,
2.04944,
7.16534,
9.29031,
0.239427,
1.13393,
7.28981,
1.1716,
0.393635,
82.1194,
1.99093,
0.24391,
154.332,
0.0783744,
29.4048,
17.1093,
0.766864,
0.860486,
1.04215,
5.62685,
4.40675,
0.656157,
68.1249,
34.8484,
1.17618,
0.207571,
0.287235,
22.7206,
4.00364,
1.01546,
3.98052,
0.286224,
2.25026,
0.241606,
0.12025,
0.294214,
9.19338,
0.558525,
35.2118,
2.45491,
0.45647,
0.507638,
48.5226,
1.2624,
0.570723,
2.86567,
5.47487,
8.49796,
24.5483,
29.1392,
9.60324,
3.61045,
15.353,
4.63631,
0.262048,
0.730778,
4.21729,
0.464016,
5.49785,
246.561,
17.7999,
15.1775,
2.45517,
3.08918,
3.18761,
1.65225,
0.413162,
3.29941,
0.105587,
4.9835,
0.154883,
3.27369,
5.33487,
7.55235,
0.223798,
4.05695,
0.0610688,
5.34695,
3.14264,
105.145,
80.5309,
27.1624,
0.135878,
1.65569,
2.70975,
2.55054,
0.22937,
0.156243,
0.44009,
0.120323,
16.295,
3.86616,
2.36391,
1.9719,
21.5644,
14.8703,
0.091776,
22.4765,
5.50669,
1.11407,
0.374819,
0.599514,
37.7179,
8.2437,
30.0062,
13.9545,
0.905459,
30.5179,
0.152144,
4.12136,
4.73644,
4.41213,
1.66592,
261.378,
0.414048,
0.0617664,
0.089472,
2.09503,
5.39153,
11.4278,
3.11983,
0.230726,
0.310902,
58.756,
0.0402304,
0.099728,
36.8246,
0.449571,
8.51101,
5.37487,
0.247414,
1.65355,
0.104451,
56.6907,
0.072,
0.190768,
4.34409,
0.441866,
34.9172,
171.426,
0.138182,
0.086944,
0.242438,
2.28502,
9.12857,
12.9216,
0.105757,
0.105757,
4.38167,
15.0935,
7.32301,
8.11089,
1.5705,
3.04884,
0.294835,
1.47959,
4.2695,
4.44243,
0.0917472,
1.02751,
2.25992,
2.6294,
32.8447,
0.19135,
6.08855,
0.169539,
2.73959,
1.14836,
0.11031,
0.868256,
0.108819,
30.1844,
5.70425,
2.02554,
2.02737,
3.23172,
16.7203,
18.0759,
6.83206,
5.27403,
6.18923,
12.4439,
0.484826,
0.408742,
3.17715,
178.67,
6.43004,
45.9644,
0.388211,
13.13,
65.1416,
4.71169,
0.389296,
0.679142,
1.46619,
125.712,
2.93736,
124.58,
235.784,
0.491347,
0.36553,
0.574262,
2.16633,
0.0561216,
0.761456,
62.1912,
0.571926,
0.197533,
25.0847,
0.299917,
0.343069,
4.40751,
1.33556,
1.93217,
15.7747,
0.0781696,
0.372838,
0.140189,
0.304525,
0.656246,
5.087,
0.0696896,
1.50382,
36.2169,
0.189466,
46.3321,
0.10807,
0.875866,
17.3148,
0.0813024,
0.291296,
75.8694,
57.5622,
0.735306,
0.752301,
0.331254,
1.13116,
0.423389,
33.1863,
13.3747,
1.24403,
38.1304,
81.1041,
12.5901,
31.0644,
20.8195,
0.774944,
3.22553,
0.508944,
0.132717,
1.69611,
6.1514,
7.44251,
0.0891072,
21.1922,
80.7501,
11.4206,
3.30209,
195.591,
1.19697,
142.268,
0.0788832,
34.161,
1.61883,
4.85395,
0.129629,
0.726579,
91.7288,
0.158432,
17.958,
0.0886592,
8.69687,
2.51091,
10.2683,
228.48,
40.0695,
20.7326,
79.8994,
0.477059,
11.0065,
0.0836192,
10.28,
1.7255,
12.3313,
10.2441,
0.352147,
0.732637,
1.57001,
118.178,
0.0653184,
2.22271,
1.45617,
368.856,
3.4692,
0.558819,
7.46224,
47.1811,
0.0563488,
0.72073,
2.35445,
1.38223,
1.19001,
0.264061,
5.79349,
0.124096,
0.19097,
321.205,
7.71905,
0.91537,
3.16396,
21.1557,
0.092352,
16.7068,
53.9164,
25.4555,
0.205507,
16.9182,
0.152218,
0.0910144,
2.63285,
0.086176,
162.66,
0.0600544,
0.787002,
0.0395872,
2.51693,
0.0623744,
1.19638,
0.0928192,
40.486,
431.936,
0.319101,
0.829466,
0.566934,
0.211078,
0.203402,
0.135059,
5.4541,
8.62818,
1.06406,
6.6143,
10.4465,
0.682573,
8.69318,
1.16839,
0.931482,
0.211018,
0.908016,
0.564256,
0.214922,
0.494397,
0.751616,
9.9705,
9.2682,
0.0417344,
0.755622,
0.159546,
978.693,
2.48346,
0.565939,
2.13084,
53.4823,
0.077552,
0.928534,
2.10991,
0.171696,
45.751,
0.564256,
3.00709,
0.891974,
2.50682,
0.337174,
2.65835,
0.221066,
58.9397,
175.285,
1.6797,
0.255117,
1.02228,
0.0517248,
103.644,
16.1816,
0.677158,
7.97015,
2.10181,
0.147254,
31.7566,
0.95993,
0.479354,
30.7506,
2.49545,
0.0912448,
0.0724864,
1.30434,
3.24211,
1.83541,
0.997242,
0.0690368,
1.46798,
10.0348,
314.823,
2.0567,
73.1575,
0.419773,
58.4083,
6.10613,
4.80063,
0.0662464,
7.76586,
0.0605536,
10.5127,
57.1864,
7.68631,
7.62576,
5.73278,
0.0670304,
1.47115,
2.54831,
0.0629536,
0.0668896,
138.044,
5.41887,
5.68346,
53.7507,
0.28529,
3.34238,
0.265965,
0.0479904,
0.50391,
8.38012,
0.317072,
0.967734,
0.0532576,
18.0819,
1.73133,
0.0766304,
0.947533,
1.27222,
12.9691,
1.10788,
17.4199,
36.6885,
0.80424,
0.0668096,
394.089,
4.27114,
1355.47,
7.83423,
2.15804,
0.534368,
1.41508,
0.162835,
0.0812384,
4.34237,
0.107258,
0.316496,
1.87964,
44.6093,
0.358842,
4.59459,
2.09574,
0.559261,
7.31832,
0.269622,
54.7893,
1.3493,
0.971235,
0.20729,
0.0981728,
4.61636,
0.456928,
0.0585984,
86.7897,
2.19577,
3.6785,
0.296115,
308.798,
0.181965,
1.28018,
0.321398,
0.0668448,
0.394291,
3.11983,
5.94247,
15.8797,
4.16025,
0.0924864,
3.74327,
9.29873,
50.7881,
8.50878,
0.441584,
0.208122,
0.197632,
71.5452,
0.537258,
0.43616,
0.743242,
3.38735,
4.60144,
19.0917,
0.414611,
0.182486,
0.0295584,
0.811766,
0.08768,
9.15811,
2.24739,
7.92769,
3.63601,
0.142224,
0.478326,
0.598957,
0.0868448,
0.0415424,
0.986982,
4.30994,
64.1074,
1.62011,
0.241539,
42.0017,
5.68796,
31.9641,
3.46274,
2.09735,
51.5582,
6.66096,
0.203731,
0.447632,
0.210304,
44.7921,
0.302509,
2.58324,
0.517197,
0.726182,
10.4342,
0.180262,
0.0896352,
2.3661,
0.088224,
25.1509,
15.2046,
36.8955,
0.0699968,
0.0809696,
0.729712,
0.258589,
0.676096,
5.82431,
44.3386,
13.092,
0.335466,
2.77272,
10.5565,
46.0068,
0.156266,
0.236563,
0.979709,
0.19632,
18.0996,
1.33964,
1.09272,
5.13939,
0.0515488,
0.139683,
0.0594944,
68.8133,
0.0586944,
0.316906,
4.49464,
0.185754,
24.2449,
11.7715,
3.43636,
0.0348608,
0.989344,
49.5462,
9.15944,
26.0198,
2.44478,
6.43641,
14.5985,
0.947517,
0.676458,
0.0630016,
0.911008,
0.439574,
5.78049,
0.152307,
0.407994,
9.31384,
2.31783,
0.395123,
11.6044,
0.619984,
178.949,
6.22593,
2.042,
0.81745,
0.99895,
4.90876,
0.204637,
1.03427,
1.35935,
0.416317,
0.0571744,
0.547546,
0.221824,
1.73565,
0.0418816,
0.257258,
2.42603,
0.748323,
8.00513,
10.3016,
2.18302,
0.420646,
0.68449,
1.25911,
1.5962,
0.444784,
1.57493,
190.885,
0.502573,
6.69033,
0.125802,
0.637242,
6.08721,
0.306618,
9.34778,
4.99502,
0.756454,
0.239709,
0.198019,
5.63932,
2.71354,
0.237107,
0.211386,
0.434566,
6.50901,
0.132045,
0.398403,
3.71726,
0.413904,
54.2133,
43.5396,
107.375,
0.438541,
4.63256,
3.2527,
12.254,
0.616416,
2.11346,
4.55648,
9.99885,
0.252509,
11.9136,
1.17858,
0.312838,
0.106886,
9.09231,
1.17819,
17.9157,
0.521174,
0.249098,
19.7141,
0.0975424,
15.7281,
14.2647,
242.949,
4.43519,
1.23887,
1.48765,
0.46912,
0.724275,
92.8298,
0.180934,
1.52584,
4.17396,
6.19001,
17.6889,
11.0379,
1.93376,
0.113603,
5.21867,
22.6359,
0.946397,
0.20641,
24.2825,
5.42694,
5.5516,
0.108362,
2.1335,
1.65239,
1.91666,
1.41072,
0.15575,
7.26608,
3.99828,
0.992134,
0.0825344,
4.29918,
0.139162,
2.01826,
37.6235,
22.9851,
9.72097,
0.0480032,
514.807,
0.363069,
2.51987,
12.7902,
28.447,
0.291072,
4.22736,
16.7385,
7.64269,
0.805155,
8.54491,
3.20596,
19.4108,
1.77656,
0.103904,
0.255216,
0.145344,
5.49117,
0.140694,
14.9215,
326.408,
0.454042,
0.677558,
61.709,
0.253907,
12.9348,
51.1749,
0.441485,
0.182944,
6.08498,
0.655331,
0.0556736,
8.75006,
0.0943392,
0.153616,
1.5612,
0.0586656,
3.80561,
1.23021,
0.363728,
2.06558,
0.304883,
34.3768,
16.2608,
0.891485,
0.34344,
0.406627,
22.3684,
65.8665,
138.894,
0.208365,
11.0665,
1086.06,
7.37227,
36.4192,
1.35305,
2.02742,
0.242442,
41.9457,
2.92284,
5.76135,
1.08714,
0.404134,
1.48198,
4.11009,
1.03382,
31.242,
1.08836,
6.9048,
1.03104,
11.1878,
1.57124,
0.259046,
1.84783,
0.136074,
0.629664,
1.44396,
71.5467,
14.6737,
1.10325,
6.23259,
9.41475,
14.3487,
29.6911,
1.60455,
12.9054,
1.0714,
44.0214,
2.79651,
3.56116,
1.64906,
0.405424,
156.654,
4.44782,
0.149571,
6.04405,
37.626,
0.0838272,
0.038736,
27.9848,
7.74724,
0.244208,
0.863546,
0.791946,
1.28133,
8.39616,
2.54294,
0.919165,
0.222109,
0.353475,
251.567,
6.17838,
17.476,
1.00416,
0.53297,
0.3584,
1.75042,
0.797907,
20.9285,
77.349,
0.245437,
0.819661,
0.982307,
1.1482,
2.13224,
0.0772384,
0.149811,
3.84374,
3.37779,
13.28,
1.31278,
23.2628,
3.4899,
0.700214,
0.43415,
4.81324,
1.10152,
0.207088,
7.98316,
2.63198,
1.54102,
3.91341,
20.4924,
8.63581,
0.32856,
1.26445,
0.137834,
35.6249,
30.7239,
235.114,
0.137098,
10.8214,
5.92083,
0.056512,
32.3796,
89.1985,
1.0176,
1.30563,
0.102298,
0.327059,
0.158758,
1.65784,
0.54153,
0.0689056,
0.53784,
5.41075,
4.29159,
4.07358,
874.765,
3.69334,
0.0824768,
184.937,
215.923,
10.0797,
1.45078,
0.125075,
1.17603,
1.19952,
0.0778592,
0.230656,
0.120646,
161.822,
7.1598,
13.6229,
0.531498,
0.0484352,
8.09034,
15.7886,
3.10037,
12.3865,
4.98389,
1.46718,
0.189981,
34.8409,
2.70828,
0.0416192,
0.854883,
25.8438,
0.604061,
5.68481,
231.115,
10.1837,
0.68353,
7.38178,
0.158899,
0.0978112,
190.015,
12.4526,
0.0584128,
0.101498,
7.68055,
30.4506,
0.129872,
0.25073,
0.327818,
32.3149,
0.214278,
22.4605,
1.61643,
50.9927,
0.5724,
24.7162,
0.495299,
3.24118,
28.4653,
0.0462752,
1.94494,
7.95538,
0.63815,
1.2838,
0.709984,
20.0792,
0.135869,
4.67965,
0.512118,
0.896803,
37.3856,
7.02108,
0.568973,
0.116192,
2.00301,
2.26906,
0.0909696,
0.057616,
3.56598,
0.0524192,
9.84506,
0.169846,
0.702896,
2.05891,
3.34324,
0.036448,
184.883,
13.2405,
13.0563,
0.127626,
2.8791,
0.165235,
1.30196,
8.13273,
2.53725,
16.755,
0.28121,
2.59174,
1.69804,
0.382198,
7.22257,
0.0544512,
1.28356,
76.2003,
0.301962,
0.72665,
0.444819,
0.280816,
0.129578,
0.312736,
0.615194,
0.177504,
0.190733,
63.546,
1.1131,
0.0544992,
0.562787,
0.906419,
0.196022,
7.14213,
0.159232,
0.462765,
89.8741,
0.355696,
8.39932,
0.06048,
3.79169,
21.2506,
7.58408,
0.219974,
1.5698,
14.9154,
103.762,
3.72204,
0.543437,
0.216691,
2.9202,
56.1875,
0.724003,
1.45043,
0.108189,
5.54977,
135.827,
3.49578,
15.6214,
0.425059,
32.1616,
0.70425,
0.0838656,
2.57353,
0.29529,
1.7074,
28.9009,
0.84473,
2.12601,
128.036,
3.20563,
0.156176,
0.0559712,
2.70455,
0.295731,
2.92638,
0.598096,
2.54553,
25.9622,
0.456538,
5.41795,
7.88227,
8.6072,
0.370006,
0.357837,
109.763,
0.0606784,
9.97453,
0.0615616,
0.0785728,
10.6039,
1.78401,
2.18209,
97.4334,
13.449,
1.24752,
4.33851,
0.833011,
1.73182,
16.5174,
2.8315,
0.88417,
99.2171,
6.64469,
0.148861,
146.413,
2.32199,
52.7482,
0.39257,
0.617853,
0.201872,
0.486266,
0.323536,
0.381558,
10.3079,
42.607,
2.56029,
25.2532,
6.5937,
3.286,
0.346397,
0.957357,
0.592038,
0.117555,
0.0682528,
0.178566,
0.713802,
0.381482,
2.94716,
39.3625,
58.1672,
18.7801,
68.4658,
15.0494,
8.3897,
66.8362,
0.0661664,
0.488899,
0.494819,
0.181085,
7.54754,
1.6615,
1.36556,
2.31334,
1.06722,
29.1564,
0.137011,
11.2526,
0.852845,
7.6831,
3.78441,
4.87847,
2.119,
0.87377,
0.363654,
2.08759,
0.0726432,
5.57965,
50.9881,
13.916,
4.13812,
0.0476416,
5.07787,
0.0821536,
48.2733,
2.18081,
0.154234,
3.20539,
0.317478,
15.9308,
3.14327,
0.0631424,
4.85116,
1.70839,
9.32555,
2.31075,
13.4902,
0.460237,
15.5601,
0.203344,
0.728701,
5.59953,
0.169542,
0.521133,
1.99942,
84.3814,
1.27474,
2.78795,
0.0774816,
3.69691,
0.0579264,
0.275347,
92.3217,
0.379027,
21.3491,
1.85666,
11.5573,
9.52894,
57.9691,
17.8881,
74.0117,
0.0564256,
0.0765056,
32.8977,
4.01125,
1.52718,
109.038,
145.681,
1.77148,
3.92387,
32.7617,
10.2738,
14.4761,
97.4155,
8.58189,
1.58366,
76.4476,
13.1642,
0.11672,
44.7621,
4.56658,
5.0281,
0.0321184,
27.2548,
2.58608,
14.8184,
2.76704,
0.250099,
3.22129,
3.35148,
4.95957,
3.1601,
9.20324,
0.0726752,
0.8508,
1.38891,
49.8656,
33.5889,
0.119085,
323.959,
12.2824,
12.0988,
0.62505,
1.42403,
0.816579,
0.70832,
15.1407,
4.21082,
69.2027,
0.440778,
2.58808,
3.22994,
58.6783,
3.72205,
0.277795,
16.6591,
0.296154,
0.38521,
1.66684,
266.837,
16.9456,
0.0458016,
3.12852,
0.766272,
0.926906,
0.841814,
3.66545,
0.205277,
1.77392,
0.48248,
0.713766,
0.650413,
12.2334,
3.69855,
0.809181,
2.7241,
26.6403,
1.69548,
0.0731072,
0.0873632,
0.353677,
25.046,
0.201469,
0.132701,
0.155373,
6.07281,
0.15161,
10.2406,
0.950941,
7.78995,
1.6798,
0.191475,
26.0583,
16.3192,
11.4726,
0.171363,
3.76086,
0.0713856,
3.51912,
5.25822,
1.16716,
5.93153,
0.431946,
1.22239,
31.6686,
0.116362,
0.473827,
14.1548,
7.41365,
0.194957,
2.80991,
0.25392,
2.06186,
0.744922,
29.567,
7.03931,
0.913965,
6.2704,
29.4106,
0.721542,
0.814573,
0.362634,
2.61688,
1.04018,
22.7276,
1.81291,
0.182758,
0.30144,
101.914,
0.180842,
0.0422464,
12.0991,
0.745779,
13.3923,
5.8295,
101.073,
0.716957,
13.2623,
2.7872,
0.686954,
0.577155,
1.88698,
2.47903,
0.193382,
3.75423,
0.520163,
0.847891,
5.93656,
0.267894,
0.394176,
0.110915,
1.95484,
473.665,
0.0936096,
0.167779,
11.4938,
0.474758,
0.334752,
0.617216,
0.161411,
2.01131,
1.15028,
2.34014,
0.420547,
14.5221,
0.234509,
0.0586464,
0.779776,
13.3045,
1.10959,
2.21544,
89.0704,
18.596,
0.210829,
0.0732768,
0.350461,
1.79455,
21.6399,
17.8408,
46.2604,
0.43553,
0.432682,
3.74076,
1.22653,
3.02813,
119.923,
33.4744,
1.88123,
0.096112,
0.193581,
1.72106,
0.358915,
33.1247,
0.261126,
4.83478,
0.0774048,
14.5686,
9.47102,
0.538426,
6.1705,
0.165066,
44.3133,
148.88,
0.0787584,
18.6062,
0.833034,
0.129091,
19.1646,
0.102371,
0.202131,
280.496,
0.439475,
1.21166,
1.64162,
45.4618,
0.402966,
1.45626,
0.107078,
0.438429,
33.5502,
1.42007,
103.334,
9.92759,
3.5202,
4.6083,
1.70024,
13.9081,
0.167546,
7.33828,
8.59703,
0.053808,
13.3704,
1.35016,
2.60159,
2.7705,
0.91583,
0.86552,
0.0985536,
42.4572,
1.66603,
6.06312,
0.993696,
7.75139,
6.78821,
20.0352,
3.08418,
4.70624,
0.247549,
13.0543,
0.479546,
0.154253,
0.574566,
60.3453,
1.4547,
37.9336,
1.63037,
0.233139,
1.42064,
2.27361,
1.0741,
2.96365,
2.8196,
41.9576,
0.12111,
0.918134,
34.1419,
0.0463232,
0.44807,
9.47404,
16.1433,
0.395402,
0.135818,
0.462691,
0.789478,
0.826141,
0.158778,
3.76273,
1637.53,
0.106442,
0.259997,
3.6646,
1.27983,
29.3521,
167.349,
0.22143,
4.43538,
2.12799,
0.899549,
0.646112,
0.070608,
0.756298,
37.883,
9.56316,
3.54997,
1.15147,
5.15384,
12.3561,
39.4981,
0.056544,
0.415968,
0.049728,
35.3684,
142.653,
46.3912,
0.405818,
3.75147,
0.0669632,
1.81707,
0.513619,
0.475782,
1.72246,
0.0433504,
0.304982,
8.77654,
68.3357,
10.7892,
4.50093,
0.64519,
1.00273,
0.765978,
1.24408,
0.0496192,
0.994442,
18.8146,
83.6609,
2.74779,
96.3906,
4.6159,
10.391,
0.805597,
19.4595,
0.521469,
0.114592,
25.2048,
18.2142,
3.49432,
1.53788,
17.0767,
9.7535,
0.50423,
1.67905,
5.15423,
0.168813,
45.8644,
5.98688,
5.09876,
0.111338,
1.09511,
5.12858,
11.3907,
84.9209,
0.369923,
28.892,
3.19308,
4.97583,
393.768,
0.516672,
7.90764,
3.42188,
2.36757,
0.431389,
8.24706,
0.264774,
0.0671488,
0.38295,
1.29461,
14.957,
0.0425152,
2.307,
0.0996192,
0.338477,
6.47382,
4.76059,
124.751,
0.069584,
8.59177,
0.647702,
5.97726,
2.62229,
1.55502,
44.805,
0.0680832,
0.335699,
23.535,
1.86684,
0.19224,
22.5494,
14.7738,
0.756733,
6.86133,
0.253507,
0.128979,
0.189917,
89.8259,
6.13796,
0.867821,
0.379898,
0.158954,
81.1584,
10.9353,
1.01943,
0.0510944,
4.11164,
4.5199,
0.159869,
3.49793,
0.165933,
0.203334,
0.570582,
16.9148,
1.59827,
0.0965952,
0.47032,
4.89631,
16.9434,
6.75066,
1.98572,
0.483408,
16.8241,
0.552726,
0.222928,
0.094896,
4.66637,
1.62895,
49.525,
2.51643,
0.490403,
98.6037,
1.29285,
0.764557,
22.8694,
0.410496,
2.23077,
77.8519,
6.21923,
0.712557,
0.377846,
0.501398,
4.13229,
1.18235,
2.96069,
8.88933,
0.263091,
27.3445,
143.597,
0.630944,
59.4998,
0.436038,
1.67447,
9.92404,
1.40081,
6.81502,
25.9117,
4.40941,
2.93689,
159.156,
7.88316,
4.54498,
26.248,
0.201827,
0.62505,
3.39406,
0.211917,
0.152528,
1.52174,
36.2643,
65.5757,
0.128627,
0.164493,
6.81412,
9.15288,
24.1232,
1.46263,
4.03337,
0.06368,
4.04052,
116.723,
0.248106,
1.63579,
10.7231,
2.91711,
11.6835,
1.70358,
6.89708,
0.190074,
5.7576,
26.8614,
1.07073,
35.3956,
21.0834,
7.07933,
315.826,
2.85846,
38.6064,
0.275446,
9.10124,
5.98809,
0.106387,
11.5547,
1.07525,
0.104189,
1.43245,
11.9434,
0.355901,
1.21534,
0.472038,
5.1389,
1.38235,
7.29875,
0.424838,
0.171862,
107.258,
0.92696,
7.90822,
1.21963,
15.9895,
0.387626,
0.220458,
16.116,
3.07105,
4.04646,
45.0221,
450.781,
51.7108,
69.0713,
1.44355,
150.716,
13.9039,
0.410157,
9.89942,
1.19906,
13.1997,
0.936173,
53.7721,
12.1103,
10.8526,
4.75267,
2.36572,
240.508,
1.11811,
1.82591,
36.6257,
3.65072,
3.20533,
0.587952,
2.09032,
1.99985,
0.710746,
4.4606,
4.44054,
0.102416,
0.066656,
0.937091,
0.364845,
92.9468,
12.9633,
0.553251,
0.236115,
1.9991,
3.49853,
8.10029,
14.377,
0.10161,
45.6733,
143.071,
1.19828,
0.648314,
26.8236,
0.10072,
0.212093,
1.95316,
1007.12,
12.5897,
3.48973,
1.49059,
59.7404,
1.30661,
1.38965,
0.201322,
3.49867,
2.90692,
0.243763,
10.1183,
1.02617,
5.66408,
63.5168,
69.8463,
1.75247,
0.133648,
2.96175,
7.01065,
0.0847456,
0.0512992,
339.408,
1.8765,
654.451,
3.88638,
0.06528,
0.757946,
0.131315,
126.839,
0.177318,
1.14394,
0.526048,
0.460666,
0.224586,
374.155,
0.352394,
0.374198,
7.9245,
0.788845,
0.183315,
23.1321,
4.56745,
4.78546,
0.201088,
0.25833,
0.293613,
1.01056,
15.1113,
8.97144,
1.59396,
3.23994,
0.416029,
4.40828,
0.594666,
28.1305,
13.3909,
193.677,
7.18932,
0.0832,
6.92222,
1.00314,
12.5155,
2.48282,
0.126531,
228.423,
11.0012,
0.0619296,
1.24395,
7.82764,
0.0416448,
5.64681,
4.95324,
0.987693,
5.95955,
1.89707,
0.179376,
0.635773,
10.158,
0.997075,
2.15611,
2.7321,
27.2049,
319.076,
0.401034,
5.68402,
32.8367,
10.8856,
1.15419,
32.0578,
33.4212,
4.68065,
2.79219,
130.431,
1.85325,
0.382566,
6.53058,
2.85822,
0.336499,
0.17687,
2.1459,
0.250726,
1.92409,
1.55009,
4.34257,
324.921,
18.5926,
8.58112,
11.8735,
0.0705728,
7.90532,
10.3479,
0.20847,
29.2948,
0.125965,
0.506016,
11.5661,
11.0516,
0.516989,
22.0934,
842.714,
0.175382,
2.07288,
1.85382,
0.0573184,
11.1425,
26.1583,
0.0634144,
9.0854,
16.017,
0.277763,
9.31207,
6.07973,
9.14114,
2.44453,
0.924365,
17.7523,
2.85323,
0.29744,
20.061,
0.754381,
5.4945,
0.314531,
0.61497,
0.326224,
0.433837,
0.249613,
0.656768,
1.06424,
8.90903,
0.455875,
19.1146,
3.02522,
1.90807,
0.22935,
16.9529,
625.304,
0.0745312,
0.391485,
172.799,
118.077,
22.6313,
0.744186,
30.4456,
0.896512,
0.715296,
2.01061,
7.22855,
0.453642,
2.08927,
8.05156,
15.7607,
0.552627,
6.04504,
18.7361,
3.44847,
1.86341,
0.390928,
3.23728,
9.76715,
3.13586,
0.76704,
1.75679,
52.2556,
7.47531,
0.740339,
0.772941,
12.5548,
0.10505,
12.0507,
1.08638,
0.2764,
1.15585,
0.641568,
0.280256,
17.3452,
4.42548,
0.24569,
1.79241,
0.0349984,
22.314,
249.083,
3.97379,
0.193453,
0.0410496,
52.6788,
13.6493,
1.44045,
9.2833,
1.13992,
0.151245,
0.786371,
1.01434,
2.15835,
7.32427,
9.71612,
1.05184,
174.292,
2.21642,
1.1037,
1.75242,
1.70564,
0.0987072,
0.0667488,
0.88599,
9.3272,
1.1235,
2.53009,
3.63332,
0.480419,
0.193146,
0.636723,
42.1224,
349.784,
17.7009,
30.3329,
1.67682,
0.0678048,
12.309,
0.722054,
0.827792,
1.39352,
0.155402,
728.048,
3.43576,
2.5202,
6.38984,
63.9143,
0.075536,
0.199139,
0.108493,
20.5458,
0.0481248,
1.51199,
3.62589,
98.4467,
16.3615,
0.244906,
69.7664,
1.59221,
0.0889408,
0.655264,
1.7696,
24.979,
1.08869,
1.81486,
0.0610624,
1.08283,
11.9095,
0.102528,
0.680074,
0.953024,
62.1996,
0.727155,
10.5261,
2.85155,
1.72516,
0.0637312,
0.122621,
8.62683,
1.36375,
0.079552,
0.631818,
6.50866,
0.550448,
46.6245,
1.28397,
0.16672,
5.92945,
4.03502,
2.05691,
4.22449,
1.6686,
0.913901,
0.0673312,
0.147581,
0.0730784,
0.24785,
8.15,
0.749635,
16.0257,
7.16308,
6.49293,
21.9494,
0.402931,
0.27249,
0.440896,
7.57187,
0.208218,
0.801677,
7.68958,
34.1132,
0.62783,
0.0684768,
1.44855,
1.12418,
1.37586,
0.181475,
0.476189,
0.139478,
0.147379,
0.965184,
117.457,
13.5371,
0.108656,
0.187338,
0.124518,
0.060272,
0.15848,
0.0878304,
0.0914656,
20.3226,
19.2672,
4.86371,
1.10766,
0.569661,
0.0545408,
7.14161,
21.4358,
1.75913,
6.38577,
3.59055,
3.4296,
9.63957,
0.57225,
0.163299,
1.22185,
65.4273,
6.43524,
23.3268,
0.112317,
5.85796,
16.0236,
124.614,
0.739187,
14.8105,
1.28235,
0.146515,
79.2609,
3.55702,
9.95344,
4.83908,
0.281562,
0.486464,
0.183462,
2.01623,
0.374186,
0.310688,
107.268,
1.42271,
0.437165,
151.342,
4.11554,
1.77479,
1.31225,
1.01541,
2.16353,
0.0463968,
91.4182,
11.5598,
0.198221,
0.364592,
0.119338,
0.60033,
7.50767,
4.2696,
0.0607232,
0.222365,
1.81002,
3.00698,
0.844378,
10.6843,
0.683942,
1.81244,
1.39532,
0.190794,
5.21516,
1.03125,
0.277869,
2.60404,
3.83012,
1.10731,
7.39488,
45.2629,
45.1794,
3.35588,
49.1748,
0.0942208,
0.56105,
12.2669,
60.6509,
0.525491,
25.4284,
0.534963,
0.393072,
0.071952,
0.738445,
6.11821,
5.90511,
0.897994,
0.467942,
4.5926,
2.95064,
1.31068,
10.6588,
1.54871,
15.5218,
56.6944,
14.975,
0.173098,
28.2091,
1.22347,
7.61941,
0.172912,
84.6726,
3.8357,
94.0935,
18.7006,
8.7357,
1.99553,
5.62942,
4.06395,
1.54234,
13.8972,
2.40982,
0.441958,
0.841296,
5.5517,
1.67823,
10.942,
0.127818,
5.26251,
0.177197,
8.33599,
5.29667,
2.79828,
0.154845,
13.1727,
2.00253,
0.605779,
0.0816192,
4.53378,
219.711,
218.858,
0.357907,
0.263712,
3.63895,
0.322544,
0.261475,
7.80784,
23.4103,
1.26376,
11.6082,
1.47565,
2.57287,
2.99891,
27.4543,
1.0181,
0.469802,
42.3607,
0.174806,
0.589347,
14.0734,
1.20116,
0.562928,
15.1288,
90.1625,
9.05628,
0.29112,
5.59188,
2.02914,
18.3212,
123.943,
7.96406,
2.57662,
0.364339,
56.2156,
0.0740288,
1.26012,
5.55444,
5.04634,
0.0561472,
1.41133,
0.171907,
0.117347,
0.327834,
0.548861,
0.192541,
15.7954,
117.085,
5.72138,
0.233811,
15.8441,
1.8889,
3.36678,
23.8906,
0.283507,
34.6712,
0.297597,
0.355216,
14.1959,
1.78368,
0.0685024,
0.72465,
50.1079,
1.68327,
2.14596,
0.828019,
2.87728,
33.3529,
1.35754,
46.4924,
3.45737,
0.674099,
0.606362,
0.782419,
0.0628672,
13.5578,
0.187354,
0.204979,
0.394237,
284.561,
0.0602656,
276.022,
27.7177,
10.2958,
4.04727,
18.7412,
5.70207,
0.0820992,
2.53746,
82.9589,
0.065104,
0.913405,
0.818384,
0.160611,
122.299,
0.127603,
75.0645,
20.8606,
29.2387,
10.5224,
4.46793,
5.22393,
0.337894,
2.23262,
12.1643,
165.879,
12.0459,
17.8017,
0.0926304,
0.649066,
58.1885,
0.0737888,
0.678877,
1.56429,
43.6451,
7.92276,
0.379766,
2.84215,
0.284339,
0.220739,
6.39282,
5.20182,
0.18607,
0.105341,
8.61667,
6.00316,
4.54791,
3.26215,
9.12855,
2.03902,
0.502355,
10.5433,
0.253238,
21.4851,
0.60169,
0.0838048,
15.8534,
0.791952,
1.29092,
5.77634,
0.482752,
11.0334,
0.584499,
0.0723968,
0.074864,
3.88669,
0.131466,
0.104954,
0.667475,
3.9776,
0.613619,
214.781,
14.9138,
1.12493,
0.074864,
5.45466,
3.36045,
254.498,
16.782,
10.8351,
0.910819,
0.15696,
0.376659,
0.935891,
26.0511,
1.25376,
2.63305,
14.4017,
9.21365,
2.53673,
0.637837,
4.51799,
0.0662528,
5.47255,
0.468861,
1.07413,
0.092544,
9.12115,
5.1494,
11.9646,
2.6849,
3.32225,
0.753898,
0.552714,
0.309882,
2.60711,
0.113926,
0.476045,
1.83338,
0.512992,
2.93585,
49.833,
246.527,
1.46656,
0.428272,
7.71607,
0.628864,
35.7402,
3.64777,
33.9889,
0.0643232,
0.04416,
3.37574,
4.7899,
316.19,
1.41449,
2.72538,
0.309658,
0.0763936,
0.268115,
0.0972704,
0.151603,
4.81774,
0.164851,
0.11807,
0.164317,
0.135459,
1.02396,
0.211392,
147.026,
2.59184,
0.128029,
8.06891,
0.172448,
23.0208,
2.81742,
3.05011,
0.21935,
9.80843,
4.0727,
2.29355,
39.0922,
1.13053,
0.0834464,
0.866464,
23.1483,
6.31451,
1.96571,
2814.74,
11.3855,
6.29042,
0.457264,
0.439523,
4.31977,
1.81622,
0.896086,
22.4113,
2.83812,
6.36235,
0.125418,
0.0476448,
63.1324,
5.51087,
3.67374,
1.86479,
9.8285,
0.471811,
45.2278,
0.0959392,
10.8485,
0.393504,
70.4044,
10.1271,
2.58448,
99.926,
0.788214,
13.0384,
8.27823,
66.4361,
0.080864,
3.84858,
0.157056,
60.7616,
0.090736,
0.0607136,
0.164816,
0.375651,
0.0354528,
0.155427,
0.477542,
51.4212,
3.07743,
18.5653,
2.23773,
4.7701,
6.30259,
2.04779,
0.395248,
28.07,
0.250214,
22.099,
34.9041,
1.71245,
3.17856,
26.9268,
0.107462,
133.131,
12.4291,
1.54547,
1.0578,
0.325222,
57.9803,
1.36173,
19.7528,
0.17993,
19.4093,
0.642925,
35.8086,
0.282301,
21.5131,
0.606262,
0.78959,
7.36731,
1.21101,
0.365366,
2.05195,
3.83019,
0.139482,
5.72873,
58.2592,
18.9065,
0.0628544,
6.00889,
0.669878,
1.51765,
2.6766,
0.853434,
0.859427,
2.18707,
6.16438,
0.244858,
3.90727,
19.8542,
0.0693536,
0.294406,
16.8217,
0.656838,
18.171,
21.9675,
263.454,
36.0183,
0.503008,
0.351664,
66.6776,
0.07552,
4.342,
0.546358,
0.156589,
2.11719,
3.14804,
0.774742,
1.71015,
4.10805,
3.39353,
1.60898,
129.084,
0.205344,
0.639894,
6.27009,
0.547949,
0.309654,
0.529389,
5.44873,
1.17987,
1.68727,
19.7715,
0.0642592,
5.40404,
3.71033,
0.069824,
2.6784,
71.739,
31.339,
0.317322,
3.41971,
0.32592,
0.167302,
22.1139,
3.26602,
42.1652,
257.064,
3.89738,
1.57358,
0.0513024,
0.185853,
0.547242,
0.11288,
11.0271,
1.28457,
766.194,
2.31323,
0.140778,
0.177789,
13.808,
2.10087,
41.2058,
248.725,
14.2832,
1.67273,
0.559539,
0.327926,
0.0354304,
0.0508352,
0.0700032,
2.83484,
1.63093,
4.31355,
0.0942144,
0.191475,
2.46872,
0.625507,
5.42929,
0.0369312,
0.488285,
14.3438,
10.9676,
14.9009,
73.829,
0.464205,
14.0511,
5.24991,
8.8872,
8.34043,
0.130205,
0.499622,
4.57248,
1.21139,
19.0392,
1.45147,
0.752189,
39.7031,
1.28948,
0.139066,
0.915587,
2.24318,
0.21311,
0.685933,
0.0564288,
0.556563,
0.471027,
2.00145,
0.225827,
6.03294,
0.107334,
68.7919,
34.7378,
0.310797,
35.3832,
8.94659,
1.97764,
0.975299,
1.21292,
3.84952,
0.700816,
0.387674,
3.22996,
3.93391,
0.204832,
0.979075,
0.811949,
3.35339,
0.176534,
0.435491,
11.6007,
0.646544,
1.05784,
18.4954,
0.168138,
0.0560736,
2.87119,
2.39226,
12.6022,
20.7392,
0.251277,
14.6582,
0.0675424,
2.70276,
2.98897,
2.11094,
258.099,
0.581075,
0.882448,
4.46486,
0.124253,
4.31968,
0.45361,
100.181,
14.0348,
3.2574,
0.177946,
1.0658,
5.11668,
0.0881024,
0.0517792,
0.144954,
6.56141,
0.0865888,
50.6478,
0.199331,
0.542787,
4.29098,
214.763,
0.307296,
0.116598,
23.8756,
58.0765,
5.64586,
5.70553,
7.60736,
140.568,
0.44224,
0.250672,
8.32587,
2.38579,
1.29628,
58.7992,
28.9401,
1.94581,
0.064224,
12.1853,
0.858346,
74.1659,
7.73812,
0.1472,
0.0535392,
0.0903296,
0.703344,
137.141,
0.238918,
1.33219,
3.0853,
0.777395,
11.5098,
2.14081,
0.58711,
99.1461,
3.11205,
3.82166,
0.148874,
4.1094,
11.5696,
1.97254,
29.894,
69.1344,
101.301,
58.3564,
0.300557,
0.277354,
0.447011,
1.34618,
0.878166,
4.27316,
16.3527,
6.20839,
0.155581,
0.626086,
1.08167,
1.33108,
0.64721,
1.20464,
0.0944992,
3.49696,
0.107606,
0.0835104,
14.443,
0.419584,
2.01031,
0.231878,
0.21968,
16.4341,
8.76053,
0.665907,
25.0766,
483.286,
1.23548,
0.0595936,
15.6622,
26.2137,
148.802,
2.30428,
4.05989,
2.89865,
6.53038,
0.0867744,
50.045,
21.9008,
0.0850496,
74.624,
1.16148,
0.143165,
3.28816,
2.23075,
1.10131,
0.17016,
0.0427616,
0.99928,
0.161882,
92.0135,
0.112755,
1.07906,
0.147034,
0.173907,
49.4454,
12.012,
31.2931,
348.171,
0.781418,
150.971,
40.7514,
0.913731,
4.08512,
0.257274,
0.53719,
3.79081,
0.497696,
0.72737,
0.0981344,
0.541008,
0.53553,
0.0593792,
3.34196,
1.92332,
0.409274,
1.26704,
4.76356,
2.78664,
13.2753,
2.51865,
3.57505,
6.92526,
25.9865,
1.72735,
0.119149,
1.44217,
0.879066,
0.0490624,
0.778944,
0.04704,
1.79686,
0.11857,
14.5498,
3.32526,
0.0769184,
23.8103,
1.31371,
1.28576,
1.33834,
101.826,
0.720592,
51.8688,
0.113587,
0.0985152,
2.30739,
9.74263,
10.353,
1.54364,
0.0719616,
33.8882,
4.10284,
0.0604704,
8.09019,
0.0836064,
23.4871,
2.18206,
1.12054,
0.228678,
0.215792,
8.26121,
3.05133,
0.0812832,
0.0485152,
0.144045,
0.850614,
0.42383,
0.611389,
35.7127,
128.282,
1.2548,
1.20147,
0.125664,
0.635264,
0.886998,
0.075056,
0.566614,
10.7527,
1.99074,
0.069184,
2.06662,
58.6391,
24.6601,
0.104902,
0.100707,
7.51723,
2.31655,
0.477523,
1.02831,
0.0990688,
0.356384,
33.4005,
0.199411,
1.3954,
0.147194,
0.669408,
112.155,
34.0471,
2.70594,
33.0511,
0.36184,
0.225328,
1.21054,
10.8279,
58.4855,
0.321565,
18.2745,
6.10678,
0.0701088,
0.07536,
17.077,
0.724122,
0.300947,
25.3332,
1.66027,
4.45081,
0.590688,
0.459011,
0.0979456,
70.6807,
8.9273,
3.60964,
0.0750944,
7.67506,
0.610717,
1.86228,
31.9521,
10.5889,
0.089376,
89.836,
0.397978,
0.0844384,
1.41051,
2.28819,
1.96552,
1.815,
4.15235,
4.6361,
1.50909,
64.1955,
0.392314,
76.204,
13.7684,
0.107414,
7.29155,
0.559782,
0.244122,
40.8337,
2.23744,
0.737222,
1.23092,
0.4368,
0.640778,
0.385197,
0.3016,
1.43141,
2.18692,
1.30258,
70.0332,
2.731,
23.7637,
0.137014,
17.1419,
0.380867,
0.221386,
5.22479,
0.282042,
3.35502,
2.89921,
4.15047,
2.22792,
17.9054,
0.20367,
21.2208,
0.957123,
0.368067,
0.6432,
24.5291,
0.186186,
18.076,
49.6012,
31.0844,
24.5132,
26.383,
0.760067,
1.08132,
8.09774,
20.559,
0.0470848,
2.02341,
30.5214,
245.642,
1.60859,
16.541,
0.378566,
3.27144,
5.7524,
0.891859,
0.596067,
4.91976,
0.057648,
0.0732416,
3.89155,
0.105011,
0.78415,
0.805072,
3.00806,
1.31869,
0.0578656,
56.3404,
0.937005,
0.0919008,
29.3584,
0.214883,
0.121008,
4.55178,
1.98053,
0.0456032,
25.7835,
19.9549,
0.264118,
8.79716,
2.46458,
0.135373,
0.376646,
0.732989,
4.60563,
0.476128,
0.0829696,
1.64741,
0.162323,
147.053,
24.7083,
0.653952,
0.106045,
2.25024,
0.070992,
0.142026,
57.359,
26.0842,
0.141632,
2.16699,
0.072736,
7.27793,
0.0534976,
145.436,
1.12681,
1.03501,
2.8231,
87.8928,
1.02552,
0.190842,
4.64545,
0.0492416,
4.73805,
0.445578,
14.211,
136.991,
0.159757,
0.251597,
694.812,
0.58863,
0.154118,
0.191238,
5.04775,
7.49377,
1.62899,
0.986339,
0.376982,
2.76902,
1.86248,
0.05432,
0.69697,
67.6837,
35.9834,
2.23316,
3.47482,
46.358,
0.318675,
1.13535,
11.9079,
0.656678,
0.112941,
51.6824,
2.22542,
5.3018,
2.51067,
83.0261,
0.137408,
2.51492,
5.97893,
29.9116,
2.20017,
5.50376,
25.831,
0.287142,
0.599834,
0.102947,
1.42751,
5.17562,
34.4831,
9.61115,
0.085648,
0.232093,
1.13531,
3.89878,
0.281386,
1.63513,
3.85393,
0.243907,
16.2108,
23.8105,
0.632365,
1.48367,
442.193,
0.188454,
6.24588,
12.8534,
14.3663,
87.2033,
0.124349,
0.0876576,
8.76285,
1.41969,
0.307101,
0.188438,
0.534138,
0.506,
12.001,
36.5474,
10.35,
77.7039,
0.498902,
5.59567,
13.0529,
68.0014,
3.79012,
0.434902,
0.324227,
0.0603584,
0.41225,
1.05424,
0.161619,
7.55994,
13.3937,
7.92958,
0.822358,
1.90216,
9.1339,
2.10816,
0.673171,
184.967,
0.254726,
16.1296,
2.25705,
0.229174,
2.61094,
0.431558,
0.232134,
0.167405,
1.47949,
31.0468,
12.8,
0.0718912,
225.783,
0.105238,
88.1449,
0.115622,
5.60003,
3.15633,
1.71075,
1.76799,
3.78894,
0.0587168,
0.498154,
11.049,
0.0352416,
0.0665152,
6.29668,
0.062272,
1.64364,
17.2543,
2.24202,
6.30471,
1.98947,
0.0772672,
12.0538,
0.910435,
3.87308,
221.141,
0.32888,
4.36465,
2.01795,
2.48415,
3.90408,
304.182,
0.07,
0.398781,
2.51135,
0.345821,
1.20489,
3.67676,
182.924,
0.474288,
0.415862,
0.16145,
1.48886,
0.862701,
1.17802,
1.69856,
6.65483,
15.6544,
34.0906,
0.188944,
0.992704,
11.8272,
5.78114,
16.555,
2.88886,
2.90489,
28.8163,
0.39599,
1.61394,
0.133389,
0.365741,
0.0668224,
0.215776,
23.0909,
1.15653,
41.44,
19.9687,
0.0573888,
1.57146,
4.02681,
1.21836,
0.0678688,
1.4387,
0.0601504,
0.302256,
1.76322,
0.779322,
0.400256,
0.240336,
2.76121,
3.06437,
0.0768736,
13.5829,
39.8473,
32.3636,
1.08688,
6.02535,
0.104986,
0.105328,
0.523936,
0.239194,
13.4631,
7.90222,
0.844378,
3.14994,
0.0559616,
13.8405,
9.64224,
1.96728,
0.410224,
1.78384,
0.785693,
2.14844,
0.84561,
0.228246,
30.7854,
1.87256,
9.1445,
23.1686,
0.361834,
0.105594,
1.21332,
0.892941,
2.02337,
2.75745,
0.665504,
1.55723,
2.89026,
0.143219,
0.0755296,
1.08424,
0.205456,
1.12533,
0.547101,
1.77685,
283.97,
31.53,
27.1587,
0.0833632,
11.46,
2.95979,
0.581856,
0.0543744,
0.601366,
0.322493,
14.979,
0.139034,
263.407,
0.272698,
4.18912,
0.287763,
0.352982,
8.7982,
1.54371,
2.95212,
1.37769,
2.26079,
26.7512,
6.56722,
1.75151,
16.6321,
211.755,
0.090448,
0.547069,
3.34357,
125.275,
0.149136,
44.482,
20.8608,
17.2549,
12.732,
7.98231,
1.57813,
4.49122,
28.0876,
32.6649,
6.89291,
0.260989,
1.52707,
0.595939,
109.963,
0.831053,
126.093,
77.2249,
0.388365,
0.335971,
1.95812,
0.290291,
0.858662,
0.185318,
1.07349,
156.675,
2.33074,
0.541949,
2.33199,
3.66788,
0.617933,
26.5814,
0.0855232,
32.5036,
91.177,
7.19918,
0.048416,
0.177046,
1.16869,
0.665347,
0.073696,
2.18141,
117.656,
2.56285,
110.876,
4.40061,
0.0666784,
3.78334,
2.46398,
32.5135,
0.513763,
0.975949,
4.61624,
6.57842,
0.744493,
0.201101,
0.16103,
0.381686,
0.194845,
1.98997,
382.749,
34.0,
0.355955,
1.44426,
213.131,
0.235779,
0.116358,
5.50825,
4.95972,
13.7453,
260.344,
1.00899,
0.311587,
9.43439,
5.8974,
6.64273,
21.1871,
2.60703,
66.8021,
90.035,
19.0383,
0.40433,
0.362886,
1.02704,
17.3787,
20.3162,
0.0636576,
0.0724832,
0.471517,
1.19628,
3.79191,
8.59281,
0.229398,
5.80482,
2.09615,
36.8858,
0.593366,
9.51013,
8.71759,
0.0553504,
2.01511,
1.17812,
0.082512,
775.641,
0.331763,
1.00418,
0.0634112,
213.728,
0.138768,
0.0986304,
337.264,
8.92968,
0.244074,
0.359971,
108.438,
4.76251,
3.57966,
0.61287,
14.5454,
0.0848192,
0.114739,
0.167062,
24.5676,
466.59,
233.932,
68.0686,
468.288,
0.346272,
1.1511,
0.217773,
11.4439,
80.2707,
0.450621,
0.447747,
37.3033,
24.9252,
0.147997,
11.0383,
5.12078,
18.9638,
0.0591168,
0.743645,
0.168672,
4.59013,
0.038912,
0.108605,
2.14881,
2.43083,
3.21327,
30.3741,
0.783766,
11.6316,
0.517533,
0.0953472,
1.83993,
1.77035,
2.46077,
0.192957,
141.939,
1.29995,
45.9358,
0.308365,
0.838816,
7.50698,
1.26676,
0.0753888,
2.48569,
1.49904,
1.50689,
3.04391,
9.61564,
0.289728,
24.3181,
33.9908,
1.51906,
1.83651,
38.1196,
1.06719,
1.67739,
2.03658,
1.94074,
0.514,
3.3902,
0.503386,
1.56452,
234.488,
1.47349,
271.53,
0.271949,
182.969,
18.9332,
1.05487,
1.32599,
0.471757,
0.15575,
1.0285,
1.39925,
5.79484,
20.307,
13.9504,
11.355,
0.970061,
9.18976,
4.70663,
1.34984,
8.06964,
2.26368,
0.753725,
0.635798,
1.24081,
0.884605,
113.153,
5.07774,
10.3327,
13.0147,
3.74488,
0.281546,
0.899181,
0.584781,
0.233053,
2.90556,
38.6405,
0.481459,
2.67559,
37.9461,
1.06835,
4.06301,
1.2406,
4.85666,
0.364429,
0.0871968,
0.231254,
0.73481,
16.774,
2.56252,
0.0772,
0.199146,
0.0512544,
280.077,
0.40199,
0.27321,
0.09104,
0.882198,
0.352858,
146.75,
0.385594,
0.16439,
3.87312,
0.246394,
2.0845,
0.376128,
122.858,
3.78212,
0.946675,
2.38526,
0.334832,
3.82396,
0.129459,
2.36684,
0.51783,
2.76922,
1.37155,
4.22095,
0.093408,
21.627,
6.0314,
2.38502,
14.53,
3.29729,
19.1574,
23.3148,
3.48818,
0.0704224,
15.5639,
1.5009,
4.4057,
301.376,
0.190819,
133.991,
2.50653,
0.153376,
0.257267,
26.3998,
2.33754,
1.4052,
1.2554,
9.14301,
24.3634,
6.69907,
0.56656,
30.2551,
4.43472,
24.681,
62.6204,
122.948,
0.302874,
1.07622,
0.091296,
0.872138,
0.669376,
1.32436,
1855.42,
4.8604,
0.05592,
12.802,
23.4532,
0.326797,
2.94719,
12.1113,
36.1926,
8.60734,
2.17961,
1.35556,
1.79038,
0.627018,
0.635488,
0.192061,
0.235818,
0.569859,
9.29115,
7.03812,
0.467517,
3.80647,
0.505094,
2.37998,
31.6858,
160.177,
0.483616,
1.06279,
0.894586,
0.131277,
28.471,
90.0065,
17.5187,
34.5742,
11.2624,
110.312,
10.2595,
10.8496,
0.0671488,
5.45287,
57.4641,
0.276707,
0.220806,
3.36097,
0.706858,
33.9383,
0.0618784,
2.78165,
0.215357,
0.0892096,
1.17086,
0.398038,
0.314915,
39.2813,
0.187994,
6.05604,
4.3239,
0.158672,
29.5063,
49.7605,
324.105,
0.133139,
0.340045,
0.998925,
33.8067,
4.01524,
1.31143,
0.356678,
13.3626,
48.101,
20.9115,
0.0878496,
0.267616,
0.320288,
0.126598,
5.24068,
0.592854,
0.346746,
0.481606,
49.1415,
0.123965,
0.130784,
2.9998,
10.1136,
0.707178,
2.93671,
0.497661,
6.89447,
0.987779,
1.83899,
4.69132,
0.305584,
0.18593,
5.62583,
0.38521,
0.89368,
10.1308,
0.550586,
4.9047,
1.65552,
3.32107,
1.69307,
0.614352,
0.333587,
0.247341,
11.2807,
4.66403,
3.57851,
4.02616,
0.264294,
0.624688,
1.34292,
11.8799,
0.791155,
4.23362,
3.45158,
2.40733,
1.18962,
34.5636,
51.108,
0.273066,
0.174022,
3.07257,
0.148781,
0.118502,
41.3517,
3.7864,
8.4148,
3.80612,
0.0470272,
0.176669,
4.63993,
2.02364,
0.140122,
6.23953,
32.8395,
1.88226,
0.149354,
1.74604,
0.06824,
0.460352,
0.0422272,
0.986848,
1765.02,
0.153888,
0.430464,
1.8658,
11.9908,
47.4142,
15.4395,
0.329958,
1.21403,
190.658,
23.5371,
0.967747,
120.947,
0.195978,
3.78711,
1.89303,
3.48933,
1.03615,
1.14191,
1.56232,
23.1039,
0.0687072,
0.220851,
5.80619,
0.499414,
1.02346,
12.6713,
0.166851,
1.29654,
0.128323,
0.867536,
1.55951,
49.6377,
2.62222,
20.0803,
53.8126,
4.45698,
1.02882,
0.299613,
0.126554,
0.0751296,
4.23947,
16.6941,
25.6007,
0.363594,
0.824195,
0.0667456,
0.162483,
6.11808,
0.114432,
66.7394,
0.199661,
0.201293,
0.136867,
4.08611,
0.361696,
34.9433,
0.273923,
7.75718,
5.19473,
93.7006,
2.77525,
6.02326,
0.188061,
0.540909,
3.05562,
0.0485024,
31.8197,
0.68953,
2.29199,
2.77874,
4.04253,
40.4569,
0.667152,
5.85884,
31.75,
114.217,
3.98292,
4.22986,
0.587043,
2.43225,
0.219232,
0.151117,
0.276227,
0.385331,
0.0579712,
1.70218,
0.487773,
3.30344,
27.2658,
0.321939,
130.617,
1.31162,
0.732202,
4.98743,
1.76334,
0.253488,
0.350554,
45.8454,
0.147472,
0.108723,
0.356531,
84.3845,
4.09149,
20.6252,
0.593571,
6.59254,
9.96821,
0.0939936,
3.24219,
150.544,
0.838099,
28.8116,
0.0979488,
2.63865,
50.6547,
4.76742,
9.25268,
0.0593728,
0.423181,
1.20738,
1.18983,
0.63471,
0.0998304,
2.94461,
1.81605,
1.99059,
29.4296,
1.22197,
0.439779,
0.285123,
1.76328,
27.6514,
0.335741,
1.9927,
1.83566,
24.0619,
17.0379,
57.8722,
3.60466,
13.0707,
23.9607,
3.27339,
7.9365,
14.4733,
49.9098,
5.34675,
4.87886,
66.7613,
56.7223,
1.64566,
1.77336,
1556.97,
0.400134,
33.8406,
2.71017,
0.229722,
2.78336,
12.0525,
0.187299,
4.45964,
1.42486,
213.486,
6.17404,
7.1471,
0.687069,
2.55804,
1.93565,
0.308998,
2.39204,
0.823117,
18.0532,
2.69595,
9.79502,
0.466413,
23.6155,
7.57213,
2.34219,
0.157018,
0.376006,
14.65,
42.8926,
4.65676,
1.30693,
0.247395,
13.4312,
32.8815,
5.31467,
0.888966,
0.81127,
2.18061,
204.774,
0.484899,
0.468483,
2.96435,
6.18713,
60.6425,
5.51629,
2.69733,
7.40849,
12.7178,
0.120848,
0.26336,
7.31236,
0.69007,
0.19184,
4.71698,
0.243459,
3.7042,
4.66388,
49.9272,
0.142205,
11.4332,
9.16679,
1.0266,
9.17141,
0.11575,
0.559664,
7.66995,
205.004,
0.850746,
0.231702,
194.877,
10.2553,
4.24786,
9.29799,
0.455024,
3.2206,
0.122899,
15.032,
0.188726,
155.545,
0.159168,
1.31389,
125.545,
0.188973,
0.0584384,
361.596,
2.61987,
11.2062,
6.61033,
0.257149,
52.7029,
27.7917,
12.9605,
3.57674,
2.9335,
0.174893,
0.60617,
0.750138,
3.57511,
12.1441,
1.03307,
22.3406,
0.07312,
1.38607,
0.395197,
3.40196,
1.12059,
6.37048,
0.0934656,
6.64319,
100.862,
0.597955,
6.24292,
0.539597,
0.176192,
18.0051,
0.305466,
0.0481248,
0.0773024,
0.134304,
1.70044,
0.0560832,
2.0746,
4.17723,
1.50172,
3.06188,
1.15863,
7.64466,
0.162918,
10.9607,
0.789162,
16.8059,
6.04281,
28.3669,
2.32407,
7.26703,
0.0998016,
0.0429664,
0.297997,
0.302669,
0.300192,
77.3199,
0.116275,
9.21078,
1.21752,
0.059808,
25.0969,
0.29784,
0.406394,
19.7048,
0.13631,
0.791926,
10.2801,
161.573,
3.20014,
8.3699,
9.54945,
4.00799,
0.491709,
1.5418,
0.636515,
187.691,
138.482,
0.521946,
0.216762,
2.79065,
2.39894,
0.0952,
0.132784,
0.667085,
0.0727712,
0.224195,
2.90684,
24.5917,
0.0747648,
0.912768,
11.4056,
7.5427,
48.7605,
0.339082,
5.61479,
173.939,
2.15417,
0.223174,
0.0879552,
6.90117,
0.51047,
3.68316,
12.2406,
31.0001,
0.610358,
0.775126,
0.47424,
0.145488,
1.72425,
0.460461,
139.47,
4.32429,
20.5415,
0.0702784,
0.144746,
0.86537,
5.01395,
0.121446,
10.0445,
1.77835,
71.4205,
7.51258,
20.2452,
0.3852,
1.79472,
9.90362,
0.843811,
21.3023,
0.175552,
82.1887,
0.128208,
0.289738,
1.33776,
0.332221,
872.104,
0.397712,
0.797728,
0.547626,
2.27463,
49.0137,
0.113571,
0.225869,
0.0402752,
1.72382,
237.711,
2.91159,
1.47733,
0.832502,
21.6236,
35.9713,
0.40577,
17.3141,
0.35847,
1.74338,
29.391,
0.34449,
0.34929,
0.145088,
1.58036,
0.443488,
10.314,
0.0535424,
0.357187,
0.0981952,
2.74165,
88.4343,
38.4603,
0.223046,
5.60499,
4.44221,
0.493158,
2.1496,
8.73939,
13.6626,
19.5741,
0.14672,
0.405146,
0.238314,
2.78431,
110.31,
3.48837,
0.246362,
3.44152,
4.70679,
0.056144,
83.8351,
10.8766,
18.4876,
0.58369,
305.646,
56.8471,
3.52405,
4.71565,
2.84517,
1.13722,
2.24288,
3.84601,
7.27415,
22.5369,
0.122026,
0.064704,
0.562723,
3.86662,
1.72814,
0.337411,
4.68567,
1.68706,
66.6381,
1397.16,
13.1524,
0.451654,
0.0870848,
1.02891,
8.47815,
34.1619,
0.253462,
0.09112,
0.0887456,
0.19103,
2.26638,
0.129853,
0.0889504,
316.554,
0.0596192,
0.185843,
0.748387,
22.4177,
2.01361,
0.827222,
9.7718,
8.37629,
4.11399,
0.504083,
0.801814,
1.23,
47.0097,
1.2144,
0.0539552,
2.36611,
0.198525,
0.380266,
6.62114,
3.25292,
1.50723,
0.279354,
0.536896,
2.40449,
12.5022,
0.583549,
0.0642656,
4.04091,
0.561558,
109.259,
4.16709,
0.0649536,
6.60404,
0.359133,
8.77966,
45.5236,
21.8872,
12.3098,
3.17867,
2.57786,
1.50635,
0.495843,
110.476,
0.846131,
0.949123,
1.44294,
3.90472,
0.22032,
1.01385,
3.14562,
2.37775,
32.9501,
0.167862,
6.40132,
0.782608,
172.523,
0.381472,
0.994234,
162.962,
4.30745,
0.147232,
0.554592,
2.11303,
0.120067,
5.35039,
2.33563,
22.2406,
28.7413,
0.424982,
1.7774,
0.113942,
0.087648,
0.702925,
0.846157,
0.554054,
4.91562,
2.79574,
0.0454272,
16.5931,
2.66414,
9.73439,
0.0782464,
0.900429,
12.4684,
2.0408,
0.886637,
0.0724928,
0.127376,
0.140694,
13.235,
10.0293,
140.274,
306.363,
0.398128,
0.0344352,
2.03085,
1.214,
0.303984,
207.141,
119.342,
0.653411,
0.863664,
15.0478,
1.26188,
242.837,
99.0099,
2.37846,
66.7748,
322.416,
0.570918,
0.0590144,
1.21443,
0.0835808,
0.269104,
0.406749,
0.07152,
5.05549,
293.824,
4.54015,
1.00242,
2.05396,
1.96405,
6.25436,
0.167747,
1.37522,
6.75298,
0.569357,
0.118771,
2.02575,
0.172038,
8.72074,
0.550096,
19.7497,
47.1336,
0.0979072,
1.80887,
1.23409,
210.235,
19.9484,
7.27353,
9.79957,
11.6193,
0.619875,
0.114093,
0.357939,
7.97907,
0.044768,
21.6553,
43.0811,
0.488262,
0.265232,
0.07264,
50.6514,
0.856934,
3.97854,
0.0706048,
0.034736,
67.4292,
14.2807,
0.0364128,
208.823,
1.59126,
7.13637,
0.0553344,
36.3773,
2.89837,
3.54897,
0.708442,
7.39538,
1.36749,
4.1128,
10.3907,
0.156861,
7.09926,
1.21404,
0.889571,
0.509843,
313.734,
0.046992,
53.8987,
34.0659,
0.691453,
0.655194,
0.358349,
0.486973,
2.18927,
1.7855,
0.16568,
9.2172,
1.72815,
22.2328,
83.476,
0.136832,
62.0857,
0.17609,
0.721206,
1002.26,
5.62969,
0.0521472,
0.790685,
5.96994,
3.24083,
0.336387,
13.2404,
0.343504,
0.177834,
5.4909,
9.01375,
5.45774,
11.3782,
13.4582,
5.47106,
35.1582,
0.215597,
0.254384,
0.0422144,
0.0817504,
9.01938,
26.608,
2.49024,
7.14309,
0.314646,
2.12174,
1.29387,
8.54962,
0.294349,
10.5255,
0.176093,
0.379654,
62.1829,
329.01,
0.398051,
0.520266,
0.257574,
8.39269,
1.3966,
15.5423,
6.64874,
0.163741,
0.985325,
4.45181,
0.782758,
41.8513,
0.33809,
3.32141,
7.86035,
0.989827,
3.25276,
0.582442,
0.152592,
4.00635,
204.961,
2.3034,
1.37321,
73.2907,
2.35247,
0.694963,
1.10514,
0.0660288,
49.8123,
0.0992992,
13.741,
0.101446,
1.18337,
30.7645,
0.110944,
0.203469,
2.47042,
0.216419,
1.29054,
0.246416,
0.555782,
245.948,
2.8131,
65.4511,
0.246592,
12.4048,
1.41115,
67.0878,
1.03889,
17.0075,
0.0649536,
260.702,
0.0663808,
4.26345,
1.67357,
0.0553472,
0.53912,
0.426026,
0.578742,
26.8069,
2.52644,
0.128358,
0.482371,
0.263891,
0.971994,
0.427114,
1.34162,
1.92925,
0.587744,
4.54171,
1.55887,
0.974106,
4.75391,
7.21263,
9.84079,
1147.24,
6.30231,
0.446816,
0.062032,
49.1604,
2.58188,
0.101149,
0.225389,
0.275245,
0.4868,
8.06107,
1.63416,
0.114512,
0.168189,
0.364758,
4.10047,
0.945981,
0.56137,
17.1754,
1.31914,
1.04979,
0.0815488,
1.65463,
58.7475,
8.89637,
0.194944,
25.011,
11.2835,
20.0777,
0.174362,
0.59137,
5.85672,
51.291,
0.0798112,
0.14713,
2.24808,
0.293258,
7.12991,
0.155901,
18.0611,
8.8441,
4.39806,
1.11905,
1.74115,
0.467674,
0.209997,
12.6419,
8.14116,
5.83775,
13.6456,
2.77368,
0.0891648,
11.3097,
0.536419,
0.612381,
0.368154,
0.050368,
0.0798272,
0.0965952,
3.68566,
12.2759,
2.73265,
0.969958,
0.55417,
12.7974,
4.62964,
29.5665,
1.32835,
1.10978,
0.164227,
0.109366,
0.699238,
1.02222,
4.30449,
0.86127,
0.76776,
4.37879,
2.24046,
1.20841,
0.927443,
11.428,
0.818557,
1.07838,
0.054016,
2.90593,
16.3447,
3.6256,
1.92003,
5.83446,
5.61547,
1.25809,
0.541478,
6.75744,
2.51867,
985.635,
1.53551,
1.97663,
0.579584,
0.196746,
2.73737,
40.0222,
16.3123,
14.9558,
1.36958,
0.320499,
1.79444,
50.1983,
47.2771,
1.40095,
0.0750656,
42.4098,
4.72042,
1.01344,
0.06728,
40.4685,
0.55945,
12.8302,
1.73216,
2.36207,
3.23908,
0.241325,
0.0552544,
2.09496,
2.32846,
0.82407,
2.20273,
0.115866,
0.0758016,
21.6767,
1.67448,
42.6537,
1.135,
109.174,
1.38635,
5.86636,
7.95934,
9.53811,
1.33025,
5.37218,
0.0556288,
33.2274,
35.3593,
20.0952,
1.55179,
26.6955,
22.0975,
0.279363,
0.152685,
30.6559,
0.150387,
150.349,
0.134234,
2.54614,
0.312915,
9.68951,
98.3905,
14.5585,
4.4989,
2.74473,
13.8902,
1.71065,
44.5688,
0.07072,
27.4915,
26.921,
25.1945,
0.393651,
43.474,
8.88458,
2.90613,
39.2956,
1.15027,
3.43367,
3.58692,
119.977,
0.44031,
6.26454,
0.439891,
0.0404608,
5.53759,
3.29148,
0.887056,
1.87822,
1.17039,
32.9024,
0.063056,
5.73115,
0.216474,
82.0665,
2.33876,
90.9998,
51.3513,
3.64661,
42.5472,
348.881,
8.79968,
3.68075,
0.0888928,
5.09621,
0.550813,
4.01953,
7.43234,
0.34169,
1.12172,
1.16089,
48.3887,
226.563,
0.176362,
2.25525,
45.6242,
7.43999,
0.332563,
36.8542,
17.534,
0.444282,
0.223638,
0.787472,
14.4633,
38.9195,
11.1406,
0.926237,
1.85964,
0.137885,
0.920384,
1.05988,
3.88807,
0.314429,
37.3887,
4.54515,
0.301862,
1.34712,
0.429642,
5.78811,
1.6323,
3.64212,
29.1184,
0.523542,
37.0842,
5.60575,
37.6406,
100.254,
0.206256,
3.37203,
3.40435,
0.270099,
0.389421,
0.217766,
8.52273,
0.542976,
108.208,
0.600957,
6.59609,
0.201261,
0.100374,
1.68385,
7.48973,
0.730234,
3.24199,
0.250669,
9.48789,
0.460845,
1.23832,
1.37985,
0.878048,
1.05871,
0.93735,
4.15456,
0.671827,
9.63909,
0.608531,
1.23684,
0.119846,
0.204278,
1.68081,
28.1614,
0.458867,
0.604042,
0.547181,
1.18352,
0.0913472,
0.12785,
6.56341,
118.281,
1.02583,
0.12879,
0.825478,
36.9623,
147.172,
10.3072,
8.43246,
35.729,
2.24297,
21.1691,
3.62084,
0.87695,
30.3705,
0.619779,
0.191808,
0.123555,
1.41037,
0.263008,
32.283,
447.935,
84.7551,
23.7818,
4.73967,
2.28237,
1.77428,
0.0810784,
14.021,
68.5957,
0.15977,
0.921709,
21.4136,
0.367965,
0.128221,
282.728,
198.661,
0.0732448,
0.231213,
69.889,
0.0854272,
1.64018,
0.56128,
3.51511,
2.0032,
2.05142,
0.114557,
0.0742464,
3.80841,
7.16025,
16.4194,
1.16962,
7.51471,
0.200038,
11.2302,
0.0732192,
0.158045,
37.0545,
0.367315,
2.44506,
0.191699,
3.69476,
0.97776,
4.66774,
22.9683,
1.49834,
11.5131,
1.64423,
13.3564,
2.9246,
0.0677088,
1.23863,
1.40799,
3.97997,
0.253309,
0.0345952,
11.4262,
7.58422,
1.72359,
2.15492,
7.99203,
11.2481,
3.44113,
3.98403,
31.8418,
31.5965,
30.6263,
0.0687232,
0.298317,
13.5708,
3.95427,
2.96504,
0.0865728,
4.7864,
1.96273,
0.474646,
1.03171,
32.1454,
0.973866,
19.1269,
6.26655,
20.1475,
0.641219,
4.15388,
0.0660544,
22.1595,
8.53473,
6.60243,
0.0420352,
58.5013,
88.7952,
0.929587,
0.0741088,
0.377091,
1.20875,
2.03259,
5.36593,
7.80638,
65.372,
2.76879,
1.06235,
0.0719424,
2.06728,
0.254909,
0.135818,
2.69374,
0.0697952,
4.88727,
72.6049,
95.6595,
199.973,
0.894931,
0.0987264,
354.219,
2.49016,
1.71973,
0.354176,
36.1324,
0.495786,
275.856,
0.0480832,
4.8431,
14.6433,
0.14551,
0.245075,
104.902,
0.555846,
1.30938,
57.5399,
0.483891,
63.3693,
0.141542,
14.0703,
3.84985,
21.8371,
6.77305,
0.235693,
0.700438,
2.72102,
0.45983,
7.77317,
8.48545,
1.43923,
32.0748,
69.1622,
1.14825,
14.5594,
13.8384,
18.269,
21.7967,
0.322874,
67.5455,
39.0978,
3.21631,
2.58213,
45.2536,
9.80736,
12.9004,
36.4337,
1.87497,
9.6391,
791.34,
10.559,
471.719,
0.119693,
11.2113,
0.428422,
42.5436,
0.737078,
3.14888,
0.263654,
0.226912,
1.45233,
0.0836128,
2.78295,
3.92442,
0.11136,
1.09547,
14.0082,
1.18157,
84.2372,
218.252,
18.5718,
17.1093,
1.62585,
28.0045,
5.90039,
0.0652352,
10.7947,
1.10315,
4.6161,
0.184707,
21.7454,
17.4396,
4.35314,
5.67061,
3.89187,
41.8872,
35.1523,
0.983178,
0.761942,
0.619242,
8.08938,
11.2257,
1.44621,
1.80199,
49.5207,
2.16632,
27.0838,
46.7012,
0.0698272,
2.7661,
76.8266,
0.402214,
1.49656,
0.283894,
52.7122,
2.8253,
3.59487,
1.64725,
339.082,
8.4247,
5.75251,
4.02272,
4.09431,
0.259827,
5.7471,
5.75216,
0.0610208,
0.598634,
0.738221,
5.58368,
0.0940352,
48.0589,
1.04267,
9.77284,
13.3982,
4.26266,
81.7598,
0.106672,
0.153866,
19.1846,
16.8555,
153.287,
0.169667,
0.535024,
1.69564,
9.13165,
0.243571,
11.8234,
0.160157,
0.238522,
0.0992608,
1.1542,
5.31431,
0.158986,
315.769,
0.32847,
0.13569,
0.0885408,
13.37,
0.139462,
0.438653,
0.557424,
0.363664,
5.35243,
0.106736,
3.46281,
14.0699,
36.7867,
0.724685,
13.1945,
5.7019,
133.934,
0.21169,
0.197555,
0.479709,
0.651053,
0.899014,
20.655,
0.156483,
102.244,
44.4792,
62.283,
0.239098,
42.6128,
22.2407,
0.713795,
0.644189,
3.78459,
0.989488,
0.299904,
1.8523,
619.334,
17.1918,
0.15257,
1.15626,
0.28751,
37.089,
24.0143,
0.43671,
0.60936,
3.52344,
2.69294,
2.57548,
1.27085,
0.0578848,
5.09461,
32.3854,
0.2188,
0.534867,
0.34033,
0.785357,
33.5901,
4.60649,
10.6628,
0.309226,
2.53398,
22.1217,
388.258,
0.0684288,
9.88682,
148.738,
14.5438,
2.42484,
1.90036,
2.7921,
1.74324,
0.280278,
12.5421,
44.1511,
14.6343,
3.64022,
0.84744,
0.230243,
1.73515,
0.986915,
0.863501,
3.01156,
1.78595,
3.01733,
1.19454,
0.904688,
2.32987,
0.0919712,
2.75798,
0.839043,
2.29802,
180.466,
0.481072,
303.853,
51.2418,
4.72895,
51.7962,
1.12488,
11.3506,
0.0900864,
1.19949,
1.43986,
303.28,
0.0898464,
0.187238,
35.4878,
15.6203,
0.875597,
2.15516,
0.149206,
4.77923,
0.299546,
16.0201,
32.2749,
0.365238,
26.6351,
10.5714,
2.74082,
0.064224,
0.37296,
0.124832,
2.27678,
26.7122,
64.0488,
0.226048,
0.492765,
0.0782784,
4.06842,
5.28758,
0.957798,
11.6173,
6.12057,
6.13143,
1.74811,
11.0377,
23.2993,
2.82861,
40.5205,
107.202,
0.0504768,
2.5301,
0.266736,
0.788486,
33.8585,
4.47636,
0.931642,
34.3255,
0.0543104,
32.5646,
5.23069,
0.1568,
1.95478,
3.16731,
5.27023,
0.801133,
13.461,
18.2114,
3.48374,
0.0648512,
1.00964,
1.60152,
0.591946,
7.49575,
0.157683,
14.3167,
0.258678,
3.41376,
10.1185,
174.433,
0.249021,
0.746691,
61.8246,
0.746154,
0.568531,
2.89982,
63.3432,
58.6269,
0.833507,
0.281901,
10.242,
3.96008,
5.64071,
184.585,
0.240163,
2.49575,
25.3086,
0.0751008,
203.678,
0.0620896,
31.3656,
6.38586,
1.53164,
1.92334,
1.06353,
13.982,
0.0581984,
1.11925,
48.655,
49.9254,
551.014,
20.8168,
6.94229,
0.224115,
7.52957,
2.2797,
8.48704,
8.73446,
0.629792,
0.632419,
0.0769024,
1.44519,
47.6487,
25.7801,
0.857968,
0.0704224,
333.607,
95.0687,
6.46259,
1.22747,
0.666362,
0.214211,
6.87128,
8.28771,
0.191565,
0.551501,
0.247472,
0.859264,
1.40751,
42.4543,
0.198544,
0.970867,
0.811837,
0.223997,
19.6633,
0.329504,
58.2448,
22.8002,
0.0639424,
5.83613,
4.342,
0.765603,
4.68195,
1.71075,
0.25129,
0.283978,
1.94479,
0.0627968,
0.441834,
9.35349,
0.669382,
8.42775,
3.603,
2.35102,
0.326355,
5.82996,
0.760506,
1.2271,
3.29835,
0.436349,
0.57809,
0.180237,
2.3978,
0.048656,
1.44859,
1.12669,
0.687872,
2.42525,
3.11683,
14.6456,
0.317222,
0.392682,
2.22836,
3.62318,
0.1776,
17.8415,
0.145232,
0.26712,
59.1166,
0.677338,
1.53015,
23.7366,
29.6101,
8.60484,
7.59336,
7.43054,
0.200883,
10.9894,
2.24359,
1.09047,
1.11546,
0.120186,
71.7023,
2.51539,
0.079696,
6.80176,
0.337293,
0.14241,
5.47797,
1.98238,
19.2408,
1.45536,
0.773581,
0.0860032,
2.67734,
2.80543,
0.32472,
2.39016,
5.45715,
4.18711,
5.97099,
0.167523,
1.75859,
48.3606,
0.0476736,
0.462384,
0.572806,
18.1799,
0.106134,
3.81925,
3.1828,
874.754,
0.27903,
1546.42,
9.96863,
0.0822304,
0.910986,
10.0527,
3.44511,
0.170096,
0.0905216,
4.34363,
3.21632,
1.37377,
3.46538,
11.9445,
0.339856,
0.319814,
1.31759,
1.03823,
0.419421,
4.11643,
0.557475,
0.233814,
2.82957,
0.204749,
7.10637,
0.22599,
0.53544,
1.28632,
1.06261,
2.48595,
15.7576,
0.0591072,
13.1671,
25.3155,
1.68926,
3.70338,
2.24879,
0.394726,
4.09245,
4.40425,
0.219126,
0.0932,
149.696,
1.56657,
2.5429,
0.549286,
3.83306,
0.143533,
0.257069,
0.839347,
2.08619,
4.92587,
216.218,
234.45,
1.28126,
104.766,
0.272058,
0.104125,
22.1913,
1.96995,
6.55944,
5.84975,
3.71387,
2.29163,
1.55679,
1.60355,
124.432,
1.20922,
1082.83,
0.498342,
0.274666,
0.375309,
2.63819,
2.82628,
2.19765,
25.252,
0.203187,
0.177242,
1.75161,
0.073328,
6.4503,
4.4858,
215.757,
164.67,
0.0683456,
73.0543,
1.77828,
0.115043,
0.0625568,
0.775926,
1.08716,
0.11017,
3.05426,
2.41475,
7.28509,
2.74387,
0.544506,
0.68969,
1.58172,
0.814413,
138.143,
0.290963,
1.0023,
0.365693,
6.33926,
0.888173,
0.762154,
2.46598,
0.363568,
0.0640928,
3.24899,
0.0662848,
2.86407,
2.50397,
10.5321,
4.24923,
0.135565,
3.37852,
6.04701,
415.794,
12.5104,
1.37425,
2.99753,
1.29226,
0.557501,
0.0681792,
1.63574,
2.97065,
0.732262,
28.8364,
0.0661568,
2.12309,
0.25872,
0.053664,
4.30841,
4.58884,
0.145568,
0.198765,
0.310813,
12.2963,
107.627,
0.0416992,
1.08266,
1.72637,
0.907821,
33.1949,
7.59491,
0.326963,
0.0683168,
0.235779,
196.999,
0.20497,
3.51336,
0.243699,
1.21454,
18.6298,
0.685894,
1.15524,
2.85196,
0.358886,
1.78174,
0.338544,
9.40842,
0.566781,
6.70079,
30.8537,
6.90088,
1.25482,
226.614,
0.448112,
8.13975,
6.67785,
0.125952,
15.5203,
55.7961,
0.233114,
0.93745,
4.05203,
76.0126,
0.0475552,
36.7271,
12.0453,
27.972,
0.231555,
3.13561,
11.6422,
1.40622,
1.59592,
0.14024,
0.11935,
17.0588,
3.74589,
0.804026,
0.709005,
12.9412,
0.224931,
0.518368,
54.7487,
6.24588,
0.271408,
510.165,
6.51254,
7.61707,
1.39244,
11.0485,
12.9705,
0.685437,
6.93015,
0.133098,
24.4784,
3.52697,
0.536352,
0.578912,
42.4058,
0.21233,
0.0496928,
0.151152,
0.78696,
19.4918,
0.337453,
0.0600864,
0.0391584,
1.93048,
1.46066,
1.32886,
8.7015,
0.0994912,
3.38695,
1.61574,
1.12021,
13.7173,
0.672934,
0.184304,
89.1188,
18.4854,
17.6042,
60.3072,
0.26895,
0.0854752,
116.275,
25.1872,
2.07327,
0.123162,
0.198621,
2.52914,
2.61061,
3.69573,
3.13236,
1.21185,
252.89,
0.219238,
30.8362,
0.0631936,
165.452,
4.31642,
12.5443,
0.05768,
0.0544576,
10.8813,
0.973027,
0.121974,
1.57915,
0.124186,
0.373638,
0.300669,
0.573226,
6.84272,
0.168406,
32.9482,
14.797,
92.8738,
10.41,
0.0488736,
1.12157,
0.588787,
6.42177,
0.216272,
29.9762,
2.40266,
0.886371,
21.7962,
1.07749,
0.346045,
1.10827,
0.0611488,
3.71365,
0.32144,
0.148957,
9.81744,
0.12945,
70.7083,
22.5869,
0.328403,
3.00898,
3.19445,
0.347498,
4.60154,
11.855,
7.96734,
4.19895,
3.36445,
24.5689,
1.57159,
10.8819,
0.503168,
0.850384,
0.18417,
2.97948,
8.27814,
0.0801888,
0.235555,
0.296278,
4.94343,
1.20841,
6.50782,
0.544288,
0.220531,
0.0877984,
0.0641664,
4.20005,
0.168131,
6.48971,
1.14252,
1.19623,
13.3156,
0.0655232,
1708.53,
54.4165,
0.0328064,
1.29121,
35.4688,
0.952806,
115.647,
36.982,
9.22573,
0.169853,
1.56314,
0.951856,
0.309126,
0.108669,
13.5003,
3.28075,
2.54336,
0.33456,
57.5951,
1.19349,
1.79731,
1.62223,
0.837421,
3.32571,
5.18753,
19.6273,
2.16382,
0.461008,
2.57637,
0.185424,
10.7218,
0.191434,
1.57668,
24.9666,
2.93086,
13.1722,
0.087872,
0.0469376,
47.6262,
10.0589,
0.109469,
9.15359,
1.08714,
0.758621,
19.1876,
14.8505,
0.128624,
4.75384,
0.391027,
5.8529,
0.844666,
1.60957,
20.2586,
1.5039,
0.405526,
0.0513248,
1.09293,
6.83187,
80.8478,
2.03518,
3.47107,
20.4174,
21.177,
2.47882,
0.42943,
0.13017,
0.46767,
110.988,
1.63662,
2.70114,
0.612573,
0.454582,
0.0725568,
1.2956,
214.783,
5.84618,
7.60035,
0.533306,
2.0116,
2.44996,
45.8282,
1.81977,
7.76542,
3.4343,
1.6521,
0.499546,
304.361,
0.266186,
0.629334,
0.109389,
7.05201,
10.8164,
13.974,
2.77184,
0.314598,
58.7069,
0.0562016,
27.701,
2.75265,
70.1234,
2.84087,
0.105949,
0.355539,
40.605,
3.86177,
0.413405,
13.0567,
0.845139,
0.135341,
63.5158,
0.187126,
67.7173,
0.412314,
26.9146,
6.21592,
2.51332,
0.107357,
11.7174,
0.430714,
75.6765,
7.95336,
1.14661,
0.828115,
0.70864,
0.721853,
0.387805,
14.39,
17.7169,
0.282403,
416.259,
3.55391,
3.42963,
93.6524,
0.0846336,
3.60343,
0.13879,
0.261078,
3.41445,
2.07546,
9.08873,
3.53579,
0.559587,
2.39914,
0.419069,
1.29798,
14.3069,
0.6644,
0.189843,
3.42308,
0.162963,
246.592,
6.77396,
0.900998,
0.230371,
4.72436,
1.08105,
2.35963,
18.4517,
11.6552,
0.197798,
0.0497632,
0.570525,
0.534794,
0.468816,
13.4412,
38.7825,
0.156374,
0.425978,
1.52247,
0.703238,
0.330112,
0.0392864,
0.482672,
74.5459,
0.126448,
0.0982208,
1.93473,
18.9952,
0.0495424,
30.9296,
939.95,
4.79538,
0.0986144,
4.60612,
0.330461,
9.82947,
0.572656,
0.320845,
0.694032,
3.06417,
77.9444,
1.45604,
11.9222,
1.55538,
33.0092,
28.8024,
0.0490656,
14.1469,
5.69684,
58.3579,
1.84825,
10.132,
2.04622,
15.1781,
0.494643,
9.15068,
0.0568128,
0.0675968,
2.65042,
8.72365,
0.603958,
11.983,
6.14055,
30.9003,
0.0710368,
0.161014,
2.88914,
1.91189,
1.73159,
3.47013,
28.8031,
2.5038,
1.04383,
167.832,
0.18249,
0.414579,
9.75682,
0.66441,
0.192637,
14.217,
37.8551,
24.0646,
1.42906,
0.3784,
1.64596,
0.135942,
6.62049,
31.777,
0.295149,
89.7325,
13.3402,
0.0584384,
67.9285,
2.38442,
2.34334,
64.79,
89.7312,
23.7859,
0.153286,
0.0649856,
56.1727,
0.259469,
0.812698,
9.54641,
1.88572,
2.64714,
348.816,
1.46656,
4.92492,
2.12636,
0.594547,
3.40788,
15.6411,
22.9252,
2.24776,
0.156992,
0.32688,
0.237427,
4.62052,
0.110352,
20.8329,
5.01068,
0.626698,
16.1096,
0.0947104,
0.154342,
1.4008,
1.25039,
0.179971,
1.23285,
4.60996,
0.956963,
1.17668,
0.4688,
35.3797,
70.687,
34.4893,
13.4343,
12.5178,
94.1414,
4.3291,
92.9593,
1.18407,
0.441155,
0.0642688,
7.66657,
9.7526,
0.0977984,
100.624,
8.1818,
1.88425,
5.68215,
2.96537,
0.0940672,
8.53992,
0.223155,
23.7212,
0.131194,
0.07288,
0.109878,
1.64363,
0.162221,
0.320864,
20.3137,
4.55984,
6.4901,
0.051632,
4.50402,
0.430157,
0.0553408,
0.112416,
200.225,
0.559869,
2.53409,
1.92187,
0.543757,
1.71206,
0.103731,
1.72074,
0.04912,
9.77769,
403.572,
264.402,
0.0993056,
23.0571,
1.3682,
0.118195,
1.41083,
37.6949,
3.87377,
4.06491,
1.30048,
6.59388,
0.484874,
0.106054,
2.39247,
84.862,
0.231334,
0.324426,
1.24029,
2.07292,
3.71414,
0.19551,
0.14561,
1.91549,
5.26609,
30.9453,
129.462,
0.668237,
0.888653,
0.14217,
1.16724,
0.823686,
10.5479,
0.0641792,
2.0077,
0.29672,
1.79357,
2.75443,
36.7065,
6.3284,
0.389549,
62.7912,
11.3734,
2.493,
1.09522,
0.130448,
12.1265,
38.3335,
0.0649824,
6.2633,
3.0617,
1.048,
8.09895,
0.160614,
2.35596,
2.57779,
1.3645,
26.3443,
0.0934112,
46.4975,
0.062,
6.29759,
0.0612224,
0.0939232,
0.0597056,
0.465843,
1.13512,
1.37906,
0.251395,
3.49709,
3.61999,
0.900691,
0.228966,
0.0654528,
0.0739584,
0.145914,
2.12035,
6.646,
4.97863,
9.8624,
0.791258,
145.668,
1733.49,
6.11206,
2.12902,
22.6028,
0.181018,
21.1169,
1.18632,
63.2129,
12.5374,
11.752,
4.29502,
1.06526,
0.0698336,
1.08523,
9.39595,
7.50958,
12.4747,
582.178,
0.218112,
19.3983,
7.45739,
10.345,
0.0473696,
0.255757,
138.304,
0.492058,
0.613712,
0.349133,
2.50981,
72.5922,
1.05182,
0.797357,
10.7081,
0.176198,
0.162669,
0.518099,
2.93676,
0.56055,
0.281453,
0.85912,
5.84939,
0.17431,
0.843949,
0.265984,
0.298864,
0.864838,
2.14724,
20.9009,
782.546,
1.08456,
14.0523,
55.2289,
12.7833,
9.74236,
0.0814432,
1.62069,
13.6303,
0.821818,
0.113834,
5.11225,
0.108406,
629.165,
2.91286,
1.39076,
0.494582,
13.9725,
0.97583,
0.249293,
0.88544,
1.44507,
2.69608,
0.950323,
37.149,
1.53126,
32.6795,
0.393053,
2.91251,
0.292874,
1.44639,
23.8671,
6.34948,
0.887837,
97.6006,
11.2846,
7.03539,
0.511997,
3.33192,
11.5797,
5.50592,
6.30572,
13.8337,
0.251088,
0.262096,
84.8676,
2.23904,
0.635478,
0.451066,
0.0579328,
0.0646624,
0.47695,
1.43215,
3.59036,
85.0533,
8.24084,
52.1281,
0.114038,
8.50572,
1.4643,
13.7105,
0.193238,
0.391754,
0.093936,
0.761446,
2.8975,
1.84106,
13.2226,
0.236157,
1.4932,
6.58907,
8.37528,
0.648387,
0.080896,
0.62473,
96.6044,
2.69868,
14.3684,
4.51441,
0.769734,
0.0506528,
30.9052,
0.259443,
0.231587,
0.856848,
1.5146,
7.08981,
0.091776,
5.0477,
0.837152,
2.54815,
0.418381,
1.48176,
1.23192,
0.107475,
397.909,
0.494205,
448.989,
0.360227,
423.343,
150.052,
10.7045,
158.398,
8.07751,
119.992,
0.0620576,
2.42777,
0.528694,
0.39408,
117.77,
160.614,
7.9747,
6.21899,
0.214858,
3.45073,
0.162218,
124.551,
33.7909,
0.198307,
0.0676416,
0.0548192,
85.0075,
3.63258,
0.634006,
0.3788,
7.80753,
0.484339,
1.37808,
0.118198,
19.2008,
175.321,
0.236714,
222.557,
0.0933568,
4.69696,
11.8108,
2.0697,
2.03083,
1.90128,
0.193571,
257.675,
0.119142,
0.149091,
12.4457,
0.139984,
1.29266,
3.54503,
0.300432,
3.34931,
0.605165,
10.7371,
21.8799,
16.4696,
1.43262,
0.20408,
8.20208,
4.63086,
0.0747392,
32.3713,
51.6288,
0.401504,
1.85305,
10.53,
3.66058,
19.8805,
0.902083,
17.2738,
0.107978,
0.61119,
22.6299,
0.200477,
0.237302,
7.64578,
0.137904,
1.41849,
5.66118,
3.80338,
6.29952,
0.332,
4.99346,
7.46953,
6.37339,
270.386,
2.92506,
0.898304,
8.09483,
0.142154,
0.0648864,
5.42657,
66.6523,
3.61516,
2.42225,
10.2574,
0.0985024,
1.15428,
163.713,
14.1747,
34.8209,
2.00946,
6.75837,
0.17864,
18.0119,
0.550675,
0.158339,
9.55022,
7.25438,
144.05,
0.061664,
0.311248,
8.11209,
26.2417,
1.96212,
29.5269,
2.05416,
5.92401,
0.302224,
3.15337,
0.817178,
0.237053,
22.734,
0.704118,
14.54,
4.32789,
8.36845,
1.32425,
0.381126,
0.195786,
0.15367,
0.429542,
0.377942,
20.7612,
0.185946,
0.107421,
18.423,
0.74929,
0.110362,
0.55191,
0.417094,
2.3813,
0.277242,
11.7754,
0.1432,
11.7768,
0.183632,
0.0384928,
69.4952,
11.9741,
0.32335,
97.1589,
2.12206,
2.03244,
0.139562,
0.715898,
0.472595,
21.1982,
0.150416,
5.62395,
276.431,
0.175901,
70.6324,
5.36819,
1.35975,
4.63649,
1.30585,
140.263,
38.1402,
135.519,
1.75407,
3.55504,
3.47953,
24.1015,
4.70401,
9.01341,
8.39302,
1.00547,
0.693162,
0.0968096,
0.097072,
4.77669,
2.55523,
0.502586,
1.7543,
50.2057,
11.7457,
0.258099,
2.61277,
24.2612,
9.20535,
61.9408,
0.142461,
9.43667,
8.19167,
0.89712,
0.0666656,
0.0595488,
8.97811,
0.146163,
0.83791,
3.76347,
3.71482,
4.37653,
0.961677,
2.64607,
4.9229,
335.188,
2.04713,
4.11439,
0.215133,
3.72114,
0.04112,
0.492938,
0.13207,
0.506899,
1.22298,
126.642,
0.505581,
5.63592,
50.2634,
2.05345,
14.7321,
3.15076,
166.123,
34.347,
52.158,
1.96769,
0.1656,
2.66831,
0.924397,
0.266621,
1.0361,
43.9294,
39.8008,
0.172653,
27.7807,
222.535,
7.01602,
0.302755,
0.137846,
9.38064,
0.289232,
4.06199,
1.12302,
0.304816,
1.92434,
5.38995,
1.98833,
0.252093,
0.184541,
0.467126,
0.639725,
1.35989,
48.18,
3.68908,
1.46864,
0.715114,
20.4411,
4.21525,
0.632957,
0.173008,
0.32513,
0.217542,
1.74106,
3.89787,
8.60984,
0.44976,
2.84362,
0.0754016,
0.135248,
0.0569536,
2.7988,
5.48247,
0.995485,
5.68191,
0.122154,
0.113206,
23.0708,
1.94159,
1.65742,
0.957386,
0.219178,
0.122304,
586.153,
3.05595,
0.178858,
33.5602,
3.66396,
0.45368,
0.162624,
18.6837,
29.5618,
0.109862,
0.702131,
0.563197,
0.257955,
4.01361,
0.228304,
52.8051,
1.0371,
29.9175,
38.0091,
41.1198,
1.53913,
0.96679,
37.7646,
0.116198,
0.531014,
1.41709,
0.696803,
3.9631,
8.66781,
4.33328,
7.42473,
0.343824,
0.945133,
12.7811,
0.717738,
49.1462,
1.09983,
0.583142,
55.8185,
1.04891,
0.053824,
0.496547,
4.78965,
107.105,
0.248192,
2.39295,
5.03237,
36.7268,
388.322,
0.707037,
31.2346,
0.236822,
0.306883,
0.327853,
4.53786,
2.9092,
0.480346,
0.728854,
1.47579,
7.09783,
0.494845,
0.54903,
76.7541,
0.0999488,
0.132365,
10.9144,
1.36299,
2.65542,
0.267645,
0.524275,
0.108246,
6.22337,
0.809222,
0.082608,
11.8639,
3.57719,
16.6055,
0.065648,
19.4875,
26.9183,
10.2962,
2.4671,
1.95706,
381.473,
0.934518,
29.2336,
0.102832,
0.0839904,
0.863914,
0.0692416,
37.6806,
1.78256,
106.243,
2.10842,
0.285498,
0.362915,
34.0808,
6.71833,
3.5291,
19.112,
34.7416,
167.681,
0.120902,
1.91479,
0.787667,
3.427,
130.396,
0.121155,
4.21433,
0.211219,
5.34948,
28.9498,
0.979354,
0.250682,
65.3044,
0.763011,
2.17533,
6.51727,
28.2357,
1.68239,
16.0001,
0.104192,
1.04151,
34.7819,
0.760845,
0.719258,
0.584461,
7.49991,
2.81052,
0.611798,
9.2898,
1.70347,
909.293,
19.1064,
5.63315,
69.7046,
46.4849,
19.6273,
0.454486,
16.5515,
50.1436,
1.95668,
2.08759,
7.6161,
7.84293,
0.108176,
0.320141,
0.176662,
182.769,
0.75664,
0.112637,
3.03518,
102.71,
0.267616,
0.460006,
0.808867,
5.40288,
1.59382,
1963.44,
18.5734,
29.9599,
0.875542,
0.101821,
1.8505,
0.156899,
18.8938,
12.0359,
22.993,
21.7626,
1.16104,
1.15768,
0.760253,
0.0782944,
22.8207,
20.7008,
7.73687,
0.0455584,
2.8696,
2.51037,
22.2086,
31.8834,
0.192144,
2.30918,
0.925632,
0.0640256,
0.048816,
13.7567,
0.0533696,
7.27903,
10.7007,
0.267117,
21.3044,
0.719453,
0.153485,
0.430906,
23.1092,
0.10368,
0.31935,
10.5955,
0.189485,
1.60912,
0.704237,
4.9134,
51.5407,
26.6446,
1.54836,
506.0,
0.677126,
14.0032,
2.17384,
74.7649,
9.91901,
29.6906,
0.525747,
1.18526,
6.94654,
372.406,
0.670093,
0.0715328,
58.3939,
0.960307,
11.3943,
9.06579,
3.63981,
0.25289,
36.6795,
1.15211,
150.463,
14.6293,
0.156394,
6.76794,
15.0418,
0.738522,
0.555904,
0.126598,
1.11824,
0.125798,
42.3727,
4.22839,
32.3272,
6.55142,
15.6978,
1.64941,
0.219712,
0.102934,
0.0461856,
9.18601,
4.09672,
101.002,
0.200979,
1.82318,
0.47096,
0.17257,
29.6307,
64.547,
7.31731,
82.6006,
0.422019,
1.66416,
4.06955,
3.26104,
0.785674,
15.3363,
4.62394,
0.184493,
0.371501,
0.707846,
0.549578,
0.145098,
231.712,
9.84052,
3.08217,
5.42243,
1.14358,
0.135261,
1.1941,
4.30942,
42.01,
0.901216,
0.281792,
0.101526,
0.122237,
0.313325,
595.265,
0.0803104,
0.0830336,
21.2397,
0.577683,
44.1183,
3.64524,
0.267757,
0.497798,
1.95772,
26.692,
216.684,
8.93115,
2.95185,
0.37607,
0.06784,
0.523693,
158.461,
0.957978,
1.97028,
0.189382,
18.0578,
0.688928,
0.819498,
5.80543,
36.4033,
35.0324,
92.629,
2.94564,
1.29904,
3.10858,
1502.57,
2.87014,
5.39805,
17.9028,
2.26021,
0.149949,
4.3994,
3.31567,
3.04764,
3.44939,
66.7273,
7.4035,
0.261814,
0.591824,
0.0333536,
0.465226,
17.6185,
27.1614,
6.61559,
30.9785,
15.0617,
2.30414,
0.590986,
7.67271,
0.850797,
10.4876,
2.60024,
1.24282,
3.3806,
3.59252,
4.574,
11.7182,
2.78355,
2.18881,
1.65323,
0.114554,
0.821674,
0.684538,
0.665392,
8.12187,
0.392474,
1.73236,
169.581,
0.938662,
8.66528,
0.211126,
31.6022,
0.0514432,
7.58117,
0.802608,
5.29451,
7.47392,
7.55171,
0.291187,
0.10512,
0.303603,
8.93817,
13.109,
0.0478528,
10.1919,
1.2834,
3.50578,
1.15138,
0.523693,
0.350051,
0.409549,
6.07203,
78.5669,
1.84916,
5.75477,
0.139082,
0.0895872,
8.54607,
0.619485,
1314.75,
1.84114,
0.204957,
2.74553,
0.161107,
0.226781,
0.22408,
30.3192,
0.702256,
12.2321,
1.12779,
0.82567,
0.17416,
0.796493,
1.78252,
0.440656,
10.5696,
0.213894,
1.20405,
69.276,
1.01286,
0.734042,
0.475936,
6.11019,
8.26632,
0.118016,
517.463,
2.49461,
133.375,
18.1457,
0.298595,
0.0845504,
11.6671,
9.64559,
0.65297,
301.502,
852.731,
0.738186,
3.309,
0.192307,
0.180746,
8.1288,
712.865,
0.35912,
429.4,
2.79485,
0.182304,
0.473008,
20.602,
0.330202,
0.554048,
6.30458,
0.234883,
25.7425,
5.76605,
1.77865,
0.672038,
13.4112,
0.49512,
1.15763,
0.408189,
304.322,
4.87454,
0.863066,
0.219555,
10.6326,
0.650339,
0.69097,
0.624736,
0.114323,
28.3343,
13.005,
0.191062,
3.26171,
0.561379,
13.4418,
1.82539,
83.367,
0.050768,
81.9963,
0.64321,
0.125117,
3.5354,
7.98801,
0.0674304,
0.644714,
1.11929,
35.1893,
6.49946,
21.9811,
6.79747,
1.03258,
0.0957024,
0.557187,
7.0823,
0.273174,
0.177462,
4.80862,
0.327347,
2.42571,
0.195206,
11.5032,
2.59389,
26.3471,
79.3118,
4.76828,
0.761101,
1.0725,
2.83123,
2.17466,
38.1291,
28.4736,
9.0226,
0.47511,
46.2042,
0.814544,
33.5764,
0.0505568,
1.98108,
7.17348,
1.95576,
16.8873,
17.2408,
0.890851,
5.2978,
22.5995,
0.315642,
7.6953,
19.2647,
2.98545,
1.44552,
0.0650784,
2.31819,
11.343,
1.47308,
61.1325,
0.242659,
1.82283,
6.8354,
15.6034,
0.381664,
0.101229,
0.154416,
0.32791,
0.0995616,
3.42258,
0.0557856,
84.6871,
0.241149,
18.3173,
0.235965,
0.552243,
0.126838,
5.53985,
0.361386,
0.0606688,
0.636454,
0.182979,
28.4964,
0.0627584,
7.59615,
71.7869,
105.4,
2.05377,
24.3995,
73.3338,
60.8711,
9.43925,
45.2177,
0.0756768,
15.2842,
0.603229,
3.26262,
0.137085,
3.3655,
0.130589,
0.918314,
3.15821,
0.266586,
3.44492,
29.8134,
0.232656,
1.52693,
21.5935,
2.36734,
5.97423,
4.76307,
0.207059,
1.14215,
2.72609,
90.136,
0.354624,
0.11697,
0.0672576,
0.387338,
1.03162,
27.1048,
0.445936,
3.93879,
0.503866,
26.0109,
17.5817,
4.36361,
100.682,
0.175162,
4.57647,
0.395898,
3.37231,
0.164803,
20.9517,
123.092,
0.989162,
0.926435,
0.052848,
0.387594,
11.1346,
0.83425,
7.39678,
0.300394,
1.49877,
28.4808,
0.383024,
27.1601,
1.08407,
11.1089,
0.197024,
0.489034,
0.285568,
0.280723,
22.0528,
0.911981,
8.05104,
8.71688,
11.8169,
0.3484,
8.81364,
10.0437,
0.629504,
1053.32,
0.15055,
32.7065,
0.665581,
0.050224,
9.27831,
0.898234,
2.73703,
17.4606,
6.28252,
106.553,
0.73944,
2.59164,
69.5114,
30.878,
1.44904,
1.36558,
3.28551,
0.252374,
0.298925,
1.48504,
0.184666,
25.4445,
0.891955,
22.1832,
0.972221,
1.8815,
3.26683,
2.56676,
0.590474,
186.279,
3.52977,
29.4832,
0.112285,
9.78225,
0.0841344,
301.098,
0.163165,
62.0424,
0.192928,
0.718042,
77.129,
0.391789,
1.84801,
14.0787,
349.324,
0.0762944,
2.24321,
2.63569,
0.0972192,
0.127853,
2.38048,
272.315,
9.44221,
2.03227,
13.6679,
316.715,
16.3636,
1.26391,
2.34463,
1.09384,
1.12632,
10.8586,
0.61169,
0.0606432,
124.458,
0.376464,
0.119235,
2.03505,
79.7319,
19.6537,
0.780378,
16.0507,
1.90092,
5.18966,
1.57637,
25.7903,
0.535114,
12.6214,
0.0696384,
0.714074,
0.272806,
2.25541,
0.667075,
106.651,
5.03606,
0.104144,
1.94876,
167.7,
0.367568,
27.2378,
1.3694,
0.0787744,
0.209357,
12.6059,
0.256794,
10.9166,
0.0415232,
52.8637,
2.16909,
231.409,
1.09204,
47.2511,
6.27208,
11.2731,
0.418451,
141.048,
38.8464,
5.44047,
0.146618,
0.128192,
2.01532,
0.238963,
22.3592,
1.4057,
2.33875,
0.311075,
0.579331,
1.38827,
52.7366,
0.905638,
2.86749,
5.01294,
0.167456,
0.352115,
14.4783,
0.0904,
1.18566,
1.07464,
34.6702,
119.361,
43.1087,
0.892787,
1.31811,
84.5729,
0.325469,
1.08178,
0.589376,
5.49364,
0.631594,
19.1717,
24.8832,
0.0728608,
11.886,
3.06097,
1537.28,
63.9669,
0.065456,
0.157648,
105.092,
2.09073,
6.35014,
0.441712,
72.0097,
12.366,
0.0941248,
16.3089,
278.375,
0.823734,
11.3896,
47.6405,
0.136643,
0.143507,
1.41918,
13.7794,
0.135002,
0.482314,
0.351347,
28.5397,
111.234,
20.5765,
18.0419,
25.5148,
0.12784,
2.16012,
0.048464,
1.38071,
1.88126,
17.6218,
0.173638,
0.0890432,
52.0067,
3.37331,
2.52414,
0.506426,
31.2842,
47.2774,
0.0992576,
0.654294,
2.74924,
2.93848,
0.134051,
8.278,
1.14902,
1.96694,
49.7221,
5.18788,
113.975,
121.299,
0.733616,
417.791,
0.297626,
0.0817984,
5.92241,
64.582,
0.412234,
15.1441,
0.432784,
0.341424,
0.24951,
1.68176,
2.12282,
109.15,
0.0605024,
1.9066,
25.3571,
1.18267,
0.520589,
7.58709,
15.4087,
0.0922368,
34.3426,
0.108646,
2.6112,
0.321219,
7.56204,
16.1808,
1.20064,
2.84236,
94.5475,
1.91773,
25.5887,
0.241971,
1.91707,
3.56797,
73.4174,
1.45314,
1.03408,
63.5848,
1.47502,
0.957782,
8.87007,
13.7903,
0.518707,
5.55422,
0.116525,
42.0241,
1.7488,
0.834035,
2.42774,
1.83011,
3.45427,
3.31991,
0.283366,
29.6695,
2.36959,
0.131021,
0.253277,
0.18521,
12.6749,
3.85799,
1.56054,
2.98477,
10.0386,
0.235907,
14.9993,
3.26658,
34.3853,
1.44138,
0.075616,
45.7615,
5.48891,
1.09153,
0.0883872,
0.886752,
0.092944,
13.1344,
8.35342,
2.89851,
2.12918,
0.290531,
40.7826,
4.36625,
1.79415,
41.6972,
45.9776,
0.053824,
0.181165,
1.57758,
0.458717,
2.05073,
69.4452,
0.370045,
225.375,
0.314144,
1.62075,
4.30249,
0.162243,
12.5371,
0.658534,
0.417568,
0.176941,
0.135162,
13.0419,
0.0559648,
10.4691,
0.208845,
3.09198,
239.127,
0.0690176,
0.164272,
8.4109,
1.20035,
4.69663,
1.88064,
1.83404,
0.196099,
68.0842,
0.447773,
4.8738,
0.0703776,
3.16932,
0.073984,
3.87703,
2.91283,
30.2362,
0.863626,
0.318448,
20.4215,
2.07371,
8.80557,
0.446867,
1.60536,
0.505494,
3.1156,
0.217504,
8.75548,
1.63248,
0.0786048,
16.0876,
2.28867,
0.43544,
0.685069,
9.64593,
0.144362,
7.15404,
1356.98,
3.67354,
0.615702,
2.58766,
0.0443616,
4.75166,
0.134912,
0.909747,
6.51044,
1.34739,
50.6824,
3.11596,
2.24617,
0.748144,
3.27541,
0.286042,
1.13197,
262.162,
0.588637,
28.004,
1.09303,
0.888774,
36.4725,
0.540154,
0.924547,
0.148701,
32.4213,
81.9951,
315.054,
0.494605,
2.18668,
17.078,
1.54696,
0.101715,
0.100045,
11.407,
24.9175,
13.9422,
0.283318,
13.8084,
20.273,
1.0881,
18.0705,
2.50699,
0.227408,
3.20628,
0.188614,
0.205098,
0.093136,
8.82261,
20.6606,
1.36996,
0.642589,
19.2732,
10.5959,
0.559421,
0.47528,
3.34934,
10.729,
1.69781,
0.171936,
2.53832,
0.75783,
1.27353,
0.148029,
0.512032,
4.49547,
72.4171,
74.8484,
753.919,
0.239635,
0.917664,
2.77787,
2.99181,
0.196579,
0.0987328,
158.252,
0.340298,
0.487574,
1.56346,
0.0829152,
0.782938,
8.22754,
0.15823,
0.290371,
39.5489,
1.40559,
9.3722,
0.0659872,
9.28059,
14.0289,
2.18605,
0.742131,
3.05668,
0.360976,
1.53068,
341.83,
16.4567,
15.0245,
45.2125,
18.6586,
0.793728,
317.001,
1.94406,
0.227165,
0.253722,
0.427238,
3.24972,
3.00003,
0.864093,
2.42734,
0.684893,
37.8123,
2.43049,
1.96629,
0.606077,
11.0561,
3.14941,
2.06727,
1.92129,
2.00996,
1.40844,
0.186896,
19.8374,
2.18095,
63.3264,
0.609363,
3.39823,
175.006,
0.356925,
3.87682,
0.0704832,
1.07137,
3.03306,
1.18342,
12.3886,
1.0225,
0.0513376,
348.536,
2.35835,
0.179434,
3.56511,
0.329958,
1.23777,
13.5631,
0.476278,
86.3156,
0.765283,
0.782298,
22.5332,
4.18636,
1.58878,
1.16587,
0.243142,
2.0116,
0.053024,
21.6223,
18.1208,
5.62977,
6.5983,
12.425,
2.09569,
45.389,
0.732643,
0.309453,
72.7411,
0.171904,
9.3448,
0.399379,
0.545104,
6.33828,
0.994442,
9.87791,
7.12177,
0.316186,
3.07725,
4.15222,
0.0506592,
0.0958432,
0.511283,
3.17505,
0.175443,
4.91624,
0.752525,
10.5965,
1.02541,
15.8998,
9.94701,
0.525738,
0.0587008,
31.154,
0.145706,
23.6471,
0.294806,
0.257584,
0.769155,
21.4922,
0.137942,
30.5413,
5.63883,
2.21231,
0.201795,
1.21363,
1.01285,
82.1051,
0.0947008,
2.43908,
0.0448416,
10.6177,
6.17457,
63.3979,
0.585894,
0.988083,
0.259482,
9.99342,
2.75625,
49.9948,
1.59067,
0.0773664,
0.141082,
0.240506,
29.243,
0.122115,
0.799453,
1.72026,
0.24583,
1.18901,
0.516931,
0.0989952,
1.66746,
42.5516,
0.277066,
0.137469,
5.86025,
0.738282,
33.0981,
9.45442,
3.88749,
0.976138,
11.2466,
2.24308,
0.202506,
1.03762,
1.26651,
0.965667,
0.807821,
0.0454784,
5.80265,
0.305946,
0.850221,
19.0103,
1.36629,
4.62015,
19.162,
11.5937,
0.125971,
10.4702,
0.727475,
8.49834,
0.180605,
0.304973,
0.334125,
1.40298,
45.7416,
2.25412,
13.0017,
131.988,
19.5875,
29.8105,
0.265248,
0.0612992,
1.13487,
0.0696768,
4.64662,
0.555987,
0.461904,
80.553,
11.9795,
6.85161,
2.49704,
0.130346,
11.7789,
19.904,
24.7595,
1.03624,
0.116189,
