8.012686920166015625e+01
4.479065418243408203e+00
6.514010620117187500e+01
1.068103485107421875e+02
2.404090881347656250e+01
5.979724121093750000e+01
4.549861145019531250e+01
5.851695060729980469e+00
7.279317378997802734e+00
1.248185253143310547e+01
5.863024234771728516e+00
5.419083118438720703e+00
3.145427703857421875e+01
4.492709636688232422e+00
4.918231201171875000e+01
9.380989074707031250e+01
3.260664749145507812e+01
1.569884300231933594e+01
1.017659282684326172e+01
2.348226547241210938e+01
4.799167251586914062e+01
3.158877754211425781e+01
6.721560001373291016e+00
6.732022857666015625e+01
3.534167861938476562e+01
6.510293579101562500e+01
8.168546676635742188e+00
1.258781051635742188e+01
2.153241729736328125e+01
8.978546905517578125e+01
1.029492378234863281e+01
6.585121631622314453e+00
4.935788631439208984e+00
2.812457323074340820e+00
7.358624267578125000e+01
2.161002397537231445e+00
3.085665941238403320e+00
1.111317825317382812e+01
3.239327239990234375e+01
5.931458663940429688e+01
5.421287918090820312e+01
1.537067127227783203e+01
8.538030242919921875e+01
5.516718673706054688e+01
7.460511779785156250e+01
9.800648689270019531e+00
4.860844039916992188e+01
5.100144386291503906e+00
5.533946990966796875e+01
8.257116317749023438e+00
2.832083702087402344e+00
1.343929576873779297e+01
1.121354446411132812e+02
7.029175758361816406e+00
1.153279571533203125e+02
5.996736907958984375e+01
4.865855407714843750e+01
7.995401000976562500e+01
3.506920623779296875e+01
1.795341682434082031e+01
1.620789337158203125e+01
9.245779037475585938e+00
1.794835281372070312e+01
4.662495422363281250e+01
1.536038780212402344e+01
8.871202087402343750e+01
5.338609218597412109e+00
1.295055198669433594e+01
1.358335590362548828e+01
3.992092514038085938e+01
5.071094512939453125e+01
1.032985992431640625e+02
3.886479616165161133e+00
3.334095764160156250e+01
3.689305782318115234e+00
7.111909389495849609e+00
1.789167480468750000e+02
3.946957015991210938e+01
2.223843574523925781e+00
4.862303161621093750e+01
1.538916301727294922e+01
1.450690364837646484e+01
2.331854248046875000e+01
8.922519683837890625e+00
1.743530082702636719e+01
1.906791925430297852e+00
2.461727714538574219e+01
5.796430110931396484e+00
1.237316036224365234e+01
6.080222702026367188e+01
1.511268520355224609e+01
2.420595169067382812e+00
5.993014907836914062e+01
4.877223968505859375e+01
6.237709999084472656e+00
9.732084274291992188e+00
3.620225906372070312e+00
1.361815643310546875e+02
4.283328533172607422e+00
7.503767395019531250e+01
1.019375133514404297e+01
7.359431457519531250e+01
5.797659873962402344e+00
9.022464752197265625e+01
9.714461326599121094e+00
4.360651397705078125e+01
7.376400756835937500e+01
1.674698066711425781e+01
5.842206954956054688e+01
2.608575248718261719e+01
4.138303756713867188e+00
3.066641807556152344e+01
4.845547103881835938e+01
7.366990661621093750e+01
5.944046783447265625e+01
7.380809020996093750e+01
6.071073532104492188e+00
9.734049797058105469e+00
6.942388534545898438e+00
1.747403907775878906e+01
1.435507106781005859e+01
1.853121757507324219e+01
5.997328567504882812e+01
7.962244033813476562e+00
2.336334943771362305e+00
4.907295989990234375e+01
8.856569671630859375e+01
2.759477615356445312e+00
1.824159431457519531e+01
4.001860141754150391e+00
7.309991455078125000e+01
4.816991424560546875e+01
1.302642345428466797e+01
8.332404327392578125e+01
3.929571151733398438e+01
9.108725738525390625e+01
5.560294342041015625e+01
1.447124385833740234e+01
3.190674066543579102e+00
7.564565658569335938e+00
7.378113555908203125e+01
1.747169494628906250e+01
5.956783676147460938e+01
9.337222290039062500e+01
1.158786106109619141e+01
2.034333801269531250e+01
1.224194049835205078e+01
4.844710922241210938e+01
1.496946907043457031e+01
8.197702407836914062e+00
1.165692520141601562e+01
5.971939468383789062e+01
4.811398029327392578e+00
8.527963638305664062e+00
1.411012363433837891e+01
7.934719848632812500e+01
4.852697753906250000e+01
3.159346580505371094e+00
5.372162628173828125e+01
4.690001487731933594e+00
4.486420631408691406e+00
9.679652214050292969e+00
2.836760330200195312e+01
4.406021881103515625e+01
3.960753631591796875e+01
7.354355812072753906e+00
2.028303718566894531e+01
3.593413543701171875e+01
7.249789237976074219e+00
5.006833076477050781e+00
5.672730636596679688e+01
6.099280548095703125e+01
6.986546993255615234e+00
1.074869632720947266e+01
1.353244876861572266e+01
6.462862968444824219e+00
8.926122283935546875e+01
1.757526016235351562e+01
4.112575149536132812e+01
4.475176334381103516e+00
6.813232421875000000e+01
1.637318611145019531e+01
2.823365402221679688e+01
1.303428363800048828e+01
6.398602485656738281e+00
4.456567287445068359e+00
4.498062133789062500e+01
4.917387008666992188e+01
4.852334594726562500e+01
8.994522094726562500e+01
1.075437164306640625e+01
7.686750411987304688e+00
8.705489349365234375e+01
3.834176540374755859e+00
1.114578342437744141e+01
1.559170627593994141e+01
1.350956420898437500e+02
9.890408325195312500e+01
3.488410568237304688e+01
1.916833496093750000e+01
2.719042539596557617e+00
4.585729598999023438e+01
1.501091575622558594e+01
1.741745567321777344e+01
1.909981536865234375e+01
6.527355194091796875e+00
1.776240348815917969e+01
6.901428222656250000e+01
4.789183807373046875e+01
2.540606737136840820e+00
5.411668395996093750e+01
1.578463172912597656e+01
7.089510345458984375e+01
3.672199487686157227e+00
6.016700363159179688e+01
1.760002517700195312e+01
7.252267456054687500e+01
4.542654037475585938e+01
1.745938110351562500e+01
5.890195846557617188e+01
8.280390739440917969e+00
9.370772361755371094e+00
1.159542274475097656e+01
1.298094558715820312e+01
1.054524135589599609e+01
4.348528289794921875e+01
3.362573623657226562e+01
3.822070312500000000e+01
1.214874935150146484e+01
9.452652931213378906e+00
1.134384632110595703e+01
1.705025482177734375e+01
4.871003341674804688e+01
1.836154937744140625e+01
6.082551574707031250e+01
6.257458496093750000e+01
7.342813110351562500e+01
7.972105979919433594e+00
4.906636047363281250e+01
5.000881195068359375e+01
4.895315933227539062e+01
1.790704727172851562e+01
1.747986602783203125e+01
6.050023651123046875e+01
2.385715866088867188e+01
4.912980651855468750e+01
2.757267951965332031e+01
1.100776100158691406e+01
3.889832258224487305e+00
1.307086753845214844e+01
7.618235778808593750e+01
1.455874919891357422e+01
1.174116611480712891e+01
8.841252326965332031e+00
7.330040740966796875e+01
1.411884307861328125e+01
