9.616906738281250000e+01
9.940952301025390625e+01
9.941336822509765625e+01
9.088153076171875000e+01
5.276621246337890625e+01
9.257970428466796875e+01
5.730733108520507812e+01
9.851252746582031250e+01
9.986444091796875000e+01
9.354651641845703125e+01
9.905487823486328125e+01
7.769262695312500000e+01
7.374807739257812500e+01
9.902333068847656250e+01
9.838320159912109375e+01
9.977176666259765625e+01
8.789365386962890625e+01
9.971336364746093750e+01
9.754140472412109375e+01
6.615912628173828125e+01
9.019001770019531250e+01
8.353273773193359375e+01
9.536759185791015625e+01
9.469264221191406250e+01
9.072833251953125000e+01
9.029751586914062500e+01
9.536122131347656250e+01
3.097113418579101562e+01
9.945660400390625000e+01
9.908733367919921875e+01
9.959888458251953125e+01
6.550531768798828125e+01
9.199013519287109375e+01
5.939028930664062500e+01
7.587427520751953125e+01
9.931807708740234375e+01
9.965865325927734375e+01
8.817646026611328125e+01
7.631240844726562500e+01
9.991973876953125000e+01
9.943531799316406250e+01
9.913667297363281250e+01
8.680473327636718750e+01
7.029584503173828125e+01
8.839444732666015625e+01
9.912660217285156250e+01
9.881173706054687500e+01
1.931620979309082031e+01
8.813043212890625000e+01
9.978656005859375000e+01
9.789124298095703125e+01
9.922870635986328125e+01
9.446831512451171875e+01
6.223808670043945312e+01
6.056116867065429688e+01
8.974086761474609375e+01
9.955117034912109375e+01
9.919748687744140625e+01
9.375148773193359375e+01
8.847089385986328125e+01
9.571729278564453125e+01
7.390754699707031250e+01
4.668294906616210938e+00
9.344361877441406250e+01
9.859613037109375000e+01
7.440850830078125000e+01
9.563717651367187500e+01
9.888310241699218750e+01
9.227573394775390625e+01
5.182650756835937500e+01
9.980697631835937500e+01
9.950252532958984375e+01
9.832073211669921875e+01
5.681160354614257812e+01
9.709054565429687500e+01
2.206161308288574219e+01
9.904212951660156250e+01
9.341168212890625000e+01
9.984706115722656250e+01
8.937864685058593750e+01
8.531921386718750000e+01
7.374807739257812500e+01
1.486126041412353516e+01
5.931744003295898438e+01
9.889380645751953125e+01
9.644832611083984375e+01
9.140879821777343750e+01
9.893412780761718750e+01
9.487659454345703125e+01
9.986067962646484375e+01
7.343327331542968750e+01
9.940032958984375000e+01
9.797683715820312500e+01
9.606635284423828125e+01
9.891573333740234375e+01
9.814376831054687500e+01
6.315215587615966797e+00
9.662339019775390625e+01
6.179748916625976562e+01
9.611973571777343750e+01
6.771910095214843750e+01
7.745318603515625000e+01
6.735792541503906250e+01
9.765155792236328125e+01
9.731353759765625000e+01
9.931623077392578125e+01
9.811620330810546875e+01
9.922118377685546875e+01
9.987825012207031250e+01
9.821005249023437500e+01
8.516687011718750000e+01
9.944921112060546875e+01
9.423800659179687500e+01
5.847650146484375000e+01
9.403789520263671875e+01
6.586956024169921875e+01
8.540835571289062500e+01
9.967110443115234375e+01
9.219318389892578125e+01
9.381932830810546875e+01
6.196470642089843750e+01
6.751983642578125000e+01
5.712780380249023438e+01
9.945437622070312500e+01
9.926443481445312500e+01
9.641954040527343750e+01
8.356707763671875000e+01
9.937990570068359375e+01
6.309330749511718750e+01
9.382912445068359375e+01
8.626062011718750000e+01
6.174185180664062500e+01
9.984349060058593750e+01
9.994399261474609375e+01
9.395932006835937500e+01
6.789910125732421875e+01
8.968393707275390625e+01
9.814039611816406250e+01
9.747348022460937500e+01
9.384249877929687500e+01
9.961199951171875000e+01
9.989734649658203125e+01
9.584841918945312500e+01
9.938407135009765625e+01
9.149309539794921875e+01
5.758917999267578125e+01
8.773445129394531250e+01
5.732796478271484375e+01
9.947087860107421875e+01
9.526818847656250000e+01
9.982421112060546875e+01
9.769687652587890625e+01
9.074741363525390625e+01
8.777240753173828125e+01
6.585894775390625000e+01
9.907566070556640625e+01
9.851149749755859375e+01
8.195687866210937500e+01
7.017310333251953125e+01
5.835410690307617188e+01
9.837696075439453125e+01
9.866978454589843750e+01
9.008364105224609375e+01
9.909059143066406250e+01
9.744406127929687500e+01
9.939563751220703125e+01
9.937094879150390625e+01
6.292484283447265625e+01
5.561781883239746094e+00
7.150860595703125000e+01
9.598517608642578125e+01
5.717366790771484375e+01
9.577413177490234375e+01
9.726923370361328125e+01
9.656742095947265625e+01
9.961869049072265625e+01
9.922335815429687500e+01
9.558164978027343750e+01
6.586208343505859375e+01
5.774693679809570312e+01
8.197028350830078125e+01
9.965437316894531250e+01
9.916938781738281250e+01
6.085031890869140625e+01
9.929336547851562500e+01
9.673873138427734375e+01
9.463955688476562500e+01
9.551718139648437500e+01
8.277560424804687500e+01
9.961147308349609375e+01
9.245913696289062500e+01
9.828838348388671875e+01
9.945437622070312500e+01
9.890615844726562500e+01
8.679525756835937500e+01
8.107953643798828125e+01
6.093382263183593750e+01
9.944091033935546875e+01
9.786463928222656250e+01
5.855264663696289062e+01
9.970009613037109375e+01
9.954959869384765625e+01
9.413121032714843750e+01
4.963571166992187500e+01
9.836757659912109375e+01
9.344361877441406250e+01
8.172542572021484375e+01
8.795126342773437500e+01
9.047814941406250000e+01
9.917539978027343750e+01
9.758299255371093750e+01
2.308750915527343750e+01
9.987715148925781250e+01
7.486698150634765625e+01
9.986958312988281250e+01
6.562387084960937500e+01
9.920944976806640625e+01
6.040217590332031250e+01
9.759867858886718750e+01
8.825003051757812500e+01
8.875991821289062500e+01
9.911441040039062500e+01
8.908238220214843750e+01
9.971626281738281250e+01
9.612612724304199219e+00
9.836949920654296875e+01
9.463955688476562500e+01
9.932622528076171875e+01
6.754302215576171875e+01
6.447656250000000000e+01
8.627242279052734375e+01
3.983970642089843750e+01
9.984786987304687500e+01
9.913733673095703125e+01
9.746766662597656250e+01
1.437513065338134766e+01
9.995442962646484375e+01
9.029222106933593750e+01
9.199250030517578125e+01
4.869225311279296875e+01
6.649342346191406250e+01
9.972810363769531250e+01
5.814307403564453125e+01
6.247476959228515625e+01
9.925321960449218750e+01
9.620566558837890625e+01
9.994713592529296875e+01
9.622291564941406250e+01
8.918531799316406250e+01
5.182780456542968750e+01
8.805245399475097656e+00
7.121154785156250000e+01
6.224117279052734375e+01
6.451435852050781250e+01
9.821961212158203125e+01
8.524488067626953125e+01
