2.650419950485229492e+00
1.735199987888336182e-01
1.123020052909851074e+00
4.636309623718261719e+00
6.435239791870117188e+00
2.153410017490386963e-01
1.141909956932067871e+00
1.093660071492195129e-01
4.884259998798370361e-01
1.465530014038085938e+01
1.793570041656494141e+00
3.802660107612609863e-01
4.696630001068115234e+00
4.046079516410827637e-02
1.000449955463409424e-01
5.759999528527259827e-02
4.163170158863067627e-01
1.086380004882812500e+00
1.608980059623718262e+00
2.167669868469238281e+01
2.379980087280273438e+00
2.027369976043701172e+00
6.667839735746383667e-02
2.591739892959594727e+00
1.418490052223205566e+00
1.464130249023437500e+02
7.860479503870010376e-02
1.465530014038085938e+01
4.507809143066406250e+02
9.779840707778930664e-02
2.956179809570312500e+01
5.429289817810058594e+00
1.954779982566833496e+00
2.640610039234161377e-01
3.805610179901123047e+00
4.678129673004150391e+00
5.099270629882812500e+01
4.345659911632537842e-01
1.726369976997375488e+00
4.479349975585937500e+02
6.503390073776245117e-01
3.434700393676757812e+01
2.577790021896362305e+00
2.013219892978668213e-01
2.905930042266845703e+00
2.222709894180297852e+00
1.211850047111511230e+00
4.198949813842773438e+00
1.296290159225463867e-01
3.457370042800903320e+00
9.022600173950195312e+00
1.496959838867187500e+02
2.594430148601531982e-01
1.825389981269836426e+00
2.163820028305053711e+00
9.659520536661148071e-02
8.191669464111328125e+00
6.896899938583374023e-01
4.755520075559616089e-02
1.654909968376159668e+00
8.542720973491668701e-02
6.362349987030029297e+00
3.159649848937988281e+01
6.921920925378799438e-02
1.443620026111602783e-01
1.490089797973632812e+01
4.567330169677734375e+01
1.258020102977752686e-01
4.556479930877685547e+00
1.296540021896362305e+00
4.405829620361328125e+01
3.632579803466796875e+00
3.857989788055419922e+00
1.490589976310729980e+00
1.421790003776550293e+00
6.232590198516845703e+00
3.940800130367279053e-01
4.210819721221923828e+00
3.682460021972656250e+01
5.825918960571289062e+01
8.272219896316528320e-01
5.025730133056640625e-01
1.440500030517578125e+02
1.845170211791992188e+01
1.769409924745559692e-01
2.313230037689208984e+00
7.853569984436035156e-01
3.579240417480468750e+01
1.499780118465423584e-01
2.479460000991821289e+00
7.083200216293334961e-01
1.661230163574218750e+02
1.280809879302978516e+01
3.751430034637451172e+00
1.338040065765380859e+01
5.789120197296142578e-01
1.117179989814758301e-01
9.571229815483093262e-01
4.197729825973510742e-01
4.867220401763916016e+00
2.055070102214813232e-01
2.873019874095916748e-01
7.288540005683898926e-01
1.067360043525695801e-01
1.687059998512268066e+00
9.790719300508499146e-02
1.801189994812011719e+01
1.817070007324218750e+00
2.379980087280273438e+00
2.377109680175781250e+02
6.663809967041015625e+01
1.046820044517517090e+00
1.109590053558349609e+00
2.120350122451782227e+00
2.809910058975219727e+00
1.432620048522949219e+00
1.539460182189941406e+01
8.551810455322265625e+01
5.614030456542968750e+01
2.708379745483398438e+01
1.447460055351257324e-01
4.212239837646484375e+01
1.032580018043518066e+00
2.999170124530792236e-01
7.476479560136795044e-02
3.435039818286895752e-01
6.845380067825317383e-01
1.239430084228515625e+02
2.042970092773437500e+03
2.267549932003021240e-01
9.926080703735351562e-02
1.167230224609375000e+02
1.719730019569396973e+00
6.436409950256347656e+00
3.693119436502456665e-02
1.051820039749145508e+00
1.087229996919631958e-01
4.054239988327026367e-01
1.414690113067626953e+01
1.823080062866210938e+00
1.193420104980468750e+02
2.749150085449218750e+01
7.052009582519531250e+00
6.032939910888671875e+00
1.752850189208984375e+02
1.679800033569335938e+00
4.307140111923217773e-01
1.301959991455078125e+00
1.675230115652084351e-01
3.345600068569183350e-01
3.360450029373168945e+00
1.237769961357116699e+00
1.060389900207519531e+01
2.708599853515625000e+01
2.207390069961547852e-01
1.338339924812316895e+00
1.522180140018463135e-01
8.053089141845703125e+01
4.630860328674316406e+00
2.865729904174804688e+01
1.913309842348098755e-01
1.410480346679687500e+02
3.958980143070220947e-01
8.251199871301651001e-02
3.490409469604492188e+01
1.390340030193328857e-01
6.808419036865234375e+01
1.296290159225463867e-01
1.451470017433166504e+00
9.579780101776123047e-01
2.354449987411499023e+00
3.270669937133789062e+00
1.355559945106506348e+00
2.434179931879043579e-01
6.760959625244140625e-01
2.836689949035644531e+01
1.402629852294921875e+02
7.662720084190368652e-01
1.042670011520385742e+00
7.521040439605712891e+00
3.491719818115234375e+01
1.862789611816406250e+02
6.203200295567512512e-02
4.946430027484893799e-01
2.398940086364746094e+00
1.961559753417968750e+02
1.655150222778320312e+01
6.334320831298828125e+01
4.447840154170989990e-01
1.244569969177246094e+01
2.938479900360107422e+00
2.767040014266967773e+00
7.989939880371093750e+01
1.268379986286163330e-01
4.541710376739501953e+00
8.908510208129882812e-01
5.860249996185302734e+00
2.150209993124008179e-01
4.070169925689697266e+00
7.287009954452514648e-01
7.327679544687271118e-02
9.720969200134277344e+00
6.788769960403442383e-01
8.251199871301651001e-02
1.570559889078140259e-01
3.291480064392089844e+00
8.149999618530273438e+00
4.704010009765625000e+00
2.385259866714477539e+00
1.394820064306259155e-01
4.795380115509033203e+00
3.336070251464843750e+02
1.476770043373107910e-01
2.601979827880859375e+01
3.915839642286300659e-02
2.710479736328125000e+01
6.735099792480468750e+00
4.404249668121337891e+00
2.191779911518096924e-01
3.237129974365234375e+01
1.621080017089843750e+01
4.205470085144042969e-01
5.937919765710830688e-02
2.385220080614089966e-01
5.829959869384765625e+00
5.667809844017028809e-01
4.177230358123779297e+00
1.804659881591796875e+02
3.291480064392089844e+00
8.848930001258850098e-01
5.139999985694885254e-01
8.368449211120605469e+00
1.400820159912109375e+01
4.403100013732910156e-01
2.563779950141906738e-01
4.491219997406005859e+00
1.273759901523590088e-01
3.288840055465698242e+00
3.270650100708007812e+01
1.172059997916221619e-01
4.420100152492523193e-01
2.387560081481933594e+01
1.986209899187088013e-01
1.307209968566894531e+00
1.375879669189453125e+02
1.935810148715972900e-01
3.473600000143051147e-02
5.852900028228759766e+00
3.357640075683593750e+01
2.579030227661132812e+01
2.282370090484619141e+00
2.140810012817382812e+00
3.143270015716552734e+00
2.419169992208480835e-01
3.434259796142578125e+01
8.037709808349609375e+01
