6.268753687540690400e+00
5.339162190755208037e+00
8.244606177012125059e+00
5.430893580118815400e+00
6.268753687540690400e+00
5.460175514221191406e+00
6.268753687540690400e+00
6.655650138854980469e+00
7.048567930857340791e+00
4.611780881881713867e+00
6.268753687540690400e+00
5.858237425486247041e+00
6.023216247558593750e+00
5.518509229024251006e+00
5.296162684758503936e+00
4.769983371098835967e+00
4.769983371098835967e+00
5.399370034535725615e+00
6.268753687540690400e+00
5.703618844350178740e+00
5.089706103006998994e+00
4.676023562749226592e+00
6.268753687540690400e+00
6.054991881052653291e+00
7.090872605641682647e+00
5.435788790384928681e+00
5.893954753875732422e+00
4.769983371098835967e+00
5.297314961751301787e+00
5.971683025360107422e+00
6.268753687540690400e+00
5.815327405929565430e+00
6.494310537974040010e+00
5.736756881078084014e+00
6.731703440348307588e+00
4.656562964121500947e+00
5.832314173380534150e+00
5.674167633056640625e+00
5.313922246297200225e+00
5.790051619211832978e+00
6.268753687540690400e+00
6.124790509541829131e+00
8.330352624257406191e+00
6.736186504364013672e+00
6.994721412658691406e+00
6.025702953338623047e+00
4.756732225418090820e+00
5.628962516784667969e+00
6.268753687540690400e+00
5.447385629018147490e+00
4.881949106852213838e+00
6.268753687540690400e+00
5.503666400909423828e+00
6.286111990610758760e+00
6.268753687540690400e+00
6.027560393015543916e+00
4.977589209874470733e+00
5.665622313817341826e+00
6.230003515879313447e+00
5.321739832560221650e+00
6.800131638844807647e+00
4.690850973129272461e+00
6.063742478688557647e+00
5.757260163625081084e+00
