7.195080757141113281e+00
7.195080757141113281e+00
7.195080757141113281e+00
7.195080757141113281e+00
7.195080757141113281e+00
7.195080757141113281e+00
7.195080757141113281e+00
7.195080757141113281e+00
7.195080757141113281e+00
7.195080757141113281e+00
7.195080757141113281e+00
7.195080757141113281e+00
7.195080757141113281e+00
7.195080757141113281e+00
7.195080757141113281e+00
7.195080757141113281e+00
7.195080757141113281e+00
7.195080757141113281e+00
7.195080757141113281e+00
7.195080757141113281e+00
7.195080757141113281e+00
7.195080757141113281e+00
7.195080757141113281e+00
7.195080757141113281e+00
7.195080757141113281e+00
7.195080757141113281e+00
7.195080757141113281e+00
7.195080757141113281e+00
7.195080757141113281e+00
7.195080757141113281e+00
7.195080757141113281e+00
7.195080757141113281e+00
7.195080757141113281e+00
7.195080757141113281e+00
7.195080757141113281e+00
7.195080757141113281e+00
7.195080757141113281e+00
7.195080757141113281e+00
7.195080757141113281e+00
7.195080757141113281e+00
7.195080757141113281e+00
7.195080757141113281e+00
7.195080757141113281e+00
7.195080757141113281e+00
7.195080757141113281e+00
7.195080757141113281e+00
7.195080757141113281e+00
7.195080757141113281e+00
7.195080757141113281e+00
7.195080757141113281e+00
7.195080757141113281e+00
7.195080757141113281e+00
7.195080757141113281e+00
7.195080757141113281e+00
7.195080757141113281e+00
7.195080757141113281e+00
7.195080757141113281e+00
7.195080757141113281e+00
7.195080757141113281e+00
7.195080757141113281e+00
7.195080757141113281e+00
7.195080757141113281e+00
7.195080757141113281e+00
7.195080757141113281e+00
