8.514752388000488281e-01
2.408861398696899414e+00
1.873284339904785156e+00
1.505228042602539062e+00
1.775983333587646484e+00
1.176604747772216797e+00
2.532223463058471680e+00
3.907166957855224609e+00
1.153144836425781250e+00
3.132011890411376953e+00
1.687603950500488281e+00
1.057847142219543457e+00
3.226476430892944336e+00
4.266134738922119141e+00
4.072039604187011719e+00
9.394785761833190918e-01
9.858265519142150879e-01
1.816940546035766602e+00
1.755387306213378906e+00
3.059154510498046875e+00
6.732592582702636719e-01
2.273462533950805664e+00
2.283304214477539062e+00
1.455020070075988770e+00
2.395313024520874023e+00
1.936506509780883789e+00
2.699283599853515625e+00
3.454836368560791016e+00
1.247979283332824707e+00
2.105108499526977539e+00
2.641728162765502930e+00
3.105892181396484375e+00
1.841937065124511719e+00
1.443282008171081543e+00
2.886975765228271484e+00
3.334717273712158203e+00
2.122243881225585938e+00
1.351721882820129395e+00
2.141947746276855469e+00
1.230860233306884766e+00
1.389073491096496582e+00
1.262736916542053223e+00
9.806222319602966309e-01
6.930457353591918945e-01
2.042031288146972656e+00
2.847103357315063477e+00
8.325144648551940918e-01
1.515454411506652832e+00
3.104657411575317383e+00
1.821007370948791504e+00
3.275132179260253906e+00
1.872497320175170898e+00
6.567547321319580078e-01
3.550290822982788086e+00
2.524516344070434570e+00
2.376572370529174805e+00
4.287606716156005859e+00
9.084842205047607422e-01
1.699023485183715820e+00
6.588372707366943359e+00
1.745599627494812012e+00
3.707687377929687500e+00
1.132920145988464355e+00
2.579856872558593750e+00
6.538662314414978027e-01
3.997679948806762695e+00
1.949799656867980957e+00
2.829387903213500977e+00
6.808242797851562500e-01
1.452233195304870605e+00
3.483323574066162109e+00
4.711629867553710938e+00
2.197791337966918945e+00
3.546627044677734375e+00
2.189043045043945312e+00
2.532790660858154297e+00
1.766490817070007324e+00
2.431531906127929688e+00
1.009054660797119141e+00
2.325173854827880859e+00
2.353403329849243164e+00
2.941726207733154297e+00
8.510498404502868652e-01
1.532481908798217773e+00
2.105470418930053711e+00
1.794725775718688965e+00
3.347342014312744141e+00
1.192365169525146484e+00
1.286023616790771484e+00
1.695199251174926758e+00
1.819514751434326172e+00
3.443475246429443359e+00
9.470095634460449219e-01
2.395200490951538086e+00
9.874195456504821777e-01
3.996912240982055664e+00
2.498183012008666992e+00
1.504657387733459473e+00
1.300261855125427246e+00
2.151098966598510742e+00
1.868088483810424805e+00
3.295290231704711914e+00
1.688283801078796387e+00
8.594102263450622559e-01
1.810042738914489746e+00
1.432143807411193848e+00
4.639402866363525391e+00
1.600637555122375488e+00
9.563488364219665527e-01
4.471776485443115234e+00
1.944650173187255859e+00
2.589091777801513672e+00
1.641955375671386719e+00
1.463423371315002441e+00
6.884569525718688965e-01
1.387693047523498535e+00
2.297085523605346680e+00
1.591349840164184570e+00
2.005253791809082031e+00
1.341012358665466309e+00
2.599625825881958008e+00
4.122253656387329102e-01
3.142075300216674805e+00
1.390940189361572266e+00
1.288626551628112793e+00
5.171315193176269531e+00
1.706806182861328125e+00
1.871333956718444824e+00
1.754440546035766602e+00
1.710651993751525879e+00
3.430820465087890625e+00
1.801438093185424805e+00
2.008385658264160156e+00
2.278009176254272461e+00
7.081656455993652344e-01
4.028779506683349609e+00
2.326471805572509766e+00
1.929736495018005371e+00
2.514712333679199219e+00
3.059148550033569336e+00
3.135752677917480469e+00
1.508332729339599609e+00
1.290003180503845215e+00
1.032257199287414551e+00
4.252130508422851562e+00
1.790257930755615234e+00
1.812629818916320801e+00
2.506351232528686523e+00
6.970593929290771484e-01
3.541061639785766602e+00
3.274737119674682617e+00
2.333681344985961914e+00
2.346183300018310547e+00
2.238393545150756836e+00
2.150861978530883789e+00
1.566951870918273926e+00
2.530228853225708008e+00
1.299182534217834473e+00
2.272196054458618164e+00
1.192077279090881348e+00
1.062152862548828125e+00
2.247074842453002930e+00
1.711783528327941895e+00
4.427346229553222656e+00
2.320300817489624023e+00
1.720876216888427734e+00
1.870316624641418457e+00
1.027688503265380859e+00
1.079396843910217285e+00
1.689448237419128418e+00
1.042709946632385254e+00
1.128417849540710449e+00
2.845172643661499023e+00
3.077995061874389648e+00
1.899811863899230957e+00
9.666240215301513672e-01
9.135364890098571777e-01
1.930112838745117188e+00
1.380624890327453613e+00
1.639787197113037109e+00
3.155313968658447266e+00
4.754869461059570312e+00
8.225978612899780273e-01
2.350643157958984375e+00
1.364523768424987793e+00
5.818788409233093262e-01
2.022160768508911133e+00
1.649492025375366211e+00
1.443907260894775391e+00
1.074011564254760742e+00
1.539756894111633301e+00
2.284710884094238281e+00
1.330851316452026367e+00
1.961240887641906738e+00
1.181496858596801758e+00
1.943990468978881836e+00
2.466264247894287109e+00
1.494007945060729980e+00
3.076275110244750977e+00
1.075150251388549805e+00
1.758780241012573242e+00
1.398701071739196777e+00
2.452055692672729492e+00
4.481427192687988281e+00
1.367230653762817383e+00
1.349525928497314453e+00
2.320727348327636719e+00
1.289569258689880371e+00
6.527687311172485352e-01
3.366239070892333984e+00
1.601118087768554688e+00
1.188189387321472168e+00
3.109050989151000977e+00
1.268294930458068848e+00
3.094960927963256836e+00
1.778434276580810547e+00
6.919311285018920898e-01
1.706356525421142578e+00
4.222280025482177734e+00
1.699890255928039551e+00
1.661420464515686035e+00
3.919195652008056641e+00
3.007764101028442383e+00
3.570863723754882812e+00
4.414818286895751953e+00
1.453866839408874512e+00
1.634395599365234375e+00
9.644659757614135742e-01
3.857591629028320312e+00
8.548836708068847656e-01
2.834078073501586914e+00
2.201395511627197266e+00
4.545784950256347656e+00
3.553664207458496094e+00
1.174908518791198730e+00
2.306755304336547852e+00
2.528656721115112305e+00
3.167501688003540039e+00
9.806863069534301758e-01
1.140496969223022461e+00
4.585337162017822266e+00
2.803149700164794922e+00
3.254629373550415039e+00
2.167938232421875000e+00
8.851475715637207031e-01
1.323372483253479004e+00
3.781126022338867188e+00
1.455727696418762207e+00
9.074360132217407227e-01
5.619813799858093262e-01
2.683925151824951172e+00
9.476875066757202148e-01
5.368707776069641113e-01
2.268945932388305664e+00
1.213160753250122070e+00
9.460426568984985352e-01
