4.490663051605224609e+00
2.152832001447677612e-01
5.540817260742187500e+00
2.903594970703125000e-01
3.069224953651428223e-01
2.478866428136825562e-01
9.288210868835449219e+00
5.300764083862304688e+00
3.313848972320556641e+00
3.115286560058593750e+02
2.901292741298675537e-01
2.350470304489135742e+00
3.431298446655273438e+01
1.344602465629577637e+00
6.103913187980651855e-01
1.132779940962791443e-01
2.328476667404174805e+00
3.084705162048339844e+01
6.689839839935302734e+00
3.533852472901344299e-02
1.094067215919494629e+00
3.596768140792846680e+00
6.058314895629882812e+01
4.856764376163482666e-01
1.962529182434082031e+00
1.150926876068115234e+01
1.072321987152099609e+01
1.369465112686157227e+00
4.965593814849853516e-01
5.854466930031776428e-02
1.562718868255615234e+00
4.128093719482421875e-01
3.378196239471435547e+00
2.873625159263610840e-01
5.125789165496826172e+00
2.041241407394409180e+00
2.335593700408935547e-01
1.021185636520385742e+00
2.619024515151977539e-01
3.062763214111328125e-01
1.343927001953125000e+01
1.176913902163505554e-01
6.761007308959960938e+00
3.035149002075195312e+01
2.423882484436035156e+00
2.585060119628906250e+01
6.265797805786132812e+01
2.634414434432983398e+00
2.224256753921508789e+00
7.443410158157348633e-01
1.642841529846191406e+01
1.978338718414306641e+00
1.663381385803222656e+01
1.532552337646484375e+01
1.148604512214660645e+00
3.717022389173507690e-02
8.955876350402832031e+00
1.442447066307067871e+00
5.616819858551025391e-01
4.801428604125976562e+01
4.198826849460601807e-01
2.193037033081054688e+00
1.317933648824691772e-01
6.890196204185485840e-01
3.191686272621154785e-01
2.065088844299316406e+01
1.841241002082824707e+00
9.107654541730880737e-02
3.349942207336425781e+00
1.007712244987487793e+00
5.160214006900787354e-02
3.854492902755737305e+00
5.085680484771728516e-01
5.159903049468994141e+00
3.028388977050781250e+00
1.906787157058715820e+00
1.855950802564620972e-02
3.353814125061035156e+00
1.360897445678710938e+01
3.997860431671142578e+00
1.904751014709472656e+01
8.257923889160156250e+01
5.054360628128051758e-02
2.159385085105895996e-01
1.179713085293769836e-01
2.108771896362304688e+01
2.338275909423828125e+01
1.110615372657775879e+00
3.429175567626953125e+01
2.834738159179687500e+01
1.673000216484069824e+00
1.135823822021484375e+01
2.222463786602020264e-01
2.249601602554321289e+00
3.447250604629516602e+00
1.399658799171447754e+00
1.747160339355468750e+01
1.292642205953598022e-01
4.194013595581054688e+01
3.311900854110717773e+00
6.016284561157226562e+01
1.821125745773315430e+00
6.756622791290283203e+00
1.878533172607421875e+01
2.503668594360351562e+01
1.071111202239990234e+00
1.668906956911087036e-01
4.404665827751159668e-01
2.501545548439025879e-01
1.160816860198974609e+01
3.870797455310821533e-01
4.199334335327148438e+01
1.684124827384948730e+00
1.129872575402259827e-01
7.538540363311767578e+00
5.713954448699951172e+00
2.307071924209594727e+00
1.021963834762573242e+00
7.387213706970214844e+00
1.692728698253631592e-01
6.143812537193298340e-01
2.162525558471679688e+01
1.141480590820312500e+03
2.751482248306274414e+00
2.158194732666015625e+01
6.593023777008056641e+00
7.703389972448348999e-02
5.852160453796386719e-01
2.982411906123161316e-02
6.818159103393554688e+00
5.519656538963317871e-01
1.083910837769508362e-01
3.594198226928710938e-01
1.016790792346000671e-01
1.904772639274597168e+00
5.540146827697753906e-01
5.405682921409606934e-01
5.930167436599731445e-01
7.652230858802795410e-01
1.366483783721923828e+01
1.578079223632812500e+00
8.433936834335327148e-01
1.036963313817977905e-01
3.960609197616577148e+00
5.304719209671020508e-01
3.472071647644042969e+00
3.197111189365386963e-01
2.867222595214843750e+02
2.432346649169921875e+02
1.240053653717041016e+01
7.276136875152587891e-01
7.412556409835815430e-01
6.383419990539550781e+00
6.083964157104492188e+01
5.975309014320373535e-01
4.966931417584419250e-02
8.978568315505981445e-01
3.116987705230712891e+00
3.349059820175170898e-01
9.469387680292129517e-02
1.054446399211883545e-01
2.702237963676452637e-01
1.129004955291748047e+00
1.490204930305480957e+00
7.782452702522277832e-01
3.971165418624877930e-01
2.526511764526367188e+01
2.641560363769531250e+01
1.607814073562622070e+00
1.208930730819702148e+00
2.416625469923019409e-01
3.758114576339721680e-01
8.868649005889892578e-01
1.820115280151367188e+01
7.687972545623779297e+00
2.640535831451416016e+00
2.075841426849365234e+00
4.131013393402099609e+00
2.095114141702651978e-01
4.438526153564453125e+00
2.168884128332138062e-01
1.776368021965026855e-01
5.964197516441345215e-01
7.110295295715332031e+00
5.323138713836669922e+00
7.574812173843383789e-01
9.902288436889648438e+00
1.126939654350280762e+00
1.522958469390869141e+01
8.557679504156112671e-02
5.587045550346374512e-01
3.862157106399536133e+00
5.301164388656616211e-01
4.093613624572753906e+00
1.277089500427246094e+01
3.058028459548950195e+00
3.957178115844726562e+00
1.938918948173522949e+00
1.562675476074218750e+00
5.670194029808044434e-01
8.953079223632812500e+00
1.112446188926696777e-01
4.432100802659988403e-02
1.136133956909179688e+01
1.553347587585449219e+01
1.194632816314697266e+01
2.579089701175689697e-01
2.402210235595703125e-01
3.758703231811523438e+00
1.655561625957489014e-01
2.873238325119018555e-01
1.271118819713592529e-01
2.966993451118469238e-01
5.956400036811828613e-01
3.547213554382324219e+00
2.625680208206176758e+00
3.504538059234619141e+00
1.818917274475097656e+00
5.919648408889770508e-01
2.707805633544921875e-01
1.882258653640747070e-01
3.232043981552124023e+00
2.030823707580566406e+00
4.896081686019897461e-01
1.034864425659179688e+00
1.667758971452713013e-01
4.998203516006469727e-01
1.496263146400451660e-01
4.140228778123855591e-02
2.024936825037002563e-01
7.852277755737304688e+00
1.900228309631347656e+01
6.401043891906738281e+00
2.421895790100097656e+01
3.989750444889068604e-01
2.734441518783569336e+00
4.440607070922851562e+01
5.299996584653854370e-02
2.978590488433837891e+00
2.515527486801147461e+00
1.871007537841796875e+01
6.148726940155029297e+00
5.931826019287109375e+01
1.171473264694213867e+00
1.193162536621093750e+01
1.384226679801940918e+00
2.571114730834960938e+01
2.442090606689453125e+01
1.920515418052673340e+00
1.429052352905273438e+00
1.902962207794189453e+00
5.840257406234741211e-01
1.187727823853492737e-01
1.970944851636886597e-01
1.632240486145019531e+01
7.616381168365478516e+00
