3.590356445312500000e+01
3.858039855957031250e+01
4.688072586059570312e+01
4.354225921630859375e+01
3.923551559448242188e+01
4.382069015502929688e+01
3.574257659912109375e+01
3.529189300537109375e+01
3.206149291992187500e+01
3.959184646606445312e+01
4.572749710083007812e+01
3.838395309448242188e+01
3.530934524536132812e+01
3.508495330810546875e+01
4.255384063720703125e+01
4.333831024169921875e+01
1.926554870605468750e+01
3.186055755615234375e+01
3.875156021118164062e+01
3.623846054077148438e+01
4.010653686523437500e+01
3.818125534057617188e+01
7.203083801269531250e+01
3.764128112792968750e+01
3.916371917724609375e+01
3.686769866943359375e+01
7.234994506835937500e+01
3.211258697509765625e+01
4.355012893676757812e+01
6.844691467285156250e+01
3.482431411743164062e+01
2.605955123901367188e+01
4.580505371093750000e+01
4.688100814819335938e+01
4.329844284057617188e+01
4.582962417602539062e+01
7.159878540039062500e+01
3.940610885620117188e+01
4.679761886596679688e+01
6.157323837280273438e+01
4.654421997070312500e+01
4.806875991821289062e+01
5.933647918701171875e+01
4.270936203002929688e+01
4.652325057983398438e+01
3.545182037353515625e+01
3.827162170410156250e+01
2.889005088806152344e+01
4.279120635986328125e+01
4.773162460327148438e+01
3.229981994628906250e+01
4.444078063964843750e+01
4.766333389282226562e+01
3.957105636596679688e+01
4.141697311401367188e+01
3.460137939453125000e+01
4.392123794555664062e+01
4.810660552978515625e+01
4.052848815917968750e+01
3.185306167602539062e+01
3.493068695068359375e+01
7.085282897949218750e+01
6.905371856689453125e+01
3.981847381591796875e+01
2.852816390991210938e+01
4.098426437377929688e+01
3.960943603515625000e+01
4.709296035766601562e+01
4.615119171142578125e+01
3.029689788818359375e+01
4.007925415039062500e+01
4.658915328979492188e+01
3.778309249877929688e+01
3.538508224487304688e+01
4.643181991577148438e+01
4.621295928955078125e+01
3.171601295471191406e+01
4.150872802734375000e+01
4.547608566284179688e+01
4.301916885375976562e+01
4.704241561889648438e+01
3.970771408081054688e+01
4.409719848632812500e+01
4.378003692626953125e+01
4.529667282104492188e+01
4.541275787353515625e+01
7.117587280273437500e+01
3.698630905151367188e+01
3.656418228149414062e+01
4.711837387084960938e+01
7.255194091796875000e+01
3.327519607543945312e+01
3.783946990966796875e+01
4.265412521362304688e+01
3.567552947998046875e+01
2.845471954345703125e+01
4.154937362670898438e+01
4.749313735961914062e+01
5.591924667358398438e+01
4.232172393798828125e+01
4.586497497558593750e+01
3.587837982177734375e+01
3.305180740356445312e+01
4.723982238769531250e+01
4.647275543212890625e+01
6.879965972900390625e+01
4.139788055419921875e+01
4.458482360839843750e+01
3.957934188842773438e+01
4.388708114624023438e+01
3.432993316650390625e+01
7.118032073974609375e+01
3.565888214111328125e+01
3.747314453125000000e+01
4.593038940429687500e+01
4.331512069702148438e+01
4.668573379516601562e+01
4.717642211914062500e+01
4.657361602783203125e+01
3.806805419921875000e+01
3.899374771118164062e+01
6.983472442626953125e+01
4.335783386230468750e+01
4.199289321899414062e+01
4.054071426391601562e+01
4.763877105712890625e+01
4.097472763061523438e+01
4.331782531738281250e+01
4.686125946044921875e+01
4.327031326293945312e+01
3.621683502197265625e+01
6.880887603759765625e+01
3.638117980957031250e+01
4.188039016723632812e+01
4.322252273559570312e+01
4.209202957153320312e+01
4.105949401855468750e+01
6.344162750244140625e+01
3.953241348266601562e+01
4.686787414550781250e+01
4.069740676879882812e+01
4.321476364135742188e+01
4.424965667724609375e+01
4.694499588012695312e+01
4.258879470825195312e+01
4.440357208251953125e+01
4.279188156127929688e+01
4.383304214477539062e+01
4.706836700439453125e+01
3.131265830993652344e+01
4.109693527221679688e+01
2.837377929687500000e+01
4.012791061401367188e+01
3.264921951293945312e+01
4.291200637817382812e+01
4.779142761230468750e+01
1.992919158935546875e+01
2.007434463500976562e+01
6.320396804809570312e+01
3.746924972534179688e+01
3.886053848266601562e+01
4.279956436157226562e+01
3.064946746826171875e+01
4.295114898681640625e+01
7.114638519287109375e+01
3.099237060546875000e+01
7.257511901855468750e+01
4.243177032470703125e+01
3.659405136108398438e+01
4.753337478637695312e+01
4.310901641845703125e+01
4.460989761352539062e+01
4.277396011352539062e+01
3.329107284545898438e+01
4.505118560791015625e+01
4.376589584350585938e+01
4.191654205322265625e+01
4.403796386718750000e+01
4.546136474609375000e+01
3.984766769409179688e+01
3.818261337280273438e+01
3.019447708129882812e+01
4.382971572875976562e+01
4.705391311645507812e+01
3.890420150756835938e+01
3.661164474487304688e+01
3.149065399169921875e+01
6.785379028320312500e+01
2.023356437683105469e+01
5.677436447143554688e+01
3.149102973937988281e+01
4.166840744018554688e+01
4.239434432983398438e+01
2.572593116760253906e+01
4.701089859008789062e+01
3.699557495117187500e+01
2.981193733215332031e+01
7.193689727783203125e+01
4.138636398315429688e+01
4.205009078979492188e+01
4.323504638671875000e+01
5.962336349487304688e+01
4.742759704589843750e+01
6.130590820312500000e+01
3.990980148315429688e+01
3.540092468261718750e+01
3.393656921386718750e+01
3.853361511230468750e+01
3.997317504882812500e+01
3.821857070922851562e+01
4.369897460937500000e+01
4.733613967895507812e+01
4.767287063598632812e+01
3.463766479492187500e+01
4.070357894897460938e+01
3.241804504394531250e+01
3.412594223022460938e+01
3.907397079467773438e+01
5.591924667358398438e+01
3.717761993408203125e+01
3.753371429443359375e+01
4.470606231689453125e+01
4.250622177124023438e+01
3.937171936035156250e+01
3.998694610595703125e+01
3.348409271240234375e+01
3.881962966918945312e+01
4.590243148803710938e+01
3.419800186157226562e+01
3.559239196777343750e+01
3.831341552734375000e+01
4.022066879272460938e+01
4.412924575805664062e+01
4.707157516479492188e+01
4.596965408325195312e+01
3.908013916015625000e+01
4.796036529541015625e+01
4.712648773193359375e+01
4.317402267456054688e+01
4.188589477539062500e+01
3.169219398498535156e+01
3.931428527832031250e+01
3.227362442016601562e+01
4.614574432373046875e+01
3.522275161743164062e+01
4.769755172729492188e+01
4.081217956542968750e+01
4.229426574707031250e+01
4.426952743530273438e+01
4.289255142211914062e+01
4.763364028930664062e+01
3.955194854736328125e+01
6.908118438720703125e+01
4.705710983276367188e+01
4.469698333740234375e+01
1.639005851745605469e+01
