2.994705581665039062e+01
2.754370307922363281e+01
2.978361320495605469e+01
2.800310707092285156e+01
2.599610519409179688e+01
3.404558563232421875e+01
1.412062358856201172e+01
3.842395019531250000e+01
3.953321456909179688e+01
2.876081275939941406e+01
2.593413734436035156e+01
3.720035171508789062e+01
2.313426208496093750e+01
2.561448097229003906e+01
3.787937545776367188e+01
2.975492477416992188e+01
3.200723266601562500e+01
1.739546966552734375e+01
3.919150924682617188e+01
4.354180145263671875e+01
3.027991294860839844e+01
3.783330917358398438e+01
2.924883460998535156e+01
2.580360603332519531e+01
2.409820747375488281e+01
3.802590942382812500e+01
3.082290077209472656e+01
2.620095634460449219e+01
1.705455207824707031e+01
2.917757606506347656e+01
1.889269065856933594e+01
2.120697975158691406e+01
3.822985076904296875e+01
3.060741233825683594e+01
2.655922126770019531e+01
3.011280059814453125e+01
3.344599533081054688e+01
4.242641830444335938e+01
3.231102752685546875e+01
3.728716659545898438e+01
2.420919036865234375e+01
4.049519348144531250e+01
3.085982894897460938e+01
2.551946258544921875e+01
4.082452011108398438e+01
4.167718124389648438e+01
3.919516372680664062e+01
3.896137237548828125e+01
3.207114028930664062e+01
3.196021461486816406e+01
2.245827865600585938e+01
3.277229309082031250e+01
3.299003601074218750e+01
3.225354003906250000e+01
3.864551162719726562e+01
3.158362007141113281e+01
2.997607803344726562e+01
2.757165908813476562e+01
3.005179405212402344e+01
3.788310623168945312e+01
3.191128730773925781e+01
2.031391334533691406e+01
2.605210876464843750e+01
3.832677459716796875e+01
3.293617630004882812e+01
3.179062080383300781e+01
3.203134155273437500e+01
3.823371505737304688e+01
3.702555084228515625e+01
2.560041427612304688e+01
3.090107345581054688e+01
3.815638351440429688e+01
2.562165260314941406e+01
2.644128608703613281e+01
2.061234474182128906e+01
3.063274574279785156e+01
2.331309890747070312e+01
4.074201583862304688e+01
3.831777191162109375e+01
2.615493965148925781e+01
4.434228515625000000e+01
3.084445381164550781e+01
3.822824859619140625e+01
3.885538864135742188e+01
3.055260086059570312e+01
3.279765319824218750e+01
1.924042701721191406e+01
2.771623039245605469e+01
3.606641006469726562e+01
4.160114669799804688e+01
3.060918617248535156e+01
4.106695556640625000e+01
2.981237792968750000e+01
5.391157531738281250e+01
3.775569915771484375e+01
2.948696517944335938e+01
3.419461059570312500e+01
2.924330520629882812e+01
2.624612236022949219e+01
3.815118026733398438e+01
3.144317245483398438e+01
3.768100357055664062e+01
4.270975875854492188e+01
2.556594657897949219e+01
3.891058349609375000e+01
3.635172653198242188e+01
3.161176490783691406e+01
2.608143615722656250e+01
3.834043502807617188e+01
3.259774780273437500e+01
3.741112899780273438e+01
2.632576560974121094e+01
3.177151870727539062e+01
3.244228363037109375e+01
2.738769721984863281e+01
3.907929229736328125e+01
3.408258819580078125e+01
2.599143791198730469e+01
2.515479469299316406e+01
3.861403274536132812e+01
2.637489318847656250e+01
2.644825935363769531e+01
3.365921401977539062e+01
4.239091110229492188e+01
2.538754463195800781e+01
2.257384490966796875e+01
3.248277664184570312e+01
2.624660491943359375e+01
3.255277633666992188e+01
3.120998191833496094e+01
3.271679687500000000e+01
3.260037231445312500e+01
3.032862472534179688e+01
3.273739624023437500e+01
2.780895042419433594e+01
3.855700302124023438e+01
3.654559326171875000e+01
4.176063156127929688e+01
3.334529876708984375e+01
3.833560180664062500e+01
2.456609344482421875e+01
2.594771385192871094e+01
2.538445663452148438e+01
2.732732391357421875e+01
3.881127166748046875e+01
3.778654098510742188e+01
2.984184837341308594e+01
2.675449180603027344e+01
2.598043632507324219e+01
2.227650070190429688e+01
2.560147666931152344e+01
3.282590866088867188e+01
3.722499084472656250e+01
3.869469070434570312e+01
3.799675369262695312e+01
2.586240768432617188e+01
3.904566955566406250e+01
2.419197273254394531e+01
3.857151412963867188e+01
3.282860946655273438e+01
3.120801734924316406e+01
3.745060348510742188e+01
3.247660446166992188e+01
2.768481254577636719e+01
3.050414085388183594e+01
2.907536888122558594e+01
3.758852005004882812e+01
3.456896591186523438e+01
2.678560638427734375e+01
2.450618934631347656e+01
2.587344741821289062e+01
3.452239990234375000e+01
4.406353759765625000e+01
3.206017684936523438e+01
3.714860916137695312e+01
3.276609039306640625e+01
3.273382949829101562e+01
2.606114196777343750e+01
2.811935043334960938e+01
3.074782943725585938e+01
3.097112083435058594e+01
3.038675880432128906e+01
3.605586242675781250e+01
3.253746032714843750e+01
3.780858612060546875e+01
2.301209449768066406e+01
3.008251953125000000e+01
2.544499015808105469e+01
3.216821289062500000e+01
2.925877380371093750e+01
2.384130668640136719e+01
2.591885757446289062e+01
2.635039901733398438e+01
3.805887985229492188e+01
2.972326660156250000e+01
2.931652069091796875e+01
3.774374771118164062e+01
3.810517501831054688e+01
3.051402473449707031e+01
4.305472183227539062e+01
3.123361587524414062e+01
2.589822006225585938e+01
2.638296890258789062e+01
3.835043716430664062e+01
2.414763450622558594e+01
3.011969375610351562e+01
2.492854309082031250e+01
3.015345001220703125e+01
3.265654754638671875e+01
2.573013877868652344e+01
3.033947944641113281e+01
2.491105079650878906e+01
3.631694412231445312e+01
3.602057266235351562e+01
3.366059494018554688e+01
3.834328842163085938e+01
3.301940917968750000e+01
3.759272384643554688e+01
3.135799789428710938e+01
3.534818649291992188e+01
3.090587615966796875e+01
4.770528411865234375e+01
2.694075965881347656e+01
3.722911834716796875e+01
2.619745254516601562e+01
4.120213699340820312e+01
4.364267730712890625e+01
3.861314010620117188e+01
2.619134521484375000e+01
3.106582450866699219e+01
3.790865707397460938e+01
3.029040527343750000e+01
2.523369407653808594e+01
4.124236297607421875e+01
4.496683120727539062e+01
3.573099517822265625e+01
3.082883834838867188e+01
2.553917694091796875e+01
3.648019790649414062e+01
3.083482360839843750e+01
3.030021286010742188e+01
2.476220893859863281e+01
3.831744384765625000e+01
3.196145629882812500e+01
3.529242324829101562e+01
3.487712860107421875e+01
4.509965515136718750e+01
3.215217208862304688e+01
2.596913909912109375e+01
3.186039733886718750e+01
2.628491783142089844e+01
3.877648544311523438e+01
2.517518806457519531e+01
3.545988464355468750e+01
3.593789672851562500e+01
4.366840744018554688e+01
