4.09849,
24.1462,
1.591456,
21.30698,
2.79222,
12.11696,
61.3416,
50.7838,
10.34842,
1.834944,
58.5372,
1.914588,
5.04717,
135.0087,
0.373408,
16.03804,
85.4042,
33.5177,
14.52608,
155.102,
18.60238,
163.3667,
29.0817,
4.98371,
11.901,
14.10979,
10.0455,
73.7114,
44.3907,
3.233852,
33.645,
177.4195,
262.1106,
2.5344,
40.996,
38.2194,
58.0277,
21.85148,
1.561696,
20.52942,
15.74016,
0.626304,
16.38211,
3.09024,
66.1208,
20.84939,
14.22749,
2.81296,
0.56096,
2.45398,
61.4134,
30.1645,
8.90938,
18.91988,
2.77757,
8.65021,
1.145952,
5.18074,
0.554304,
11.83206,
5.42995,
41.226,
4.54182,
28.7223,
152.8461,
0.258944,
92.1383,
11.74323,
0.7632,
1.679808,
6.12304,
8.94964,
237.5165,
100.5349,
0.828768,
2.89174,
0.38304,
3.77779,
215.1601,
8.23178,
66.3856,
0.755456,
36.5926,
0.484768,
51.8225,
20.94087,
115.8211,
5.63635,
32.6213,
33.8219,
1.749088,
61.8028,
4.60788,
0.555104,
25.1992,
8.3736,
37.3014,
2.244412,
3.26503,
14.61914,
52.9685,
3.78915,
2.963298,
0.701184,
139.1991,
143.5386,
164.2505,
16.69085,
63.6242,
105.1784,
7.7888,
35.4616,
35.7464,
90.2309,
0.228192,
9.4847,
309.1304,
17.05657,
69.3079,
4.82771,
1.721088,
42.9032,
2.056414,
9.89193,
24.0702,
82.453,
17.89483,
0.64944,
0.5336,
23.6884,
25.5788,
20.13008,
10.60746,
222.0603,
2.09846,
2.324448,
66.9521,
8.87805,
1.934082,
9.51651,
0.40752,
100.2951,
10.35949,
3.22484,
55.6247,
136.7758,
10.27562,
11.23222,
1.525408,
16.96948,
13.42291,
21.9752,
2.35424,
174.6732,
12.43414,
49.4844,
61.3277,
9.45162,
6.67594,
6.09376,
28.0623,
14.12467,
10.09764,
2.3671,
0.397312,
13.65044,
3.595492,
0.396608,
2.73597,
132.2793,
198.8542,
19.27166,
1.65312,
138.2421,
2.163172,
30.9744,
3.11962,
1.36432,
0.528064,
94.1637,
200.1428,
1.854176,
16.66438,
29.6104,
154.0813,
5.292,
22.20974,
1.137728,
15.16067,
9.27088,
29.464,
1.969152,
0.22336,
12.79702,
1.67008,
8.95082,
1.84352,
10.66762,
33.2008,
4.33856,
62.3549,
124.6444,
0.372672,
0.47888,
19.26694,
44.1212,
2.61267,
86.0155,
3.9809,
176.4094,
76.5944,
10.13872,
313.5553,
1.383008,
97.8827,
1.758016,
0.36816,
157.4868,
0.387168,
23.2112,
14.33254,
46.8964,
28.429,
4.07447,
73.8783,
26.7616,
2.477024,
33.6088,
130.8109,
61.043,
57.6951,
34.1654,
1.182816,
0.80576,
1.113152,
39.54989,
19.25289,
8.2311,
1.51104,
151.1028,
5.80227,
44.2707,
20.67251,
0.672,
9.97405,
6.25037,
0.720832,
38.1658,
9.22317,
96.0361,
52.1535,
35.7625,
0.469568,
4.01149,
3.84969,
66.9771,
13.5833,
0.976512,
0.251264,
20.51468,
27.89,
118.1908,
54.2726,
21.6018,
64.9405,
2.94842,
42.0282,
10.10227,
2.085476,
2.42649,
17.93174,
162.5901,
18.16471,
82.5922,
107.8234,
73.8547,
14.80688,
100.2519,
203.9369,
0.3976,
1.397536,
10.41235,
67.3638,
8.55834,
169.301,
4.29552,
92.8442,
0.402176,
2.199166,
69.8205,
4.18381,
9.56298,
4.30256,
3.8345,
53.14244,
2.36924,
1.750368,
20.04379,
43.2767,
0.694016,
2.60793,
0.297376,
24.1159,
20.65216,
0.801568,
167.037,
11.63005,
212.9024,
10.7192,
130.9148,
161.6997,
0.410208,
5.02474,
17.89341,
10.17949,
1.767776,
4.62358,
103.0508,
13.25203,
3.09197,
16.0735,
12.64851,
1.012736,
15.99082,
0.471904,
2.52595,
33.1987,
2.011422,
65.6311,
55.814,
70.6417,
7.73866,
1.868388,
41.2507,
79.6478,
0.355712,
78.4061,
6.74791,
24.2459,
0.91472,
8.7504,
44.6894,
20.99518,
4.19644,
86.8007,
1.734432,
3.56851,
54.2577,
35.1392,
87.2066,
0.619328,
83.4728,
67.2565,
4.30669,
121.7433,
2.116254,
49.3242,
8.47578,
3.30077,
58.1924,
1.42288,
33.9935,
19.92666,
29.3043,
0.957792,
39.17,
127.0039,
8.78528,
13.4017,
101.2337,
61.5736,
61.0859,
3.16614,
46.9926,
8.2767,
59.0288,
0.809408,
0.898112,
5.43084,
0.69696,
6.73565,
15.25197,
5.71388,
233.0373,
1.192576,
0.672768,
1.103168,
1.42752,
50.8605,
7.57936,
113.0096,
79.2876,
17.5304,
37.9435,
38.0478,
14.38422,
4.21779,
0.606144,
0.802944,
38.0926,
4.63004,
0.554368,
1.930242,
1.202016,
23.8791,
115.8555,
4.63859,
5.48364,
7.03139,
1.750976,
272.0896,
31.8821,
23.76846,
8.82768,
0.3872,
3.29808,
15.28893,
268.897,
35.4173,
0.265248,
2.96128,
5.30544,
211.4634,
3.8966,
24.1618,
0.266624,
33.8188,
3.65373,
149.0495,
35.1756,
33.3214,
7.55462,
2.092068,
5.6527,
30.5887,
9.31751,
2.217534,
7.79395,
0.487744,
1.7832,
46.4899,
60.2033,
0.34432,
7.79011,
0.3464,
22.33328,
20.32675,
5.53933,
164.4777,
33.0254,
45.0613,
0.383488,
22.97588,
21.34796,
15.86743,
44.4962,
0.592064,
87.5897,
2.25129,
16.13139,
1.194688,
7.31564,
3.042332,
1.062752,
97.2876,
81.4083,
12.56288,
0.273376,
14.2409,
85.2439,
6.16707,
39.8231,
3.291294,
14.6696,
36.8301,
1.0136,
116.2379,
2.61382,
26.9847,
2.6718,
9.49286,
17.06525,
25.7062,
7.43558,
3.45984,
21.70916,
296.0527,
9.56,
14.23804,
0.327168,
31.5543,
13.67904,
23.5119,
75.0974,
126.3248,
115.856,
137.9108,
94.6696,
8.40438,
145.4481,
33.4702,
2.21571,
5.10304,
0.409664,
81.9626,
13.42016,
17.9205,
41.321,
142.3361,
15.86503,
17.31385,
0.937504,
25.373,
1.448928,
0.896224,
0.38752,
20.62726,
57.5349,
73.4646,
5.22777,
47.7915,
22.52336,
7.422242,
58.6602,
67.8338,
6.22963,
79.633,
0.428608,
0.697568,
2.122846,
63.1819,
104.9851,
15.19382,
31.4704,
4.61507,
0.400352,
7.19879,
1.935838,
3.12247,
0.70704,
3.19664,
49.3304,
1.309216,
153.5498,
4.72378,
1.127008,
242.1151,
10.45385,
1.456416,
0.89344,
11.66275,
222.9224,
8.11468,
28.9068,
88.9712,
1.521824,
204.4504,
13.8136,
9.20647,
70.0748,
7.86426,
1.454496,
3.58976,
212.049,
1.083104,
6.35478,
173.6884,
2.80477,
23.79038,
9.28432,
2.270908,
204.486,
6.63814,
3.97805,
9.6057,
18.82538,
39.4756,
5.39725,
168.0568,
3.68413,
3.22836,
123.8646,
20.00602,
3.97994,
1.991392,
4.640704,
1.0616,
6.03037,
66.6773,
122.8533,
16.83142,
25.2408,
50.541,
22.8987,
2.188068,
19.1856,
0.338464,
162.7083,
5.90237,
9.31059,
195.9307,
18.39811,
52.3013,
125.1612,
0.36928,
1.492032,
123.6677,
4.5009,
1.179072,
152.3823,
12.34916,
1.27488,
37.0827,
6.41718,
6.28877,
69.4567,
20.6465,
0.54752,
12.57561,
7.08384,
2.312868,
2.65226,
10.00921,
0.362976,
1.974818,
41.1536,
42.2633,
2.25997,
32.5211,
7.23286,
9.45008,
12.21053,
128.8485,
36.6606,
75.5326,
14.84682,
27.2455,
27.6193,
48.7719,
5.71578,
24.742,
3.08813,
6.86973,
7.3008,
22.8966,
1.687396,
4.7993,
0.581216,
4.50493,
3.67008,
9.78864,
14.05721,
1.222656,
0.28912,
27.9323,
33.6787,
20.6907,
3.53789,
86.1408,
2.79933,
23.32382,
5.54134,
1.88189,
0.338272,
0.668704,
15.81517,
0.584768,
7.77382,
0.320992,
0.21136,
41.4835,
8.07047,
87.45027,
16.80698,
29.2267,
14.27011,
30.7146,
15.6208,
36.9705,
0.315904,
21.0472,
2.96858,
41.6574,
12.78508,
2.88563,
6.36672,
6.9118,
20.71788,
1.43872,
8.58473,
1.513856,
5.2311,
31.5521,
14.57456,
1.519136,
105.7146,
57.4035,
47.2848,
80.0217,
22.965,
1.974756,
22.17991,
11.54774,
72.3019,
222.5998,
4.71437,
0.354624,
23.7041,
145.3542,
6.85296,
16.97805,
131.208,
9.61613,
5.96845,
8.99001,
6.50947,
64.3554,
0.242528,
5.88845,
66.888,
47.1765,
2.53708,
91.7964,
14.92135,
68.7974,
93.4149,
0.332608,
11.11369,
151.0483,
0.285568,
72.2122,
158.6898,
46.1643,
46.7942,
11.25399,
32.5781,
78.1727,
39.5644,
0.40432,
15.08502,
0.464736,
9.16304,
2.61949,
4.47088,
8.01309,
1.19824,
156.297,
84.6269,
1.5184,
6.2032,
0.836832,
0.878016,
93.0246,
108.7318,
9.43843,
2.088802,
0.309728,
6.3817,
7.33619,
2.58279,
15.46973,
67.9261,
12.77427,
0.663648,
23.57612,
19.27726,
73.1811,
1.667232,
11.37434,
28.7555,
5.31165,
42.1203,
34.1702,
70.7391,
19.52762,
21.69948,
18.58528,
27.9956,
33.3847,
3.23024,
37.8457,
8.05811,
76.3435,
6.44204,
1.305152,
139.7258,
35.3154,
15.44435,
1.4264,
18.82772,
59.1272,
0.986048,
41.9867,
7.42701,
89.4564,
18.60094,
1.261632,
187.4439,
74.0383,
54.8082,
3.30835,
3.154082,
17.4044,
10.70327,
9.37597,
1.884194,
17.61523,
21.19557,
17.16637,
3.1442,
6.26256,
1.2552,
1.962016,
3.46221,
6.37555,
4.548866,
1.752512,
4.60999,
2.82794,
3.0783,
9.05974,
7.44566,
48.9242,
5.24804,
10.35097,
31.8751,
3.88765,
3.02947,
