Ensembled Results,Labels,Error(%)
0.292576869329,0.254368007183,15.0210958402
0.273804863294,0.355647981167,23.012394898
0.315722346306,0.286463975906,10.2136299362
0.277141253153,0.244800001383,13.2112955833
0.300769249598,0.300287991762,0.160265428264
0.308794975281,0.293343991041,5.26718961746
0.307022074858,0.358367979527,14.3277043714
0.300406257312,0.238848000765,25.7729838012
0.292004048824,0.33091199398,11.7577923629
0.299876332283,0.265407979488,12.9869316141
0.302146653334,0.315871983767,4.3452193096
0.387671868006,0.357984006405,8.29306926297
0.290941913923,0.329055994749,11.5828556339
0.273872057597,0.27804800868,1.50188131299
0.27089736859,0.274911999702,1.46033316725
0.278192897638,0.241376012564,15.2529179196
0.271816988786,0.250591993332,8.4699415859
0.324362536271,0.305312007666,6.23969189795
0.279092291991,0.323360025883,13.6899215575
0.319090147813,0.324000000954,1.5153867673
0.272509137789,0.271840006113,0.246149080823
0.378379861514,0.40553599596,6.69635611067
0.301540692647,0.259135991335,16.3638794804
0.272811551889,0.274432003498,0.590474721839
0.27818719546,0.428608000278,35.0951929784
0.295412441095,0.369951993227,20.148439121
0.313905735811,0.357600003481,12.2187548224
0.311009426912,0.270527988672,14.9638632358
0.291756749153,0.322304010391,9.47777882162
0.283336639404,0.27875199914,1.64470220076
0.296225647132,0.284319996834,4.18741222228
0.323958953222,0.337503999472,4.0132994783
0.284325798353,0.372895985842,23.7519820143
0.273777027925,0.258176028728,6.04277603665
0.275945067406,0.357376009226,22.7857885583
0.296924451987,0.252448022366,17.6180542848
0.288136601448,0.454623997211,36.6208992012
0.278935531775,0.286944001913,2.79095227101
0.320954203606,0.584352016449,45.0751953324
0.325880030791,0.350336015224,6.98072232677
0.268849531809,0.242592006922,10.82373868
0.274757583936,0.250367999077,9.74149449975
0.409395972888,0.431935995817,5.21837104288
0.290688713392,0.369024008512,21.2276961157
0.274598618348,0.24793599546,10.7538329961
0.277457396189,0.26329600811,5.37850466514
0.300613681475,0.234303995967,28.3007061978
0.296281437079,0.293312013149,1.0123771945
0.281367739042,0.275424003601,2.1580310223
0.311290383339,0.326272010803,4.59175993289
0.268132865429,0.250431984663,7.0681389958
0.276017665863,0.281055986881,1.7926396353
0.313529590766,0.285247981548,9.91474472977
0.306752721469,0.265184015036,15.6754193602
0.271898249785,0.269600003958,0.85246505698
0.287002563477,0.294144004583,2.42787240111
0.269716044267,0.279935985804,3.65081377703
0.336490233739,0.377503991127,10.8644566288
0.2712388436,0.251584023237,7.81242787591
0.284626881282,0.242431998253,17.4048324201
0.268114447594,0.244128018618,9.82534864776
0.300077358882,0.270911991596,10.7656243319
0.275341749191,0.332096010447,17.0897148626
0.324350436529,0.464895993471,30.2316128589
0.272392352422,0.246336013079,10.5775599019
0.304406483968,0.423391997814,28.1029198616
0.399306416512,0.408447980881,2.23812206134
0.271920641263,0.281759977341,3.49209854793
0.322009642919,0.315008014441,2.2226826485
0.288944005966,0.355264008045,18.6678077647
0.334023594856,0.367583990097,9.12999372794
0.276160697142,0.281599998474,1.93157008569
0.275535504023,0.249792009592,10.3059719457
0.271822532018,0.328159987926,17.1676797846
0.362179954847,0.33756801486,7.29095734877
0.286246061325,0.356895983219,19.7956618219
0.313958923022,0.329152017832,4.61582915697
0.280764540037,0.245888009667,14.1839085266
0.313530842463,0.283360004425,10.6475287856
0.307596683502,0.31843200326,3.40271067184
0.270366628965,0.252415984869,7.11153222133
0.272169192632,0.241568014026,12.667727857
0.27505616347,0.232256010175,18.4280067771
0.299493451913,0.584416031837,48.7533819065
0.298277616501,0.293567985296,1.60427275469
0.305536905924,0.478848010302,36.1933433258
0.304739395777,0.277311980724,9.89045441939
0.274838407834,0.267327994108,2.80943780363
0.339609265327,0.327039986849,3.843346069
0.279269536336,0.295711994171,5.56029452947
0.28588583072,0.288960009813,1.06387700327
0.383784453074,0.403263986111,4.83046681764
0.341714541117,0.31852799654,7.27927994686
0.293082714081,0.3343359828,12.3388659436
0.274022698402,0.404511988163,32.2584481002
0.322599609693,0.329856008291,2.19986855354
0.303325871627,0.319615989923,5.0967782622
0.275788287322,0.334751993418,17.6141463697
0.286726911863,0.278080016375,3.10949905744
0.2926303943,0.619104027748,52.7332433349
0.278397957484,0.379327982664,26.607587574
0.296953062216,0.461567997932,35.6642870505
0.385053316752,0.409312009811,5.92669955384
0.292341311773,0.491488009691,40.5191365795
0.299132128557,0.363104015589,17.6180610199
0.289094249407,0.279455989599,3.44893656495
0.286409238974,0.351552009583,18.5300521211
0.290549099445,0.370240002871,21.5241202483
0.378533760707,0.34435197711,9.92640840443
0.381777683894,0.426815986633,10.5521592794
0.383744001389,0.73398399353,47.7176607704
0.279968957106,0.333311975002,16.0039308206
0.260224779447,0.247200012207,5.26891852618
0.288839101791,0.354047983885,18.4180916321
0.309506654739,0.320223987103,3.34682372177
0.322158058484,0.327039986849,1.49276191315
0.293887853622,0.322591990232,8.89796941001
0.277488271395,0.266303986311,4.19981887592
0.308792968591,0.270239979029,14.26620506
0.324940701326,0.301791995764,7.67041733608
0.317728042603,0.35583999753,10.7104190625
0.278618733088,0.334271997213,16.6490955237
0.283042351405,0.249056011438,13.6460628957
0.272471090158,0.266527980566,2.22982576883
0.332718690236,0.384351998568,13.4338597233
0.311291674773,0.414559990168,24.9103429766
0.273180484772,0.398815989494,31.502123293
0.276374816895,0.264127999544,4.63669787812
0.315541625023,0.489183992147,35.4963306061
0.304044445356,0.37567999959,19.0682374128
0.297120769819,0.387807995081,23.3845682432
0.30956697464,0.363135993481,14.7517788934
0.325688660145,0.378271996975,13.9009329928
0.289075493813,0.322272002697,10.3007734481
0.273669242859,0.322111994028,15.0391019482
0.275549193223,0.255295991898,7.93322338326
0.358336369197,0.348992019892,2.67752520752
0.295720855395,0.272543996572,8.50389629343
0.281265099843,0.235231995583,19.5692359565
0.30443952481,0.277216017246,9.82032273377
0.315123915672,0.352192014456,10.5249685575
0.362880984942,0.448032021523,19.0055693544
0.279396096865,0.293055981398,4.66118605297
0.278141538302,0.237760007381,16.984156152
0.281477630138,0.246143996716,14.3548629641
0.274051308632,0.239999994636,14.1880478156
0.321272492409,0.306336015463,4.87584749815
0.312051614126,0.276607990265,12.813665949
0.286869982878,0.261599987745,9.65978452479
0.291139801343,0.275424003601,5.70603779508
0.301464498043,0.363967984915,17.1727980103
0.419085264206,0.592480003834,29.2659226482
0.316158235073,0.37331199646,15.3099182263
0.274583896001,0.380160003901,27.7714927441
0.288493514061,0.321567982435,10.2853736009
0.294043997924,0.304927974939,3.56935995065
0.292508006096,0.235423997045,24.2473196309
0.285978476206,0.408800005913,30.0444050709
0.276810884476,0.26848000288,3.10298029881
0.291294515133,0.354815989733,17.9026527659
0.271389444669,0.252512007952,7.47585703764
0.316691358884,0.477663993835,33.6999725809
0.3373341163,0.423615992069,20.3679458247
0.305443962415,0.452063977718,32.4334657327
0.2882057031,0.288192003965,0.00475347476764
0.30755096674,0.286720007658,7.26526176244
0.357155243556,0.394815981388,9.53880785169
0.322288155556,0.347360014915,7.21783115015
0.303087890148,0.506143987179,40.1182474107
0.308318217595,0.294048011303,4.85301914787
0.282406449318,0.249407991767,13.2307137864
0.387714942296,0.400608003139,3.21837325817
0.285065333049,0.390464007854,26.993185719
0.396479447683,0.411008000374,3.53485885382
0.288127243519,0.413760006428,30.363679659
0.313396036625,0.3252800107,3.65345969146
0.279428203901,0.256031990051,9.13800413952
0.292858084043,0.244543999434,19.7568064321
0.276633342107,0.415327996016,33.3940055183
0.377975145976,0.356159985065,6.12510159059
0.272771080335,0.265184015036,2.86105680176
0.269468267759,0.530719995499,49.2259063076
0.290504574776,0.231487989426,25.4944481122
0.292046467463,0.298880010843,2.28638354262
0.297492563725,0.254848003387,16.7333311504
0.292301019033,0.307551980019,4.9588238661
0.272659222285,0.276063978672,1.23332149433
0.290844877561,0.362207978964,19.7022444417
0.316392501195,0.329055994749,3.84843119587
0.375790556272,0.340608000755,10.3293391343
0.27539952596,0.264351993799,4.17909923897
0.287675201893,0.252831995487,13.7811697204
0.269413948059,0.257952004671,4.4434403224
0.30853497982,0.392095983028,21.3113642641
0.27357061704,0.251488000154,8.78078352523
0.270272771517,0.243136018515,11.1611406523
0.283867835999,0.27030402422,5.0179836642
0.297782937686,0.255167990923,16.7007415815
0.280606210232,0.322144001722,12.8941688402
0.278232614199,0.231775999069,20.0437557455
0.370351115863,0.410111993551,9.69512677365
0.281444688638,0.256352007389,9.78836932254
0.281292597453,0.261568009853,7.54090211968
0.262878775597,0.24943998456,5.38758493764
0.291092832883,0.242879986763,19.8504812038
0.37237171332,0.342496007681,8.72293544144
0.273572822412,0.245600000024,11.3895856618
0.271459142367,0.252384006977,7.55798103788
0.278154532115,0.234239980578,18.7476755368
0.297061582406,0.262687981129,13.0853345973
0.340414563815,0.317247986794,7.3023558811
0.325299282869,0.310175985098,4.87571523825
0.275533795357,0.279935985804,1.57257039827
0.292500019073,0.263103991747,11.1727789196
0.278640151024,0.255327999592,9.13027614257
0.310964266459,0.55836802721,44.3083680825
0.275579015414,0.250880002975,9.84495063198
0.290823916594,0.458687990904,36.5965705749
0.276665906111,0.265855997801,4.06607652263
0.291721741358,0.403168022633,27.6426390532
0.259876728058,0.258976012468,0.347798848603
0.297520716985,0.290976017714,2.24922291636
0.337533354759,0.310016006231,8.87610574126
0.27470044295,0.265632003546,3.4139107047
0.260706623395,0.252192020416,3.37623806057
0.32327914238,0.239968001842,34.7176039712
0.285179773966,0.24153599143,18.0692667282
0.273213585218,0.533663988113,48.804193031
0.28939340512,0.325375974178,11.0587664469
0.291565736135,0.317407995462,8.14165354906
0.323376238346,0.319359987974,1.25759347544
0.283909042676,0.525664031506,45.9903996355
0.290391604106,0.876672029495,66.8756850526
0.290483355522,2.63027191162,88.9561473003
0.281040787697,0.275456011295,2.02746579218
0.277981440226,0.276351988316,0.589629161196
0.276474058628,0.281632006168,1.83144934784
0.276573896408,0.268863976002,2.86759145684
0.307193994522,0.342240005732,10.240185432
0.283800959587,0.239360004663,18.5665750576
0.274565498034,0.266719996929,2.94147465331
0.282278935115,0.237888008356,18.6604306225
0.35142270724,0.334303975105,5.12070851958
0.292999744415,0.326752007008,10.3296267103
0.30207490921,0.292799979448,3.16766749074
0.270413041115,0.258751988411,4.50665240313
0.289554814498,0.281312018633,2.93012573896
0.344188213348,0.433663994074,20.632513178
0.305662274361,0.235359996557,29.8701048741
0.376273036003,0.522271990776,27.9545825454
0.277062257131,0.256544023752,7.99793855208
0.265973170598,0.285344004631,6.78858981381
0.259855429331,0.380800008774,31.7606556344
0.306014577548,0.333376020193,8.20738175156
0.282373726368,0.312607973814,9.67161748217
0.364381829898,0.377824008465,3.5577883528
0.27038816611,0.24537602067,10.1933943551
0.303390582403,0.348127990961,12.8508507561
0.272118508816,0.26048001647,4.46809413771
0.296692589919,0.326144009829,9.03018881913
0.292170802752,0.242912009358,20.2784512482
0.283992211024,0.323648005724,12.2527542264
0.45111378034,0.413248002529,9.16296692995
0.307871023814,0.305728018284,0.700951630822
0.294524113337,0.27840000391,5.79170589105
0.389663616816,0.394432008266,1.20892608873
0.27390708526,0.343392014503,20.2348704422
0.302069326242,0.308831989765,2.18975486591
0.321267445882,0.302591979504,6.1718312591
0.281561573346,0.2376639992,18.4704348552
0.276110927264,0.25846400857,6.82761162447
0.274822235107,0.254399985075,8.02761447742
0.316913286845,0.295519977808,7.23920906992
0.322374502818,0.369376003742,12.7245680413
0.29390847683,0.288480013609,1.88174672924
0.416337370872,0.414016008377,0.56069389793
0.27635494868,0.297087997198,6.97875670308
0.275589982669,0.367904007435,25.0918780173
0.378356138865,0.364671975374,3.75245821313
0.391926288605,0.382847994566,2.37125286475
0.275119026502,0.253184020519,8.66366129179
0.263854225477,0.227711990476,15.871906844
0.293343981107,0.31379199028,6.51642164442
0.287500977516,0.328256011009,12.4156244292
0.278373638789,0.262463986874,6.06165139254
0.275507430236,0.244735985994,12.5733222747
0.300827423731,0.363456010818,17.2314077145
0.291688243548,0.25619199872,13.8553292083
0.33982360363,0.34364798665,1.11287805224
0.315126260122,0.375487983227,16.0755405769
0.281568268935,0.235712006688,19.4543599586
0.281225939592,0.253984004259,10.7258468548
0.348843653997,0.337856024504,3.25216325777
0.275566697121,0.242239996791,13.7577199353
0.274131178856,0.27120000124,1.08081770012
0.268338998159,0.246592000127,8.81902009017
0.281287630399,0.262847989798,7.0153249472
0.300703406334,0.275391995907,9.19104796192
0.327093203863,0.333344012499,1.87518251475
0.273487548033,0.258751988411,5.69485850638
0.291353007158,0.311007976532,6.31976375446
0.271770079931,0.394175976515,31.0536166274
0.299392024676,0.268799990416,11.3809655325
0.381155411402,0.441471993923,13.6626067681
0.313386619091,0.289279997349,8.33331787997
0.280734419823,0.271744012833,3.30841032939
0.286762992541,0.253184020519,13.2626743002
0.290106038253,0.533695995808,45.6420807854
0.282386223475,0.504544019699,44.0314001455
0.286433041096,0.239360004663,19.6662080194
0.30163260301,0.280223995447,7.63981954087
0.287910421689,0.241440013051,19.2471861027
0.270651976267,0.2608320117,3.76486172224
0.307655831178,0.320927977562,4.13555293145
0.289094567299,0.240800008178,20.0558793526
0.303540925185,0.550944030285,44.9053064378
0.28292898337,0.302944004536,6.60683851324
0.385743260384,0.369663983583,4.34970067797
0.281486610572,0.353599995375,20.394057055
0.287965099017,0.282687991858,1.86676028388
0.287175695101,0.364383995533,21.188718873
0.28557964166,0.250303983688,14.0931268659
0.278590003649,0.255807995796,8.90590138994
0.269627650579,0.258719980717,4.21601371177
0.277524153392,0.294719994068,5.83463661195
0.279573579629,0.278272002935,0.467735410003
0.290627459685,0.277408003807,4.76534768158
0.279035011927,0.272799998522,2.28556211117
0.265398025513,0.262847989798,0.970156065134
0.273227055868,0.249663993716,9.4379096483
0.287291228771,0.293247997761,2.03130764235
0.344551881154,0.346207976341,0.478352695501
0.327513774236,0.34355199337,4.66835280933
0.268413980802,0.623391985893,56.9429850117
0.275568524996,0.361311972141,23.7311392248
0.278479158878,0.252415984869,10.3254847441
0.298298458258,0.318783998489,6.4261507253
0.27999552091,0.232224002481,20.5713095627
0.276124755541,0.269311994314,2.52969097965
0.287580529849,0.251071989536,14.5410646484
0.272367715836,0.26163199544,4.10336678356
0.282052894433,0.230335995555,22.4528080181
0.290872553984,0.248992010951,16.8200348571
0.320627848307,0.311360001564,2.97656946837
0.281742115815,0.270047992468,4.33038706962
0.331423938274,0.341823995113,3.04251807587
0.273934443792,0.289632022381,5.41983530001
0.2975517114,0.258527994156,15.0945809068
0.29308428367,0.28076800704,4.38663819272
0.283485889435,0.590880036354,52.0231058771
0.304521600405,0.62441599369,51.2309736646
0.29255759716,0.309024006128,5.32852096971
0.27630853653,0.269984006882,2.34255714658
0.291832367579,0.370815992355,21.2999510281
0.30418642362,0.448320001364,32.1497094276
0.255059440931,0.253600001335,0.575488796473
0.329174776872,0.29577600956,11.2919122014
0.329688866933,0.305567979813,7.89378754127
0.262646516164,0.411552011967,36.1814525194
0.267614444097,0.262719988823,1.86299310375
0.284571727117,0.336608022451,15.4590181647
0.298030217489,0.339616000652,12.2449422536
0.397985378901,0.452608019114,12.068420776
0.285103241603,0.551807999611,48.3328908237
0.299137810866,0.359744012356,16.8470355053
0.28453896443,0.530975997448,46.41208533
0.273470024268,0.278623998165,1.84979539854
0.370158116023,0.408192008734,9.31764755243
0.284157137076,0.304320007563,6.6255487597
0.262108763059,0.23827201128,10.0040082974
0.285584628582,0.27411198616,4.18538517138
0.278173367182,0.337312012911,17.5323271822
0.292446951071,0.394367992878,25.8441464944
0.290932377179,0.423071980476,31.233362027
0.280101974805,0.271616011858,3.12424988835
0.278362254302,0.243264019489,14.4280419628
0.314034481843,0.774432003498,59.4497024368
0.301684637864,0.238143995404,26.6816059554
0.278624475002,0.25215998292,10.4951197157
0.33177347978,0.649760007858,48.9390735399
0.383533159892,0.354815989733,8.09353890186
0.280479033788,0.243136018515,15.3588989001
0.269324024518,0.250336021185,7.58500644195
0.289752384027,0.328991979361,11.9272194447
0.285154302915,0.241471990943,18.0900119312
0.295835137367,0.432224005461,31.5551349232
0.277140637239,0.279136002064,0.71483606922
0.275321861108,0.250784009695,9.78445613137
0.367080171903,0.571391999722,35.7568583246
0.317097147306,0.383967995644,17.4157349301
0.320146143436,0.372736006975,14.1091449591
0.268253525098,0.238207995892,12.6131488971
0.282356540362,0.273343980312,3.29714963519
0.277307232221,0.262591987848,5.60384362572
0.28305764993,0.242208003998,16.8655227153
0.276530841986,0.260288000107,6.24033450365
0.274719794591,0.267807990313,2.5808805296
0.292190154394,0.241728007793,20.8755894945
0.265996932983,0.309376001358,14.0214716669
0.319986244043,0.641056001186,50.0845100193
0.270477275054,0.257984012365,4.84264996647
0.283226728439,0.358975976706,21.1014812081
0.321858803431,0.505695998669,36.3533023242
0.301772534847,0.349792003632,13.7280064398
0.290232698123,0.321440011263,9.70859633112
0.281879623731,0.293888002634,4.08603916983
0.278208216031,0.247263997793,12.5146477103
0.278570453326,0.279584020376,0.362526817139
0.283237497012,0.267391979694,5.92595085895
0.27462242047,0.339008003473,18.9923489545
0.287809411685,0.339872002602,15.31829351
0.3205473423,0.313216000795,2.34066634094
0.300466736158,0.259232014418,15.9064928121
0.316319783529,0.354207992554,10.696599123
0.301659584045,0.275968015194,9.30961830247
0.289668560028,0.254303991795,13.9064149107
0.269743323326,0.239519998431,12.6182886994
0.315474510193,0.331808000803,4.92257286461
0.290098547935,0.445760011673,34.9204638508
0.275922099749,0.292255997658,5.58890084017
0.283899029096,0.374015986919,24.094413334
0.319962819417,0.295199990273,8.38849253414
0.276171684265,0.259232014418,6.53455935431
0.280777196089,0.250975996256,11.874123533
0.292382816474,0.262687981129,11.3042230624
0.268078486125,0.281183987856,4.66082789108
0.274649957816,0.259424000978,5.86913962467
0.274715145429,0.249888002872,9.9353079264
0.295681933562,0.259328007698,14.0185112231
0.293685396512,0.248224005103,18.3146635598
0.363040129344,0.388191998005,6.47923419094
0.272703568141,0.579616010189,52.9509945642
0.276148855686,0.323360025883,14.6001875364
0.273685375849,0.268256008625,2.02394990226
0.291887799899,0.241119995713,21.0549954745
0.2814437747,0.239296019077,17.6132289143
0.365523099899,0.361535996199,1.10282343738
0.415316462517,0.461536020041,10.0142904382
0.27751215299,0.279168009758,0.59313986933
0.275488694509,0.306047976017,9.98512779135
0.291054983934,0.278303980827,4.58168189637
0.310293177764,0.295519977808,4.99905287798
0.275888244311,0.244000002742,13.0689513159
0.269823332628,0.400255978107,32.5873072769
0.270546476046,0.263712018728,2.59163664627
0.267111837864,0.411583989859,35.1014994641
0.296680927277,0.363263994455,18.3291127651
0.277208983898,0.257696002722,7.57209307489
0.304740667343,0.266943991184,14.1590286379
0.299393852552,0.298720002174,0.225579262351
0.292914072673,0.366592019796,20.0980771935
0.277633587519,0.248992010951,11.5030102608
0.288006901741,0.288608014584,0.20828002418
0.268618345261,0.287423998117,6.5428262706
0.319832404455,0.328511983156,2.64208891812
0.273807406425,0.371744006872,26.3451726554
0.29481558005,0.31324800849,5.88429229872
0.373626589775,0.393952012062,5.15936501519
0.299586852392,0.308831989765,2.99358152005
0.278543889523,0.283327996731,1.68854023021
0.288755734762,0.295936018229,2.42629589665
0.262550314267,0.239360004663,9.68846471933
0.272169013818,0.250752002001,8.54111299069
0.296237746874,0.396320015192,25.2528927334
0.333197553953,0.463456004858,28.1058934484
0.276248892148,0.535359978676,48.3994128901
0.287785569827,0.371903985739,22.6183152474
0.281847635905,0.297152012587,5.15035269269
0.314691225688,0.291808009148,7.84187404823
0.277244448662,0.273919999599,1.21365693166
0.282980998357,0.297152012587,4.76894438846
0.28607716163,0.288192003965,0.733831024554
0.278050303459,0.300319999456,7.41532233536
0.295156677564,0.342335999012,13.7815834689
0.3615736564,0.436991989613,17.2585161754
0.31020116806,0.376383990049,17.5838568427
0.398821473122,0.453856021166,12.1259927108
0.316145936648,0.307423979044,2.8371103748
0.279230395953,0.368544012308,24.234179195
0.271295130253,0.366656005383,26.0082676214
0.278021852175,0.590719997883,52.9350871527
0.276544729869,0.265855997801,4.02049686904
0.270719806353,0.353599995375,23.43896779
0.328070918719,0.513823986053,36.151108624
0.318028191725,0.282624006271,12.5269561921
0.30541797479,0.254399985075,20.0542424167
0.282921274503,0.248511999846,13.8461219897
0.278198977311,0.310496002436,10.4017523159
0.27945971489,0.269280016422,3.78033936662
0.270230531693,0.243327990174,11.0560817516
0.283530056477,0.436576008797,35.0559694615
0.32937002182,0.333023995161,1.09721022932
0.270591378212,0.26137599349,3.52571963427
0.313815395037,0.40816000104,23.1146133286
0.281381607056,0.34668803215,18.837230893
0.281303723653,0.279008001089,0.822816032193
0.300764560699,0.350015997887,14.0711960266
0.275581538677,0.431264013052,36.0991109073
0.298534393311,0.242208003998,23.2553790061
0.3020906051,0.325535982847,7.20208486391
0.330810109774,0.342943996191,3.53815391187
0.277705073357,0.275328010321,0.863356776957
0.269844988982,0.459903985262,41.325798943
0.265518407027,0.239519998431,10.8543790773
0.281394441923,0.256319999695,9.78247591196
0.293951590856,0.254495978355,15.5034326104
0.365908821424,0.381280004978,4.03146856736
0.27814467748,0.265504002571,4.76101105315
0.279904564222,0.332640022039,15.8536118097
0.29346704483,0.255264014006,14.9660855932
0.274363835653,0.31459197402,12.787401361
0.275717695554,0.377343982458,26.9320014704
0.283008317153,0.460352003574,38.5234961605
0.292444705963,0.355136007071,17.6527583403
0.29711629947,0.310175985098,4.21041159054
0.341558535894,0.337408006191,1.23012187807
0.275358955065,0.329663991928,16.4728445303
0.292303085327,0.269407987595,8.49829952592
0.283768733342,0.251935988665,12.6352510598
0.278246760368,0.248224005103,12.0950249162
0.307643294334,0.354335993528,13.1775207844
0.299936731656,0.262048006058,14.4586963926
0.295041799545,0.421568006277,30.0132374487
0.277168611685,0.275968015194,0.435049145334
0.277698218822,0.25609600544,8.43520122293
0.303571641445,0.626816034317,51.569260385
0.272587180138,0.424991995096,35.8606318983
0.372537851334,0.414847999811,10.198952025
0.315102656682,0.285599976778,10.3300708344
0.278755068779,0.240511998534,15.9006912245
0.27893324693,0.241919994354,15.2997906085
0.278086523215,0.287840008736,3.3885093193
0.302355329196,0.272479981184,10.9642359346
0.367823680242,0.354143977165,3.86275186329
0.337586482366,0.318495988846,5.99395100368
0.275585393111,0.243040010333,13.3909567948
0.286527951558,0.337823987007,15.1842490236
0.280257582664,0.285760015249,1.92554321498
0.276737411817,0.262207984924,5.54118399437
0.292447090149,0.302783995867,3.4139537951
0.29212419192,0.317247986794,7.9192921372
0.333471616109,0.388608008623,14.1881771066
0.339677333832,0.320703983307,5.91615680269
0.288725217183,0.243679985404,18.485404825
0.301699201266,0.28665599227,5.24782645475
0.280712405841,0.310688018799,9.64813933739
0.280306259791,0.314464002848,10.8622108563
0.304804484049,0.264063984156,15.4282682752
0.27314500014,0.274496018887,0.492181544991
0.272433956464,0.250047981739,8.95267163102
0.320147911708,0.304736018181,5.0574571456
0.297871629397,0.304511994123,2.18065785734
0.288446287314,0.511808037758,43.6417043043
0.2794115146,0.270336002111,3.35712314224
0.303054292997,0.270272016525,12.1293639249
0.263859947522,0.247903987765,6.43634654731
0.299652735392,0.29296001792,2.28451565515
0.365899165471,0.365408033133,0.134406552213
0.283522407214,0.321087986231,11.6994657626
0.279910544554,0.30972802639,9.62698861424
0.280136704445,0.257216006517,8.91106981941
0.332964539528,0.323040008545,3.07222966829
0.278746525447,0.253888010979,9.7911336467
0.270018279552,0.239391997457,12.7933608564
0.342875003815,0.314687997103,8.95712800344
0.37798055013,0.36486402154,3.59490873755
0.327213803927,0.297343999147,10.0455381193
0.282980978489,0.274592012167,3.05506567935
0.272956828276,0.291744023561,6.43961615934
0.27932202816,0.292191982269,4.40462260779
0.276954611142,0.235712006688,17.4970316675
0.289652148883,0.553247988224,47.6451509905
0.272111773491,0.272896021605,0.28737982658
0.277412215869,0.28041601181,1.07119273335
0.281299173832,0.28086400032,0.154941007395
0.299070437749,0.269088000059,11.1422425688
0.284361084302,0.427520006895,33.4859001413
0.27666302522,0.279872000217,1.14658665201
0.289363622665,0.286176025867,1.11385878264
0.294212738673,0.289632022381,1.58156417043
0.333714167277,0.324992030859,2.68380009041
0.277052462101,0.247391983867,11.9892640702
0.309188187122,0.294783979654,4.88636033916
0.288737555345,0.37452802062,22.9062875278
0.299843808015,0.312735974789,4.12238047835
0.288744111856,0.282463997602,2.22333263944
0.283188422521,0.287647992373,1.55035667545
0.29424349467,0.261824011803,12.3821656554
0.31401437521,0.306176006794,2.56008578135
0.278212785721,0.288992017508,3.72994101349
0.299189587434,0.241151988506,24.0668133351
0.278089205424,0.254431992769,9.29804950913
0.292345960935,0.316384017467,7.59774679042
0.278593162696,0.27030402422,3.06659824987
0.33035671711,0.336191982031,1.73569425598
0.28193016847,0.268896013498,4.84728456992
0.273252566655,0.248160019517,10.1114382516
0.291856686274,0.234656006098,24.3763972325
0.319106698036,0.294591993093,8.32157883358
0.284714182218,0.309376001358,7.97147129443
0.282065331936,0.277535974979,1.63198913468
0.29615398248,0.311263978481,4.85439917418
0.273551702499,0.241792008281,13.1351298351
0.288156429927,0.25619199872,12.476748441
0.278361280759,0.257408022881,8.1400951082
0.294984618823,0.236351981759,24.8073388796
0.293102999528,0.275808006525,6.27066386546
0.292761147022,0.260448008776,12.4067518882
0.271282037099,0.238080009818,13.9457434106
0.319394906362,0.298432022333,7.0243413776
0.281446655591,0.245888009667,14.4613175616
0.344777266184,0.345504015684,0.2103447331
0.298397481441,0.255391985178,16.839015615
0.298457324505,0.300544023514,0.694307271376
0.285399615765,0.240063995123,18.8848063694
0.271800041199,0.283872008324,4.25260919392
0.285693446795,0.255775988102,11.6967424953
0.271792034308,0.254848003387,6.64868105516
0.271950562795,0.253888010979,7.11437761345
0.276701509953,0.283936023712,2.54793797033
0.280323346456,0.328832030296,14.7518122844
0.283412496249,0.25302401185,12.0101187932
0.28972731034,0.334592014551,13.4087791281
0.284607628981,0.355712026358,19.9893149817
0.262100597223,0.257888019085,1.63349121555
0.277750154336,0.283360004425,1.97976072881
0.284618735313,0.287584006786,1.03109748907
0.288892308871,0.320672005415,9.91034328141
0.316480676333,0.460159987211,31.2237732248
0.29751030604,0.248639985919,19.655052642
0.332167685032,0.333824008703,0.496166731019
0.273518006007,0.252543985844,8.30509587989
0.272118886312,0.256544023752,6.07102918705
0.279087483883,0.329216003418,15.2266351012
0.276002883911,0.268192023039,2.91241356986
0.282081504663,0.386240005493,26.9672999557
0.29206464688,0.247520014644,17.9963758892
0.264444828033,0.244800001383,8.02484744267
0.27405556043,0.26048001647,5.21174105558
0.314989348253,0.272576004267,15.5601899367
0.287240465482,0.321184009314,10.5682545977
0.284787356853,0.295168012381,3.51686330893
0.309743762016,0.282624006271,9.59570140652
0.289818803469,0.272736012936,6.26348913362
0.353866418203,0.365248024464,3.11613082032
0.285578707854,0.363200008869,21.3715030616
0.311352491379,0.263967990875,17.9508509143
0.373878955841,0.38963201642,4.04306112317
0.287329594294,0.27411198616,4.82197379221
0.281036754449,0.248416006565,13.1314999928
0.325747907162,0.346207976341,5.90976250627
0.29205797116,0.241568014026,20.9009281869
0.27747686704,0.375359982252,26.0771312447
0.291545112928,0.245023995638,18.9863515893
0.269564231237,0.25091201067,7.43376951836
0.310833732287,0.306783974171,1.32006834039
0.309696873029,0.300191998482,3.16626512212
0.292055130005,0.286527991295,1.92900480161
0.275249540806,0.280223995447,1.77517083553
0.273906946182,0.269759982824,1.53727892273
0.274388551712,0.250111997128,9.70627353478
0.289541900158,0.315136015415,8.12160908474
0.301799694697,0.275424003601,9.57639521288
0.275279700756,0.261247992516,5.371030072
0.396480123202,0.385279983282,2.90701318675
0.286470015844,0.279232025146,2.59210622185
0.282799363136,0.2532800138,11.6548277512
0.31741587321,0.30457597971,4.21566188911
0.306174576283,0.30905598402,0.932325496582
0.26488439242,0.431712001562,38.6432641525
0.271006345749,0.23344001174,16.0925000514
0.276757478714,0.268031984568,3.25539288172
0.27553409338,0.262367993593,5.01818061206
0.328518271446,0.334048002958,1.65537032495
0.297364274661,0.306592017412,3.00977919429
0.276827593644,0.301663994789,8.23313407423
0.291134754817,0.401344001293,27.4600457765
0.303981502851,0.306912004948,0.954834626724
0.267929653327,0.277056008577,3.29404704036
0.29253923893,0.289151996374,1.17144014155
0.365896979968,0.5387840271,32.0883764989
0.278604567051,0.311520010233,10.5660766887
0.312727491061,0.310912013054,0.583920186668
0.288285891215,0.267648011446,7.71082873267
0.276129325231,0.242175996304,14.0201049838
0.274263064067,0.246559992433,11.2358340705
0.277756969134,0.284960001707,2.52773460483
0.283613999685,0.241503998637,17.4365647298
0.349496483803,0.340864032507,2.53252044
0.274628480275,0.256799995899,6.94255633215
0.277865409851,0.247263997793,12.3760079635
0.270491798719,0.273759990931,1.1938165985
0.279609322548,0.25292801857,10.5489712563
0.274360199769,0.26339200139,4.16421087997
0.296650409698,0.305023998022,2.74522279489
0.270788709323,0.248768001795,8.85190513608
0.294148524602,0.269248008728,9.24817085625
0.294271349907,0.244671985507,20.2717790911
0.38645931085,0.380255997181,1.63135196146
0.267208278179,0.274304002523,2.58681035602
0.298133214315,0.264672011137,12.6425166885
0.370454629262,0.377599984407,1.89230811446
0.275823116302,1.42991995811,80.7105904958
0.28791821003,0.255456000566,12.7075540959
0.354249159495,0.326240003109,8.58544510763
0.271926561991,0.258719980717,5.10458497951
0.303130825361,0.338304013014,10.3969170628
0.321049392223,0.335040003061,4.17580310115
0.279623150826,0.403679996729,30.7314820919
0.292125384013,0.448863983154,34.918952071
0.329785247644,0.38332799077,13.9678667918
0.352243979772,0.391999989748,10.1418395448
0.310170551141,0.348959982395,11.1157247854
0.289371550083,0.303135991096,4.54068187797
0.276149729888,0.296736001968,6.93757142517
0.275511026382,0.28323200345,2.72602565172
0.306877950827,0.317088007927,3.21994425662
0.268191218376,0.26364800334,1.72321238122
0.285540481408,0.361824005842,21.0830467857
0.326940874259,0.379296004772,13.803238066
0.29647397995,0.34064000845,12.9656022205
0.301201780637,0.308480024338,2.3593889803
0.283627788226,0.304287970066,6.78968078685
0.315107146899,0.329760015011,4.44349449446
0.304642875989,0.281023979187,8.40458414638
0.269963781039,0.336064010859,19.6689403458
0.360109885534,0.382752001286,5.91561002316
0.305270930131,0.346975982189,12.019578933
0.276018182437,0.277056008577,0.374590735661
0.275636394819,0.315903991461,12.7467831147
0.277201314767,0.313695997,11.6337736476
0.301976243655,0.301344007254,0.209805533218
0.263925711314,0.263775974512,0.0567666566526
0.289589802424,0.268031984568,8.04300199144
0.300522724787,0.270047992468,11.2849320008
0.292241573334,0.28911998868,1.07968482847
0.292487164338,0.307935982943,5.01689294526
0.303764184316,0.264127999544,15.0064305338
0.304728388786,0.273407995701,11.455551256
0.274305224419,0.278784006834,1.60654209194
0.278317689896,0.25100800395,10.880006022
0.29175132513,0.296063989401,1.45666626972
0.279536823432,0.331007987261,15.5498253245
0.283323248227,0.23731200397,19.3885026832
0.2749816974,0.648927986622,57.6252368415
0.327654957771,0.317824006081,3.09320614635
0.290095289548,0.277568012476,4.51322793305
0.274711171786,0.258271992207,6.36506476717
0.275791486104,0.332608014345,17.0821284486
0.394654989243,0.352800011635,11.8636553933
0.278577764829,0.356927990913,21.951269746
0.284931540489,0.280160009861,1.70314479592
0.293713569641,0.323808014393,9.29391596689
0.293801824252,0.456256002188,35.605926751
0.288546125094,0.285887986422,0.929783271337
0.272351582845,0.426591992378,36.1564240044
0.287256618341,0.294176012278,2.35212717829
0.285294095675,0.304224014282,6.22236171978
0.284593820572,0.309664011002,8.09593286239
0.28228410085,0.265440016985,6.34572136365
0.283255974452,0.274751991034,3.09514896913
0.270543436209,0.236896008253,14.2034592328
0.291824658712,0.381184011698,23.4425763526
0.283050100009,0.25619199872,10.4835831808
0.308037082354,0.298495978117,3.19639289528
0.28919527928,0.280256003141,3.1896823043
0.320417940617,0.299648016691,6.93144047965
0.295305768649,0.23459200561,25.8805763139
0.311762948831,0.325920015574,4.34372424709
0.301445126534,0.267807990313,12.5601690157
0.319657166799,0.293183982372,9.02954663908
0.274010419846,0.258271992207,6.09374152596
0.273618559043,0.282976001501,3.30679718733
0.2632188797,0.24240000546,8.58864429497
0.28968222936,0.261472016573,10.7889988216
0.295686781406,0.265727996826,11.2742296401
0.275325914224,0.286239981651,3.81290809354
0.279948651791,0.294432014227,4.91908547184
0.333000600338,0.327807992697,1.58403936356
0.275777816772,0.292064011097,5.57624140794
0.282929301262,0.26463997364,6.91102231075
0.29603044192,0.271871984005,8.88596815277
0.295671681563,0.304736018181,2.97448810675
0.290252745152,0.286335974932,1.36789316143
0.294384678205,0.316223978996,6.90627600751
0.322648088137,0.346175998449,6.79651692128
0.361681699753,0.353088021278,2.43386293404
0.288446426392,0.263775974512,9.35280475227
0.340511759122,0.320639997721,6.19753042127
0.274463295937,0.33318400383,17.6241077658
0.259867509206,0.251231998205,3.43726558028
0.280041217804,0.233855992556,19.7494298708
0.292954385281,0.260031998158,12.6608984111
0.312241752942,0.424863994122,26.5078337391
0.363497416178,0.357535988092,1.66736448484
0.278423964977,0.280576020479,0.767013338582
0.266651829084,0.303007990122,11.9984166172
0.335380037626,0.325951993465,2.89246402821
0.273263971011,0.245184004307,11.4526095548
0.276378889879,0.293952018023,5.97823014183
0.287102897962,0.368735998869,22.1386306619
0.283305466175,0.278848022223,1.59852091366
0.283508280913,0.315232008696,10.0636124846
0.276102662086,0.256448000669,7.66418976389
0.292116641998,0.242816016078,20.3036960727
0.279218594233,0.273087978363,2.2449233785
0.285484751066,0.245119988918,16.4673482262
0.296170035998,0.313216000795,5.44223946224
0.300176044305,0.27523201704,9.06290900788
0.269118467967,0.353408008814,23.85048973
0.273861090342,0.292064011097,6.23251070421
0.272122621536,0.241728007793,12.5738899767
0.29359092315,0.416799992323,29.5607177164
0.291244804859,0.363872021437,19.9595495941
0.293297767639,0.322848021984,9.15299222319
0.30799583594,0.317791968584,3.08256142774
0.31385221084,0.3212479949,2.30220396005
0.313965519269,0.317184001207,1.01470500586
0.340150634448,0.338783979416,0.403400135448
0.356295744578,0.368447989225,3.29822525912
0.364129026731,0.394847989082,7.77994651128
0.317958454291,0.29948797822,6.16735141785
0.281207799911,0.473152011633,40.5671342406
0.320127864679,0.309792011976,3.33638451054
0.353718280792,0.391488015652,9.64773718465
0.287805974483,0.301408022642,4.51283547114
0.302466273308,0.313536018133,3.53061344954
0.328364113967,0.346496015787,5.23293226888
0.277643680573,0.246527984738,12.6215674327
0.326715985934,0.322016000748,1.45955020103
0.284093578657,0.30457597971,6.72489047647
0.285818457603,0.409184008837,30.1491623742
0.370933453242,0.416416019201,10.9223862345
0.304249723752,0.409951984882,25.7840588722
0.269958615303,0.32054400444,15.7811060062
0.280487736066,0.274911999702,2.02818951874
0.288050254186,0.24627199769,16.9642740091
0.29165794452,0.315551996231,7.57214405111
0.305419047674,0.285567969084,6.95143739455
0.378054658572,0.366048008204,3.2800753178
0.274310112,0.267391979694,2.58726245755
0.298877616723,0.390720009804,23.5059353951
0.296666502953,0.249663993716,18.826306724
0.310343901316,0.318912029266,2.68667443174
0.402942180634,0.493312001228,18.3189990046
0.268972973029,0.318976014853,15.6761134052
0.280323783557,0.325407981873,13.8546688549
0.275217294693,0.359999984503,23.5507481832
0.302447279294,0.280896008015,7.67233092132
0.329698900382,0.340511977673,3.17553507655
0.272154251734,0.265536010265,2.492408266
0.298373262088,0.262495994568,13.6677390368
0.33280479908,0.389183998108,14.4865151964
0.299997886022,0.295264005661,1.6032703852
0.299911181132,2.6217880249,88.5608150513
0.292842606703,0.354880005121,17.4812323948
0.303879658381,0.24003200233,26.5996431441
0.291761934757,0.29315200448,0.474180528151
0.326177656651,0.307423979044,6.10026506875
0.317007442315,0.329279989004,3.72708548911
0.282582362493,0.256735980511,10.06730024
0.309134205182,0.292544007301,5.67100930698
0.271832843622,0.276800006628,1.79449526283
0.31037970384,0.651935994625,52.3910772839
0.295994798342,0.271744012833,8.92412872577
0.284362276395,0.292767971754,2.87111165492
0.402806679408,0.420415997505,4.18854615474
0.383407036463,0.337888002396,13.4716337204
0.309733668963,0.259296000004,19.4517728613
0.314865748088,0.260543972254,20.8493696338
0.284128546715,0.312416017056,9.05442384399
0.289028048515,0.369632005692,21.8065416239
0.287114540736,0.229952007532,24.8584623449
0.29793181022,0.351615995169,15.2678449463
0.275116205215,0.25609600544,7.42698026197
0.283436616262,0.308927983046,8.25155640887
0.288373291492,0.377952009439,23.7010826004
0.347244819005,0.332352012396,4.48103398024
0.280435760816,0.265888005495,5.47138457554
0.333176453908,0.316192001104,5.37156308338
0.280658463637,0.340191990137,17.4999789019
0.292347669601,0.300127983093,2.59233191508
0.279857993126,0.307840019464,9.08979488348
0.357981602351,0.400319993496,10.5761370486
0.268254319827,0.256864011288,4.43437306845
0.275619308154,0.296320021152,6.98593126384
0.327660699685,0.439135998487,25.3851424584
0.293483098348,0.302143990993,2.86647853463
0.384672363599,0.408960014582,5.93888158171
0.272275408109,0.293536007404,7.24292719088
0.261775771777,0.266656011343,1.83016296598
0.290494104226,0.276320010424,5.12959368416
0.271515687307,0.348064005375,21.9925981676
0.273346543312,0.262111991644,4.286164703
0.276081422965,0.315679997206,12.5438971717
0.268432656924,0.240863993764,11.4457386217
0.299404144287,0.384319990873,22.0950896656
0.280810753504,0.329567998648,14.7942899017
0.300744493802,0.272096008062,10.5288151576
0.327256004016,0.313536018133,4.37588828363
0.276314755281,0.240768000484,14.7639033119
0.289134979248,0.264896005392,9.15037349095
0.303642272949,0.303231984377,0.135305176713
0.283029119174,0.297183990479,4.76299927262
0.288212100665,0.324479967356,11.1772282852
0.377253492673,0.363711982965,3.72314093073
0.291575988134,0.493440002203,40.9095357425
0.31561823686,0.317152023315,0.483612382401
0.291082700094,0.259552001953,12.1481236528
0.285790085793,0.323200017214,11.5748544025
0.280925234159,0.292224019766,3.8664807965
0.276619156202,0.361791998148,23.5419363563
0.327285726865,1.78445005417,81.6590144341
0.298940817515,0.26217597723,14.0229630012
0.378686825434,0.362495988607,4.46648717112
0.309275865555,0.873120009899,64.5780806707
0.273616631826,0.359360009432,23.8600220825
0.327491899331,0.358464002609,8.64022692722
0.27517157793,0.314431995153,12.4861393968
0.273400505384,0.290912002325,6.01951683028
0.290868004163,0.290495991707,0.128061132297
0.295720934868,0.319456011057,7.42984178339
0.382976293564,0.401888012886,4.70571868675
0.271731893222,0.247488006949,9.79598428665
0.302661498388,0.350400000811,13.6240018015
0.294090827306,0.323488026857,9.08756958854
0.281679312388,0.274240016937,2.71269508146
0.316783428192,0.354111969471,10.5414514326
0.306203107039,0.286271989346,6.96230104075
0.281079212825,0.244864016771,14.789921578
0.38968026638,0.3630400002,7.33810769208
0.354708353678,0.345695972443,2.60702523436
0.276030083497,0.515488028526,46.4526684962
0.295049190521,0.257631987333,14.5235083482
0.322189191977,0.293983995914,9.59412636562
0.295894066493,1.10611200333,73.249176792
0.278175254663,0.256927996874,8.26973239487
0.29764175415,0.309215992689,3.74309182332
0.30626642704,0.292575985193,4.67927736373
0.273645480474,0.626143991947,56.2967170502
0.275097866853,0.249056011438,10.4562243908
0.308775941531,0.283008009195,9.10501876212
0.354998429616,0.328383982182,8.10467284608
0.28993421793,0.241247996688,20.1809846757
0.29948981603,0.410559982061,27.0533346854
0.286970297496,0.296640008688,3.25974612636
0.281832297643,0.304159998894,7.34077503022
0.304980774721,0.890911996365,65.7675757016
0.285881916682,0.289728015661,1.32748604602
0.32998752594,0.319263994694,3.35882887655
0.402816931407,0.391039997339,3.01169551645
0.307019094626,0.27094399929,13.3145946875
0.289604703585,0.335455983877,13.6683447294
0.294227282206,0.263999998569,11.4497287123
0.27708919843,0.289184004068,4.18239095795
0.278185725212,0.238880008459,16.4541675155
0.292980015278,0.242720007896,20.7069898428
0.28684147199,0.286879986525,0.0134253124796
0.358115911484,0.368576020002,2.8379785854
0.277909239133,0.245056018233,13.4064125977
0.272745966911,2.6451818943,89.6889522986
0.315647403399,0.366879999638,13.964401518
0.3915361166,0.372063994408,5.23354113407
0.287297864755,0.240768000484,19.3256014828
0.287524660428,0.31142398715,7.67420870195
0.289975325267,0.255903989077,13.3141090582
0.283167799314,0.273375988007,3.58181103566
0.303889711698,0.442880004644,31.3832847473
0.278947075208,0.263616025448,5.81567442045
0.268812716007,0.293375998735,8.37262858382
0.286403298378,0.279743999243,2.38049758109
0.292648832003,0.597088038921,50.9873229864
0.31874370575,0.327264010906,2.60349591546
0.322888453801,0.302432000637,6.76398434072
0.28042157491,0.246816009283,13.6156344659
0.283004403114,0.248351991177,13.9529430682
0.322725534439,0.328671991825,1.80923763932
0.294395407041,0.277247995138,6.18486416618
0.302743772666,0.272159993649,11.2374264149
0.363384445508,0.328575998545,10.5937278188
0.267933388551,0.250047981739,7.15278991162
0.291192412376,0.269504010677,8.04752465262
0.281990766525,0.2452159971,14.9968884006
0.282507697741,0.27094399929,4.2679293437
0.268769125144,0.273440003395,1.70819126441
0.333712299665,0.354368001223,5.82888451737
0.278035004934,0.264544010162,5.09971658895
0.299149533113,0.314431995153,4.86033936627
0.288589457671,0.475104004145,39.2576246141
0.300442496936,0.308480024338,2.60552605294
0.300579508146,0.26217597723,14.6479976241
0.307887077332,0.329952001572,6.6873133471
0.279541889826,0.342015981674,18.2664247273
0.323142925898,0.317023992538,1.93011680624
0.286800344785,0.262591987848,9.21900060057
0.282614747683,0.247423991561,14.2228552293
0.288310925166,0.412735998631,30.1464068745
0.273147205512,0.341408014297,19.9939093188
0.274603088697,0.261728018522,4.91925558724
0.269661307335,0.340255975723,20.7475175824
0.275019486745,0.250016003847,10.0007529571
0.304277042548,0.297439992428,2.29863175568
0.275660316149,0.244224011898,12.871913784
0.264823575815,0.232511997223,13.8967360728
0.333116273085,0.326048016548,2.16785754808
0.275111714999,0.305247992277,9.87271924492
0.306130667528,0.303135991096,0.987898672206
0.301777243614,0.286752015352,5.23979866139
0.29280847311,0.269728004932,8.55694171748
0.271962622801,0.255135983229,6.59516519773
0.27908329169,0.297600001097,6.22201254668
0.271239856879,0.231392011046,17.2209254988
0.321285307407,0.405279994011,20.7251006328
0.27729288737,0.562048017979,50.6638439244
0.276059349378,0.305472016335,9.62859619991
0.277853965759,0.259072005749,7.24970648845
0.280334273974,0.254335999489,10.2220191155
0.280116399129,0.405375987291,30.8996073001
0.275086124738,0.24793599546,10.9504588989
0.291094660759,0.248351991177,17.2105201895
0.292851527532,0.241856008768,21.0850741413
0.281170745691,0.251744002104,11.6891537995
0.289415756861,0.314336001873,7.92790035604
0.276490410169,0.288864016533,4.28354023199
0.299659093221,0.342815995216,12.5889405972
0.291832566261,0.241503998637,20.8396415414
0.272378544013,0.274080008268,0.620791084472
0.294171075026,0.252864003181,16.3356869009
0.3144830664,0.325343996286,3.3382911658
0.276897847652,0.26444798708,4.70786739967
0.287629803022,0.335967987776,14.3877352941
0.276258826256,0.253567993641,8.94861858908
0.298780759176,0.251104027033,18.986844897
0.284472465515,0.32483202219,12.4247469208
0.279946287473,0.285216003656,1.84762289485
0.285293022792,0.3006080091,5.09467008356
0.310077011585,0.336575984955,7.87310282198
0.380876143773,0.396191984415,3.86576236878
0.294499913851,0.314111977816,6.2436536488
0.288968960444,0.244704008102,18.0891815729
0.335213422775,0.329408019781,1.76237451596
0.370949427287,0.361055999994,2.74013651419
0.335402091344,0.336032003164,0.187455901272
0.280446211497,0.269695997238,3.98604887315
0.411604007085,0.394687980413,4.28592394783
0.271620154381,0.256415992975,5.92949029003
0.301824410756,0.315840005875,4.43756169501
0.362276991208,0.336704015732,7.59509072709
0.275044322014,0.261855989695,5.03648296708
0.28877578179,0.253856003284,13.7557426471
0.323622822762,0.327327996492,1.13194525691
0.268681446711,0.358336001635,25.0196894854
0.409260948499,0.4471360147,8.47059171163
0.273097952207,0.527840018272,48.2612263654
0.292120138804,0.295743972063,1.22532785154
0.275941054026,0.25462397933,8.3719823845
0.275468210379,0.266464024782,3.37913742933
0.276762406031,0.301983982325,8.35195830559
0.274428327878,0.314815998077,12.8289764325
0.282076438268,0.276576012373,1.98875739362
0.290800472101,0.278367996216,4.46620159421
0.273584405581,0.312959998846,12.5816696735
0.287264625231,0.241119995713,19.1376204125
0.266640424728,0.249280005693,6.96422442172
0.278373201688,0.249663993716,11.4991383197
0.28025829792,0.264192014933,6.08129015243
0.27610985438,0.344799995422,19.9217349055
0.3134765625,0.291391998529,7.57898778347
0.359950025876,0.346240013838,3.95968446471
0.372124115626,0.440607994795,15.5430405208
0.304747144381,0.273407995701,11.4624111852
0.298736174901,0.270080000162,10.6102542661
0.342764854431,0.443456023932,22.7060100814
0.293554286162,0.294912010431,0.460382833254
0.298802872499,0.311776012182,4.16104484518
0.258426845074,0.250400006771,3.2056062642
0.285867869854,0.286495983601,0.219239983315
0.268751780192,0.291808009148,7.90116385871
0.300010720889,0.263552010059,13.8335923984
0.284689863523,0.238752007484,19.2408250395
0.267365892728,0.310559988022,13.908454714
0.318158268929,0.307840019464,3.35182198922
0.361270626386,0.411072015762,12.1150035679
0.281846682231,0.283199995756,0.477864952612
0.290083964666,0.281216025352,3.15342601907
0.326795597871,0.437631994486,25.3263924967
0.269934415817,0.340864032507,20.8087712183
0.312059124311,0.514335989952,39.3277681502
0.308595577876,0.302015990019,2.17855612761
0.312565724055,0.374112010002,16.4512991569
0.319126665592,0.453312009573,29.6011005989
0.304261724154,0.296992003918,2.4477831526
0.29956026872,0.327455997467,8.51892436322
0.289576292038,0.339136004448,14.6135213484
0.260722200076,0.235967993736,10.490493201
0.277521649996,0.325343996286,14.6990099205
0.3102850914,0.30534401536,1.61819973267
0.349369764328,0.334816008806,4.34679201083
0.289380510648,0.270272016525,7.07009714453
0.283755660057,0.248927995563,13.9910597102
0.327752908071,0.335071980953,2.18432853189
0.327664355437,0.332608014345,1.48633186664
0.281792104244,0.300096005201,6.09934842179
0.282067894936,0.261855989695,7.71871029744
0.276534040769,0.295936018229,6.5561392546
0.2835166653,0.263135999441,7.74529745146
0.354348818461,0.363007992506,2.38539487386
0.27999262015,0.240416005254,16.4617221947
0.275351266066,0.247327998281,11.3304065777
0.283722877502,0.406240016222,30.1588060819
0.389544566472,0.376192003489,3.54940106648
0.276256521543,0.269248008728,2.60299522658
0.271326065063,0.2522559762,7.55981648111
0.27887759606,0.294144004583,5.19011378272
0.293392419815,0.273536026478,7.25915104966
0.356650590897,0.407263994217,12.4276646202
0.290234267712,0.298911988735,2.90310236812
0.320450186729,0.333023995161,3.77564638414
0.275652666887,0.280447989702,1.70987954689
0.273081938426,0.255488008261,6.88640155158
0.352488954862,0.347999989986,1.28993247262
0.27493306001,0.347263991833,20.8288027333
0.278353333473,0.448127985001,37.8853044688
0.290594955285,0.358783990145,19.0055957714
0.277489403884,0.282687991858,1.83898436568
0.330212414265,0.367840021849,10.2293402971
0.287659128507,0.322432011366,10.7845628328
0.317121942838,0.322111994028,1.54916652673
0.307679315408,0.280096024275,9.84779816303
0.306192696095,0.288639992476,6.08117519283
0.352558732033,0.383807986975,8.14189803299
0.294588108857,0.271104007959,8.66239532011
0.291115323702,0.307648003101,5.37389459128
0.300690770149,0.395071983337,23.8896244656
0.315325876077,0.354143977165,10.9611072307
0.292661031087,0.302783995867,3.34329585372
0.293567299843,0.280576020479,4.63021727282
0.271916528543,0.267167985439,1.77736231971
0.357915759087,0.336384028196,6.40093734703
0.326404770215,0.321632027626,1.48391396981
0.295795679092,0.248480007052,19.0420439058
0.276685714722,0.238464012742,16.0282893591
0.308420260747,0.303647994995,1.57164408487
0.277848442396,0.300767987967,7.620340757
0.358924070994,0.36057600379,0.45813719673
0.271763106187,0.390592008829,30.4227685042
0.26400856177,0.281887978315,6.3427382225
0.283480763435,0.280671983957,1.00073382404
0.313738385836,0.554432034492,43.4126518098
0.300038059553,0.275135993958,9.05082073661
0.31286851565,0.274399995804,14.0191401002
0.278470257918,0.24153599143,15.2914132047
0.285989085833,0.256064027548,11.6865529969
0.321870088577,0.309664011002,3.9417165515
0.281418045362,0.257279992104,9.38201725711
0.315557996432,0.291072010994,8.4123462625
0.261519749959,0.26892799139,2.7547305108
0.272499303023,0.337375998497,19.2297898378
0.278418540955,0.401759982109,30.7002804279
0.269243796666,0.429791986942,37.3548588977
0.278540651004,0.256223976612,8.70983062807
0.292524258296,0.3252800107,10.070017009
0.287529806296,0.479072004557,39.9819226419
0.269815325737,0.257759988308,4.67696228114
0.290540754795,0.29542401433,1.65296634599
0.272909601529,0.257152020931,6.12772963678
0.312169512113,0.281920015812,10.7298150555
0.282084703445,0.373248010874,24.4243250526
0.286390662193,0.25292801857,13.2301054713
0.31309111913,0.383872002363,18.4386677843
0.279712259769,0.2452159971,14.0677048307
0.274647474289,0.54240000248,49.3644039393
0.308257699013,0.426335990429,27.696064622
0.284671286742,0.242751985788,17.2683658251
0.291693429152,0.336160004139,13.2278005828
0.303313910961,0.396031975746,23.4117622978
0.282916665077,0.24108800292,17.3499558876
0.281907081604,0.351999998093,19.912760474
0.283370375633,0.317247986794,10.6785898006
0.28433016936,0.265215992928,7.20702255596
0.271077076594,0.239616006613,13.1297864554
0.273545781771,0.242912009358,12.6110571864
0.319929222266,0.286911994219,11.5077893962
0.278031110764,0.260064005852,6.90872420155
0.292568604151,0.369120001793,20.7388917614
0.271786371867,5.24377202988,94.8169681993
0.274934093157,0.311391979456,11.7080363991
0.27976034085,0.595776021481,53.0426988058
0.306834657987,0.413504004478,25.7964482414
0.297055959702,0.303103983402,1.99536265833
0.293469885985,0.390976011753,24.9391581163
0.291678508123,0.257376015186,13.3277737289
0.284983634949,0.30905598402,7.78899303562
0.310155948003,0.315776020288,1.77976537933
0.3779733181,0.40860798955,7.49732561114
0.280814965566,0.65600001812,57.1928417973
0.272592882315,0.348032027483,21.6759203781
0.3345952034,0.372384011745,10.1478063381
0.282750884692,0.283648014069,0.316282622205
0.316092411677,0.292640000582,8.01408250707
0.270223180453,0.238112002611,13.4857451492
0.284626046817,0.246080011129,15.6640254973
0.28877945741,0.258848011494,11.5633285123
0.278094808261,0.27548801899,0.946244152685
0.279573102792,0.248096004128,12.6874670046
0.310765226682,0.646399974823,51.9236944947
0.274381836255,0.245888009667,11.5881317786
0.301572660605,0.340448021889,11.4188829966
0.274251421293,0.27094399929,1.22070317513
0.281182408333,0.239040017128,17.6298478017
0.271695892016,0.256671994925,5.85334488711
0.276473959287,0.344128012657,19.6595600712
0.278138538202,0.258271992207,7.6921023551
0.306383927663,0.306495994329,0.0365638273774
0.274784525235,0.263520002365,4.27463675216
0.276874303818,0.261824011803,5.74824742446
0.378860592842,0.471103996038,19.5802633754
0.355955084165,0.390399992466,8.82297873098
0.267775615056,0.314303994179,14.8036232387
0.275513211886,0.242559999228,13.5855923332
0.407999475797,0.384095996618,6.22330859712
0.277479171753,0.241919994354,14.6987343868
0.296856542428,0.280960023403,5.65792913619
0.299931943417,0.350112020969,14.3325777315
0.279987176259,0.257631987333,8.6771790869
0.27205046018,0.450080007315,39.5550889268
0.345288316409,0.369984000921,6.67479795098
0.290980378787,0.259040027857,12.3302762103
0.284392019113,0.272096008062,4.51899722385
0.291237036387,0.245792001486,18.489224477
0.298999408881,0.257728010416,16.0135479253
0.323118050893,0.372319996357,13.2149618461
0.340526739756,0.334111988544,1.91994044863
0.372601429621,0.404415994883,7.86679203191
0.299406806628,0.278464019299,7.52082347375
0.390385429064,0.361055999994,8.12323547334
0.29993224144,0.25846400857,16.0441034323
0.300992210706,0.281023979187,7.10552586183
0.292901039124,0.293183982372,0.0965070623775
0.349004824956,0.338400006294,3.13381160306
0.300075014432,0.3061439991,1.98239543656
0.284364899,0.501280009747,43.2722443603
0.311652779579,0.28639999032,8.8173149834
0.276034752528,0.261184006929,5.68593221808
0.284696141879,0.247615993023,14.9748602274
0.293210784594,0.286111980677,2.48112780904
0.286010146141,0.494111984968,42.1163309448
0.26877117157,0.254848003387,5.46332244997
0.277666052183,0.282047986984,1.55361321617
0.290918846925,0.284736007452,2.17142873092
0.292660276095,0.292831987143,0.0586380774744
0.320443153381,0.379487991333,15.5590794176
0.321048478285,0.351680010557,8.71005782307
0.292865256468,0.29833599925,1.83375214379
0.288081804911,0.245536014438,17.3277189381
0.284439543883,0.263808012009,7.82066159297
0.291996856531,0.267551988363,9.1364928053
0.283484220505,0.315871983767,10.2534459928
0.293099999428,0.322495996952,9.1151511343
0.300907731056,0.284640014172,5.71518973956
0.350097417831,0.405119985342,13.5817953943
0.357942342758,0.31615999341,13.215571299
0.279334783554,0.414976000786,32.6865209012
0.28981479009,0.283391982317,2.26640419409
0.27530447642,0.273023992777,0.835268585746
0.337635278702,0.319775998592,5.58493451292
0.272738734881,0.249951988459,9.11644934812
0.276662528515,0.336991995573,17.902344225
0.34134042263,0.358143985271,4.69184555156
0.271987934907,0.260672003031,4.34106146611
0.283074577649,0.25820800662,9.63044150121
0.282015800476,0.286527991295,1.57478185583
0.277770320574,0.244224011898,13.7358765077
0.297376950582,0.291103988886,2.15488689111
0.281141360601,0.44275200367,36.5013916887
0.299966752529,0.28086400032,6.80142424338
0.311155200005,0.479040026665,35.0460957989
0.278189102809,0.244864016771,13.6096297352
0.393765648206,0.385120004416,2.24492202208
0.275613764922,0.262335985899,5.06136395179
0.274720668793,0.259679973125,5.79201217801
0.293373564879,0.389152020216,24.61209254
0.284199237823,0.318560004234,10.7862776099
0.285349965096,0.281279981136,1.44695116331
0.282208840052,0.307423979044,8.20207293852
0.281571467717,0.306047976017,7.99760502195
0.306256035964,0.317312031984,3.48426624465
0.307664076487,0.288128018379,6.78033959276
0.280429999034,0.320512026548,12.5056235632
0.289980431398,0.260960012674,11.1206381491
0.274747371674,0.284480005503,3.42120136419
0.276079714298,0.263680011034,4.70255716981
0.297117630641,0.267391979694,11.1168820322
0.288502454758,0.263487994671,9.49358627063
0.278625369072,0.464223980904,39.9804015877
0.304638425509,0.287328004837,6.02462007903
0.285039107005,0.261408001184,9.03993210356
0.296586195628,0.282016009092,5.16643951612
0.284861544768,0.271519988775,4.91365517984
0.291029334068,0.28233602643,3.07906424415
0.277481635412,0.344736009836,19.5089496037
0.317479908466,0.314111977816,1.07220701169
0.299137830734,0.30895999074,3.17910418823
0.374216715495,0.355360031128,5.3063605119
0.316082894802,0.297280013561,6.32497321821
0.299532095591,0.305631995201,1.99583149201
0.26870294412,0.254815995693,5.44979462093
0.311130841573,0.330527991056,5.86853458957
0.277097364267,0.245087996125,13.0603573604
0.395592133204,0.505728006363,21.7776891477
0.284703592459,0.274432003498,3.74285390565
0.295385082563,0.301504015923,2.02946993627
0.365396102269,0.389279991388,6.13540116297
0.270034193993,0.244095996022,10.6262283663
0.286467671394,0.310815989971,7.83367631088
0.391798257828,0.416672021151,5.96962648323
0.283827622732,0.292544007301,2.97951226218
0.279953598976,0.273919999599,2.20268669155
0.345121939977,0.361791998148,4.60763595002
0.302584528923,0.26531201601,14.0485581744
0.4064848423,0.416991978884,2.51974549042
0.287856737773,0.376831978559,23.6113827513
0.297878265381,0.605311989784,50.7893003264
0.380974610647,0.354624032974,7.43056736773
0.294903198878,0.257184028625,14.6662179818
0.28915421168,0.332511991262,13.0394634545
0.272096097469,0.246656000614,10.3139987642
0.286945819855,0.240096002817,19.5129516893
0.294367671013,0.624863982201,52.8909203606
0.274640043577,0.409695982933,32.9649166657
0.330945253372,0.342623978853,3.40861299904
0.275551597277,0.287904024124,4.29046689583
0.312202910582,0.307327985764,1.58622873428
0.283820509911,0.280319988728,1.24875903388
0.277934253216,0.30307200551,8.29431680838
0.351004640261,0.349567979574,0.410981774955
0.304788430532,0.284352004528,7.18701668296
0.299164712429,0.477887988091,37.3985704005
0.292509277662,0.333407998085,12.266868419
0.267992933591,0.24662399292,8.66458304331
0.275062501431,0.26128000021,5.27499280834
0.28351833423,0.247103989124,14.7364456699
0.277942895889,0.283648014069,2.01133725475
0.316559394201,0.312320023775,1.35738028395
0.290128688018,0.249535992742,16.267270637
0.286415815353,0.334912002087,14.4802773359
0.298276305199,0.278719991446,7.01647328981
0.302061279615,0.313536018133,3.65978320026
0.288329879443,0.308191984892,6.44471836476
0.277424653371,0.318751990795,12.965358215
0.270450035731,0.332159996033,18.5783842241
0.276731014252,0.314079999924,11.8915517324
0.319723069668,0.248383998871,28.7212828207
0.278413732847,0.28867200017,3.55360662522
0.298385500908,0.258976012468,15.2174280791
0.29226398468,0.28233602643,3.51636253282
0.276838759581,0.248160019517,11.5565513414
0.395631949107,0.37523201108,5.43661985777
0.279678781827,0.340255975723,17.8034180788
0.273504575094,0.259712010622,5.31071491015
0.291064421336,0.360896021128,19.349506701
0.301479021708,0.337695986032,10.7247245518
0.278248071671,0.40473601222,31.2519609649
0.29440921545,0.313087999821,5.96598540382
0.316856185595,0.295328021049,7.2895773551
0.287758886814,0.354463994503,18.818584884
0.276533643405,2.88402986526,90.4115540988
0.344105442365,0.4451200068,22.6937821018
0.281583070755,0.332255989313,15.2511678308
0.301950216293,0.330431997776,8.61955914512
0.305047829946,0.37769600749,19.2345632741
0.280970454216,0.366816014051,23.4028931527
0.297193527222,0.339008003473,12.3343625588
0.288437247276,2.67257809639,89.2075278299
0.304877340794,0.322336018085,5.41629737675
0.264917572339,0.256608009338,3.23823212784
0.283151566982,0.238175988197,18.8833387972
0.305354158084,0.346655994654,11.9143580977
0.304748376211,0.549344003201,44.5250381482
0.273963034153,1.18304395676,76.8425312865
0.287527124087,0.29078400135,1.12003316835
0.285688042641,0.346783995628,17.6178698434
0.288467605909,0.293792009354,1.81230369629
0.277341763179,0.359071999788,22.7615176505
0.290610432625,0.39516800642,26.4590179611
0.274381796519,0.305375993252,10.1495197454
0.300422628721,0.366975992918,18.1356179919
0.270182331403,0.279487997293,3.32954043841
0.289517680804,0.240703999996,20.279546999
0.271412372589,0.249216005206,8.90647748111
0.276513894399,0.292640000582,5.51056115045
0.272108972073,0.235936000943,15.3316878242
0.334968646367,0.311039984226,7.69311450446
0.290187478065,0.240608006716,20.605910845
0.36212293307,0.35830399394,1.06583772274
0.282879551252,0.27875199914,1.48072556419
0.276534279188,0.37340798974,25.9431274141
0.291065136592,0.281088024378,3.54946185838
0.361657857895,0.344448000193,4.99635872254
0.321546554565,0.294495999813,9.18537255838
0.279904882113,0.241280004382,16.00832105
0.278442978859,0.310783982277,10.4062645639
0.273691733678,0.256768018007,6.59105281189
0.300409158071,0.245119988918,22.55596102
0.285245418549,0.307040005922,7.0982891328
0.305964112282,0.491008013487,37.6865338492
0.272124091784,0.281088024378,3.18901262816
0.272720535596,0.304895997047,10.5529301017
0.275567293167,0.278016000986,0.880779455247
0.289094010989,0.253535985947,14.0248434199
0.27184398969,0.260416001081,4.38835884171
0.278971076012,0.254655987024,9.54821022332
0.286243160566,0.332383990288,13.8817846438
0.294547080994,0.325343996286,9.46595469542
0.281995733579,0.25347200036,11.2532087086
0.277650813262,0.246240004897,12.7561759827
0.266083399455,0.451903998852,41.1194855255
0.364763577779,0.366943985224,0.594207163065
0.319885293643,0.292511999607,9.35800721761
0.307083129883,0.273375988007,12.329957039
0.346061746279,0.432447999716,19.9761019806
0.278146227201,0.354143977165,21.4595630209
0.283303916454,0.312447994947,9.3276573908
0.273466924826,0.262495994568,4.1794657768
0.289829969406,0.303359985352,4.46005293999
0.274962385496,0.296447992325,7.24768167962
0.308814764023,0.287104010582,7.56198194405
0.294806083043,0.273151993752,7.92748718195
0.285195469856,0.317343980074,10.1304931671
0.383236527443,0.392383992672,2.33125341499
0.278871874015,0.251424014568,10.9169601374
0.316746711731,0.334208011627,5.22468022571
0.272613008817,0.249919995666,9.08011105356
0.27519818147,0.252864003181,8.83248624074
0.273477673531,0.248096004128,10.2305837175
0.284846504529,0.236543998122,20.4200938475
0.345004002253,0.331999987364,3.91687210372
0.289773106575,0.338975995779,14.5151544111
0.327361345291,0.449088007212,27.1053022939
0.285852909088,0.272767990828,4.79708715853
0.380468646685,0.395999997854,3.92205839725
0.270149250825,0.23327998817,15.8047258768
0.29604635636,0.264479994774,11.9352549191
0.270112435023,0.335519999266,19.4943861427
0.370629072189,0.349983990192,5.89886468394
0.2805078427,0.261184006929,7.39855246019
0.307887236277,0.357311993837,13.8323813397
0.269701600075,0.252736002207,6.71277448398
0.272285441558,0.23187199235,17.4292068647
0.362037658691,0.342943996191,5.56757450559
0.343645811081,0.341695994139,0.570629148618
0.274855732918,0.366400003433,24.9847897537
0.338794310888,0.358048021793,5.37741021701
0.310047547023,0.303007990122,2.3232248423
0.291382173697,0.332608014345,12.3947225773
0.362668116887,0.409056007862,11.3402297199
0.288024862607,0.607711970806,52.6050371815
0.274066785971,0.292128026485,6.18264557886
0.275154034297,0.265504002571,3.63460875622
0.298713624477,0.263167977333,13.506828416
0.409060279528,0.432096004486,5.33115898287
0.298223137856,0.273184001446,9.16566719766
0.290973901749,0.274432003498,6.02768556135
0.289984822273,0.287904024124,0.722740210193
0.280257324378,0.406591981649,31.0716056817
0.29963684082,0.281183987856,6.56255468354
0.267766515414,0.244767993689,9.39604945024
0.286914904912,0.311967998743,8.0306614562
0.318538506826,0.308895975351,3.1216112361
0.267139673233,0.328159987926,18.5946845863
0.272913416227,0.253727972507,7.56142238856
0.286280473073,0.268640011549,6.56658009453
0.290557463964,0.314784020185,7.69624716254
0.293708562851,0.314399987459,6.58124218625
0.313100854556,0.265695989132,17.8417693013
0.303150614103,0.319999992847,5.26543097543
0.369891365369,0.433568000793,14.6866547595
0.284181157748,0.254848003387,11.5100585331
0.291342496872,0.307264000177,5.18170149977
0.273081898689,0.239840000868,13.8600307293
0.323832432429,0.306336015463,5.71151156996
0.281971534093,0.25452798605,10.7821338115
0.324052373568,0.32607999444,0.621817010069
0.295914332072,0.55750399828,46.9215767088
0.315588136514,0.319103986025,1.10178802673
0.373667995135,0.413696020842,9.67570962495
0.275422890981,0.245695993304,12.0990567559
0.283405820529,0.327711999416,13.5198524822
0.284749170144,0.239519998431,18.883254847
0.306287765503,0.324703991413,5.67169680608
0.302643398444,0.361663997173,16.3191800098
0.341068903605,0.311872005463,9.36182075694
0.286655306816,0.282463997602,1.48383838267
0.324748516083,0.360160022974,9.83215921602
0.308324237665,0.302208006382,2.02384819508
0.315345724424,0.285984009504,10.2669079192
0.299546897411,0.285663992167,4.85987230646
0.33821551005,0.327264010906,3.34638053048
0.275161981583,0.456512004137,39.7251377644
0.38566784064,0.401439994574,3.9288945165
0.349770466487,0.389760017395,10.260044418
0.281513333321,0.347200006247,18.9189722765
0.292165676753,0.344384014606,15.1628227905
0.295226057371,0.352639973164,16.281170645
0.294282118479,0.279359996319,5.34153864448
0.308657566706,0.279872000217,10.2852612861
0.276340007782,0.298047989607,7.28338475073
0.301944335302,0.30377599597,0.602964254041
0.275774161021,0.462080001831,40.3189577718
0.27289779981,0.253759980202,7.54170125362
0.338979125023,0.626655995846,45.9066653363
0.286965449651,0.235231995583,21.9925244184
0.288325270017,0.338655978441,14.8618986902
0.291560729345,0.254592001438,14.5207735112
0.30153387785,0.340864032507,11.5383704077
0.292630553246,0.290848016739,0.612875592772
0.28686273098,0.32009601593,10.3822863442
0.284423192342,0.262272000313,8.445885189
0.293106993039,0.316864013672,7.49754456403
0.31989000241,0.595583975315,46.2896895034
0.39598317941,0.387136012316,2.28528651768
0.27905023098,0.257759988308,8.25971587434
0.309854427973,0.331999987364,6.67034946785
0.281115372976,0.27120000124,3.65611050537
0.289192040761,0.270080000162,7.07643682898
0.303713560104,0.791072010994,61.6073434677
0.291433493296,0.315776020288,7.70879529419
0.373143116633,0.361343979836,3.26534755137
0.319200436274,0.296703994274,7.58211632948
0.288955569267,0.242559999228,19.127461324
0.271046161652,0.292191982269,7.23696127917
0.300742944082,0.336863994598,10.722740066
0.273498932521,0.24908798933,9.80012856336
0.271467586358,0.317343980074,14.4563617387
0.279692371686,0.242592006922,15.2933170533
0.380621870359,0.518079996109,26.5322202715
0.268207947413,0.242783993483,10.4718410657
0.28252017498,0.273023992777,3.47814934018
0.282825350761,0.262591987848,7.70524762729
0.309673428535,0.311296015978,0.521236173647
0.272527217865,0.336640000343,19.0449092244
0.285419325034,0.334496021271,14.6718325828
0.270934104919,0.258591979742,4.77281824042
0.288943231106,0.269536018372,7.20022980657
0.27957646052,0.38041600585,26.5077030879
0.272281726201,0.260767996311,4.41531554986
0.286578734716,0.276256024837,3.73664606387
0.317622860273,0.316480010748,0.361112704122
0.305058995883,0.512480020523,40.4739729031
0.272740324338,0.37331199646,26.9403804526
0.290058851242,0.233311995864,24.3223050611
0.293366630872,0.312480002642,6.11667038147
0.287292162577,0.435903996229,34.0927899119
0.278849601746,0.267744004726,4.14784152891
0.273895541827,0.259775996208,5.43527724839
0.300188302994,0.258688002825,16.0426072009
0.296578804652,0.703104019165,57.8186446717
0.276397665342,0.27548801899,0.330194523692
0.319511433442,0.314720004797,1.52244171722
0.272727290789,0.34399998188,20.718806641
0.283554514249,0.288800001144,1.81630431941
0.28446149826,0.320127993822,11.1413235487
0.346283713977,0.509984016418,32.0991045154
0.300066590309,0.364511996508,17.6799136423
0.286730925242,1.72466802597,83.3747178631
0.287196715673,0.39753600955,27.7557985256
0.319883505503,0.332255989313,3.72378052097
0.28847883145,0.360511988401,19.9807937791
0.272593220075,0.256159991026,6.41522080916
0.291737953822,0.579967975616,49.6975753684
0.29688556989,0.387136012316,23.3123345683
0.286856969198,0.331808000803,13.5473019025
0.285751461983,0.345055997372,17.1869307709
0.320192098618,0.305983990431,4.64341554822
0.277734955152,0.250176012516,11.0158213646
0.283873399099,0.237280011177,19.6364572349
0.394571900368,0.37622398138,4.87686056587
0.27887348334,0.320575982332,13.0086161443
0.277017553647,0.458687990904,39.6065388367
0.275581598282,0.28041601181,1.72401479403
0.291049301624,0.575872004032,49.459376461
0.344101905823,0.376767992973,8.67008019784
0.29401165247,0.302527993917,2.81505897605
0.272042314212,0.48208001256,43.5690534509
0.285268386205,0.32054400444,11.0049221781
0.273840924104,0.331776022911,17.4621114265
0.291982769966,0.312799990177,6.65512175983
0.347847779592,0.447168022394,22.2109448414
0.281966845194,0.284095972776,0.749439550694
0.281002521515,0.338304013014,16.9378692817
0.30851372083,0.439711987972,29.8373186838
0.312728464603,0.311360001564,0.43951150839
0.280398170153,0.344159990549,18.5267963002
0.290191570918,1.80172598362,83.8936900752
0.317868272463,0.295519977808,7.56236340475
0.289948503176,0.257696002722,12.5157162369
0.276935855548,0.247008010745,12.1161434045
0.290301680565,0.276800006628,4.87777225923
0.285306255023,0.251872003078,13.2743026361
