4.443750381469726562e+00
2.620432790120442590e+01
1.454428990681966072e+00
2.166619110107421875e+01
3.042765617370605469e+00
1.273807144165039062e+01
5.567918904622396070e+01
5.591574096679687500e+01
1.143332163492838482e+01
2.009336312611897934e+00
4.800430806477864820e+01
2.207600275675455581e+00
4.737850507100422881e+00
7.466928100585937500e+01
6.898150444030761719e-01
1.481314595540364643e+01
7.431315104166667140e+01
3.468732961018880445e+01
1.535051600138346295e+01
1.461771240234375000e+02
1.814131164550781250e+01
1.210403747558593750e+02
2.636200459798176965e+01
5.515314102172851562e+00
9.778458913167318300e+00
1.436520131429036518e+01
9.072772343953451113e+00
6.567604573567707860e+01
4.260656738281250000e+01
3.751146316528320312e+00
2.974693806966145715e+01
2.451515502929687500e+02
2.525057373046875000e+02
2.547672589619954575e+00
4.099420674641927320e+01
3.536553955078125000e+01
5.538215128580728930e+01
2.113228352864583215e+01
2.314307689666748047e+00
2.056379063924153527e+01
1.637944030761718750e+01
5.547697544097900391e-01
1.725556818644205848e+01
3.159541130065917969e+00
6.073790995279947680e+01
1.922937011718750000e+01
1.558792241414388080e+01
3.506308873494466294e+00
1.004364252090454102e+00
2.715118408203125000e+00
7.767071533203125000e+01
3.048557027180989465e+01
1.107588450113932232e+01
1.748479461669921875e+01
3.537137349446614731e+00
9.633514404296875000e+00
1.503787835439046150e+00
5.404172261555989287e+00
8.250453472137451172e-01
1.232066090901692768e+01
5.000428517659504912e+00
4.292828369140625000e+01
5.472072601318359375e+00
2.595210774739583215e+01
1.782923990885416572e+02
5.965494314829508093e-01
7.152790323893229640e+01
1.131657918294270893e+01
8.511499563852945593e-01
2.381962458292643081e+00
6.747566223144531250e+00
1.027278518676757812e+01
2.164468994140625000e+02
7.688515218098957860e+01
6.702357927958170203e-01
3.418584187825520981e+00
6.249916156133016321e-01
4.457696914672851562e+00
1.109655659993489536e+02
8.948392232259115175e+00
7.184002685546875000e+01
1.196741024653116936e+00
3.968274180094400805e+01
7.562462488810220984e-01
4.584645080566406250e+01
1.378063583374023438e+01
1.120568644205729214e+02
6.586167653401692412e+00
2.848764546712239465e+01
3.787523396809896070e+01
1.643884340922037834e+00
5.152598571777343750e+01
4.332089742024739287e+00
7.986758550008138391e-01
2.148186238606770715e+01
9.420914967854818300e+00
2.882039896647135535e+01
2.440976142883300781e+00
4.130500793457031250e+00
1.533912913004557232e+01
4.860883585611978930e+01
4.206451098124186494e+00
3.280591964721679688e+00
8.363186518351236609e-01
1.482424723307291572e+02
1.263602600097656250e+02
1.231863098144531250e+02
1.719503021240234375e+01
4.477340189615885180e+01
8.349843343098957860e+01
8.219507853190103575e+00
3.628543090820312500e+01
2.968768564860026160e+01
8.583620198567707860e+01
5.666794776916503906e-01
9.588053385416666075e+00
2.696177368164062500e+02
1.583864593505859375e+01
7.112210083007812500e+01
4.691254933675129912e+00
1.765181223551432366e+00
5.338938395182291430e+01
2.062318642934163559e+00
1.061555290222167969e+01
2.320778401692708215e+01
9.257635498046875000e+01
1.844760767618815223e+01
8.805007934570312500e-01
8.444609642028808594e-01
2.076397069295247277e+01
1.754322814941406250e+01
2.018054072062174598e+01
1.001235008239746094e+01
1.483854980468750000e+02
1.916604359944661384e+00
3.150382359822591294e+00
6.263116455078125000e+01
8.809839884440103575e+00
2.209848880767822266e+00
1.101337178548177143e+01
6.734798749287923547e-01
7.990052795410156250e+01
1.027168464660644531e+01
2.983421007792154800e+00
5.448249308268228930e+01
1.225659790039062500e+02
1.085452016194661518e+01
1.264403661092122455e+01
2.167008717854817856e+00
1.993739318847656250e+01
1.222772725423177143e+01
2.462446085611979285e+01
2.479649543762207031e+00
1.634941914876302178e+02
1.228108215332031250e+01
4.408495076497396070e+01
5.682699584960937500e+01
1.048806063334147076e+01
7.202914555867512725e+00
5.941089630126953125e+00
3.146921030680338660e+01
1.373212051391601562e+01
7.935578664143879912e+00
3.438428878784179688e+00
5.196555455525716516e-01
1.333253606160481830e+01
3.772049585978189956e+00
4.268084367116292133e-01
3.358375867207845200e+00
8.059202067057292140e+01
1.744058430989583428e+02
2.365527089436848840e+01
1.570996284484863281e+00
1.036816914876302036e+02
2.484573046366373550e+00
2.814651234944661340e+01
3.558326721191406250e+00
9.746047655741373328e-01
6.402337551116943359e-01
6.705055745442707860e+01
2.369974772135416572e+02
1.716801484425862556e+00
1.489721043904622455e+01
2.110314051310221473e+01
1.944581095377604072e+02
5.442207336425781250e+00
2.102876027425130090e+01
1.313684145609537834e+00
1.622906366984049598e+01
9.669834772745767637e+00
2.491406250000000000e+01
2.263765494028727066e+00
3.897776603698730469e-01
1.199727630615234375e+01
2.400091171264648438e+00
1.029028701782226562e+01
1.987607796986897712e+00
1.059813054402669330e+01
3.625720214843750000e+01
4.749658266703288056e+00
5.208272298177083570e+01
1.123940022786458286e+02
4.023892084757487164e-01
6.367345650990804407e-01
1.975408426920573035e+01
3.803145345052083570e+01
3.660307248433431138e+00
7.311135864257812500e+01
4.402818997701008819e+00
1.772493896484375000e+02
7.635651143391926610e+01
1.028744633992513080e+01
2.758060913085937500e+02
1.920587539672851562e+00
1.214927978515625000e+02
2.201751867930094253e+00
4.926499525705973492e-01
1.258558756510416714e+02
5.501242478688558313e-01
2.206663513183593750e+01
1.468198140462239643e+01
3.826442972819010180e+01
3.394699605305989820e+01
4.117748896280924775e+00
8.618250528971354640e+01
2.629935963948567590e+01
3.327154795328775894e+00
4.679549153645833570e+01
1.043198445638020786e+02
5.704974365234375000e+01
4.944578043619791430e+01
3.438387552897135180e+01
1.329448541005452400e+00
1.081770896911621094e+00
1.772411664326985603e+00
2.528644307454426965e+01
1.952978261311848840e+01
7.281885782877604463e+00
1.765194574991862053e+00
1.562159016927083428e+02
6.134529749552409150e+00
3.766096496582031250e+01
2.121458435058593750e+01
6.273807684580484656e-01
1.004587809244791607e+01
7.480369567871093750e+00
7.040950457255045203e-01
3.549019877115885180e+01
7.264842351277668975e+00
8.776804606119792140e+01
5.119538370768228930e+01
3.591087849934896070e+01
4.950519402821858539e-01
3.845085779825846206e+00
3.858692804972330581e+00
6.499705505371093750e+01
1.407195409138997455e+01
8.046125570933023718e-01
3.617888291676839008e-01
2.078245162963867188e+01
3.038995615641276160e+01
9.278491210937500000e+01
5.839146423339843750e+01
2.252117411295573035e+01
6.627565511067707860e+01
3.206583976745605469e+00
3.422992451985677320e+01
1.047350311279296875e+01
2.387186845143636216e+00
2.592058181762695312e+00
1.837553532918294152e+01
1.144165039062500000e+02
1.853779220581054688e+01
7.365653483072917140e+01
8.878984578450520360e+01
9.983278401692707860e+01
1.471828460693359375e+01
1.001072184244791714e+02
1.688332621256510322e+02
6.748486359914144250e-01
1.618168830871582031e+00
1.134028116861979107e+01
6.667054748535156250e+01
9.996228535970052675e+00
1.532809855143229072e+02
5.664143880208333037e+00
1.601216837565104072e+02
4.448138872782389508e-01
2.133396784464518081e+00
6.298374938964843750e+01
4.621106465657551787e+00
9.988869984944662050e+00
4.254006067911784150e+00
3.945212999979654800e+00
3.561321004231771070e+01
2.521369298299153794e+00
1.899087587992350334e+00
2.393742370605468750e+01
3.677717844645182055e+01
8.046848773956298828e-01
3.497363726298014175e+00
2.880863746007283344e-01
2.375184631347656250e+01
1.879952239990234375e+01
8.575630982716878625e-01
2.013214314778645928e+02
1.162566630045572857e+01
1.580558268229166572e+02
1.125209045410156250e+01
1.101920166015625000e+02
1.215861511230468750e+02
7.568430900573730469e-01
5.482229232788085938e+00
1.597149022420247455e+01
1.029297383626302143e+01
1.812584241231282478e+00
4.441623687744140625e+00
9.727303059895832860e+01
1.286690012613932232e+01
4.123932838439941406e+00
1.630216598510742188e+01
1.320322926839192768e+01
9.321875572204589844e-01
1.479676310221354107e+01
5.662724574406942102e-01
3.409884134928385269e+00
3.118301137288411340e+01
2.481275558471679688e+00
6.715208435058593750e+01
5.044218953450521070e+01
5.257164001464843750e+01
8.241825739542642637e+00
3.511348724365234375e+00
4.156886291503906250e+01
6.447020467122395360e+01
7.200791835784912109e-01
7.207467651367187500e+01
6.673665364583333037e+00
2.562501780192057410e+01
7.599451541900634766e-01
8.517838795979818300e+00
4.466474405924478930e+01
2.072377777099609375e+01
4.508882204691569306e+00
8.071549479166667140e+01
2.238785902659098159e+00
3.809811274210611831e+00
5.717598470052083570e+01
3.879185485839843750e+01
8.556538899739582860e+01
6.412291526794433594e-01
7.624799601236979640e+01
4.541032918294271070e+01
6.226154327392578125e+00
1.018987325032552036e+02
2.421694755554199219e+00
4.282407633463541430e+01
8.958919525146484375e+00
3.519534746805826675e+00
4.929074605305989820e+01
1.899119695027669197e+00
3.798142496744791430e+01
2.038836415608723840e+01
4.287669881184896070e+01
1.410100936889648438e+00
4.140151977539062500e+01
1.236443786621093750e+02
7.340926488240559600e+00
1.327049509684244732e+01
9.568939208984375000e+01
5.109077962239583570e+01
7.184559122721354640e+01
3.243424097696939956e+00
4.984749857584635180e+01
8.431006113688150450e+00
7.189233398437500000e+01
1.061930656433105469e+00
1.056788444519042969e+00
5.733116785685221650e+00
7.137572765350341797e-01
7.147917429606120088e+00
1.405007298787434955e+01
6.083162943522135713e+00
2.200579427083333428e+02
1.089542150497436523e+00
7.427187760670980188e-01
1.411514759063720703e+00
1.731774648030598884e+00
4.956719462076822680e+01
8.526224772135416075e+00
8.900505574544270360e+01
9.003962198893229640e+01
1.710641225179036340e+01
4.260062154134114820e+01
3.364558410644531250e+01
1.435376485188802143e+01
4.488440195719401338e+00
8.944467703501383093e-01
9.826661745707193640e-01
4.188468933105468750e+01
4.362017313639323213e+00
8.885757128397623328e-01
2.171494483947753906e+00
1.180966536204020256e+00
2.318711090087890625e+01
1.095082702636718750e+02
4.032406489054362275e+00
5.103891372680664062e+00
6.933198293050129912e+00
2.233846028645833481e+00
2.714276123046875000e+02
3.147471618652343750e+01
2.457883707682291785e+01
7.178929646809895537e+00
4.755530357360839844e-01
3.965501785278320312e+00
1.587584940592447857e+01
2.325584513346354072e+02
3.655725097656250000e+01
2.359262307484944754e-01
3.826120058695475112e+00
5.442321777343750000e+00
2.179844970703125000e+02
3.473617553710937500e+00
2.320276133219401160e+01
4.236381451288859235e-01
3.209735107421875000e+01
3.602772076924642075e+00
1.394143676757812500e+02
3.685068003336588305e+01
3.028556823730468750e+01
6.224224090576171875e+00
2.333085695902506362e+00
5.407976786295573213e+00
2.798531595865885535e+01
9.182984670003255800e+00
3.616449038187662612e+00
7.836841583251953125e+00
6.702693303426107141e-01
2.285554409027099609e+00
3.355399068196614820e+01
6.308011881510416430e+01
2.297355731328328543e-01
7.739153544108073213e+00
4.152815341949462891e-01
2.440970357259114465e+01
2.076368967692057410e+01
6.150024414062500000e+00
1.424336242675781250e+02
2.799861399332682410e+01
5.260473124186197680e+01
4.543035427729288922e-01
2.338441975911458215e+01
2.064008967081705848e+01
1.392821756998697857e+01
4.759287516276041430e+01
1.059805393218994141e+00
7.029483540852864110e+01
2.482027053833007812e+00
1.755113728841145715e+01
1.743158976236979241e+00
8.179200490315755800e+00
2.462296644846598159e+00
1.037645419438679939e+00
7.872703043619792140e+01
8.453120930989582860e+01
1.251205190022786518e+01
3.371266921361287250e-01
1.580462519327799420e+01
7.080546061197917140e+01
6.721396128336588838e+00
3.662586466471353930e+01
4.047388394673665069e+00
1.543357086181640625e+01
3.438977305094400805e+01
9.360140164693196985e-01
1.133937072753906250e+02
2.873093922932942856e+00
2.278900400797526160e+01
3.050758997599283706e+00
1.053639793395996094e+01
1.635854721069335938e+01
2.422498575846354285e+01
7.129888534545898438e+00
4.888134956359863281e+00
2.155194600423176965e+01
2.431555175781250000e+02
9.873337427775064512e+00
1.420332972208658795e+01
3.491286436716715680e-01
2.738285827636718750e+01
1.461991628011067768e+01
2.182277933756510535e+01
4.782839965820312500e+01
9.379810587565104640e+01
1.025083414713541714e+02
1.109850260416666714e+02
1.184240112304687500e+02
8.151990254720052675e+00
1.215360616048177036e+02
3.031434122721354285e+01
2.960148175557454575e+00
5.836402257283528350e+00
5.792752504348754883e-01
8.328080749511718750e+01
1.407139841715494732e+01
1.605327097574869910e+01
3.749273173014322680e+01
1.106136678059895786e+02
1.624501164754231652e+01
1.744683837890625000e+01
1.152838071187337166e+00
2.480078379313151160e+01
1.851101239522298103e+00
1.100545167922973633e+00
5.416755676269531250e-01
1.963488769531250000e+01
4.074444580078125000e+01
6.362846883138021070e+01
5.890272140502929688e+00
4.598282368977864820e+01
2.095660400390625000e+01
6.882243474324543975e+00
4.977653503417968750e+01
7.029354858398437500e+01
5.809668223063151338e+00
6.444632975260417140e+01
7.195395628611246375e-01
9.854933420817056922e-01
2.956335703531900894e+00
6.184097290039062500e+01
1.026984659830729214e+02
1.369277699788411518e+01
3.016815185546875000e+01
4.996695836385090850e+00
6.561606725056966516e-01
7.286289850870768525e+00
1.717790126800537109e+00
2.824634234110514175e+00
1.022322336832682366e+00
3.855625152587890625e+00
4.974795532226562500e+01
1.452969074249267578e+00
1.409928995768229072e+02
6.235480626424153350e+00
1.034166653951009041e+00
1.947533365885416572e+02
9.960154215494791075e+00
1.632384300231933594e+00
9.565935134887695312e-01
1.154803721110025982e+01
1.353482462565104072e+02
9.113520940144857363e+00
3.144225056966145715e+01
7.609385172526042140e+01
1.386611461639404297e+00
1.763810221354166572e+02
1.532792282104492188e+01
9.650146484375000000e+00
6.351077270507812500e+01
8.192981719970703125e+00
1.409530957539876228e+00
3.276167233784993638e+00
1.730727132161458428e+02
1.008658965428670173e+00
6.903626759847004912e+00
1.497704671223958428e+02
3.811072031656900894e+00
2.111671447753906250e+01
9.978355407714843750e+00
2.182611783345540513e+00
2.103662923177083428e+02
7.409125645955403350e+00
3.911561648050943862e+00
1.055005963643391986e+01
1.944128926595051965e+01
4.106507364908853930e+01
7.232170104980468750e+00
1.360707600911458428e+02
3.222556749979654800e+00
3.695851008097330581e+00
1.032544962565104214e+02
1.899142964680989465e+01
5.292610486348469756e+00
1.968575795491536384e+00
3.750455538431803237e+00
9.770600795745849609e-01
6.550106048583984375e+00
5.179975382486978930e+01
1.013046366373697964e+02
1.402337646484375000e+01
2.609732818603515625e+01
4.855499776204427320e+01
1.963023122151692590e+01
2.146734237670898438e+00
1.740038553873698035e+01
2.915384173393249512e-01
1.145546671549479214e+02
6.649868011474609375e+00
1.012229029337565045e+01
1.982931111653645928e+02
1.702185058593750000e+01
5.248420206705728930e+01
1.172883300781250000e+02
4.446079730987548828e-01
1.401156743367512947e+00
1.133655192057291714e+02
4.924685796101887725e+00
1.418331464131673103e+00
1.110308430989583286e+02
1.168152999877929688e+01
1.320804516474405998e+00
3.994469706217447680e+01
7.299155553181965850e+00
7.088334401448567412e+00
5.666341145833333570e+01
1.920193227132161340e+01
1.129126707712809319e+00
1.230489730834960938e+01
7.295750935872395537e+00
2.496486663818359375e+00
2.910715738932291519e+00
1.042410786946614643e+01
3.063992063204447613e-01
2.679699579874674331e+00
4.692676289876302320e+01
4.028501892089843750e+01
2.624258041381835938e+00
3.221315002441406250e+01
8.613384246826171875e+00
9.611925125122070312e+00
1.268611272176106830e+01
9.267761230468750000e+01
3.857844543457031250e+01
6.966795857747395360e+01
1.428365961710611920e+01
2.757241312662760535e+01
2.435092163085937500e+01
4.472837320963541430e+01
6.545261383056640625e+00
2.088947550455729285e+01
3.916025797526041519e+00
7.119969685872395537e+00
8.012320200602212950e+00
2.302916971842448035e+01
1.947070439656575447e+00
5.441613515218098662e+00
8.365151087443033484e-01
4.570751190185546875e+00
4.780592282613118194e+00
9.595266977945962950e+00
1.650892003377278527e+01
1.527566750844319587e+00
4.683213233947753906e-01
2.493608093261718750e+01
2.807395426432291785e+01
1.931429036458333215e+01
3.156449953715006362e+00
9.313219197591145360e+01
2.676895141601562500e+00
1.621044921875000000e+01
5.835545857747395537e+00
2.371013641357421875e+00
3.095465302467346191e-01
7.602721850077310828e-01
1.674978892008463660e+01
5.704215367635091516e-01
8.163510640462240175e+00
3.261532783508300781e-01
3.272595206896464215e-01
3.108780161539713660e+01
9.968763987223306700e+00
7.335582478841145360e+01
1.167144775390625000e+01
2.495607248942057410e+01
1.315839513142903705e+01
2.559662628173828125e+01
1.659970601399739465e+01
3.676856231689453125e+01
4.738314151763916016e-01
2.571304321289062500e+01
3.617074330647786606e+00
3.779047139485677320e+01
1.255660502115885357e+01
3.212839762369791519e+00
5.608933766682942412e+00
7.690110524495442412e+00
2.217820231119791785e+01
1.824018160502115959e+00
1.023987960815429688e+01
1.677030245463053459e+00
5.481921513875325225e+00
3.122163391113281250e+01
1.398690541585286518e+01
1.959259668986002678e+00
1.048862609863281250e+02
5.567716979980468750e+01
4.803542073567708570e+01
7.256084187825520360e+01
2.316133117675781250e+01
2.430900255839029800e+00
2.269524129231770715e+01
1.146796798706054688e+01
5.863210042317708570e+01
1.304249267578125000e+02
4.886889139811198213e+00
3.640914360682169781e-01
2.263901265462239465e+01
1.037573954264322964e+02
7.717987060546875000e+00
1.458636474609375000e+01
1.275012817382812500e+02
9.220219930013021425e+00
6.731876373291015625e+00
1.016581090291341205e+01
7.064191818237304688e+00
4.610237630208333570e+01
3.859097162882487164e-01
6.501890182495117188e+00
6.842007446289062500e+01
4.897393798828125000e+01
2.616539637247721206e+00
8.869900512695312500e+01
1.477962239583333393e+01
7.020678202311198390e+01
8.476003011067707860e+01
4.721148808797200336e-01
1.182487487792968750e+01
1.078681640625000000e+02
2.625619967778523578e-01
7.454074096679687500e+01
1.925796508789062500e+02
4.014895629882812500e+01
3.443560028076171875e+01
1.150758616129557232e+01
2.971939086914062500e+01
6.221225992838541430e+01
3.597837320963541430e+01
4.436651070912678851e-01
1.349000930786132812e+01
4.853671391805012836e-01
9.387096405029296875e+00
3.044255256652832031e+00
4.585522969563801787e+00
8.972752888997396425e+00
1.444925626118977791e+00
1.328057861328125000e+02
8.598148600260417140e+01
1.788667996724446541e+00
6.418631235758463838e+00
1.176339308420817131e+00
8.868653774261474609e-01
7.246266682942707860e+01
8.684449259440104640e+01
9.757506052652994200e+00
1.947786808013916016e+00
6.142205397288004187e-01
6.917724609375000000e+00
7.307264963785807588e+00
2.769004185994466294e+00
1.592012151082356830e+01
6.537380981445312500e+01
1.139675394694010357e+01
6.665350596110025672e-01
2.139141845703125000e+01
1.924420166015625000e+01
6.607215372721354640e+01
2.154863993326822769e+00
1.181527709960937500e+01
2.716425323486328125e+01
6.003943761189778350e+00
4.002649434407552320e+01
3.176316833496093750e+01
5.905620320638021070e+01
2.046757888793945312e+01
1.742638142903645715e+01
1.784728495279948035e+01
2.513559977213541785e+01
2.890579223632812500e+01
3.787869771321614731e+00
3.809092458089192945e+01
8.742846171061197325e+00
8.085500590006510890e+01
6.790122350056965850e+00
1.073749383290608650e+00
1.275174763997395786e+02
3.688695017496744555e+01
1.277433268229166607e+01
1.352796713511149163e+00
1.509034601847330670e+01
5.409874979654947680e+01
1.166229009628295898e+00
4.085264587402343750e+01
9.130549112955728575e+00
9.624165852864582860e+01
1.805652364095051965e+01
1.299131552378336663e+00
1.359256490071614678e+02
5.826820373535156250e+01
4.783296712239583570e+01
3.741681734720865737e+00
3.395650863647460938e+00
1.895211410522460938e+01
1.183348973592122455e+01
9.130753835042318300e+00
2.525280316670735825e+00
1.596096547444661518e+01
1.944751358032226562e+01
1.360323842366536518e+01
3.261453628540039062e+00
7.190864562988281250e+00
1.804825623830159431e+00
2.343365033467610825e+00
3.741046587626139175e+00
6.155724207560221650e+00
4.906743685404459931e+00
1.618322690327962166e+00
4.629508972167968750e+00
3.326502482096354019e+00
3.746829350789388169e+00
8.219640731811523438e+00
8.349472045898437500e+00
4.880086263020833570e+01
6.117520014444987275e+00
1.255462392171224018e+01
3.496232604980468750e+01
4.209884007771809600e+00
3.167728424072265625e+00
