3.697071552276611328e+00
2.694850730895996094e+01
1.902747869491577148e+00
2.114731979370117188e+01
4.430334568023681641e+00
1.190005111694335938e+01
5.112126159667968750e+01
4.763071060180664062e+01
1.212112522125244141e+01
2.070242643356323242e+00
4.686722564697265625e+01
1.877878904342651367e+00
4.685792922973632812e+00
6.501752471923828125e+01
8.497270345687866211e-01
1.348224544525146484e+01
9.364657592773437500e+01
3.287640380859375000e+01
1.501408672332763672e+01
1.720851287841796875e+02
1.869734382629394531e+01
1.147914886474609375e+02
2.375240135192871094e+01
6.045480728149414062e+00
1.041237163543701172e+01
1.422847270965576172e+01
8.681235313415527344e+00
8.175956726074218750e+01
3.548676300048828125e+01
4.315344333648681641e+00
2.672657966613769531e+01
9.152738952636718750e+01
2.646957092285156250e+02
2.521997690200805664e+00
3.000256156921386719e+01
3.140622138977050781e+01
6.419294738769531250e+01
2.199614143371582031e+01
1.345879435539245605e+00
2.041112136840820312e+01
1.655973625183105469e+01
7.378871440887451172e-01
1.688859367370605469e+01
3.108625888824462891e+00
6.717916107177734375e+01
1.934459495544433594e+01
1.474271297454833984e+01
3.365688562393188477e+00
5.519336462020874023e-01
2.490114450454711914e+00
9.633535003662109375e+01
2.367484283447265625e+01
1.061437320709228516e+01
1.850031089782714844e+01
4.026633739471435547e+00
9.304436683654785156e+00
1.796718955039978027e+00
5.043481349945068359e+00
1.330391287803649902e+00
1.210773754119873047e+01
4.837432384490966797e+00
3.991884994506835938e+01
5.692180156707763672e+00
2.282519149780273438e+01
2.228119659423828125e+02
4.300321042537689209e-01
7.200690460205078125e+01
1.115052795410156250e+01
7.685272693634033203e-01
2.533155441284179688e+00
6.119317054748535156e+00
9.945378303527832031e+00
8.283771514892578125e+01
6.353762817382812500e+01
6.279948353767395020e-01
3.283671379089355469e+00
1.216169714927673340e+00
4.059016704559326172e+00
1.565166778564453125e+02
8.456768035888671875e+00
6.372496032714843750e+01
8.272266983985900879e-01
3.979326629638671875e+01
1.117923378944396973e+00
5.055096054077148438e+01
1.463067722320556641e+01
8.761455535888671875e+01
6.872801303863525391e+00
2.968652343750000000e+01
4.030378723144531250e+01
1.337350487709045410e+00
3.875419235229492188e+01
3.552332639694213867e+00
4.018869698047637939e-01
2.471015739440917969e+01
8.736984252929687500e+00
3.333597183227539062e+01
2.481764793395996094e+00
4.638330459594726562e+00
1.432201004028320312e+01
5.091007614135742188e+01
3.915696859359741211e+00
3.934447765350341797e+00
1.179896831512451172e+00
1.802250366210937500e+02
1.501520080566406250e+02
8.357245635986328125e+01
1.422795009613037109e+01
2.904195594787597656e+01
9.333924102783203125e+01
7.776962280273437500e+00
3.500878143310546875e+01
2.759138107299804688e+01
1.009218521118164062e+02
3.483627140522003174e-01
8.976674079895019531e+00
3.020982971191406250e+02
1.499711894989013672e+01
7.176747131347656250e+01
6.243821144104003906e+00
1.870899438858032227e+00
3.596445846557617188e+01
2.039351224899291992e+00
1.039556884765625000e+01
2.407730293273925781e+01
9.058257293701171875e+01
1.802379989624023438e+01
7.817689776420593262e-01
2.470206767320632935e-01
1.865991210937500000e+01
1.929397010803222656e+01
1.909108734130859375e+01
9.525378227233886719e+00
1.565932769775390625e+02
2.190729618072509766e+00
3.813606739044189453e+00
5.328638458251953125e+01
8.721086502075195312e+00
1.674564123153686523e+00
1.004492378234863281e+01
6.462308168411254883e-01
1.329185028076171875e+02
1.028583431243896484e+01
3.043180227279663086e+00
5.450670242309570312e+01
1.486909027099609375e+02
1.051874542236328125e+01
1.162509918212890625e+01
1.538802742958068848e+00
2.216871261596679688e+01
1.158232021331787109e+01
2.768993568420410156e+01
3.442424774169921875e+00
2.148300628662109375e+02
1.259570312500000000e+01
4.652459335327148438e+01
3.885225677490234375e+01
9.041212081909179688e+00
6.627255439758300781e+00
7.155081272125244141e+00
3.370614624023437500e+01
1.296019172668457031e+01
7.938120365142822266e+00
3.688583135604858398e+00
1.266502261161804199e+00
1.240818500518798828e+01
4.006504535675048828e+00
5.914056897163391113e-01
3.702603101730346680e+00
5.649289321899414062e+01
1.694200134277343750e+02
1.987809753417968750e+01
1.649013161659240723e+00
9.576709747314453125e+01
2.928752183914184570e+00
2.998147583007812500e+01
3.176327228546142578e+00
7.137807607650756836e-01
6.648021340370178223e-01
7.696937561035156250e+01
1.659915008544921875e+02
1.791455745697021484e+00
1.459077739715576172e+01
2.067345619201660156e+01
1.834535980224609375e+02
5.362741470336914062e+00
1.973540496826171875e+01
1.197306275367736816e+00
1.749910545349121094e+01
9.547915458679199219e+00
2.200749206542968750e+01
3.921264171600341797e+00
3.204989433288574219e-01
1.171712493896484375e+01
2.935259342193603516e+00
1.195783138275146484e+01
1.720190048217773438e+00
1.039526939392089844e+01
3.606550598144531250e+01
5.241364479064941406e+00
5.329059982299804688e+01
1.240424499511718750e+02
4.816916584968566895e-01
8.350142836570739746e-01
2.108335494995117188e+01
3.802861022949218750e+01
2.939769268035888672e+00
8.413371276855468750e+01
4.300574779510498047e+00
9.996878051757812500e+01
4.915715408325195312e+01
9.988591194152832031e+00
3.324054565429687500e+02
1.549663066864013672e+00
8.931908416748046875e+01
2.020123958587646484e+00
4.495620429515838623e-01
9.828951263427734375e+01
8.374592065811157227e-01
2.145545578002929688e+01
1.365842819213867188e+01
4.166754531860351562e+01
3.574906921386718750e+01
3.134775400161743164e+00
7.486676788330078125e+01
2.535145759582519531e+01
2.756673812866210938e+00
4.066714477539062500e+01
9.585957336425781250e+01
6.369227218627929688e+01
4.205805206298828125e+01
3.375677871704101562e+01
1.174883008003234863e+00
1.225054740905761719e+00
1.473714232444763184e+00
2.179609489440917969e+01
1.699605178833007812e+01
8.311021804809570312e+00
1.932047486305236816e+00
6.444840240478515625e+01
5.862473487854003906e+00
2.580724334716796875e+01
1.757536888122558594e+01
6.283494830131530762e-01
9.848153114318847656e+00
7.246396064758300781e+00
6.267179250717163086e-01
3.552591323852539062e+01
7.367735385894775391e+00
8.592989349365234375e+01
3.998321914672851562e+01
3.937345504760742188e+01
4.334987103939056396e-01
3.556203603744506836e+00
4.689292907714843750e+00
6.835777282714843750e+01
1.285908031463623047e+01
6.560477614402770996e-01
5.756967067718505859e-01
2.085760879516601562e+01
3.035807609558105469e+01
7.534178161621093750e+01
6.753790283203125000e+01
1.904032707214355469e+01
7.214231109619140625e+01
3.083496570587158203e+00
3.357593917846679688e+01
1.038291168212890625e+01
1.630967736244201660e+00
2.402293682098388672e+00
1.392702293395996094e+01
1.055897369384765625e+02
1.659778785705566406e+01
6.090997314453125000e+01
9.404524993896484375e+01
1.085995101928710938e+02
1.388203048706054688e+01
9.767922210693359375e+01
2.782997741699218750e+02
3.540326654911041260e-01
9.942575693130493164e-01
1.046144962310791016e+01
6.035970687866210938e+01
9.550720214843750000e+00
1.332395935058593750e+02
5.560937881469726562e+00
2.468984069824218750e+02
7.901594042778015137e-01
2.331295728683471680e+00
6.576947021484375000e+01
4.105692863464355469e+00
9.856310844421386719e+00
4.600240230560302734e+00
3.795945644378662109e+00
4.303933715820312500e+01
2.425725698471069336e+00
2.667454719543457031e+00
1.998270416259765625e+01
4.651103973388671875e+01
5.766936540603637695e-01
4.898347854614257812e+00
1.918820589780807495e-01
2.368272972106933594e+01
1.818856430053710938e+01
8.709601759910583496e-01
2.422036743164062500e+02
1.143610763549804688e+01
1.553658294677734375e+02
1.176514434814453125e+01
1.586195068359375000e+02
1.388602905273437500e+02
1.378441572189331055e+00
6.224864482879638672e+00
1.428581619262695312e+01
1.051678180694580078e+01
2.010251283645629883e+00
4.161425113677978516e+00
1.020467529296875000e+02
1.272100543975830078e+01
4.293438911437988281e+00
1.668250656127929688e+01
1.278314113616943359e+01
8.477544784545898438e-01
1.374674320220947266e+01
7.057247161865234375e-01
2.777114391326904297e+00
2.861091804504394531e+01
2.407599687576293945e+00
3.660069274902343750e+01
6.079648971557617188e+01
4.541004943847656250e+01
8.416513442993164062e+00
2.189824342727661133e+00
4.324218750000000000e+01
6.807406616210937500e+01
5.931073427200317383e-01
7.726163482666015625e+01
6.889817714691162109e+00
2.516464996337890625e+01
7.190455198287963867e-01
8.814486503601074219e+00
4.086431121826171875e+01
2.037009429931640625e+01
4.936598777770996094e+00
9.917374420166015625e+01
1.688176751136779785e+00
3.626461744308471680e+00
5.074692535400390625e+01
3.359215927124023438e+01
9.144027709960937500e+01
4.990969598293304443e-01
7.832049560546875000e+01
4.820296859741210938e+01
6.350587368011474609e+00
1.305012359619140625e+02
2.609390497207641602e+00
3.321913909912109375e+01
9.351741790771484375e+00
4.053485393524169922e+00
4.420069885253906250e+01
1.382128357887268066e+00
4.156306838989257812e+01
1.951990699768066406e+01
4.591304779052734375e+01
1.729907631874084473e+00
4.258288574218750000e+01
6.887026214599609375e+01
7.541726112365722656e+00
1.302640533447265625e+01
7.573229980468750000e+01
5.591231536865234375e+01
5.306545639038085938e+01
2.879746913909912109e+00
5.268516921997070312e+01
8.322927474975585938e+00
7.327091217041015625e+01
1.563467979431152344e+00
1.772574901580810547e+00
5.751179218292236328e+00
4.739370644092559814e-01
6.825856685638427734e+00
1.509961509704589844e+01
5.861277103424072266e+00
1.607577209472656250e+02
1.003945946693420410e+00
6.158681511878967285e-01
2.402540445327758789e+00
1.686381816864013672e+00
4.369227600097656250e+01
7.825078010559082031e+00
9.935706329345703125e+01
1.026692504882812500e+02
1.774320030212402344e+01
4.384078598022460938e+01
3.963606643676757812e+01
1.387492561340332031e+01
4.066960334777832031e+00
7.110658288002014160e-01
8.331058621406555176e-01
4.652091217041015625e+01
3.496295452117919922e+00
7.991156578063964844e-01
2.729977130889892578e+00
1.618249773979187012e+00
2.473310279846191406e+01
1.538705749511718750e+02
4.502667427062988281e+00
5.288609504699707031e+00
6.703431606292724609e+00
2.001288652420043945e+00
3.469329528808593750e+02
3.116765594482421875e+01
2.646250724792480469e+01
8.202975273132324219e+00
4.810276031494140625e-01
4.100244998931884766e+00
1.509562301635742188e+01
1.429611663818359375e+02
3.926697921752929688e+01
1.592855304479598999e-01
2.669033527374267578e+00
4.981059551239013672e+00
2.254416198730468750e+02
3.569370746612548828e+00
2.404621124267578125e+01
4.162997603416442871e-01
2.925053596496582031e+01
3.305661916732788086e+00
1.655143432617187500e+02
3.968665695190429688e+01
2.866976547241210938e+01
7.557692050933837891e+00
1.994140386581420898e+00
5.416975975036621094e+00
2.791853713989257812e+01
8.859027862548828125e+00
3.596106767654418945e+00
7.742567539215087891e+00
5.749104619026184082e-01
2.477277278900146484e+00
3.443555831909179688e+01
3.950451660156250000e+01
1.839616894721984863e-01
8.259030342102050781e+00
2.984591722488403320e-01
2.957419967651367188e+01
2.040998649597167969e+01
5.934516429901123047e+00
1.382883911132812500e+02
3.026902770996093750e+01
6.332741165161132812e+01
4.261170625686645508e-01
2.293766403198242188e+01
1.810500717163085938e+01
1.372299575805664062e+01
4.387237167358398438e+01
5.222640633583068848e-01
5.538833618164062500e+01
1.872712016105651855e+00
1.634715843200683594e+01
2.061808824539184570e+00
8.091756820678710938e+00
2.762030124664306641e+00
1.124625444412231445e+00
7.140536499023437500e+01
5.859255599975585938e+01
1.360805988311767578e+01
2.720805406570434570e-01
1.343357753753662109e+01
5.048894119262695312e+01
7.011442184448242188e+00
3.682362747192382812e+01
2.955554723739624023e+00
1.535427665710449219e+01
3.720037078857421875e+01
1.036447525024414062e+00
1.227587661743164062e+02
2.560664653778076172e+00
2.094003105163574219e+01
2.481149435043334961e+00
1.084938621520996094e+01
1.556353569030761719e+01
2.177878761291503906e+01
7.113184928894042969e+00
4.437866687774658203e+00
2.111326980590820312e+01
1.798937835693359375e+02
9.479040145874023438e+00
1.463549137115478516e+01
2.562427222728729248e-01
2.518803024291992188e+01
1.419781494140625000e+01
2.109315872192382812e+01
3.659119033813476562e+01
1.014124603271484375e+02
7.334243011474609375e+01
1.532845764160156250e+02
5.278570556640625000e+01
8.527959823608398438e+00
1.266501770019531250e+02
2.701262092590332031e+01
4.124811649322509766e+00
4.664132118225097656e+00
5.720556974411010742e-01
8.990971374511718750e+01
1.417282867431640625e+01
1.560426139831542969e+01
3.979426193237304688e+01
1.267539672851562500e+02
1.472913360595703125e+01
1.478617954254150391e+01
1.326770424842834473e+00
2.584478950500488281e+01
1.997662067413330078e+00
1.481802940368652344e+00
3.073647320270538330e-01
1.976528739929199219e+01
4.032603073120117188e+01
7.861908721923828125e+01
5.923509120941162109e+00
4.316265106201171875e+01
2.068343544006347656e+01
6.269843101501464844e+00
3.988322448730468750e+01
4.572072601318359375e+01
6.500281333923339844e+00
5.562601470947265625e+01
2.812718749046325684e-01
1.355683207511901855e+00
2.866886854171752930e+00
5.203387832641601562e+01
1.191006851196289062e+02
1.434105587005615234e+01
3.037199020385742188e+01
5.680397987365722656e+00
9.591669440269470215e-01
7.258026123046875000e+00
1.617357254028320312e+00
2.631767511367797852e+00
5.167430043220520020e-01
4.836041450500488281e+00
4.301656341552734375e+01
1.310376167297363281e+00
1.322048034667968750e+02
5.742964267730712891e+00
1.107514739036560059e+00
1.362685546875000000e+02
9.941964149475097656e+00
1.547371029853820801e+00
7.249905467033386230e-01
1.188899421691894531e+01
1.477540740966796875e+02
8.717789649963378906e+00
2.775343132019042969e+01
6.869485473632812500e+01
1.227835774421691895e+00
1.699915771484375000e+02
1.435536575317382812e+01
1.043073844909667969e+01
4.365628051757812500e+01
6.917726993560791016e+00
1.172031879425048828e+00
2.959248304367065430e+00
1.751492462158203125e+02
1.267881751060485840e+00
7.019406795501708984e+00
1.300306549072265625e+02
3.587655305862426758e+00
2.453016853332519531e+01
9.284495353698730469e+00
2.306907892227172852e+00
3.931829833984375000e+02
7.193134307861328125e+00
3.802760839462280273e+00
1.053027248382568359e+01
1.741058349609375000e+01
3.266679382324218750e+01
8.098652839660644531e+00
2.004259033203125000e+02
4.016590118408203125e+00
3.166303396224975586e+00
1.132004699707031250e+02
1.757530593872070312e+01
4.688413619995117188e+00
2.127358913421630859e+00
4.247767925262451172e+00
7.144931554794311523e-01
5.696271896362304688e+00
4.728957366943359375e+01
9.281924438476562500e+01
1.320845985412597656e+01
2.232112693786621094e+01
6.440769958496093750e+01
1.950332832336425781e+01
1.923488736152648926e+00
1.876799011230468750e+01
2.963398694992065430e-01
1.182702331542968750e+02
5.570096969604492188e+00
1.036144924163818359e+01
1.581149902343750000e+02
1.552379798889160156e+01
3.919146347045898438e+01
9.260111999511718750e+01
3.149696588516235352e-01
1.090774893760681152e+00
1.175589752197265625e+02
5.621171474456787109e+00
1.826874017715454102e+00
9.186121368408203125e+01
1.132149028778076172e+01
1.759428977966308594e+00
3.661430740356445312e+01
6.336556911468505859e+00
7.313782691955566406e+00
4.755978775024414062e+01
1.525772571563720703e+01
5.409049391746520996e-01
1.199793434143066406e+01
7.724135398864746094e+00
2.990128755569458008e+00
2.086237430572509766e+00
8.843453407287597656e+00
2.338263094425201416e-01
2.293063402175903320e+00
4.653033065795898438e+01
5.201128005981445312e+01
3.549229145050048828e+00
3.158113479614257812e+01
8.488053321838378906e+00
1.058952331542968750e+01
1.135527896881103516e+01
1.875116424560546875e+02
4.167833328247070312e+01
6.744714355468750000e+01
1.329121303558349609e+01
2.785047340393066406e+01
2.284563064575195312e+01
5.309230804443359375e+01
5.773456096649169922e+00
2.220776939392089844e+01
4.419607162475585938e+00
7.591755867004394531e+00
7.883132934570312500e+00
2.603295326232910156e+01
1.806570529937744141e+00
5.160377025604248047e+00
7.038469314575195312e-01
4.874258041381835938e+00
4.421885490417480469e+00
9.595459938049316406e+00
1.578071022033691406e+01
1.712890267372131348e+00
4.064808487892150879e-01
2.582698249816894531e+01
2.863477516174316406e+01
1.985376739501953125e+01
3.019000053405761719e+00
1.143790740966796875e+02
2.679893016815185547e+00
1.473078441619873047e+01
6.143052101135253906e+00
2.785900115966796875e+00
2.886206209659576416e-01
6.991287469863891602e-01
1.759256744384765625e+01
3.663470149040222168e-01
7.824971675872802734e+00
2.041936963796615601e-01
3.812545537948608398e-01
3.197991752624511719e+01
1.015307331085205078e+01
6.317269134521484375e+01
1.251499462127685547e+01
2.587527847290039062e+01
1.382747745513916016e+01
2.179570007324218750e+01
1.762788963317871094e+01
3.724372863769531250e+01
3.279483616352081299e-01
2.126904869079589844e+01
3.219101667404174805e+00
3.886825942993164062e+01
1.237860965728759766e+01
3.861130952835083008e+00
5.576253890991210938e+00
7.614621639251708984e+00
2.206215095520019531e+01
1.881781339645385742e+00
9.108343124389648438e+00
1.586937069892883301e+00
5.800135612487792969e+00
3.462687301635742188e+01
1.381687545776367188e+01
1.586498618125915527e+00
1.131496353149414062e+02
6.673187255859375000e+01
3.821020507812500000e+01
9.093164062500000000e+01
2.132806015014648438e+01
1.969659328460693359e+00
2.100277137756347656e+01
1.122292709350585938e+01
6.762542724609375000e+01
1.272659072875976562e+02
5.677321910858154297e+00
3.183425962924957275e-01
1.918696784973144531e+01
8.117400360107421875e+01
7.258489608764648438e+00
1.458344650268554688e+01
2.145873107910156250e+02
9.360054969787597656e+00
6.292449951171875000e+00
9.733536720275878906e+00
6.882305145263671875e+00
4.169220733642578125e+01
4.315070211887359619e-01
6.652002811431884766e+00
7.185725402832031250e+01
5.336279296875000000e+01
2.675163030624389648e+00
8.572232055664062500e+01
1.368972492218017578e+01
6.726432800292968750e+01
8.724792480468750000e+01
4.462147951126098633e-01
1.124629497528076172e+01
1.542015380859375000e+02
2.534111142158508301e-01
7.165302276611328125e+01
1.620493774414062500e+02
3.365385437011718750e+01
2.575135421752929688e+01
1.093029594421386719e+01
3.095937347412109375e+01
6.159558486938476562e+01
2.519809722900390625e+01
4.136300086975097656e-01
1.351697349548339844e+01
4.734841585159301758e-01
9.678671836853027344e+00
2.463448762893676758e+00
5.111892223358154297e+00
9.303317070007324219e+00
1.617583394050598145e+00
1.613963623046875000e+02
7.968526458740234375e+01
2.067521333694458008e+00
5.835836410522460938e+00
1.296406388282775879e+00
8.891959786415100098e-01
8.149683380126953125e+01
1.106844787597656250e+02
9.738162994384765625e+00
3.028648138046264648e+00
1.231563329696655273e+00
6.707612514495849609e+00
7.256968021392822266e+00
2.626466751098632812e+00
1.380230998992919922e+01
8.400719451904296875e+01
1.093340015411376953e+01
1.419390559196472168e+00
2.079022026062011719e+01
2.091036605834960938e+01
6.320725250244140625e+01
1.699823975563049316e+00
1.246106243133544922e+01
2.833662223815917969e+01
5.363009929656982422e+00
5.337147140502929688e+01
3.241993713378906250e+01
5.092438888549804688e+01
2.139389419555664062e+01
1.694597244262695312e+01
1.866946220397949219e+01
2.681164932250976562e+01
2.707697868347167969e+01
4.144538879394531250e+00
3.116020393371582031e+01
8.797954559326171875e+00
9.858174896240234375e+01
6.762360095977783203e+00
1.366963386535644531e+00
1.053767700195312500e+02
3.614433288574218750e+01
1.247731781005859375e+01
1.331226706504821777e+00
1.608618736267089844e+01
4.760477828979492188e+01
1.788445830345153809e+00
3.809448242187500000e+01
9.360133171081542969e+00
1.075405883789062500e+02
2.176029396057128906e+01
8.489172458648681641e-01
1.288724060058593750e+02
4.844147109985351562e+01
5.136058807373046875e+01
3.356956958770751953e+00
4.014612197875976562e+00
1.852866744995117188e+01
1.185971546173095703e+01
9.103412628173828125e+00
2.343722820281982422e+00
1.423323249816894531e+01
1.897467613220214844e+01
1.303865051269531250e+01
3.489327907562255859e+00
7.120419979095458984e+00
1.288962721824645996e+00
2.501792192459106445e+00
4.284811973571777344e+00
6.245031356811523438e+00
5.280195236206054688e+00
2.107123613357543945e+00
4.440959453582763672e+00
2.825534343719482422e+00
4.098087310791015625e+00
8.212450981140136719e+00
7.935363292694091797e+00
3.875590133666992188e+01
6.281576633453369141e+00
1.215003013610839844e+01
3.583041381835937500e+01
3.508784294128417969e+00
3.786972999572753906e+00
