5.195492267608642578e+00
1.956452941894531250e+01
1.224937677383422852e+00
2.288913726806640625e+01
2.476752519607543945e+00
1.368837451934814453e+01
7.123087310791015625e+01
5.912471008300781250e+01
1.075852394104003906e+01
2.052239656448364258e+00
3.803809738159179688e+01
2.292389154434204102e+00
4.941447257995605469e+00
1.674426269531250000e+02
6.424135565757751465e-01
1.727178764343261719e+01
7.205557250976562500e+01
3.362616729736328125e+01
1.741947746276855469e+01
8.643943786621093750e+01
1.771238327026367188e+01
1.833923645019531250e+02
2.635217094421386719e+01
4.874956130981445312e+00
1.098894977569580078e+01
1.461065387725830078e+01
1.008985614776611328e+01
6.407600402832031250e+01
5.099996566772460938e+01
3.547106266021728516e+00
2.648696708679199219e+01
3.163007202148437500e+02
1.398908691406250000e+02
2.350346326828002930e+00
4.302071762084960938e+01
3.874661636352539062e+01
5.415608978271484375e+01
2.161217308044433594e+01
2.577134370803833008e+00
2.142502212524414062e+01
1.560313796997070312e+01
4.068500399589538574e-01
1.768864822387695312e+01
4.159061908721923828e+00
5.883298873901367188e+01
2.064579772949218750e+01
1.578258419036865234e+01
3.456736326217651367e+00
8.099945783615112305e-01
2.419985771179199219e+00
6.604159545898437500e+01
3.233146286010742188e+01
1.030335617065429688e+01
1.816152572631835938e+01
4.694905281066894531e+00
9.974959373474121094e+00
1.404191017150878906e+00
5.043773174285888672e+00
5.009126663208007812e-01
1.238579559326171875e+01
6.544110298156738281e+00
5.364268493652343750e+01
5.476381301879882812e+00
2.859265518188476562e+01
1.015297393798828125e+02
6.898813843727111816e-01
5.647255706787109375e+01
1.182320499420166016e+01
1.260100722312927246e+00
2.697672605514526367e+00
7.618862152099609375e+00
1.250505065917968750e+01
1.213125610351562500e+02
7.616597747802734375e+01
1.609520316123962402e+00
3.560759544372558594e+00
2.822868525981903076e-01
4.111671924591064453e+00
1.075956802368164062e+02
9.001983642578125000e+00
8.844702148437500000e+01
1.773268103599548340e+00
2.722081756591796875e+01
1.607478499412536621e+00
3.703023147583007812e+01
1.357059288024902344e+01
1.091509552001953125e+02
6.579018115997314453e+00
2.885388374328613281e+01
2.907106399536132812e+01
1.864064574241638184e+00
5.246897125244140625e+01
4.603874206542968750e+00
7.526513338088989258e-01
2.145307731628417969e+01
9.667507171630859375e+00
2.485038948059082031e+01
3.362233877182006836e+00
5.146825313568115234e+00
1.771631050109863281e+01
4.857463455200195312e+01
3.435119152069091797e+00
2.178010463714599609e+00
7.701511383056640625e-01
1.482055206298828125e+02
1.094162521362304688e+02
1.170747528076171875e+02
1.915034675598144531e+01
4.526397323608398438e+01
7.377016448974609375e+01
9.159639358520507812e+00
3.063161277770996094e+01
3.860351943969726562e+01
7.361786651611328125e+01
9.346233010292053223e-01
9.189670562744140625e+00
2.270789489746093750e+02
1.722716903686523438e+01
6.469907379150390625e+01
3.362330436706542969e+00
1.640860676765441895e+00
4.895259857177734375e+01
2.031010627746582031e+00
1.194169712066650391e+01
2.199362373352050781e+01
8.019497680664062500e+01
1.822631835937500000e+01
1.138204216957092285e+00
9.607718586921691895e-01
2.317925834655761719e+01
1.461828899383544922e+01
1.800051498413085938e+01
1.024483489990234375e+01
1.204952392578125000e+02
1.574328064918518066e+00
2.765208482742309570e+00
9.799407958984375000e+01
8.066720962524414062e+00
2.272625923156738281e+00
1.213483715057373047e+01
5.020852684974670410e-01
1.106027069091796875e+02
1.002906322479248047e+01
3.279224395751953125e+00
5.412983322143554688e+01
1.183119125366210938e+02
1.130075263977050781e+01
1.366034603118896484e+01
2.798758745193481445e+00
1.960220336914062500e+01
1.240768814086914062e+01
2.171784019470214844e+01
2.833496332168579102e+00
1.483699951171875000e+02
1.255303859710693359e+01
4.475166320800781250e+01
8.643482208251953125e+01
1.103878879547119141e+01
7.904684066772460938e+00
5.303743839263916016e+00
3.184336471557617188e+01
1.417547512054443359e+01
8.824872970581054688e+00
3.293563127517700195e+00
5.854521393775939941e-01
1.438636684417724609e+01
3.849278450012207031e+00
2.344968616962432861e-01
3.209935426712036133e+00
8.569501495361328125e+01
2.329238891601562500e+02
2.685499382019042969e+01
1.299157023429870605e+00
1.510657958984375000e+02
2.442866325378417969e+00
2.894412231445312500e+01
5.856948852539062500e+00
1.004711508750915527e+00
6.166132092475891113e-01
9.322981262207031250e+01
2.311069641113281250e+02
1.703501820564270020e+00
1.573187828063964844e+01
2.082620811462402344e+01
1.651027221679687500e+02
4.283268928527832031e+00
2.174530029296875000e+01
1.178220510482788086e+00
1.589243412017822266e+01
9.862970352172851562e+00
2.547475814819335938e+01
2.073227643966674805e+00
8.114560842514038086e-01
1.260370826721191406e+01
2.435164690017700195e+00
1.115361022949218750e+01
2.278355121612548828e+00
1.013169670104980469e+01
3.868783569335937500e+01
5.571464538574218750e+00
3.553316497802734375e+01
1.056559143066406250e+02
2.147356122732162476e-01
6.360632777214050293e-01
1.991949272155761719e+01
4.526533508300781250e+01
3.968480110168457031e+00
4.425526046752929688e+01
4.383272647857666016e+00
1.715520935058593750e+02
9.316839599609375000e+01
9.606314659118652344e+00
2.932519531250000000e+02
2.331975936889648438e+00
1.260284652709960938e+02
2.296439647674560547e+00
2.641095519065856934e-01
1.572872924804687500e+02
7.303562760353088379e-01
2.247786331176757812e+01
1.443555736541748047e+01
5.268243026733398438e+01
3.824228668212890625e+01
5.400301456451416016e+00
9.744108581542968750e+01
2.695001029968261719e+01
3.576640605926513672e+00
4.274977493286132812e+01
1.473323669433593750e+02
4.265451049804687500e+01
4.045188903808593750e+01
3.526658248901367188e+01
2.433489799499511719e+00
1.280009746551513672e+00
1.869841694831848145e+00
2.992832565307617188e+01
2.033063507080078125e+01
7.600508689880371094e+00
1.228467106819152832e+00
1.458228912353515625e+02
5.060757637023925781e+00
5.842975997924804688e+01
2.240383529663085938e+01
3.643690645694732666e-01
9.181440353393554688e+00
8.543979644775390625e+00
8.183448910713195801e-01
3.682556533813476562e+01
6.975960731506347656e+00
8.097718048095703125e+01
4.507611465454101562e+01
3.534431076049804688e+01
2.236914157867431641e+00
4.248620986938476562e+00
4.584200382232666016e+00
6.312963104248046875e+01
1.652329063415527344e+01
9.917733073234558105e-01
2.966428995132446289e-01
2.074298667907714844e+01
2.668243217468261719e+01
1.084262237548828125e+02
5.533775329589843750e+01
2.909745597839355469e+01
5.546143722534179688e+01
4.415465831756591797e+00
3.788191604614257812e+01
1.234500789642333984e+01
1.752011537551879883e+00
3.130576372146606445e+00
1.922674369812011719e+01
9.834642791748046875e+01
1.965542793273925781e+01
6.913865661621093750e+01
8.901197814941406250e+01
9.166143035888671875e+01
1.519379234313964844e+01
1.270375137329101562e+02
1.431304626464843750e+02
1.570261597633361816e+00
3.402121067047119141e+00
1.144342231750488281e+01
6.130081939697265625e+01
1.100308513641357422e+01
1.495974426269531250e+02
5.383049488067626953e+00
1.424315185546875000e+02
3.851527869701385498e-01
2.003362655639648438e+00
6.603482055664062500e+01
4.469478607177734375e+00
1.041096878051757812e+01
4.171661376953125000e+00
3.881502866744995117e+00
3.010616111755371094e+01
2.810609579086303711e+00
1.439896345138549805e+00
2.488581657409667969e+01
3.981545257568359375e+01
1.012324094772338867e+00
3.287924051284790039e+00
2.131206095218658447e-01
2.556055259704589844e+01
1.855414390563964844e+01
8.744678497314453125e-01
1.659406127929687500e+02
1.270771026611328125e+01
9.331084442138671875e+01
1.160295295715332031e+01
1.059754562377929688e+02
1.299129028320312500e+02
7.519982457160949707e-01
4.804656028747558594e+00
1.609227180480957031e+01
1.041847801208496094e+01
1.693812012672424316e+00
3.997009992599487305e+00
8.230837249755859375e+01
1.264755821228027344e+01
5.502315998077392578e+00
1.723336410522460938e+01
1.353783416748046875e+01
1.049038410186767578e+00
1.549106216430664062e+01
4.766142368316650391e-01
2.394886493682861328e+00
3.104393196105957031e+01
2.584444761276245117e+00
6.626536560058593750e+01
5.508979797363281250e+01
6.207300186157226562e+01
7.690803050994873047e+00
3.029026985168457031e+00
4.309272003173828125e+01
6.964282226562500000e+01
8.602793216705322266e-01
6.535060119628906250e+01
8.322242736816406250e+00
2.778468704223632812e+01
1.519589304924011230e+00
8.092149734497070312e+00
5.258309555053710938e+01
1.978605270385742188e+01
6.007446289062500000e+00
8.696623229980468750e+01
3.263520002365112305e+00
3.751533031463623047e+00
6.027313613891601562e+01
5.115023040771484375e+01
1.121314392089843750e+02
5.866382718086242676e-01
6.805959320068359375e+01
4.841036987304687500e+01
5.288931846618652344e+00
9.621575927734375000e+01
2.170957326889038086e+00
4.693613052368164062e+01
8.547955513000488281e+00
3.793003797531127930e+00
5.920491790771484375e+01
2.115063667297363281e+00
2.919050979614257812e+01
2.106808853149414062e+01
3.616291427612304688e+01
1.350197672843933105e+00
4.076878738403320312e+01
9.700757598876953125e+01
9.430549621582031250e+00
1.409684181213378906e+01
9.692841339111328125e+01
6.060062789916992188e+01
9.836331176757812500e+01
4.042346477508544922e+00
4.577259826660156250e+01
8.509598731994628906e+00
5.745527267456054688e+01
6.239786148071289062e-01
1.237532496452331543e+00
5.819973468780517578e+00
6.473142504692077637e-01
9.112555503845214844e+00
1.255041122436523438e+01
6.533591747283935547e+00
2.242923889160156250e+02
8.654377460479736328e-01
8.054041266441345215e-01
1.489953756332397461e+00
2.056447982788085938e+00
5.095323181152343750e+01
8.792836189270019531e+00
1.632416381835937500e+02
4.525545120239257812e+01
1.686673545837402344e+01
4.421597290039062500e+01
3.590243148803710938e+01
1.508642959594726562e+01
5.711141109466552734e+00
5.519835352897644043e-01
1.208502650260925293e+00
3.740795516967773438e+01
4.897089958190917969e+00
9.983991384506225586e-01
2.184587717056274414e+00
8.721071481704711914e-01
2.316323852539062500e+01
9.483004760742187500e+01
3.266952753067016602e+00
4.446939468383789062e+00
6.266117095947265625e+00
1.510102510452270508e+00
4.484985961914062500e+02
2.901894760131835938e+01
2.506920242309570312e+01
6.265714168548583984e+00
3.725446462631225586e-01
3.773710966110229492e+00
1.866645431518554688e+01
1.838757171630859375e+02
3.472058486938476562e+01
2.888817489147186279e-01
3.817174196243286133e+00
4.544759750366210938e+00
1.936074066162109375e+02
4.631576061248779297e+00
2.551398086547851562e+01
4.021862447261810303e-01
3.359483718872070312e+01
2.850394725799560547e+00
2.044013671875000000e+02
3.469638061523437500e+01
3.290587997436523438e+01
5.985835552215576172e+00
2.024335384368896484e+00
6.809643268585205078e+00
3.194379806518554688e+01
9.779827117919921875e+00
2.392081975936889648e+00
7.818327426910400391e+00
2.483813911676406860e-01
2.094820976257324219e+00
2.870715713500976562e+01
5.812837982177734375e+01
1.910789012908935547e-01
7.251121044158935547e+00
5.935423374176025391e-01
1.987312698364257812e+01
2.129152488708496094e+01
6.087510585784912109e+00
1.683975372314453125e+02
2.812196540832519531e+01
6.782629394531250000e+01
3.847604393959045410e-01
2.380988121032714844e+01
2.101672554016113281e+01
1.333853530883789062e+01
4.606473159790039062e+01
1.412779569625854492e+00
7.324907684326171875e+01
2.740916490554809570e+00
1.810784721374511719e+01
1.937495708465576172e+00
8.364926338195800781e+00
1.655112981796264648e+00
7.035304903984069824e-01
6.905401611328125000e+01
1.153776779174804688e+02
1.191548156738281250e+01
3.605683743953704834e-01
1.693669128417968750e+01
8.620855712890625000e+01
6.409780502319335938e+00
4.549889373779296875e+01
4.468816757202148438e+00
1.569363403320312500e+01
4.262429809570312500e+01
9.566137194633483887e-01
9.143356323242187500e+01
4.247055053710937500e+00
2.468890953063964844e+01
2.336441040039062500e+00
1.017037391662597656e+01
1.623491477966308594e+01
2.446953010559082031e+01
8.143831253051757812e+00
4.645716667175292969e+00
2.383075904846191406e+01
1.113175125122070312e+02
1.036165428161621094e+01
1.483395385742187500e+01
4.484093785285949707e-01
2.906461906433105469e+01
1.541291236877441406e+01
2.194486045837402344e+01
4.734735870361328125e+01
9.441900634765625000e+01
4.566633224487304688e+01
2.692893676757812500e+02
1.458445129394531250e+02
8.264560699462890625e+00
1.880677185058593750e+02
3.545553207397460938e+01
4.058991909027099609e+00
6.412988185882568359e+00
5.411120653152465820e-01
6.901753997802734375e+01
1.412414550781250000e+01
1.750889587402343750e+01
4.378930664062500000e+01
2.718258666992187500e+02
1.705647659301757812e+01
1.797028160095214844e+01
9.711894989013671875e-01
2.130506706237792969e+01
2.027935266494750977e+00
7.767411470413208008e-01
5.603337287902832031e-01
2.053734970092773438e+01
3.431635665893554688e+01
6.206761550903320312e+01
5.324567794799804688e+00
5.237182617187500000e+01
2.249956703186035156e+01
7.713068008422851562e+00
3.732965850830078125e+01
6.470838928222656250e+01
4.676572799682617188e+00
7.852043914794921875e+01
5.909288525581359863e-01
6.252474188804626465e-01
2.960680246353149414e+00
5.770309066772460938e+01
8.708129882812500000e+01
1.348251247406005859e+01
3.237988662719726562e+01
4.880835533142089844e+00
9.779633283615112305e-01
7.405834197998046875e+00
1.595991134643554688e+00
2.560432672500610352e+00
1.364362835884094238e+00
3.515478134155273438e+00
5.435700607299804688e+01
2.148547410964965820e+00
1.604555969238281250e+02
5.339761734008789062e+00
1.274318337440490723e+00
2.526046295166015625e+02
9.647955894470214844e+00
1.357641458511352539e+00
1.190565228462219238e+00
1.189439487457275391e+01
2.411173706054687500e+02
8.082528114318847656e+00
3.356160354614257812e+01
1.127888793945312500e+02
1.706129550933837891e+00
1.223638763427734375e+02
1.709175682067871094e+01
9.784865379333496094e+00
7.229866027832031250e+01
9.596303939819335938e+00
1.829631805419921875e+00
1.866573691368103027e+00
2.677246704101562500e+02
5.221478939056396484e-01
6.325808525085449219e+00
1.479348297119140625e+02
3.818846464157104492e+00
2.248658943176269531e+01
1.115257263183593750e+01
1.653325557708740234e+00
1.799672241210937500e+02
7.286509513854980469e+00
3.987819194793701172e+00
1.234038257598876953e+01
1.962399482727050781e+01
4.580406188964843750e+01
7.059443473815917969e+00
1.220295333862304688e+02
2.490376949310302734e+00
4.732807159423828125e+00
8.107373046875000000e+01
2.005105781555175781e+01
6.938576221466064453e+00
2.145277500152587891e+00
3.764407157897949219e+00
1.097825169563293457e+00
6.190206050872802734e+00
6.450208282470703125e+01
1.057880935668945312e+02
1.381392097473144531e+01
2.619023323059082031e+01
4.428789520263671875e+01
2.130429458618164062e+01
2.224424123764038086e+00
1.713014602661132812e+01
2.484662085771560669e-01
1.591043853759765625e+02
6.301317691802978516e+00
9.735562324523925781e+00
8.319160461425781250e+01
1.739883995056152344e+01
5.983649063110351562e+01
1.080097427368164062e+02
5.110877156257629395e-01
1.378710508346557617e+00
1.073476943969726562e+02
4.837980747222900391e+00
9.535462260246276855e-01
8.443602752685546875e+01
1.215343666076660156e+01
8.905850648880004883e-01
4.348599624633789062e+01
7.580665111541748047e+00
7.109566688537597656e+00
6.290588378906250000e+01
2.126511383056640625e+01
2.134281635284423828e+00
1.247107791900634766e+01
8.345494270324707031e+00
3.337271690368652344e+00
3.164369106292724609e+00
1.138131237030029297e+01
3.312073349952697754e-01
1.400217056274414062e+00
4.680128097534179688e+01
3.903095626831054688e+01
3.003850936889648438e+00
3.307085800170898438e+01
8.997706413269042969e+00
8.954994201660156250e+00
1.391274833679199219e+01
6.974301147460937500e+01
4.035665512084960938e+01
7.307593536376953125e+01
1.494438552856445312e+01
2.621326065063476562e+01
2.908319664001464844e+01
4.003284072875976562e+01
6.494482994079589844e+00
1.865812873840332031e+01
3.743118524551391602e+00
6.555469036102294922e+00
8.081089019775390625e+00
2.451232528686523438e+01
2.137458086013793945e+00
6.345374584197998047e+00
7.238138914108276367e-01
3.794212102890014648e+00
5.540528297424316406e+00
9.773643493652343750e+00
1.852081108093261719e+01
1.778281807899475098e+00
4.727161526679992676e-01
2.591246795654296875e+01
2.885030746459960938e+01
1.892992782592773438e+01
4.264406681060791016e+00
4.988397979736328125e+01
3.431580781936645508e+00
1.726780509948730469e+01
7.292319297790527344e+00
2.161492824554443359e+00
3.467372059822082520e-01
5.309392809867858887e-01
1.644172859191894531e+01
7.892074584960937500e-01
8.413391113281250000e+00
7.721428871154785156e-01
5.887613296508789062e-01
3.057390022277832031e+01
9.725837707519531250e+00
7.765469360351562500e+01
1.263307666778564453e+01
2.942108154296875000e+01
1.238241481781005859e+01
2.386624908447265625e+01
1.604902839660644531e+01
3.816117095947265625e+01
4.051908552646636963e-01
2.754564666748046875e+01
3.887320995330810547e+00
3.965497207641601562e+01
1.293096351623535156e+01
3.019836902618408203e+00
5.006942272186279297e+00
7.391979217529296875e+00
1.839805221557617188e+01
1.947985887527465820e+00
1.095951461791992188e+01
1.613923192024230957e+00
5.091769695281982422e+00
3.168216896057128906e+01
1.424332809448242188e+01
2.390884399414062500e+00
1.142683029174804688e+02
5.039595413208007812e+01
4.717016983032226562e+01
6.641265106201171875e+01
2.364036750793457031e+01
1.996880054473876953e+00
2.196030044555664062e+01
1.146599483489990234e+01
5.719515609741210938e+01
9.285439300537109375e+01
5.278507232666015625e+00
3.589685857295989990e-01
2.244939231872558594e+01
2.724747314453125000e+02
6.826697349548339844e+00
1.487226295471191406e+01
7.184735107421875000e+01
9.825427055358886719e+00
6.270231723785400391e+00
1.105655765533447266e+01
7.042147159576416016e+00
5.464320755004882812e+01
3.409073054790496826e-01
6.219737529754638672e+00
8.232407379150390625e+01
4.101622009277343750e+01
2.504105329513549805e+00
5.510443115234375000e+01
1.480434894561767578e+01
7.552799987792968750e+01
8.399790191650390625e+01
2.968387603759765625e-01
1.229692649841308594e+01
1.435260467529296875e+02
2.610949277877807617e-01
8.817297363281250000e+01
2.931937866210937500e+02
4.360179519653320312e+01
3.552979278564453125e+01
1.322054862976074219e+01
3.240074157714843750e+01
8.959771728515625000e+01
4.389770507812500000e+01
3.364846706390380859e-01
1.379937458038330078e+01
4.379709064960479736e-01
1.005527496337890625e+01
3.646784782409667969e+00
3.897993564605712891e+00
1.047284889221191406e+01
1.177335381507873535e+00
1.109539260864257812e+02
7.243482208251953125e+01
1.686309576034545898e+00
6.870367527008056641e+00
9.742686152458190918e-01
8.352819085121154785e-01
6.747599792480468750e+01
1.229489822387695312e+02
1.101704025268554688e+01
2.793574810028076172e+00
2.930296957492828369e-01
6.883493423461914062e+00
7.161157131195068359e+00
3.112294912338256836e+00
1.630246353149414062e+01
5.909049606323242188e+01
1.122989654541015625e+01
6.358307003974914551e-01
1.896148872375488281e+01
1.836947822570800781e+01
8.782285308837890625e+01
2.276449441909790039e+00
1.150310134887695312e+01
2.442002105712890625e+01
6.454934120178222656e+00
4.511253738403320312e+01
3.334738922119140625e+01
5.092561340332031250e+01
2.062491416931152344e+01
1.613700103759765625e+01
1.696109771728515625e+01
2.537895011901855469e+01
3.244202041625976562e+01
3.933190584182739258e+00
3.279758834838867188e+01
8.768281936645507812e+00
7.296914672851562500e+01
6.495839595794677734e+00
1.154349327087402344e+00
7.834612274169921875e+01
4.248052978515625000e+01
1.336265277862548828e+01
1.136583924293518066e+00
1.383142375946044922e+01
5.054895019531250000e+01
7.253958582878112793e-01
3.513313674926757812e+01
9.116351127624511719e+00
7.941749572753906250e+01
1.775750350952148438e+01
1.359879612922668457e+00
9.667324829101562500e+01
4.347231292724609375e+01
5.075596237182617188e+01
2.893399953842163086e+00
3.177240371704101562e+00
1.925197219848632812e+01
1.317635250091552734e+01
8.569407463073730469e+00
3.219527244567871094e+00
1.809593009948730469e+01
2.081685638427734375e+01
1.394989585876464844e+01
2.980288267135620117e+00
6.919529914855957031e+00
1.653742671012878418e+00
2.809164762496948242e+00
4.569599151611328125e+00
6.677945613861083984e+00
6.261178016662597656e+00
1.526347041130065918e+00
4.404757022857666016e+00
3.119345903396606445e+00
3.215923070907592773e+00
7.821390628814697266e+00
8.633900642395019531e+00
5.672373580932617188e+01
5.165891647338867188e+00
1.270151615142822266e+01
3.227738571166992188e+01
3.616492271423339844e+00
3.269979000091552734e+00
