8.186429977416992188e+00
1.802193284034729004e+00
3.131776618957519531e+01
2.376247644424438477e+00
1.023048043251037598e+00
4.769346237182617188e+00
1.856621170043945312e+01
3.355881118774414062e+01
6.847606658935546875e+00
2.224162340164184570e+00
2.347547721862792969e+01
5.963531970977783203e+00
5.833617210388183594e+00
4.944347381591796875e+00
7.109797596931457520e-01
2.674825906753540039e+00
3.566900193691253662e-01
4.586929798126220703e+00
7.612370014190673828e+00
5.499676227569580078e+00
3.657938003540039062e+00
2.416890382766723633e+00
7.694946289062500000e+00
6.553795337677001953e+00
6.974520683288574219e+00
4.696186065673828125e+00
6.070683956146240234e+00
1.201812028884887695e+00
4.280764579772949219e+00
6.303868770599365234e+00
1.244928646087646484e+01
3.147885084152221680e+00
1.866593122482299805e+00
2.243041992187500000e+00
5.897013187408447266e+00
2.358508586883544922e+00
5.885762214660644531e+00
5.411322593688964844e+00
4.330586433410644531e+00
5.758974552154541016e+00
1.076638603210449219e+01
6.763191223144531250e+00
1.069296073913574219e+01
6.816298007965087891e+00
7.702805519104003906e+00
6.465928554534912109e+00
4.470716118812561035e-01
5.275707244873046875e+00
7.855181694030761719e+00
4.730976581573486328e+00
3.034667015075683594e+00
2.789462804794311523e+00
4.063599109649658203e+00
4.560238838195800781e+00
3.257113933563232422e+00
6.471500873565673828e+00
2.742285728454589844e+00
2.290876626968383789e+00
7.078830242156982422e+00
4.354039192199707031e+00
6.102297782897949219e+00
1.045091748237609863e+00
6.580047130584716797e+00
5.660600185394287109e+00
