1.374400220811367035e-02
1.167359761893749237e-02
1.196799799799919128e-02
1.347840018570423126e-02
1.156160235404968262e-02
9.852801449596881866e-03
1.100159995257854462e-02
1.247679907828569412e-02
1.140160206705331802e-02
1.283839810639619827e-02
1.635839976370334625e-02
1.650239899754524231e-02
1.022719871252775192e-02
1.416640169918537140e-02
1.125439908355474472e-02
1.294720079749822617e-02
1.212799828499555588e-02
1.088640186935663223e-02
1.121920160949230194e-02
1.157760061323642731e-02
2.519360184669494629e-02
1.471039932221174240e-02
1.729919947683811188e-02
1.370559912174940109e-02
1.247359905391931534e-02
1.601599715650081635e-02
1.701759733259677887e-02
1.227839849889278412e-02
1.593280397355556488e-02
1.400639954954385757e-02
3.935680165886878967e-02
1.237120013684034348e-02
1.166399940848350525e-02
1.101440191268920898e-02
1.527999993413686752e-02
1.188159734010696411e-02
1.428160257637500763e-02
1.450880151242017746e-02
1.336640212684869766e-02
9.747197851538658142e-03
1.173120085150003433e-02
1.485759951174259186e-02
1.720000244677066803e-02
1.190399751067161560e-02
1.575680263340473175e-02
1.872640289366245270e-02
2.308160252869129181e-02
1.657919771969318390e-02
1.700800098478794098e-02
1.139519922435283661e-02
1.135039981454610825e-02
2.090879902243614197e-02
1.098240073770284653e-02
1.701440103352069855e-02
2.446720004081726074e-02
1.420799922198057175e-02
1.048959884792566299e-02
1.695359684526920319e-02
1.121920160949230194e-02
1.046719960868358612e-02
1.111999899148941040e-02
1.162560284137725830e-02
1.122879795730113983e-02
1.940480060875415802e-02
1.120959781110286713e-02
9.737599641084671021e-03
1.432640105485916138e-02
1.519039738923311234e-02
1.434240210801362991e-02
4.805120080709457397e-02
1.516160275787115097e-02
1.437120232731103897e-02
1.023999880999326706e-02
1.316800061613321304e-02
1.147200074046850204e-02
1.217280142009258270e-02
1.163200195878744125e-02
1.328000146895647049e-02
1.335999835282564163e-02
1.191040221601724625e-02
1.192639954388141632e-02
2.519360184669494629e-02
1.167679857462644577e-02
1.609599590301513672e-02
1.041600108146667480e-02
1.978239975869655609e-02
1.998399756848812103e-02
1.012480165809392929e-02
1.222719997167587280e-02
2.531199902296066284e-02
2.472959831357002258e-02
1.048959884792566299e-02
1.289920322597026825e-02
1.187199819833040237e-02
1.632960326969623566e-02
1.133760157972574234e-02
1.248960290104150772e-02
1.237760297954082489e-02
1.506560295820236206e-02
2.295039780437946320e-02
1.439040247350931168e-02
1.136639900505542755e-02
2.437120303511619568e-02
1.444799918681383133e-02
1.457600202411413193e-02
1.114560198038816452e-02
1.081279944628477097e-02
1.375680044293403625e-02
1.119039859622716904e-02
1.142719946801662445e-02
1.371840108186006546e-02
1.131200045347213745e-02
1.497600041329860687e-02
2.055680006742477417e-02
2.396799996495246887e-02
1.086720172315835953e-02
1.557440310716629028e-02
1.300160028040409088e-02
1.648960262537002563e-02
1.234879810363054276e-02
1.047359965741634369e-02
1.212799828499555588e-02
1.391679793596267700e-02
2.116800099611282349e-02
1.088640186935663223e-02
1.351360231637954712e-02
2.153599821031093597e-02
1.390080060809850693e-02
1.401279959827661514e-02
1.812479831278324127e-02
1.208000164479017258e-02
1.240640319883823395e-02
1.529920287430286407e-02
1.266240142285823822e-02
1.295999903231859207e-02
1.806720159947872162e-02
1.929279975593090057e-02
9.705600328743457794e-03
1.279680058360099792e-02
1.239039935171604156e-02
1.661439985036849976e-02
1.254079956561326981e-02
1.004159916192293167e-02
1.190719939768314362e-02
1.205120049417018890e-02
2.285120077431201935e-02
1.239039935171604156e-02
1.233919803053140640e-02
1.265920139849185944e-02
1.381120271980762482e-02
1.219840254634618759e-02
1.006079930812120438e-02
1.120640151202678680e-02
1.775999926030635834e-02
1.671680063009262085e-02
1.497280132025480270e-02
1.297920197248458862e-02
1.344000268727540970e-02
9.388800710439682007e-03
3.673920035362243652e-02
1.063359994441270828e-02
1.290560141205787659e-02
1.310399826616048813e-02
1.056320220232009888e-02
1.611839979887008667e-02
1.885439828038215637e-02
1.257599890232086182e-02
1.030400115996599197e-02
1.256320253014564514e-02
1.195200160145759583e-02
1.109759788960218430e-02
2.533759921789169312e-02
1.300160028040409088e-02
2.156160026788711548e-02
1.300479937344789505e-02
1.335359737277030945e-02
1.149440184235572815e-02
1.347840018570423126e-02
1.115519925951957703e-02
1.107519865036010742e-02
1.300160028040409088e-02
1.417920179665088654e-02
1.418239995837211609e-02
1.996480114758014679e-02
1.170880254358053207e-02
1.102400198578834534e-02
1.126399915665388107e-02
2.176960185170173645e-02
1.087039988487958908e-02
1.398079656064510345e-02
1.022719871252775192e-02
1.059200242161750793e-02
1.441920362412929535e-02
1.324480213224887848e-02
2.202240191400051117e-02
1.400639954954385757e-02
1.581759750843048096e-02
1.429439708590507507e-02
1.362240314483642578e-02
2.016960084438323975e-02
1.129279751330614090e-02
1.097280066460371017e-02
1.773440092802047729e-02
1.788479834794998169e-02
1.428799889981746674e-02
1.026879902929067612e-02
1.435200031846761703e-02
1.113600283861160278e-02
1.087039988487958908e-02
1.034240145236253738e-02
9.619198739528656006e-03
1.371520292013883591e-02
1.530879922211170197e-02
1.209600176662206650e-02
1.194240245968103409e-02
1.198720000684261322e-02
1.095039770007133484e-02
1.041279733180999756e-02
2.470399811863899231e-02
1.697279885411262512e-02
1.362880226224660873e-02
1.659840345382690430e-02
1.027200184762477875e-02
1.174719911068677902e-02
1.124799903482198715e-02
1.214079745113849640e-02
1.039039902389049530e-02
1.214079745113849640e-02
1.379199977964162827e-02
1.420480199158191681e-02
1.140479929745197296e-02
1.692799665033817291e-02
1.157439965754747391e-02
2.007039822638034821e-02
2.147519960999488831e-02
9.641598910093307495e-03
1.325120124965906143e-02
1.405119895935058594e-02
1.045119948685169220e-02
1.371199823915958405e-02
1.142079848796129227e-02
1.719679683446884155e-02
1.400639954954385757e-02
1.604799740016460419e-02
1.253119949251413345e-02
1.601599715650081635e-02
1.411199942231178284e-02
1.236160006374120712e-02
2.579520083963871002e-02
1.655360311269760132e-02
1.094079948961734772e-02
1.308479811996221542e-02
1.178880222141742706e-02
2.283199876546859741e-02
1.791679859161376953e-02
1.863039843738079071e-02
