6.416109466552734375e+01
4.097339630126953125e+00
8.997410774230957031e+00
1.212781143188476562e+01
3.194589853286743164e+00
2.301505851745605469e+01
7.124510955810546875e+01
2.698329772949218750e+02
2.697620010375976562e+01
3.822579574584960938e+01
1.661529922485351562e+01
2.161327171325683594e+01
7.518240356445312500e+02
7.830618858337402344e+00
4.797760009765625000e+01
8.129241180419921875e+01
2.448319911956787109e+00
1.217033863067626953e+01
3.643210754394531250e+02
7.724840641021728516e+00
2.249374198913574219e+01
8.691650390625000000e+00
2.546606254577636719e+01
1.316655883789062500e+02
9.702050209045410156e+00
5.158500194549560547e+00
1.673918151855468750e+01
9.351040124893188477e-01
1.820053833007812500e+03
4.190659999847412109e+00
1.049456787109375000e+02
2.254419403076171875e+02
4.772019958496093750e+01
1.227152252197265625e+02
1.080224037170410156e+00
1.062879104614257812e+02
4.421189575195312500e+02
3.560130119323730469e+00
3.898980140686035156e+00
5.017059803009033203e+00
3.297634582519531250e+02
5.902369499206542969e+00
1.838109970092773438e+00
1.755530166625976562e+01
8.140039825439453125e+01
4.104804229736328125e+01
1.608448028564453125e+00
4.937508850097656250e+02
3.222050189971923828e+00
9.525710449218750000e+02
2.613359642028808594e+01
6.504090881347656250e+01
1.715560913085937500e+01
5.637309551239013672e+00
2.014980077743530273e+00
1.484159946441650391e+00
3.964859724044799805e+00
5.717890262603759766e+00
1.933256683349609375e+02
2.828250000000000000e+03
1.374072113037109375e+02
1.154332046508789062e+02
9.952819824218750000e+01
1.850075225830078125e+02
