9.497726440429687500e+01
9.810974884033203125e+01
9.872103118896484375e+01
9.965370941162109375e+01
9.475492858886718750e+01
9.564616394042968750e+01
9.944238281250000000e+01
6.046070098876953125e+01
9.562527465820312500e+01
1.720787239074707031e+01
9.715575408935546875e+01
8.025347137451171875e+01
9.987581634521484375e+01
9.979689025878906250e+01
9.947116851806640625e+01
8.294068145751953125e+01
9.857855224609375000e+01
9.001447296142578125e+01
9.259352874755859375e+01
9.864574432373046875e+01
6.249848556518554688e+01
9.980597686767578125e+01
9.993917846679687500e+01
9.497871398925781250e+01
6.222384262084960938e+01
8.810249328613281250e+01
9.600801086425781250e+01
9.087316131591796875e+01
9.859613037109375000e+01
6.332538986206054688e+01
7.832897186279296875e+01
9.958003234863281250e+01
9.938146972656250000e+01
8.865354156494140625e+01
9.912400817871093750e+01
9.179899597167968750e+01
6.776933288574218750e+01
9.801543426513671875e+01
9.906465911865234375e+01
9.898141479492187500e+01
9.900742340087890625e+01
9.262709045410156250e+01
9.947406005859375000e+01
9.964914703369140625e+01
7.957738494873046875e+01
9.570930480957031250e+01
7.129058074951171875e+01
9.773037719726562500e+01
9.917908477783203125e+01
9.193054199218750000e+01
6.209316253662109375e+01
6.257592773437500000e+01
8.931529235839843750e+01
9.930377960205078125e+01
9.927461242675781250e+01
8.383088684082031250e+01
3.079223442077636719e+01
9.994990539550781250e+01
9.914598846435546875e+01
9.983310699462890625e+01
9.990111541748046875e+01
9.148881530761718750e+01
8.501633453369140625e+01
8.596070861816406250e+01
7.708617401123046875e+01
8.574341583251953125e+01
9.437043762207031250e+01
9.840130615234375000e+01
9.954969787597656250e+01
9.878775787353515625e+01
9.416465759277343750e+01
9.238959503173828125e+01
9.866743469238281250e+01
9.970437622070312500e+01
7.074429321289062500e+01
4.912377548217773438e+01
9.979855346679687500e+01
6.374170303344726562e+01
8.671392822265625000e+01
5.838522338867187500e+01
5.556835556030273438e+01
9.415769195556640625e+01
5.511559963226318359e+00
2.986674499511718750e+01
2.637182998657226562e+01
9.722615051269531250e+01
8.370626068115234375e+01
9.574938201904296875e+01
5.075240707397460938e+01
9.925321960449218750e+01
7.894060516357421875e+01
9.029222106933593750e+01
9.324132537841796875e+01
9.876444244384765625e+01
9.851957702636718750e+01
9.865110778808593750e+01
9.873850250244140625e+01
9.340129852294921875e+01
1.424924564361572266e+01
2.174726104736328125e+01
9.933896636962890625e+01
2.985005950927734375e+01
9.786374664306640625e+01
9.852587127685546875e+01
2.946077108383178711e+00
9.914390563964843750e+01
9.065849304199218750e+01
9.594819641113281250e+01
3.825521850585937500e+01
6.469499969482421875e+01
9.943190002441406250e+01
9.611460113525390625e+01
9.980740356445312500e+01
2.817384719848632812e+01
9.253755950927734375e+01
9.374442291259765625e+01
5.640643310546875000e+01
9.981583404541015625e+01
7.886614990234375000e+01
9.946129798889160156e+00
6.111487579345703125e+01
4.629303359985351562e+01
1.956271362304687500e+01
9.929691314697265625e+01
9.529180908203125000e+01
9.180849456787109375e+01
8.524488067626953125e+01
9.213618469238281250e+01
9.916839599609375000e+01
6.160489654541015625e+01
7.757080078125000000e+01
9.952568054199218750e+01
9.663467407226562500e+01
5.747374343872070312e+01
9.844209289550781250e+01
9.966710662841796875e+01
9.915894317626953125e+01
8.618685913085937500e+01
9.679424285888671875e+01
8.109024047851562500e+01
9.978499603271484375e+01
9.930472564697265625e+01
9.789124298095703125e+01
9.946528625488281250e+01
6.171909713745117188e+01
9.704125213623046875e+01
9.830587005615234375e+01
5.652010726928710938e+01
9.942868041992187500e+01
9.101097869873046875e+01
2.879898071289062500e+00
7.490854644775390625e+01
5.937097930908203125e+01
9.983705902099609375e+01
9.937990570068359375e+01
5.808119583129882812e+01
6.856150817871093750e+01
9.898027801513671875e+01
9.550315093994140625e+01
9.494792175292968750e+01
9.934730529785156250e+01
3.081130599975585938e+01
5.628480529785156250e+01
9.195903778076171875e+01
4.502542877197265625e+01
9.106007385253906250e+01
9.995223999023437500e+01
9.680591583251953125e+01
9.031189727783203125e+01
7.361421203613281250e+01
9.977776336669921875e+01
9.535330963134765625e+01
3.025188207626342773e+00
8.501621246337890625e+01
6.872358703613281250e+01
9.941336822509765625e+01
7.603004455566406250e+01
9.952131652832031250e+01
9.409665679931640625e+01
8.230480194091796875e+01
8.883901977539062500e+01
9.571163177490234375e+01
9.361505889892578125e+01
8.999914550781250000e+01
9.825975799560546875e+01
9.886999511718750000e+01
9.939369201660156250e+01
9.649699401855468750e+01
9.523503112792968750e+01
5.700054168701171875e+01
9.963750457763671875e+01
8.930498504638671875e+01
9.633277893066406250e+01
9.719523620605468750e+01
9.832720184326171875e+01
8.267016601562500000e+01
8.609136199951171875e+01
8.577616882324218750e+01
9.919932556152343750e+01
9.650997161865234375e+01
3.102052307128906250e+01
9.190292358398437500e+01
5.838522338867187500e+01
9.269354248046875000e+01
9.931860351562500000e+01
9.616906738281250000e+01
9.940805816650390625e+01
6.236157989501953125e+01
9.210539245605468750e+01
6.366242218017578125e+01
6.692401885986328125e+01
7.757080078125000000e+01
9.711295318603515625e+01
6.679193878173828125e+01
8.170496368408203125e+01
5.542907714843750000e+01
9.564009857177734375e+01
4.312642288208007812e+01
8.626062011718750000e+01
9.622048950195312500e+01
9.978427886962890625e+01
5.996081924438476562e+01
7.757080078125000000e+01
8.739745330810546875e+01
9.611341094970703125e+01
9.964929199218750000e+01
9.976120758056640625e+01
9.938146972656250000e+01
9.970152282714843750e+01
9.986658477783203125e+01
9.339743041992187500e+01
9.042496490478515625e+01
6.300014114379882812e+01
9.608563995361328125e+01
9.931931304931640625e+01
9.290040588378906250e+01
9.801670074462890625e+01
6.229028320312500000e+01
9.974098968505859375e+01
8.883901977539062500e+01
7.347334289550781250e+01
6.568836212158203125e+01
9.822513580322265625e+01
8.615679740905761719e+00
9.942934417724609375e+01
7.502886962890625000e+01
8.741516876220703125e+01
5.920415496826171875e+01
6.300014114379882812e+01
9.878521728515625000e+01
9.616906738281250000e+01
5.904199600219726562e+01
9.953920745849609375e+01
8.825003051757812500e+01
9.927864074707031250e+01
9.016757202148437500e+01
