22.8294,
25.06539,
45.5146,
25.3765,
0.820448,
49.4481,
385.671,
20.26994,
65.5811,
5.42739,
1.39904,
1.185632,
18.40741,
138.6672,
197.8196,
233.8864,
17.28445,
2.62371,
2.94397,
172.2428,
41.8727,
6.69107,
96.6617,
200.3262,
60.9717,
84.6101,
380.375,
75.2025,
59.0313,
1.578112,
124.9907,
25.28,
41.11,
36.0086,
0.63696,
102.2473,
364.321,
184.98,
12.26519,
16.20035,
17.12182,
2.71156,
76.4283,
253.022,
43.147,
31.3138,
3.09363,
54.8368,
9.76839,
162.0054,
21.36693,
15.54471,
488.947,
12.85021,
90.5772,
23.01506,
1.190496,
6.31511,
442.119,
33.1091,
719.546,
659.719,
3.796,
7.02038,
30.4067,
31.3417,
5.60189,
5.24249,
279.8079,
11.45578,
23.8368,
4.83063,
40.3592,
29.8716,
1820.054,
4.14173,
0.922464,
24.1331,
122.7152,
4.68087,
6.65843,
64.1611,
8.4583,
12.86157,
406.179,
296.8159,
15.09456,
14.36483,
133.8684,
20.87606,
29.55574,
111.5337,
33.2619,
69.0747,
9.57769,
31.0683,
180.5755,
239.0777,
26.9454,
37.5169,
41.0116,
3.48928,
21.5158,
12.12781,
41.3384,
4.30342,
78.3452,
32.5221,
1.704094,
121.3754,
197.794,
114.2507,
159.7655,
80.1141,
32.2923,
112.2291,
405.384,
0.523712,
29.2234,
8.66733,
141.0954,
78.528,
41.7556,
1.105344,
4.02505,
1.78224,
1.396512,
26.45948,
45.7916,
26.771,
5.74772,
1.608448,
10.51372,
17.24965,
8.76512,
139.8637,
6.53376,
130.3471,
29.676,
1.305152,
45.608,
1.877122,
34.7224,
2.44832,
12.77801,
13.06653,
113.9135,
5.21059,
155.0441,
952.571,
33.2812,
162.6301,
16.61251,
1.12912,
103.7818,
1.982816,
4.43405,
1.72509,
2.97849,
28.9995,
1.467552,
9.35488,
4.55993,
50.4989,
15.92295,
64.1137,
5.77939,
12.38221,
81.7508,
25.1994,
3.1664,
25.2139,
65.3496,
23.6724,
131.6656,
1694.531,
182.652,
434.477,
33.3061,
93.9796,
4.97031,
30.1349,
7.72484,
20.82059,
0.87488,
6.08861,
4.21478,
6.40707,
180.7977,
250.588,
0.836928,
182.5434,
81.3975,
1.759456,
51.9805,
19.70206,
26.9762,
11.07641,
73.558,
5.28653,
236.9074,
375.5194,
86.6476,
483.5,
169.9633,
15.3995,
358.0099,
2.092132,
49.7618,
79.5276,
14.31152,
7.35206,
5.84444,
19.07224,
135.0153,
480.665,
3.76358,
3.70144,
1.254976,
81.7396,
95.4954,
278.238,
3.34736,
38.2258,
74.6817,
38.3959,
8.13724,
12.91654,
4.55344,
97.3251,
47.1029,
59.9084,
24.3791,
1.00512,
14.78057,
39.6556,
790.793,
1122.375,
35.0121,
74.2936,
4.63558,
93.7035,
141.1293,
9.90838,
98.1027,
27.5278,
38.6605,
2.57177,
14.32809,
122.1325,
8.96742,
230.1936,
62.8187,
11.9616,
8.38214,
2.9263,
9.09069,
13.84092,
2.55728,
0.935104,
467.372,
2.94329,
44.6948,
4.24394,
322.16,
255.4824,
10.55517,
6.26912,
5.4879,
4.59645,
152.033,
27.5194,
16.65485,
29.6594,
27.36,
285.9964,
13.50621,
15.06627,
37.5485,
71.8841,
63.3296,
17.5553,
65.0409,
15.44173,
13.91136,
5.60515,
17.35501,
139.4886,
736.667,
5.6064,
8.84743,
2.66928,
9.0322,
47.7202,
59.783,
231.5748,
38.9803,
1044.274,
14.34374,
218.0846,
58.6661,
16.57364,
20.63386,
361.746,
121.8802,
4.63565,
3.08701,
11.25319,
8.3472,
24.96701,
3.39014,
2828.25,
185.1252,
14.66102,
24.7101,
75.8069,
148.6614,
473.348,
11.15616,
23.6147,
13.42125,
21.55587,
11.10969,
45.0328,
159.6024,
900.801,
1.893052,
218.864,
14.51206,
51.1771,
406.9305,
11.82464,
26.6207,
2.51981,
234.4318,
1.381888,
60.3358,
27.17493,
152.7233,
70.1007,
258.247,
72.4779,
22.32253,
25.3948,
106.0557,
8.57075,
28.2863,
31.4265,
55.2259,
2.221468,
103.3715,
13.04557,
573.92,
2.89174,
162.8217,
27.1792,
24.57605,
63.9768,
264.6901,
82.9823,
27.3316,
67.5626,
3.75433,
20.2031,
9.55836,
24.6619,
66.2899,
23.6191,
15.16,
225.442,
3.89898,
87.2145,
0.390528,
13.42496,
19.91604,
0.462272,
120.9391,
137.5427,
1.894754,
4.76343,
9.92416,
341.9215,
22.5045,
3.97462,
5.63731,
8.99741,
17.10217,
61.9349,
1.786016,
80.354,
5.63155,
152.1062,
123.7172,
2.086116,
54.7386,
10.65763,
42.3697,
690.861,
213.5671,
51.756,
493.751,
1.080896,
303.4566,
41.04804,
18.37602,
79.6832,
122.1241,
6.5072,
8.93735,
22.9174,
17.15561,
256.317,
23.4441,
77.0723,
9.55412,
96.3265,
9.11168,
8.61405,
131.882,
81.45,
84.8451,
9.46467,
6.95731,
123.7428,
5.84372,
25.9022,
2.62368,
12.61328,
116.1674,
9.08812,
1943.901,
191.0678,
3.56013,
136.5063,
634.183,
51.9688,
12.35946,
40.4914,
85.7208,
27.0178,
37.0158,
30.1683,
69.1771,
54.8612,
25.46606,
2.61469,
121.8377,
10.51488,
19.46686,
1.640256,
575.74,
207.6675,
15.50877,
0.555488,
77.7491,
0.79568,
21.79474,
72.6504,
9.30758,
170.2842,
53.1264,
20.44539,
0.9432,
415.107,
6.65258,
5.27331,
36.4409,
153.6178,
308.0294,
20.0052,
26.7659,
4.86537,
266.982,
158.3721,
39.5256,
393.662,
2.05818,
11.77392,
4.96397,
135.1223,
4.25933,
1.908224,
185.0057,
15.93259,
145.4554,
1.961468,
21.0953,
4.81466,
64.1344,
53.42425,
211.737,
0.317888,
19.77868,
1.7912,
26.8786,
33.9377,
45.6944,
2.30723,
16.60154,
39.8194,
15.33872,
195.9519,
4.09734,
224.8362,
15.82676,
152.1311,
24.0971,
222.169,
176.9788,
58.7674,
26.56069,
30.87051,
5.9809,
7.88832,
2.332348,
2.338082,
31.8008,
21.74643,
47.4322,
233.957,
53.5173,
81.2924,
16.95638,
7.3174,
980.293,
71.2574,
16.48631,
199.5352,
6.74525,
4.14698,
15.45126,
77.5449,
2.214076,
168.7012,
88.3314,
7.58304,
0.397824,
10.46617,
136.584,
19.63376,
707.752,
62.5116,
103.3424,
794.726,
4.19066,
79.8525,
98.325,
4.9184,
43.1282,
121.5106,
16.88287,
58.2679,
140.3303,
5.61238,
620.024,
8.23533,
29.2284,
4.43427,
32.7672,
119.6729,
139.3022,
11.34989,
1.572512,
5.21158,
17.60322,
30.8646,
13.52937,
21.39569,
3.82979,
1404.742,
8.75987,
1924.009,
54.6855,
60.4467,
51.4332,
82.2556,
0.417248,
0.662752,
1.594496,
223.7584,
156.366,
36.5224,
14.26291,
48.6167,
16.74325,
16.01853,
59.5289,
686.914,
92.2274,
21.9437,
10.32957,
4.4488,
10.9305,
15.19705,
107.7235,
9.09513,
83.8405,
109.5667,
0.440992,
9.82506,
76.5471,
0.473952,
9.10022,
17.91968,
5.1585,
76.3989,
45.55782,
180.3482,
30.2989,
67.0084,
3.87303,
36.6815,
4.50682,
88.9869,
39.3685,
18.99028,
3.93933,
5.47396,
3.19459,
151.1065,
24.5448,
197.1276,
3.99827,
37.78328,
77.4508,
4.57175,
150.4567,
47.5941,
1369.025,
5.03388,
4.54355,
28.5962,
29.6965,
48.1168,
3.13875,
1.046496,
193.5405,
18.17069,
12.58368,
17.88858,
965.533,
9.39494,
200.5813,
62.1382,
1559.635,
10.78772,
152.4812,
10.83853,
54.6234,
472.741,
1.054304,
28.0818,
0.686208,
8.20723,
58.2367,
23.6854,
1.144224,
0.976832,
305.558,
75.1902,
240.35,
8.99683,
12.84618,
7.59526,
39.6086,
191.3649,
11.65696,
1.551584,
21.43547,
136.2348,
2.077538,
43.9152,
1628.524,
14.44656,
8.16285,
70.0444,
28.32484,
8.911,
24.78509,
194.335,
28.9752,
5.43667,
59.4626,
79.3109,
62.4506,
35.7383,
66.7383,
16.55063,
4.10201,
7.33651,
23.0282,
11.60311,
7.63401,
4.71923,
2.423454,
2.7238,
25.9561,
55.2334,
209.0173,
17.43468,
83.8718,
109.9013,
187.7643,
172.4868,
11.17174,
2.05101,
157.094,
2.54871,
87.2589,
379.144,
1.432,
32.5669,
12.0671,
566.337,
4.31133,
46.4892,
39.2594,
2.47235,
25.0873,
9.28228,
9.74531,
9.44076,
11.32179,
3.279454,
1.831676,
148.5868,
8.80211,
203.2653,
0.785536,
119.905,
2.775362,
62.1237,
34.3026,
148.7538,
3.96486,
14.15725,
11.56886,
24.5298,
282.393,
50.3624,
0.423072,
16.73918,
4.7416,
54.9186,
70.2488,
25.195,
62.4953,
207.3216,
5.01706,
3.38432,
29.8969,
82.7815,
6.15402,
4.76016,
37.6174,
12.92215,
62.9734,
3.77223,
24.822,
2.7047,
3.13661,
4.44579,
54.8977,
15.61878,
63.6208,
55.5681,
210.2914,
2.008832,
54.3955,
69.047,
203.043,
736.89,
119.8612,
106.3391,
678.284,
11.71849,
455.239,
1.620352,
26.10904,
4.15174,
11.00679,
84.1197,
0.847776,
8.1105,
2.480892,
1.35504,
10.43449,
11.53914,
0.609152,
3.62858,
8.75254,
30.5784,
8.17805,
1.236896,
19.68209,
0.655712,
19.48832,
88.1908,
12.02086,
535.96,
19.13204,
0.529888,
6.30676,
269.833,
34.2657,
117.6234,
16.69511,
159.9541,
3.24516,
11.27277,
69.6441,
51.2679,
1.506976,
3.41011,
5.90237,
69.8781,
6.2904,
103.3618,
2.01498,
10.82041,
3.56636,
21.60522,
45.23479,
25.24681,
22.77482,
5.28694,
53.8322,
105.265,
4.9977,
18.2592,
3.94848,
4.67168,
55.302,
12.58857,
136.676,
16.87325,
4.97555,
111.1274,
20.6839,
8.69165,
212.3784,
24.0235,
307.823,
422.96,
3.95648,
126.3666,
747.569,
1.297632,
19.95889,
364.0484,
189.0574,
10.84064,
7.30182,
373.0879,
10.48397,
238.984,
23.96066,
21.27716,
114.7868,
189.7099,
9.48188,
324.814,
84.0679,
8.56073,
8.0495,
3.18156,
16.83667,
1.48416,
11.08458,
61.2774,
14.04259,
1258.135,
40.385,
29.8229,
98.5839,
15.03164,
14.40003,
94.0601,
5.93424,
12.17034,
39.2441,
149.8354,
38.6717,
3.61156,
103.4004,
32.6462,
27.3752,
21.7889,
130.0759,
223.6491,
148.7753,
3.83347,
3.03984,
55.4174,
0.65552,
24.7376,
1.429664,
8.31239,
329.7634,
28.1904,
41.53606,
178.4317,
9.51584,
35.446,
67.7674,
16.69365,
53.2244,
14.94915,
7.92484,
11.08797,
1.720162,
11.51705,
61.7402,
4.1655,
4.23076,
135.9068,
10.71456,
5.80903,
10.43923,
12.41961,
42.9922,
38.24937,
179.1486,
3.39392,
96.2357,
54.3822,
38.2095,
12.40038,
38.00984,
15.83741,
555.308,
4.62979,
42.6524,
72.1244,
13.18816,
20.09925,
2.8337,
48.3286,
38.7073,
25.50126,
28.56473,
3.87575,
75.4807,
66.2455,
19.74608,
27.611,
8.06038,
17.26838,
34.7032,
61.3523,
18.22717,
28.64267,
5.3081,
108.3811,
5.77382,
26.9673,
1.72368,
11.6017,
66.911,
22.6357,
67.1754,
62.7025,
43.758,
2.233694,
29.9772,
28.7996,
12.08729,
10.89312,
178.7005,
4.48359,
17.43376,
3.22791,
4.41472,
34.052,
238.579,
524.958,
11.28077,
16.36122,
17.14611,
46.7217,
71.9512,
40.9761,
106.5854,
103.6809,
17.79796,
2.16868,
9.04564,
0.778144,
13.25572,
166.4838,
0.356064,
8.56384,
1.2928,
3.22205,
294.205,
326.901,
8.51321,
71.2451,
51.8129,
7.96979,
4.8008,
22.2142,
4.24742,
54.5372,
12.33632,
93.6329,
14.53561,
103.253,
7.83062,
4.47386,
42.9527,
18.77475,
194.103,
200.6492,
12.34105,
15.69274,
62.1554,
176.4676,
96.0328,
80.7321,
18.39114,
386.69,
38.4778,
41.3525,
751.824,
19.8715,
25.22871,
105.6158,
6.1272,
40.7623,
515.667,
0.498816,
69.0989,
869.847,
2.3214,
78.6125,
97.9917,
40.2326,
30.4271,
35.41313,
112.2776,
97.3941,
20.37486,
105.6603,
14.19981,
34.3504,
16.6153,
90.1762,
21.8252,
1.474464,
11.0783,
2.230268,
177.2116,
4.11623,
10.69132,
1.91357,
68.3284,
12.65136,
276.9293,
0.373824,
2.3121,
15.58496,
228.6294,
175.7888,
4.67862,
256.011,
172.8801,
211.811,
111.4312,
2.404542,
11.93984,
119.0369,
51.0682,
71.7734,
3.76237,
344.956,
19.68945,
3.21847,
33.895,
175.0985,
138.5304,
8.44692,
21.5152,
16.10894,
0.955392,
0.249856,
690.908,
200.3256,
42.8626,
119.0645,
16.06042,
156.9108,
644.443,
47.0318,
10.74061,
13.68874,
75.4693,
1.35456,
0.567136,
59.4187,
6.89252,
146.7542,
1.961854,
54.187,
242.06,
88.1214,
23.23787,
268.2391,
163.6709,
24.4931,
32.6666,
58.0544,
3.10003,
273.4737,
90.8535,
72.7884,
43.3581,
8.18224,
14.028,
275.903,
1.953628,
99.2964,
15.74711,
1.60464,
27.3705,
53.9365,
21.61327,
4.91034,
255.7143,
26.9058,
535.968,
10.00147,
56.9209,
5.18333,
17.32826,
363.7419,
43.3432,
358.123,
41.4239,
7.23792,
29.3837,
50.0773,
25.8048,
32.0246,
21.33796,
775.123,
8.69257,
62.3733,
105.4179,
6.60448,
17.47101,
94.6677,
69.162,
49.0679,
22.7168,
228.9705,
4.975678,
646.844,
98.631,
2.371932,
4.25488,
40.9457,
22.327,
25.9614,
970.563,
316.265,
83.1307,
76.4353,
42.1774,
25.5161,
6.51773,
24.4084,
4.25594,
28.3508,
34.3113,
2.023204,
30.1825,
22.0189,
73.0907,
64.8115,
2.426784,
9.39286,
20.59507,
1.199168,
9.67306,
74.0631,
14.17216,
4.47216,
269.128,
64.051,
85.6466,
214.5808,
0.882176,
100.9868,
0.457888,
105.3953,
660.844,
1.892896,
60.1153,
893.758,
81.4004,
35.1912,
10.78989,
28.8161,
82.7183,
71.3321,
9.88324,
215.1781,
2.215392,
139.4065,
230.6057,
43.1897,
25.84636,
17.13858,
216.016,
44.1457,
30.3098,
6.10445,
5.1791,
67.6219,
30.5569,
23.13186,
13.18096,
185.0075,
28.8891,
489.317,
4.586236,
436.286,
14.52544,
2.57417,
3.17027,
222.9868,
2.26758,
18.02694,
6.01277,
4.03404,
3.12218,
4.99069,
39.5644,
17.61738,
515.809,
4.17725,
215.7614,
63.0473,
3.51392,
19.53291,
157.8649,
42.7617,
678.415,
0.429152,
5.82755,
0.481472,
69.1168,
8.71322,
9.55754,
301.7646,
3.154718,
2.756098,
18.36199,
9.30586,
30.10935,
23.5863,
25.1247,
27.28629,
14.15084,
193.3257,
79.0975,
34.4996,
33.1981,
90.3693,
4.03024,
99.5282,
36.909,
6.98279,
0.764,
59.9449,
3.44339,
3.61549,
2.32784,
286.724,
18.34317,
319.3886,
22.49374,
40.9713,
467.418,
34.4208,
5.7752,
0.566304,
1.926624,
7.10045,
164.7175,
47.1114,
382.668,
46.451,
53.6611,
26.1336,
63.7342,
0.310368,
3.40343,
20.23409,
5.71789,
21.5837,
3.01453,
13.12845,
120.3804,
393.128,
5.44365,
81.867,
8.97527,
102.9192,
33.4116,
13.96659,
137.4072,
197.24,
26.56587,
7.91433,
5.06138,
12.19415,
30.6212,
101.7168,
12.00563,
10.55939,
20.24003,
232.3964,
143.0905,
3.26375,
11.81526,
45.6047,
124.6658,
66.1653,
103.3817,
5.93712,
6.38051,
115.4332,
185.9429,
30.0577,
28.2439,
104.9457,
15.36035,
528.453,
3.50823,
18.65624,
62.5236,
6.96528,
33.3632,
16.6234,
12.87911,
7.01495,
9.02365,
39.559,
172.555,
25.48986,
376.869,
10.37354,
5.95661,
10.88307,
19.85091,
49.4151,
16.90083,
23.63581,
14.25332,
54.1867,
6.26832,
109.9032,
11.49424,
475.814,
71.2263,
11.80055,
28.25024,
285.1025,
41.598,
246.383,
1.730496,
8.35802,
75.588,
9.51836,
484.421,
803.206,
41.3047,
4.69597,
28.3494,
1.741856,
1.679134,
206.85,
38.4795,
20.71291,
98.1719,
34.2291,
2.059772,
98.4035,
9.54272,
4.71084,
97.2061,
103.8608,
57.6762,
30.5557,
31.3489,
163.3569,
44.3626,
27.1937,
87.9373,
177.8573,
47.9776,
305.285,
33.1111,
6.98199,
2.041916,
15.15037,
10.80585,
0.646176,
294.2662,
1.080224,
0.59984,
7.41786,
8.97971,
5.9688,
3.68608,
108.677,
54.1858,
370.798,
64.8046,
2.27725,
83.2849,
88.3104,
42.6287,
70.0274,
15.46387,
33.5505,
11.4553,
66.3805,
29.3753,
7.95229,
7.27555,
16.4382,
6.40595,
47.9818,
260.574,
18.84467,
130.0872,
252.3057,
117.3525,
63.4935,
154.742,
51.1975,
132.9202,
56.6275,
16.28403,
3.31463,
11.06646,
472.105,
65.9521,
81.0056,
100.8046,
39.4977,
136.3473,
7.83856,
58.7142,
2.26628,
159.1528,
28.43952,
23.0865,
3.81088,
36.6019,
661.059,
16.29725,
175.5667,
47.0843,
28.92683,
9.23565,
86.6344,
19.32112,
16.76266,
7.4264,
0.766016,
57.4751,
5.99927,
31.6538,
3.82288,
5.0943,
73.8969,
27.5616,
9.7793,
6.31571,
0.925792,
366.3282,
6.19254,
8.99584,
33.0489,
4.96544,
95.1407,
112.3768,
106.2879,
42.296,
115.7283,
7.28868,
82.6127,
69.7552,
226.537,
22.5215,
48.8031,
62.6706,
20.97354,
149.3029,
463.275,
256.0896,
285.7882,
99.3302,
36.3837,
390.666,
148.7801,
47.2061,
116.7964,
100.2858,
170.0467,
173.4861,
1.396032,
27.6434,
21.59103,
26.4395,
233.8512,
1.83811,
22.58675,
38.701,
9.70205,
54.007,
29.97782,
22.7371,
123.0989,
86.6523,
8.51731,
182.4022,
25.7731,
608.09,
3.01175,
228.982,
0.8872,
19.54662,
0.689152,
117.1668,
49.99,
1.221824,
59.2506,
93.6359,
2.68944,
107.692,
2.53747,
29.3337,
21.30302,
192.4591,
26.4183,
89.2412,
47.7933,
3.40448,
16.91637,
2.8304,
35.9,
34.5209,
66.2124,
39.954,
27.2233,
4.45142,
2.77811,
123.6767,
10.8952,
232.2741,
5.32791,
23.5256,
4.30211,
68.7028,
63.7816,
68.711,
125.276,
12.24627,
243.686,
24.73054,
362.641,
29.33068,
35.82287,
249.1285,
114.5808,
6.43443,
17.26835,
11.5456,
25.7037,
204.3628,
8.44902,
3.45158,
1.649024,
10.94624,
