0.003072,
0.004,
0.004192,
0.003584,
0.004032,
0.004352,
0.003616,
0.00352,
0.004,
235.298416,
0.0032,
134.556552,
0.004032,
225.550552,
0.004224,
0.003296,
0.0032,
0.00336,
0.003584,
0.003648,
0.003616,
0.003648,
282.443224,
0.003584,
0.004128,
0.008288,
0.003456,
0.003552,
84.984284,
0.004064,
0.004128,
0.003712,
127.117776,
0.00352,
0.003712,
0.003584,
0.00352,
0.003648,
0.003584,
0.003104,
0.003776,
0.003488,
28.650444,
0.003552,
0.00352,
0.0032,
0.003232,
0.003808,
440.118744,
0.003264,
0.003872,
0.003808,
0.003936,
0.004064,
0.003488,
354.360896,
0.003456,
0.003424,
382.56216,
327.66168,
0.003168,
0.00352,
0.004768,
0.003488,
0.003584,
0.004416,
0.003584,
0.003712,
0.003328,
0.003104,
13.395388,
0.003744,
0.003552,
0.003552,
62.306592,
0.003808,
0.00608,
0.003552,
0.004032,
0.004096,
0.003616,
0.004896,
0.00352,
0.00304,
0.003552,
0.004096,
0.00352,
0.003616,
0.003744,
0.003744,
0.003808,
0.004064,
0.003392,
205.5912,
0.003104,
314.762744,
0.005152,
0.003744,
0.003456,
0.003904,
93.137864,
0.003392,
379.88148,
0.003488,
0.003552,
478.688904,
0.00352,
0.003968,
0.003392,
0.003168,
0.003392,
0.003136,
0.003232,
0.00352,
0.003072,
0.00352,
0.003136,
0.003232,
0.003168,
0.0032,
0.003072,
0.003328,
0.003744,
375.390872,
0.003456,
0.003104,
0.003872,
0.005344,
0.003328,
0.003584,
0.004672,
0.003584,
0.004416,
0.003328,
17.998176,
0.003712,
0.003584,
34.336644,
0.003712,
0.004128,
0.005888,
0.005472,
0.003648,
0.00432,
0.003904,
0.00816,
0.004256,
0.0032,
0.004544,
104.425872,
0.004288,
44.789276,
356.214704,
0.004384,
0.003712,
0.003712,
0.00432,
0.003104,
82.797456,
463.10544,
0.004128,
0.00368,
0.003424,
0.003872,
0.003488,
0.004448,
222.083776,
309.57048,
0.004576,
0.003776,
0.003904,
0.00352,
0.004896,
0.004128,
0.005376,
344.814456,
0.006688,
0.004384,
0.005184,
0.00352,
0.00368,
0.004128,
0.003392,
0.00336,
0.003488,
235.151392,
505.837848,
373.422008,
0.003456,
0.004864,
141.132128,
0.004288,
0.003392,
458.953776,
0.003328,
0.003168,
210.685024,
407.183744,
458.380808,
169.548544,
0.003744,
0.003584,
6.983324,
0.003488,
0.003712,
86.622584,
0.00368,
0.004064,
0.004672,
491.239128,
0.003648,
0.003264,
0.003648,
0.003648,
0.003968,
0.003424,
0.003104,
0.003552,
0.003872,
0.006112,
0.003776,
74.068016,
0.00512,
0.003648,
0.003808,
0.00352,
0.003776,
0.003296,
197.902328,
0.003712,
0.003456,
0.004832,
302.316192,
0.003968,
0.004288,
0.003264,
243.241776,
0.003456,
0.00352,
0.003488,
0.003456,
0.003488,
0.00368,
0.00368,
0.003616,
162.028064,
411.780712,
0.004384,
0.003712,
0.003552,
0.003392,
0.00448,
0.004928,
0.003328,
0.004064,
0.003616,
0.005056,
0.003136,
0.003968,
0.003232,
0.003552,
0.003456,
0.004096,
0.003456,
0.003104,
0.003296,
312.870032,
0.00512,
0.00384,
0.003808,
0.003712,
0.004896,
0.004736,
0.003872,
0.004768,
0.003616,
0.003872,
316.231744,
0.003584,
37.343852,
0.003712,
0.004192,
0.003872,
0.007008,
0.003328,
0.004992,
516.952616,
81.71334,
0.00544,
0.004736,
0.004,
0.005504,
0.004,
267.029712,
0.003552,
0.003776,
0.003552,
0.004512,
0.003424,
194.968872,
0.004352,
0.003744,
0.00608,
43.845408,
0.003616,
0.004992,
484.529776,
0.004896,
398.691488,
0.003328,
0.003968,
0.003936,
0.004896,
105.642904,
136.428552,
0.003552,
513.532448,
94.572568,
0.004832,
7.151456,
0.004032,
0.003936,
0.00432,
0.003104,
0.005056,
508.204,
0.006848,
0.003712,
116.670032,
0.003392,
0.003616,
0.00656,
0.0048,
0.004032,
0.003744,
0.003168,
0.003968,
0.003296,
0.003552,
0.003648,
0.005728,
0.003936,
0.004512,
0.003264,
0.00464,
0.003712,
0.007648,
0.01456,
0.00368,
0.00336,
0.004096,
0.003616,
0.003488,
0.003712,
0.00368,
0.003648,
0.003456,
0.003392,
449.695648,
0.00368,
0.003776,
0.007552,
0.003488,
429.22216,
0.00416,
221.37832,
0.005632,
0.00416,
0.00368,
0.003776,
0.00512,
0.004128,
397.872952,
0.003456,
0.005664,
0.003776,
0.006176,
300.760712,
0.003424,
0.00352,
0.004288,
0.003872,
0.004128,
0.00336,
0.003648,
0.003968,
0.003104,
74.473944,
0.003712,
0.003936,
0.005344,
293.799064,
0.004512,
297.468712,
0.003456,
409.485832,
0.003456,
170.845288,
0.015392,
0.006464,
0.003584,
0.003712,
0.003616,
0.003584,
0.004128,
0.00352,
0.004128,
0.00384,
0.00368,
0.003936,
0.003456,
0.005696,
0.003168,
180.949616,
0.00272,
0.004704,
0.00496,
0.003968,
0.003648,
0.003488,
0.004064,
0.008096,
0.003712,
152.487904,
0.003616,
365.14088,
0.003264,
0.004064,
0.003776,
0.0032,
0.0032,
186.16652,
0.004736,
0.003072,
0.003552,
0.003232,
0.003872,
0.003264,
0.003328,
0.003232,
0.00352,
0.003104,
0.004928,
445.661512,
0.005984,
0.005536,
0.004192,
362.893872,
327.964168,
27.98688,
0.005152,
0.003584,
0.003808,
122.275872,
0.003488,
0.004064,
276.522656,
0.003744,
0.004256,
0.004576,
0.004416,
0.003584,
0.00352,
0.00384,
0.003776,
0.004384,
0.00352,
360.817808,
0.004,
0.003552,
0.00528,
0.003136,
0.0032,
0.003648,
111.197936,
0.003264,
0.004256,
0.003904,
0.003616,
0.003104,
0.003424,
0.005312,
0.004128,
0.003776,
0.004288,
0.00288,
0.003136,
0.003904,
0.005312,
0.003776,
436.407256,
0.004224,
102.996128,
0.003808,
0.005856,
0.003552,
0.004256,
0.003776,
0.004352,
0.003168,
