3.946290016174316406e+00
3.341490030288696289e+00
5.016960144042968750e+00
5.703109741210937500e+00
3.223500013351440430e+00
5.506380081176757812e+00
2.319370031356811523e+00
5.733120441436767578e+00
5.031279563903808594e+00
4.755120277404785156e+00
2.795399904251098633e+00
1.142310023307800293e+00
2.020930051803588867e+00
1.927999973297119141e+00
2.348769903182983398e+00
3.205769777297973633e+00
2.952990055084228516e+00
5.556419849395751953e+00
4.586410045623779297e+00
2.998480081558227539e+00
4.342569828033447266e+00
1.358420014381408691e+00
2.636480093002319336e+00
5.783699989318847656e+00
2.559590101242065430e+00
5.323679924011230469e+00
1.564540028572082520e+00
2.003200054168701172e+00
5.467100143432617188e+00
5.356379985809326172e+00
2.824229955673217773e+00
4.825019836425781250e+00
4.364820003509521484e+00
3.201499938964843750e+00
5.236329555511474609e+00
2.310529947280883789e+00
2.352509975433349609e+00
5.249059677124023438e+00
2.878730058670043945e+00
3.723880052566528320e+00
4.698500156402587891e+00
1.351320028305053711e+00
1.950119972229003906e+00
2.344200134277343750e+00
3.754270076751708984e+00
4.359240055084228516e+00
5.897729873657226562e+00
5.164200305938720703e+00
2.712909936904907227e+00
3.751600027084350586e+00
3.962370157241821289e+00
2.222140073776245117e+00
2.421730041503906250e+00
3.569839954376220703e+00
2.677059888839721680e+00
3.349330186843872070e+00
4.719560146331787109e+00
4.606929779052734375e+00
4.661379814147949219e+00
5.467890262603759766e+00
2.941289901733398438e+00
5.133430004119873047e+00
1.006600022315979004e+00
2.012599945068359375e+00
5.591229915618896484e+00
4.912239551544189453e+00
4.654030323028564453e+00
2.317100048065185547e+00
5.351700305938720703e+00
5.219000339508056641e+00
3.906969785690307617e+00
2.271520137786865234e+00
1.531329989433288574e+00
7.381070137023925781e+00
4.782789707183837891e+00
2.151489973068237305e+00
3.997469663619995117e+00
4.063920021057128906e+00
4.783580303192138672e+00
2.696210145950317383e+00
7.406469821929931641e+00
1.780519962310791016e+00
8.073019981384277344e+00
4.117469787597656250e+00
5.120209693908691406e+00
4.246170043945312500e+00
4.075229644775390625e+00
2.681609869003295898e+00
6.776370048522949219e+00
4.191009998321533203e+00
5.194169998168945312e+00
4.849459648132324219e+00
2.075400114059448242e+00
3.113679885864257812e+00
2.924040079116821289e+00
2.161429882049560547e+00
4.031810283660888672e+00
6.090590000152587891e+00
5.348879814147949219e+00
3.904360294342041016e+00
2.242549896240234375e+00
1.790950059890747070e+00
1.882279992103576660e+00
4.011799812316894531e+00
5.457499980926513672e+00
2.893280029296875000e+00
1.209789991378784180e+00
1.731510043144226074e+00
5.032559871673583984e+00
7.542450904846191406e+00
9.387490153312683105e-01
1.174819946289062500e+00
9.555550217628479004e-01
5.043799877166748047e+00
2.218250036239624023e+00
6.077569484710693359e+00
4.732970237731933594e+00
3.293410062789916992e+00
2.397209882736206055e+00
5.176379680633544922e+00
5.226759910583496094e+00
6.695000171661376953e+00
3.403860092163085938e+00
5.066460132598876953e+00
4.992559909820556641e+00
6.778220176696777344e+00
5.481400012969970703e+00
1.107900023460388184e+00
1.929809927940368652e+00
4.496429920196533203e+00
3.330899953842163086e+00
2.368119955062866211e+00
3.373700141906738281e+00
2.448029994964599609e+00
6.371340274810791016e+00
4.859139919281005859e+00
4.997930049896240234e+00
9.585760235786437988e-01
4.394999980926513672e+00
1.457029938697814941e+00
5.594170093536376953e+00
4.048870086669921875e+00
6.780000209808349609e+00
1.225919961929321289e+00
1.067180037498474121e+00
4.649909973144531250e+00
5.703109741210937500e+00
2.315200090408325195e+00
1.300590038299560547e+00
4.067020416259765625e+00
4.859139919281005859e+00
3.428740024566650391e+00
3.355379819869995117e+00
4.860899925231933594e+00
6.858920097351074219e+00
5.054659843444824219e+00
2.183130025863647461e+00
4.283040046691894531e+00
1.254410028457641602e+00
1.281759977340698242e+00
6.264739990234375000e+00
5.263949871063232422e+00
3.786560058593750000e+00
2.140239953994750977e+00
6.034609794616699219e+00
1.791000008583068848e+00
4.032229900360107422e+00
1.955559968948364258e+00
1.964130043983459473e+00
3.141959905624389648e+00
3.179779767990112305e+00
3.276340007781982422e+00
3.959069728851318359e+00
2.285559892654418945e+00
6.917799949645996094e+00
2.943000078201293945e+00
6.537010192871093750e+00
6.576639652252197266e+00
1.477329969406127930e+00
6.369299888610839844e+00
2.268379926681518555e+00
1.203920006752014160e+00
2.869269847869873047e+00
2.151080131530761719e+00
5.113349914550781250e+00
1.682970046997070312e+00
4.645799636840820312e+00
3.832550048828125000e+00
2.761709928512573242e+00
1.803189992904663086e+00
6.026870250701904297e+00
4.051650047302246094e+00
2.805079936981201172e+00
2.132369995117187500e+00
2.131350040435791016e+00
5.682310104370117188e+00
3.292489767074584961e+00
2.524610042572021484e+00
2.960059881210327148e+00
4.396379947662353516e+00
6.200389862060546875e+00
3.274840116500854492e+00
2.042129993438720703e+00
6.904089927673339844e+00
1.995530009269714355e+00
1.375110030174255371e+00
2.086420059204101562e+00
1.523149967193603516e+00
4.796789646148681641e+00
2.209039926528930664e+00
2.875750064849853516e+00
3.109619855880737305e+00
5.883890151977539062e+00
2.280799865722656250e+00
3.041209936141967773e+00
2.663450002670288086e+00
2.986590147018432617e+00
2.622509956359863281e+00
4.922950267791748047e+00
1.563609957695007324e+00
3.560459852218627930e+00
2.581720113754272461e+00
1.742850065231323242e+00
3.304069995880126953e+00
2.491489887237548828e+00
8.099629402160644531e+00
6.410849571228027344e+00
5.264100074768066406e+00
3.560459852218627930e+00
2.316319942474365234e+00
2.441460132598876953e+00
5.739659786224365234e+00
1.741400003433227539e+00
1.257300019264221191e+00
4.528130054473876953e+00
1.106969952583312988e+00
6.138549804687500000e+00
1.875950098037719727e+00
2.648499965667724609e+00
6.776370048522949219e+00
1.447769999504089355e+00
2.949399948120117188e+00
2.781579971313476562e+00
1.193189978599548340e+00
2.328550100326538086e+00
2.866589784622192383e+00
5.713419914245605469e+00
2.251100063323974609e+00
5.426489830017089844e+00
6.839290142059326172e+00
5.146420001983642578e+00
5.479849815368652344e+00
3.803489923477172852e+00
2.841150045394897461e+00
5.871590137481689453e+00
1.929809927940368652e+00
