5.404377937316894531e+00
3.395849943161010742e+00
5.499928951263427734e+00
5.714003562927246094e+00
3.802997112274169922e+00
5.043260097503662109e+00
2.185171604156494141e+00
6.261242866516113281e+00
4.523795127868652344e+00
4.900585651397705078e+00
3.475088834762573242e+00
1.492780208587646484e+00
2.132072448730468750e+00
1.994362235069274902e+00
2.147621870040893555e+00
2.677716732025146484e+00
2.715497732162475586e+00
5.870768547058105469e+00
3.857115268707275391e+00
3.347179889678955078e+00
4.786524772644042969e+00
1.627782344818115234e+00
3.036155700683593750e+00
6.423195362091064453e+00
3.135130643844604492e+00
5.621331691741943359e+00
1.223814010620117188e+00
1.734757184982299805e+00
4.544064521789550781e+00
6.427184581756591797e+00
3.501085281372070312e+00
3.916223526000976562e+00
3.848151683807373047e+00
2.889333963394165039e+00
5.291646003723144531e+00
2.345348358154296875e+00
2.519374847412109375e+00
4.496226310729980469e+00
3.084890604019165039e+00
3.146764993667602539e+00
3.779703855514526367e+00
1.553115248680114746e+00
1.477761268615722656e+00
1.702169060707092285e+00
2.989041328430175781e+00
4.369748115539550781e+00
4.354907512664794922e+00
3.477910995483398438e+00
3.232511043548583984e+00
3.461311578750610352e+00
4.703839302062988281e+00
2.880221843719482422e+00
2.329460144042968750e+00
3.234211206436157227e+00
3.268579959869384766e+00
2.643735885620117188e+00
4.317825317382812500e+00
3.768734693527221680e+00
3.983915805816650391e+00
6.738725185394287109e+00
3.286873817443847656e+00
3.595435380935668945e+00
1.406714081764221191e+00
2.225544214248657227e+00
4.520921230316162109e+00
4.964377403259277344e+00
4.011496067047119141e+00
2.578713178634643555e+00
8.504873275756835938e+00
5.358752250671386719e+00
5.252759456634521484e+00
2.317770957946777344e+00
1.670398950576782227e+00
6.691018104553222656e+00
4.330181598663330078e+00
1.957158088684082031e+00
4.079627037048339844e+00
3.257436513900756836e+00
3.990131139755249023e+00
3.533966541290283203e+00
6.476441383361816406e+00
1.988423347473144531e+00
7.283113956451416016e+00
4.556962013244628906e+00
3.560271024703979492e+00
4.514723777770996094e+00
4.189209461212158203e+00
2.449960470199584961e+00
6.938113212585449219e+00
3.631921768188476562e+00
4.926460742950439453e+00
5.087658405303955078e+00
1.727921485900878906e+00
2.069951057434082031e+00
2.690875053405761719e+00
2.168251514434814453e+00
4.238563060760498047e+00
5.945189476013183594e+00
4.108248233795166016e+00
5.087697505950927734e+00
1.181479454040527344e+00
1.841440320014953613e+00
2.185940027236938477e+00
4.264898777008056641e+00
5.405896663665771484e+00
3.645720243453979492e+00
1.125781416893005371e+00
1.911716580390930176e+00
3.959732532501220703e+00
6.129928588867187500e+00
2.187830448150634766e+00
7.957048416137695312e-01
1.173152208328247070e+00
5.013742923736572266e+00
2.222875118255615234e+00
6.303063869476318359e+00
5.070616722106933594e+00
3.801996946334838867e+00
2.966424703598022461e+00
4.969875812530517578e+00
3.979763746261596680e+00
7.522896766662597656e+00
4.123072147369384766e+00
3.930582046508789062e+00
5.627264499664306641e+00
6.855604171752929688e+00
6.036994934082031250e+00
8.877946138381958008e-01
2.143348932266235352e+00
5.339355468750000000e+00
4.090911865234375000e+00
2.493996381759643555e+00
2.869482278823852539e+00
3.064821958541870117e+00
7.272751331329345703e+00
4.538275241851806641e+00
5.244472026824951172e+00
1.994311332702636719e+00
5.147961616516113281e+00
1.747075319290161133e+00
5.585211753845214844e+00
4.150820255279541016e+00
6.579652786254882812e+00
2.446302890777587891e+00
1.000767230987548828e+00
5.121607780456542969e+00
6.845359802246093750e+00
2.507510900497436523e+00
1.396307229995727539e+00
4.110439777374267578e+00
4.680837154388427734e+00
3.505678653717041016e+00
3.587239980697631836e+00
4.102749347686767578e+00
6.896350383758544922e+00
5.239982604980468750e+00
3.394484758377075195e+00
4.342795372009277344e+00
1.786774516105651855e+00
1.498561501502990723e+00
6.241797447204589844e+00
7.899941921234130859e+00
3.940098285675048828e+00
2.551039457321166992e+00
5.043066501617431641e+00
1.755351543426513672e+00
5.356989860534667969e+00
2.114222049713134766e+00
1.908779621124267578e+00
3.370373249053955078e+00
2.805449485778808594e+00
3.152765274047851562e+00
4.177862644195556641e+00
2.472693920135498047e+00
4.694474220275878906e+00
3.544236660003662109e+00
4.358463764190673828e+00
7.549164772033691406e+00
1.706095218658447266e+00
4.054469108581542969e+00
9.286990165710449219e-01
8.047312498092651367e-01
2.313202619552612305e+00
2.113515615463256836e+00
4.635519027709960938e+00
1.750319242477416992e+00
5.522443771362304688e+00
3.899176836013793945e+00
3.224703073501586914e+00
1.795094847679138184e+00
4.804520606994628906e+00
3.247760295867919922e+00
3.300662994384765625e+00
2.905909061431884766e+00
2.058312177658081055e+00
5.695895195007324219e+00
3.276297092437744141e+00
1.937968015670776367e+00
3.733721017837524414e+00
3.791429996490478516e+00
7.358566284179687500e+00
3.675687074661254883e+00
2.264494657516479492e+00
5.706562042236328125e+00
1.840315937995910645e+00
1.663547992706298828e+00
2.416517496109008789e+00
1.854636549949645996e+00
5.361183166503906250e+00
2.077496767044067383e+00
2.982862710952758789e+00
2.192202091217041016e+00
5.349294185638427734e+00
2.917227029800415039e+00
2.903069019317626953e+00
2.521514654159545898e+00
3.561412811279296875e+00
2.742741107940673828e+00
4.395083427429199219e+00
2.227409362792968750e+00
3.778493642807006836e+00
3.082362651824951172e+00
1.541446566581726074e+00
3.461739063262939453e+00
2.237171888351440430e+00
6.270035743713378906e+00
4.509956359863281250e+00
4.518954277038574219e+00
4.151439189910888672e+00
2.363398551940917969e+00
1.736045837402343750e+00
5.617117404937744141e+00
1.646808505058288574e+00
2.173222541809082031e+00
4.288544178009033203e+00
2.274755477905273438e+00
5.542502403259277344e+00
1.816072463989257812e+00
2.198907375335693359e+00
5.428626060485839844e+00
1.440687179565429688e+00
3.059406042098999023e+00
3.320698976516723633e+00
1.591300845146179199e+00
3.156676054000854492e+00
3.004795074462890625e+00
5.065537929534912109e+00
2.020069122314453125e+00
4.934104442596435547e+00
5.065600872039794922e+00
4.396258831024169922e+00
5.615263462066650391e+00
2.985754966735839844e+00
2.466178894042968750e+00
5.397625923156738281e+00
2.393622398376464844e+00
