5.663719558715820312e+01
4.265367889404296875e+01
2.988154029846191406e+01
9.923055267333984375e+01
9.627872467041015625e+01
6.569236755371093750e+01
9.988158416748046875e+01
6.366297149658203125e+01
9.953972625732421875e+01
9.826818847656250000e+01
9.133869934082031250e+01
9.898075103759765625e+01
9.985386657714843750e+01
6.727049255371093750e+01
9.673873138427734375e+01
9.496870422363281250e+01
1.693641662597656250e+01
9.825357055664062500e+01
9.924346923828125000e+01
5.786993408203125000e+01
9.961831665039062500e+01
9.733228302001953125e+01
9.241303253173828125e+01
9.881927490234375000e+01
9.170418548583984375e+01
5.437497329711914062e+01
8.261401367187500000e+01
7.494355773925781250e+01
8.739745330810546875e+01
9.819806671142578125e+01
8.106704711914062500e+01
9.811035919189453125e+01
9.937364959716796875e+01
6.572319793701171875e+01
6.098027038574218750e+01
9.963204193115234375e+01
9.944612884521484375e+01
9.888022613525390625e+01
5.995733261108398438e+01
3.825521850585937500e+01
2.649953842163085938e+00
7.745318603515625000e+01
9.246910095214843750e+01
9.455083465576171875e+01
9.979798126220703125e+01
9.874833679199218750e+01
9.937924194335937500e+01
9.007204437255859375e+01
8.720272064208984375e+01
9.829522705078125000e+01
7.765410614013671875e+01
7.546356201171875000e+01
3.162615060806274414e+00
9.730072784423828125e+01
6.355641555786132812e+01
9.966287994384765625e+01
9.882521820068359375e+01
9.731520843505859375e+01
9.749620819091796875e+01
6.281592941284179688e+01
9.918566131591796875e+01
7.374807739257812500e+01
6.440794372558593750e+01
8.715017700195312500e+01
9.908213806152343750e+01
6.249580383300781250e+01
8.737187194824218750e+01
9.811597442626953125e+01
9.995986175537109375e+01
6.804437255859375000e+01
9.694722747802734375e+01
9.822832489013671875e+01
8.361685943603515625e+01
5.977959442138671875e+01
2.268705368041992188e+01
6.549519348144531250e+01
9.953920745849609375e+01
8.369181823730468750e+01
9.972615051269531250e+01
9.783099365234375000e+01
9.938146972656250000e+01
8.960596466064453125e+01
9.921508026123046875e+01
9.837696075439453125e+01
9.905416870117187500e+01
9.943213653564453125e+01
6.159796524047851562e+01
9.133869934082031250e+01
8.831722259521484375e+01
9.990973663330078125e+01
7.764384460449218750e+01
8.839444732666015625e+01
8.345159912109375000e+01
9.927787780761718750e+01
9.977338409423828125e+01
7.419147491455078125e+01
9.973176574707031250e+01
8.817646026611328125e+01
8.867125701904296875e+01
6.779195404052734375e+01
4.297905349731445312e+01
6.822839355468750000e+01
6.931932830810546875e+01
4.963571166992187500e+01
6.334311676025390625e+01
7.641811370849609375e+01
7.026012420654296875e+01
9.535412597656250000e+01
9.406211090087890625e+01
8.996885681152343750e+01
5.989366912841796875e+01
8.311353302001953125e+01
8.838955688476562500e+01
9.814039611816406250e+01
9.972429656982421875e+01
9.893412780761718750e+01
9.663467407226562500e+01
6.727049255371093750e+01
9.307576751708984375e+01
1.116728115081787109e+01
6.241854190826416016e+00
8.917341613769531250e+01
8.345980072021484375e+01
9.965993499755859375e+01
9.821586608886718750e+01
9.121543121337890625e+01
9.816249084472656250e+01
8.212435150146484375e+01
9.926746368408203125e+01
9.694635009765625000e+01
9.877919006347656250e+01
8.260680389404296875e+01
9.570803070068359375e+01
9.826107025146484375e+01
9.990778350830078125e+01
6.822829437255859375e+01
9.370277404785156250e+01
5.854326629638671875e+01
8.340756225585937500e+01
9.184465789794921875e+01
9.833789062500000000e+01
9.828262329101562500e+01
9.793540954589843750e+01
2.017751312255859375e+01
6.296956634521484375e+01
9.229008483886718750e+01
6.072663497924804688e+01
9.659546661376953125e+01
6.137452697753906250e+01
9.179904174804687500e+01
8.481752014160156250e+01
8.614708709716796875e+01
5.690039062500000000e+01
6.332538986206054688e+01
6.480556488037109375e+01
9.683486175537109375e+01
1.701609039306640625e+01
9.570520019531250000e+01
9.980464935302734375e+01
9.886811065673828125e+01
9.843875885009765625e+01
6.375617218017578125e+01
9.434379577636718750e+00
9.808397674560546875e+01
8.826071739196777344e+00
9.122457122802734375e+01
8.848123168945312500e+01
7.183265686035156250e+01
9.441355895996093750e+01
9.367954254150390625e+01
8.787048339843750000e+01
9.758713531494140625e+01
2.335369300842285156e+01
9.872475433349609375e+01
2.230794906616210938e+01
9.848209381103515625e+01
9.952905273437500000e+01
5.879423141479492188e+01
9.986310577392578125e+01
9.719166564941406250e+01
9.642023468017578125e+01
9.344361877441406250e+01
9.946855926513671875e+01
5.998149490356445312e+01
9.050283050537109375e+01
9.238584899902343750e+01
9.907996368408203125e+01
8.033712768554687500e+01
9.825357055664062500e+01
6.681459045410156250e+01
9.430120849609375000e+01
9.977391052246093750e+01
6.030708694458007812e+01
7.739142608642578125e+01
9.848533630371093750e+01
9.631527709960937500e+01
8.840578460693359375e+01
5.741219043731689453e+00
4.829623794555664062e+01
9.971255493164062500e+01
9.804567718505859375e+01
9.951319885253906250e+01
9.966620635986328125e+01
9.766255187988281250e+01
5.830690765380859375e+01
8.899394226074218750e+01
9.631463623046875000e+01
9.815045928955078125e+01
9.975254821777343750e+01
9.955117034912109375e+01
9.912400817871093750e+01
9.886042022705078125e+01
9.893927001953125000e+01
7.563792419433593750e+01
8.722708892822265625e+01
9.983444213867187500e+01
9.995147705078125000e+01
9.095101928710937500e+01
9.761217498779296875e+01
5.686228179931640625e+01
6.965032196044921875e+01
9.945660400390625000e+01
2.897104024887084961e+00
9.390785980224609375e+01
3.491747283935546875e+01
9.977391052246093750e+01
9.838596343994140625e+01
9.774617767333984375e+01
9.671424102783203125e+01
9.559778594970703125e+01
9.611973571777343750e+01
9.525633239746093750e+01
9.865486907958984375e+01
1.180200958251953125e+01
7.891949462890625000e+01
1.833503913879394531e+01
9.601286315917968750e+01
9.988158416748046875e+01
9.800894165039062500e+01
7.676166534423828125e+01
8.934967041015625000e+01
7.676166534423828125e+01
9.815635681152343750e+01
9.348320007324218750e+01
9.993493652343750000e+01
5.715279006958007812e+01
9.979222869873046875e+01
9.770899200439453125e+01
2.221216964721679688e+01
9.933503723144531250e+01
9.847180938720703125e+01
9.979013061523437500e+01
9.938952636718750000e+01
9.979003906250000000e+01
8.906925201416015625e+01
8.538237762451171875e+01
