4.467254257202148438e+01
4.000989151000976562e+01
2.101702117919921875e+01
3.211738586425781250e+01
4.958630371093750000e+01
4.485064697265625000e+01
3.951593017578125000e+01
3.767032623291015625e+01
7.644508361816406250e+01
5.651741027832031250e+01
4.912040328979492188e+01
3.343960952758789062e+01
4.168287658691406250e+01
5.210353469848632812e+01
3.933848571777343750e+01
4.970374298095703125e+01
9.077203750610351562e+00
3.957858657836914062e+01
3.876248168945312500e+01
3.065122795104980469e+01
3.329867935180664062e+01
6.477930450439453125e+01
3.774646377563476562e+01
3.177398109436035156e+01
5.564819335937500000e+01
7.475115203857421875e+01
2.148708724975585938e+01
4.439143371582031250e+01
3.547497940063476562e+01
4.043861770629882812e+01
3.598043823242187500e+01
4.565488052368164062e+01
5.100256729125976562e+01
1.922878646850585938e+01
2.512969017028808594e+01
3.407511520385742188e+01
4.072687530517578125e+01
3.262746429443359375e+01
3.313069534301757812e+01
1.165175437927246094e+01
3.725847005844116211e-01
4.558951950073242188e+01
4.576372909545898438e+01
3.658098602294921875e+01
4.517622375488281250e+01
5.792868423461914062e+01
5.106358337402343750e+01
6.763822937011718750e+01
5.587771987915039062e+01
3.234429168701171875e+01
6.498981475830078125e+01
4.591876220703125000e+01
1.915983557701110840e+00
5.438681030273437500e+01
2.762127685546875000e+01
4.602522277832031250e+01
5.251441574096679688e+01
3.440857315063476562e+01
3.708700561523437500e+01
3.431323242187500000e+01
5.549905395507812500e+01
4.602553939819335938e+01
2.903746795654296875e+01
4.878912353515625000e+01
3.992174148559570312e+01
3.465116882324218750e+01
4.444605636596679688e+01
4.582562255859375000e+01
4.214802551269531250e+01
6.355669021606445312e+01
7.082725524902343750e+01
2.804152297973632812e+01
5.634073638916015625e+01
6.416464233398437500e+01
2.298172569274902344e+01
3.585763168334960938e+01
5.049895858764648438e+01
3.928323364257812500e+01
4.669380569458007812e+01
4.613498687744140625e+01
5.162062454223632812e+01
3.275568771362304688e+01
3.736197280883789062e+01
4.740801620483398438e+01
2.501671981811523438e+01
4.457862854003906250e+01
3.116294479370117188e+01
2.597242736816406250e+01
3.347147369384765625e+01
5.746261596679687500e+01
4.549445724487304688e+01
3.015234947204589844e+01
5.115157318115234375e+01
2.785415077209472656e+01
5.083902359008789062e+01
2.856557846069335938e+01
3.840394592285156250e+01
4.427329635620117188e+01
4.338206100463867188e+01
2.838326454162597656e+01
3.185538482666015625e+01
3.055385398864746094e+01
4.495817947387695312e+01
3.414243316650390625e+01
3.486512374877929688e+01
2.038997840881347656e+01
4.172818756103515625e+01
2.709997177124023438e+01
4.077943038940429688e+01
4.531658172607421875e+01
3.816454696655273438e+01
6.818380737304687500e+01
3.213912582397460938e+01
4.124422073364257812e+01
4.029183578491210938e+01
3.716257858276367188e+01
6.950573730468750000e+01
4.649768066406250000e+01
5.710367584228515625e+01
3.986465454101562500e+00
5.602816581726074219e+00
3.843319320678710938e+01
3.336796188354492188e+01
4.052199554443359375e+01
5.544319152832031250e+01
3.269580459594726562e+01
3.409263229370117188e+01
5.952280426025390625e+01
4.710945510864257812e+01
3.697408676147460938e+01
3.333613204956054688e+01
3.225757598876953125e+01
4.025954437255859375e+01
2.945642852783203125e+01
3.513981246948242188e+01
3.624646377563476562e+01
3.861473846435546875e+01
4.843319320678710938e+01
5.075609588623046875e+01
4.694728088378906250e+01
2.683583641052246094e+01
4.171929550170898438e+01
3.037302589416503906e+01
8.557728767395019531e+00
3.078156280517578125e+01
5.619673538208007812e+01
4.901947402954101562e+01
3.783081817626953125e+01
2.210978317260742188e+01
5.738928604125976562e+01
4.037628555297851562e+01
2.416577720642089844e+01
2.202457809448242188e+01
4.050031280517578125e+01
4.713137435913085938e+01
5.457662200927734375e+01
1.039461994171142578e+01
5.435310745239257812e+01
6.386763000488281250e+01
3.915826797485351562e+01
3.885813140869140625e+01
2.146807479858398438e+01
4.601022243499755859e+00
3.222439193725585938e+01
4.826378822326660156e+00
5.065330505371093750e+01
4.149292755126953125e+01
3.292224884033203125e+01
3.289950942993164062e+01
3.399134445190429688e+01
3.865123367309570312e+01
5.743248367309570312e+01
1.238346004486083984e+01
3.701502227783203125e+01
1.712691688537597656e+01
4.463092041015625000e+01
4.675080490112304688e+01
4.996630096435546875e+01
3.413894653320312500e+01
4.523726272583007812e+01
4.016198730468750000e+01
4.260219192504882812e+01
4.095226287841796875e+01
3.955350494384765625e+01
4.822761154174804688e+01
4.990406036376953125e+01
4.989527893066406250e+01
5.434713363647460938e+01
2.711611557006835938e+01
5.626878356933593750e+01
6.978985595703125000e+01
4.059741210937500000e+01
3.574446868896484375e+01
3.858964157104492188e+01
2.957885360717773438e+01
3.081002807617187500e+01
5.808878326416015625e+01
4.109215259552001953e+00
3.601107406616210938e+01
3.047584724426269531e+01
4.000263214111328125e+01
3.908840560913085938e+01
3.752643203735351562e+01
3.814435195922851562e+01
3.255530929565429688e+01
3.793660354614257812e+01
3.019454956054687500e+01
5.300362396240234375e+01
5.408345794677734375e+01
5.008999252319335938e+01
6.404115295410156250e+01
4.150238800048828125e+01
5.980097961425781250e+01
4.167580032348632812e+01
5.106237792968750000e+01
4.117752838134765625e+01
6.480785369873046875e+01
4.342349243164062500e+01
4.292985534667968750e+01
3.356892776489257812e+01
4.910786056518554688e+01
3.343389129638671875e+01
1.084828972816467285e+00
2.674951171875000000e+01
1.471737480163574219e+01
3.966625976562500000e+01
4.655003738403320312e+01
4.152152633666992188e+01
3.281948471069335938e+01
3.338187408447265625e+01
3.262792968750000000e+01
3.752416992187500000e+01
7.763622283935546875e+01
4.641512870788574219e+00
4.255851745605468750e+01
7.625384330749511719e+00
2.965216636657714844e+01
5.355246734619140625e+01
5.251098632812500000e+01
4.845866012573242188e+01
5.560848617553710938e+01
8.084500122070312500e+01
3.709603500366210938e+01
4.049868011474609375e+01
5.008003234863281250e+01
3.123933601379394531e+01
3.383700180053710938e+01
4.065723800659179688e+01
1.066082954406738281e+01
4.634694671630859375e+01
4.100561141967773438e+01
4.726367187500000000e+01
5.760662078857421875e+01
4.280680847167968750e+01
6.850993347167968750e+01
3.850366592407226562e+01
