8.325830101966857910e-03
8.499598130583763123e-03
7.230768445879220963e-03
7.402346935123205185e-03
7.640520576387643814e-03
8.358475752174854279e-03
9.097929112613201141e-03
8.240430615842342377e-03
7.426147349178791046e-03
8.708099834620952606e-03
8.066443726420402527e-03
8.074629120528697968e-03
8.826634846627712250e-03
9.011847898364067078e-03
7.210767362266778946e-03
6.819521076977252960e-03
8.302815258502960205e-03
8.076000027358531952e-03
8.980352431535720825e-03
6.435835268348455429e-03
7.206398528069257736e-03
6.631789728999137878e-03
8.098045364022254944e-03
8.322741836309432983e-03
7.210509385913610458e-03
1.066557690501213074e-02
8.803839795291423798e-03
8.069636300206184387e-03
7.829461246728897095e-03
8.824164979159832001e-03
8.499419316649436951e-03
8.826731704175472260e-03
7.769379764795303345e-03
8.498430252075195312e-03
8.802656084299087524e-03
8.561548776924610138e-03
8.986808359622955322e-03
1.016927231103181839e-02
8.109518326818943024e-03
6.818922702223062515e-03
8.053034543991088867e-03
1.033388823270797729e-02
7.593452930450439453e-03
8.323591202497482300e-03
9.263793937861919403e-03
9.036353789269924164e-03
7.875197567045688629e-03
8.585939183831214905e-03
7.432888727635145187e-03
8.827578276395797729e-03
8.795946836471557617e-03
9.333059191703796387e-03
9.261320345103740692e-03
6.817030254751443863e-03
9.009875357151031494e-03
6.641850341111421585e-03
7.664059754461050034e-03
8.710089139640331268e-03
9.793871082365512848e-03
8.078414946794509888e-03
8.473023772239685059e-03
7.851133123040199280e-03
1.066921371966600418e-02
8.825005963444709778e-03
8.508421480655670166e-03
1.070872042328119278e-02
1.009253039956092834e-02
8.558393456041812897e-03
9.493477642536163330e-03
1.067051663994789124e-02
8.978405036032199860e-03
9.890020824968814850e-03
8.769374340772628784e-03
8.476397953927516937e-03
6.636961828917264938e-03
9.794664569199085236e-03
7.661129347980022430e-03
8.098381571471691132e-03
8.801107294857501984e-03
8.078981190919876099e-03
7.157242391258478165e-03
9.490576572716236115e-03
8.296859450638294220e-03
8.494104258716106415e-03
1.131192501634359360e-02
7.873616181313991547e-03
7.637817878276109695e-03
7.413014303892850876e-03
9.497638791799545288e-03
7.433952298015356064e-03
1.096956152468919754e-02
8.266487158834934235e-03
7.883891463279724121e-03
9.587400592863559723e-03
8.583638817071914673e-03
9.524868801236152649e-03
9.008895605802536011e-03
8.323531597852706909e-03
8.500294759869575500e-03
6.798890419304370880e-03
8.040345273911952972e-03
9.238271042704582214e-03
7.038388401269912720e-03
9.586572647094726562e-03
9.300850331783294678e-03
6.635180674493312836e-03
8.763317950069904327e-03
8.353949524462223053e-03
8.469558320939540863e-03
9.267956018447875977e-03
1.067323423922061920e-02
7.037139963358640671e-03
9.825838729739189148e-03
9.515503421425819397e-03
7.640717551112174988e-03
7.640393450856208801e-03
8.468871936202049255e-03
9.491178207099437714e-03
7.160198409110307693e-03
8.302855305373668671e-03
8.071206510066986084e-03
1.008875854313373566e-02
1.006333250552415848e-02
9.074489586055278778e-03
7.205402012914419174e-03
7.798311766237020493e-03
7.586949039250612259e-03
8.591484278440475464e-03
6.986223161220550537e-03
8.295233361423015594e-03
8.467216044664382935e-03
7.353449705988168716e-03
8.829930797219276428e-03
9.815700352191925049e-03
7.431867998093366623e-03
7.208573631942272186e-03
1.096876151859760284e-02
8.329618722200393677e-03
7.411763072013854980e-03
9.789197705686092377e-03
7.353947497904300690e-03
8.327743969857692719e-03
8.296653628349304199e-03
7.853218354284763336e-03
9.228989481925964355e-03
8.299696259200572968e-03
8.580209687352180481e-03
7.637905422598123550e-03
7.778013125061988831e-03
6.799999158829450607e-03
8.711397647857666016e-03
9.019018150866031647e-03
8.323091082274913788e-03
8.709204383194446564e-03
7.008862216025590897e-03
8.323531597852706909e-03
9.525786153972148895e-03
7.880846969783306122e-03
7.439214736223220825e-03
9.589082561433315277e-03
6.429387722164392471e-03
7.664366625249385834e-03
7.776381447911262512e-03
9.261811152100563049e-03
9.014504030346870422e-03
8.705243468284606934e-03
8.558246307075023651e-03
6.795594003051519394e-03
9.237729012966156006e-03
9.516525082290172577e-03
7.428891956806182861e-03
8.474922738969326019e-03
9.272597730159759521e-03
8.299685083329677582e-03
8.303025737404823303e-03
9.788310155272483826e-03
7.885451428592205048e-03
7.828919216990470886e-03
9.792241267859935760e-03
7.207302376627922058e-03
8.587794378399848938e-03
1.005955133587121964e-02
8.714031428098678589e-03
1.006131712347269058e-02
8.074890822172164917e-03
8.794755674898624420e-03
7.036126684397459030e-03
8.985981345176696777e-03
8.712091483175754547e-03
8.834635838866233826e-03
8.739081211388111115e-03
8.074494078755378723e-03
7.153700571507215500e-03
8.021642453968524933e-03
8.075433783233165741e-03
9.292405098676681519e-03
8.730701170861721039e-03
8.074324578046798706e-03
9.550796821713447571e-03
8.107372559607028961e-03
1.016583014279603958e-02
8.068178780376911163e-03
9.072555229067802429e-03
9.230168536305427551e-03
8.076819591224193573e-03
7.589315529912710190e-03
6.428008433431386948e-03
9.494401514530181885e-03
6.432889960706233978e-03
7.649510633200407028e-03
9.006305597722530365e-03
9.005524218082427979e-03
9.234575554728507996e-03
7.667660247534513474e-03
1.067138649523258209e-02
8.559956215322017670e-03
9.106288664042949677e-03
1.041114982217550278e-02
7.009400520473718643e-03
8.494164794683456421e-03
7.211259100586175919e-03
7.205625064671039581e-03
8.266988210380077362e-03
9.521603584289550781e-03
1.096121687442064285e-02
6.632191129028797150e-03
7.638907060027122498e-03
9.789509698748588562e-03
8.268455043435096741e-03
8.953671902418136597e-03
9.292175062000751495e-03
9.015728719532489777e-03
7.884135469794273376e-03
8.355061523616313934e-03
8.127274923026561737e-03
7.641180418431758881e-03
8.733499795198440552e-03
7.661173120141029358e-03
8.325535804033279419e-03
9.264827705919742584e-03
9.047089144587516785e-03
7.640167605131864548e-03
9.012083522975444794e-03
7.431095466017723083e-03
8.466247469186782837e-03
7.212125696241855621e-03
8.766004815697669983e-03
6.635351106524467468e-03
8.742394857108592987e-03
7.640054449439048767e-03
7.642342709004878998e-03
9.515571407973766327e-03
9.890147484838962555e-03
8.706755004823207855e-03
1.034236233681440353e-02
8.242316544055938721e-03
