6.410560011863708496e-01
3.668160140514373779e-01
3.119679987430572510e-01
2.804479897022247314e-01
2.969920039176940918e-01
5.907199978828430176e-01
3.194560110569000244e-01
2.490560114383697510e-01
2.462719976902008057e-01
3.047360181808471680e-01
3.761920034885406494e-01
3.583039939403533936e-01
2.654400169849395752e-01
2.462400048971176147e-01
3.622079789638519287e-01
4.320960044860839844e-01
3.699840009212493896e-01
4.115520119667053223e-01
3.053120076656341553e-01
2.971520125865936279e-01
2.867520153522491455e-01
3.812800049781799316e-01
5.057280063629150391e-01
2.567680180072784424e-01
2.636800110340118408e-01
3.326080143451690674e-01
4.319359958171844482e-01
2.518720030784606934e-01
2.703040242195129395e-01
3.776960074901580811e-01
2.724799811840057373e-01
2.536000013351440430e-01
3.084800243377685547e-01
2.473919838666915894e-01
2.846400141716003418e-01
2.808960080146789551e-01
3.127999901771545410e-01
2.787840068340301514e-01
2.933439910411834717e-01
2.753280103206634521e-01
3.344960212707519531e-01
5.544320344924926758e-01
3.768319785594940186e-01
2.334400117397308350e-01
3.283839821815490723e-01
3.348160088062286377e-01
2.938880026340484619e-01
5.256640315055847168e-01
2.509120106697082520e-01
4.275200068950653076e-01
2.939520180225372314e-01
4.941119849681854248e-01
3.015040159225463867e-01
2.929600179195404053e-01
2.686400115489959717e-01
4.500800073146820068e-01
3.078400194644927979e-01
2.509120106697082520e-01
2.918080091476440430e-01
3.464960157871246338e-01
2.983359992504119873e-01
2.891840040683746338e-01
2.597759962081909180e-01
3.499839901924133301e-01
