3.206976056098937988e-01
2.928250432014465332e-01
2.738964259624481201e-01
2.800832390785217285e-01
3.048704862594604492e-01
2.722936868667602539e-01
2.983594834804534912e-01
2.798655331134796143e-01
3.010758459568023682e-01
3.199339807033538818e-01
3.884149193763732910e-01
3.555122613906860352e-01
2.857719957828521729e-01
2.818336486816406250e-01
2.881837189197540283e-01
4.313952922821044922e-01
3.553755581378936768e-01
2.283279448747634888e-01
3.172530233860015869e-01
2.939013838768005371e-01
3.020134568214416504e-01
3.959121704101562500e-01
3.559345304965972900e-01
2.703945040702819824e-01
2.760103046894073486e-01
2.931543886661529541e-01
4.562745988368988037e-01
2.762251496315002441e-01
2.817941606044769287e-01
3.014236688613891602e-01
3.014530837535858154e-01
2.596967518329620361e-01
3.081054687500000000e-01
2.788757383823394775e-01
3.057218790054321289e-01
3.039570450782775879e-01
2.736445367336273193e-01
2.831172049045562744e-01
3.246866464614868164e-01
2.849557101726531982e-01
2.995775341987609863e-01
3.148849904537200928e-01
3.030135333538055420e-01
2.610403597354888916e-01
3.188326060771942139e-01
3.424962759017944336e-01
2.788591086864471436e-01
2.716369330883026123e-01
2.849341928958892822e-01
2.858082950115203857e-01
2.704781293869018555e-01
2.904866337776184082e-01
3.045370578765869141e-01
2.965682446956634521e-01
2.953895926475524902e-01
2.784162759780883789e-01
2.796703279018402100e-01
2.796225249767303467e-01
2.849089801311492920e-01
3.161928653717041016e-01
2.985168695449829102e-01
2.800255119800567627e-01
2.656108140945434570e-01
3.567476272583007812e-01
