88390136.0,124.5725,
388208260.0,156.0115,
12584000.0,5.70582,
11435556.0,4.72938,
699244.0,0.403968,
165372240.0,67.3998,
6698480.0,3.1799,
43816480.0,23.0,
361120.0,0.289824,
2492880.0,1.332544,
26516016.0,12.16009,
1578976.0,0.860768,
9117264.0,4.240834,
331575000.0,133.79382,
37047780.0,14.86394,
1712360.0,0.834432,
182789080.0,73.528,
319938980.0,127.4745,
1274880.0,0.640576,
15148224.0,6.831938,
205595520.0,87.79334,
122955300.0,51.69532,
84424000.0,33.30846,
3429920.0,1.512672,
8847360.0,3.62397,
9063600.0,3.770722,
294705840.0,135.8025,
4999500.0,2.526016,
112066500.0,51.20671,
22950000.0,9.499486,
567758880.0,262.227,
2829120.0,1.264096,
16516080.0,6.69942,
375591240.0,158.0123,
3516240.0,1.946084,
113674240.0,48.3938,
376270000.0,147.89846,
24617880.0,10.588,
144387360.0,57.59144,
492000.0,0.32784,
70756992.0,28.62,
764864.0,0.526912,
170406600.0,71.0353,
3159756.0,1.390946,
25991316.0,10.71546,
35320320.0,15.94495,
899292160.0,372.0926,
63753600.0,25.85798,
3085992.0,1.345122,
2588520.0,1.186208,
55310040.0,22.36557,
60948480.0,25.79618,
117976320.0,52.05602,
113729184.0,51.5952,
51455492.0,20.72224,
3038040.0,1.333568,
200406360.0,83.5357,
55644160.0,23.71116,
43116192.0,20.16098,
15131904.0,7.91629,
1559040.0,0.844384,
68779620.0,32.43198,
1198080.0,0.677664,
7408100.0,3.553344,
42205800.0,19.833,
27134052.0,13.06718,
10452000.0,5.02953,
81898156.0,39.18778,
3937500.0,1.95222,
123549400.0,51.3398,
299180280.0,131.2568,
42736980.0,18.93352,
368832.0,0.301152,
19140576.0,8.02886,
1422000.0,0.684928,
127014720.0,57.8193,
32785892.0,13.45065,
11499840.0,5.342532,
76461472.0,31.83367,
24093300.0,10.92554,
846914320.0,363.1857,
25702992.0,12.39853,
141680448.0,60.80981,
108418904.0,44.1008,
116176000.0,53.7188,
13803816.0,6.36217,
108877860.0,44.53305,
656000.0,0.402816,
69074448.0,28.305,
23751720.0,10.12217,
36089740.0,17.21179,
418196720.0,178.7308,
41897088.0,16.99698,
171174736.0,75.8794,
53309416.0,21.96838,
139992120.0,65.9554,
18515108.0,7.647294,
20146840.0,9.15332,
270972000.0,118.7188,
13259040.0,6.38832,
55769000.0,26.14549,
411773184.0,174.153,
353734776.0,142.6792,
19293848.0,8.071012,
46649088.0,18.78824,
239680944.0,97.2406,
5245584.0,2.2177,
1209120.0,0.596032,
1147176.0,0.597568,
4121336.0,1.84547,
104005200.0,42.08445,
39512900.0,16.22976,
7506432.0,3.55843,
311444392.0,137.3125,
23426328.0,9.729092,
167911040.0,68.52149,
111516600.0,45.02264,
21392800.0,11.30902,
399765300.0,163.5506,
33495264.0,13.94591,
18315440.0,8.49398,
242264000.0,100.31934,
1118857536.0,464.123,
80457600.0,36.06059,
77454244.0,37.85087,
146455568.0,59.5312,
91349652.0,37.95518,
88773880.0,36.7106,
92712704.0,38.36518,
176908000.0,73.512,
76483584.0,31.78304,
19639224.0,8.200898,
1418281800.0,574.8585,
77571680.0,31.68589,
286026720.0,117.16714,
1001920.0,0.563168,
4652120.0,2.284988,
176884800.0,79.928,
88381300.0,36.1618,
50948624.0,21.02812,
62328000.0,29.28516,
289961304.0,122.8252,
197012400.0,84.0347,
189688304.0,86.9596,
7698504.0,3.350018,
106843740.0,48.17322,
2706704.0,1.239232,
342005816.0,138.7482,
108064512.0,48.43324,
246630848.0,115.1242,
2664320.0,1.365056,
32956640.0,13.69483,
1927120.0,1.002304,
29483608.0,13.15482,
47352032.0,20.10022,
15007200.0,6.2494,
3995040.0,1.83962,
4274208.0,2.158528,
94838640.0,44.19106,
110997760.0,45.8798,
59257656.0,24.36934,
260713600.0,106.26711,
6505632.0,2.718914,
29697600.0,13.39767,
397409640.0,163.0956,
38870000.0,15.94441,
219827916.0,91.3673,
170662932.0,69.83746,
15732480.0,6.57933,
39224240.0,16.1882,
131933520.0,54.05574,
53390016.0,23.67764,
778613760.0,313.4564,
23035496.0,10.41715,
1336336.0,0.759936,
69915904.0,28.8459,
35382168.0,14.64476,
115033800.0,46.9855,
735988608.0,321.1662,
11754560.0,4.818084,
115476144.0,54.32742,
308533476.0,122.5958,
99530960.0,39.70289,
712150400.0,283.3086,
61628400.0,27.8694,
163172880.0,76.0185,
84774560.0,35.56144,
212412416.0,84.79474,
42924.0,0.147168,
147245644.0,61.5023,
15681600.0,7.57741,
157992.0,0.257792,
231911040.0,99.9216,
23060160.0,10.65145,
22720000.0,9.223362,
22554168.0,9.458846,
294926880.0,133.1837,
14280300.0,6.63866,
5441280.0,2.794914,
884575776.0,362.6335,
82683304.0,33.74632,
95022720.0,38.57191,
21016068.0,8.51363,
47687500.0,20.06642,
6116464.0,2.684384,
48269760.0,19.46987,
103169040.0,41.85498,
228413160.0,90.83641,
2943360.0,1.308768,
34204480.0,13.91434,
631992.0,0.387072,
649207152.0,262.9423,
9778176.0,3.984548,
1175328.0,0.555584,
49861544.0,22.41334,
15841280.0,7.28074,
81379200.0,32.7487,
47872240.0,19.4707,
550130880.0,220.2281,
739062000.0,298.4698,
28741440.0,14.97062,
186171324.0,82.6557,
59160000.0,24.44556,
213988000.0,86.7266,
62630720.0,27.84969,
9636480.0,4.063228,
11583120.0,6.35632,
16606948.0,7.77808,
7452720.0,3.639102,
7881000.0,3.83267,
125504.0,0.181088,
55353144.0,26.08582,
45458400.0,22.63221,
55504400.0,25.25758,
4084416.0,1.833918,
2648628.0,1.189886,
11262160.0,6.01546,
3144384.0,1.588096,
4862056.0,2.33254,
88160640.0,45.16425,
135774048.0,54.15922,
1303144.0,0.619424,
55892340.0,26.25296,
108175928.0,48.19182,
10180520.0,4.68186,
6567624.0,2.844704,
75864000.0,31.17765,
64424840.0,26.48169,
34915840.0,14.29254,
277892784.0,114.2051,
621985392.0,251.452,
10013952.0,4.72221,
141183664.0,56.56329,
427876944.0,174.7784,
3561840.0,1.774912,
356654228.0,147.9543,
148638456.0,58.40564,
499834000.0,194.8382,
105820884.0,42.22018,
81608040.0,39.34344,
183926700.0,79.7751,
140403456.0,55.78719,
20321084.0,10.66637,
15945360.0,7.60861,
6402240.0,3.426852,
43390080.0,21.83709,
101827416.0,43.79604,
54594816.0,21.47236,
19954840.0,9.02707,
121726800.0,48.07369,
69219360.0,27.21,
81823040.0,35.986,
3338240.0,1.388252,
717498600.0,308.5941,
23814000.0,9.50067,
41601420.0,16.95194,
13352064.0,7.00336,
188208360.0,85.4102,
13610400.0,6.1481,
234918144.0,91.7434,
889353504.0,356.1531,
184972320.0,79.1075,
372405000.0,177.2081,
107671200.0,50.5839,
3890880.0,1.77078,
118051128.0,50.11115,
26335672.0,11.41027,
7846240.0,3.423138,
112627008.0,49.8154,
267763264.0,104.03035,
15115600.0,6.20198,
38003160.0,17.9911,
522733680.0,221.7881,
27573000.0,11.2188,
63700000.0,25.13697,
94775520.0,43.0386,
211098888.0,83.0224,
14326000.0,5.875868,
20413056.0,10.94551,
171332304.0,69.39277,
63986000.0,28.3456,
331697904.0,158.9424,
6080900.0,2.574146,
21349000.0,11.41539,
164255040.0,69.4785,
34810280.0,15.52945,
9356832.0,4.28717,
1527760.0,0.746208,
3155200.0,1.581792,
38265472.0,15.25826,
39936000.0,19.10216,
4392960.0,2.632832,
15788992.0,8.51693,
10873168.0,5.21747,
64733760.0,30.7527,
767200.0,0.514624,
84976512.0,37.9295,
15930000.0,6.485122,
16904160.0,6.98333,
17563000.0,7.69491,
44527184.0,19.68063,
207792000.0,91.7745,
122622432.0,54.0429,
179870112.0,79.41562,
5992548.0,2.578302,
187791912.0,80.9593,
34122400.0,13.57816,
428319684.0,172.3325,
75917160.0,30.00598,
2382900.0,1.106784,
89472656.0,39.6835,
597047616.0,268.954,
12949376.0,5.803972,
55304640.0,24.44257,
238357600.0,101.60425,
541658544.0,217.249,
204350000.0,80.6678,
14811720.0,6.01686,
1054252800.0,425.8363,
44475264.0,17.95287,
31920000.0,14.87322,
13950320.0,5.852836,
6209760.0,2.69011,
401513760.0,184.7733,
82694016.0,32.9669,
207469808.0,90.0543,
189603040.0,74.8091,
27329120.0,11.171248,
1656000.0,0.862304,
22897080.0,9.41613,
1659416.0,0.792736,
14430692.0,6.97196,
293580480.0,129.58442,
1695615600.0,682.9981,
113778960.0,50.8338,
2347840.0,1.11056,
238487960.0,94.6729,
70286976.0,33.45768,
1326063580.0,533.6251,
2220912.0,1.02512,
43217280.0,19.29824,
252919040.0,100.8444,
38572800.0,17.28011,
22599200.0,9.21075,
7053840.0,3.36646,
2125440.0,1.024928,
57461312.0,23.41042,
291113984.0,118.1868,
488602576.0,200.192,
420022512.0,168.1564,
59164352.0,23.73555,
5944424.0,3.33581,
2105942400.0,843.8662,
44670780.0,18.21233,
148760220.0,59.14491,
52327972.0,20.90162,
129984960.0,56.4498,
64800736.0,25.76322,
529200000.0,210.3507,
138512640.0,55.85551,
55294564.0,22.28623,
1030691640.0,429.706,
169600000.0,68.5272,
33824720.0,14.51248,
20624640.0,8.761344,
799777440.0,317.9803,
64153120.0,26.0455,
1269487440.0,510.0658,
109005780.0,44.56062,
424746520.0,186.96,
245568600.0,109.64285,
58257368.0,27.3665,
14116740.0,6.837476,
729781000.0,288.5097,
180149060.0,71.6696,
85251232.0,34.54482,
100926000.0,40.16014,
62406480.0,32.49324,
31500960.0,15.13149,
278799264.0,110.18202,
388379484.0,158.1765,
6362400.0,2.698972,
44303360.0,17.67006,
156172608.0,61.71221,
134786264.0,57.57794,
20197800.0,8.11706,
108848376.0,43.76185,
33904728.0,15.52515,
13698000.0,6.08215,
106254828.0,44.13489,
409968.0,0.29648,
17097920.0,6.95923,
59301424.0,23.81135,
12478348.0,6.69616,
55453320.0,26.08018,
29734512.0,14.33817,
65040300.0,26.70496,
560209496.0,222.9962,
12293224.0,5.122692,
6182032.0,2.639714,
58622220.0,26.1222,
15082336.0,7.44381,
824064.0,0.445216,
150060384.0,67.0852,
46116728.0,18.9491,
159442800.0,64.61997,
7092848.0,3.04154,
113571476.0,46.51865,
7113480.0,3.483876,
1318355280.0,525.6462,
181691744.0,72.76236,
198008720.0,88.6501,
506263208.0,206.3052,
47768320.0,22.2513,
1739199800.0,698.5502,
25250316.0,10.16762,
15372760.0,6.29645,
12460480.0,5.93635,
698999440.0,280.9975,
472984720.0,199.1151,
181296500.0,71.8491,
18560000.0,8.861124,
11156184.0,5.478014,
880065600.0,355.529,
66879904.0,27.07542,
7493760.0,3.49011,
11179080.0,5.36103,
207114880.0,88.8178,
19735104.0,8.84823,
174418400.0,70.62974,
38729340.0,15.72774,
277176432.0,117.5483,
359311680.0,155.2506,
380947712.0,168.6326,
2158464.0,1.007936,
2405840.0,1.283874,
62610768.0,30.2339,
457445880.0,184.3001,
288334800.0,115.5295,
3728508.0,1.85891,
98099820.0,43.5527,
183180620.0,73.7087,
25111680.0,10.42166,
6298776.0,2.650308,
13013000.0,5.324284,
74631480.0,30.68157,
1198920.0,0.609312,
746971680.0,318.5947,
20648704.0,8.555168,
156047556.0,65.6377,
617927128.0,250.6246,
22353200.0,9.188958,
43805720.0,17.56154,
10633920.0,4.46906,
15454280.0,6.27987,
39217280.0,15.87942,
7136320.0,2.998366,
145665520.0,69.1573,
119644560.0,48.69219,
7612160.0,3.55382,
19295748.0,8.71241,
1600039140.0,677.254,
560640.0,0.365376,
128979952.0,60.8375,
19196400.0,8.4432,
33068400.0,14.456704,
836039124.0,356.0522,
67267456.0,31.57269,
25890456.0,11.33965,
2874928.0,1.482434,
112733460.0,48.48314,
2215260.0,0.989696,
64945360.0,26.1986,
7541168.0,4.09459,
21137760.0,10.93274,
423446400.0,170.5482,
686856600.0,272.5874,
3157648.0,1.427804,
43232448.0,17.67639,
33049280.0,15.38226,
116044992.0,49.63573,
47953360.0,19.5972,
61609152.0,24.85093,
208781328.0,83.2334,
205766176.0,85.1686,
5648448.0,2.674046,
69242880.0,27.65009,
488892040.0,221.3108,
273133080.0,108.97595,
392136128.0,158.944,
65355888.0,26.2781,
128891280.0,53.589,
26856960.0,10.96016,
4406864.0,1.891708,
64517600.0,29.3314,
51874968.0,21.30152,
151421920.0,61.69508,
55849280.0,24.86191,
256155432.0,102.92697,
82035200.0,32.84191,
107976000.0,43.7713,
568632.0,0.357088,
263676576.0,107.0063,
84929280.0,38.9674,
884532264.0,352.122,
113516640.0,50.15402,
5969600.0,2.522594,
798080.0,0.443392,
246277328.0,97.92992,
82087980.0,33.29412,
43889664.0,19.7172,
8058344.0,3.292772,
6470880.0,2.748732,
54500512.0,24.11327,
770937920.0,342.566,
440514760.0,176.9179,
23931600.0,9.75482,
5092308.0,2.205596,
797160.0,0.453408,
293566000.0,119.9169,
10755200.0,4.467548,
183727680.0,73.5679,
3742624.0,1.629758,
283146240.0,125.9305,
17865200.0,8.54013,
4207840.0,2.103618,
7384920.0,3.721216,
15371840.0,7.32647,
26174412.0,12.66391,
142533648.0,58.07591,
162240000.0,65.51419,
16089200.0,8.61382,
199977280.0,83.8148,
80543024.0,32.59642,
90184380.0,37.0227,
9447840.0,3.838782,
82066000.0,33.58344,
84840264.0,35.02962,
25011280.0,10.293954,
23146560.0,9.67139,
45900648.0,18.500224,
6590160.0,2.798304,
254692800.0,119.2036,
390451200.0,158.34398,
4519840.0,1.908964,
28101920.0,11.55634,
107824576.0,50.39618,
16981440.0,7.29638,
125964800.0,51.71962,
32802816.0,13.3274,
11536200.0,4.826306,
7593592.0,3.638756,
152449940.0,61.7245,
5252688.0,2.219652,
394275696.0,159.047,
30049632.0,12.43417,
26070660.0,11.64106,
41595736.0,17.20659,
95218740.0,38.49695,
190393200.0,78.40189,
226000.0,0.197504,
54441072.0,26.23355,
214204896.0,85.80128,
24497460.0,10.99548,
2384280.0,1.12976,
4793008.0,2.104572,
1191088.0,0.58128,
2657784.0,1.217476,
14251644.0,5.977758,
82142620.0,33.3345,
111541056.0,44.8176,
4357080.0,1.891612,
36113464.0,14.724456,
344923920.0,148.6935,
7229964.0,3.326528,
48871680.0,20.04754,
24012000.0,9.961538,
355995096.0,145.7892,
39597012.0,18.80324,
56536400.0,26.5682,
16776480.0,7.18794,
12150996.0,5.22154,
34765120.0,16.5716,
30865200.0,14.66941,
1823900000.0,738.6403,
5308160.0,2.514082,
190141600.0,83.4658,
6737184.0,3.172418,
402759920.0,163.6153,
125891584.0,51.60018,
12290544.0,5.750908,
17937600.0,8.54599,
30298008.0,14.71842,
8347924.0,4.135068,
64532800.0,30.0867,
111897552.0,46.8478,
3872280.0,1.894014,
52057600.0,25.00978,
180650860.0,75.6889,
96546528.0,39.7363,
89934624.0,37.20951,
4487024.0,2.194434,
285654848.0,119.1488,
62647200.0,26.05209,
51599232.0,21.78633,
82858136.0,33.9032,
248226080.0,101.96052,
9131248.0,3.90084,
49353568.0,23.80828,
78176160.0,33.61085,
188268000.0,88.6005,
11232760.0,5.24202,
25552800.0,10.625088,
25040592.0,11.58784,
97057200.0,41.85032,
132035200.0,56.86374,
3427680.0,1.553248,
119032736.0,49.18506,
215187840.0,86.83797,
145894840.0,61.8267,
298597992.0,129.4908,
40332864.0,16.68024,
3386240.0,1.689756,
40995600.0,16.96251,
280917432.0,116.6642,
17817600.0,7.30217,
64753920.0,30.0088,
14660892.0,7.15654,
164065020.0,75.9527,
3513900.0,1.583492,
12840100.0,5.309218,
444542976.0,177.70259,
20851248.0,8.622274,
5704860.0,2.636768,
60565220.0,24.2956,
136253000.0,59.60608,
33580144.0,15.75768,
8575200.0,4.599198,
74332364.0,35.52389,
78395280.0,33.04126,
174965120.0,70.98632,
417259608.0,171.4528,
2067744.0,1.142304,
331665900.0,134.874,
36166100.0,15.00066,
96411744.0,41.52992,
193407760.0,80.53653,
256995200.0,103.352,
3057280.0,1.334626,
364240640.0,147.79258,
53041664.0,24.16037,
15467520.0,6.474558,
3250544.0,1.4377,
1241097040.0,495.8581,
506746200.0,205.1176,
9029800.0,4.27501,
232758528.0,96.0026,
38098500.0,15.53806,
169287292.0,68.1519,
27370272.0,11.34643,
1630831680.0,661.6729,
3150352.0,1.453184,
48073280.0,22.15877,
1001584000.0,455.657,
2111336.0,1.155966,
16136604.0,7.64272,
1681264.0,0.95984,
621621008.0,269.1258,
312591984.0,126.4072,
265790140.0,109.4274,
9482720.0,4.51104,
208951580.0,84.07536,
76719680.0,36.03522,
93420600.0,40.37592,
255330384.0,111.7099,
294641516.0,121.4426,
25951360.0,10.84886,
15194160.0,6.237668,
3231360.0,1.461536,
90837180.0,38.91992,
212029440.0,88.77487,
15844440.0,8.50144,
26154360.0,10.65261,
101625480.0,41.11299,
296939760.0,122.3236,
29889216.0,12.43836,
106342752.0,42.9362,
58810752.0,24.11682,
153833680.0,69.0283,
4820480.0,2.587746,
35651104.0,17.0851,
193918184.0,80.4956,
50189176.0,20.47023,
166882320.0,67.70559,
20678856.0,9.38771,
34174080.0,14.065376,
15720560.0,6.395904,
217573716.0,88.94918,
109060000.0,44.54965,
45139080.0,20.47519,
28412160.0,12.32804,
5400000.0,2.410276,
19372640.0,8.43437,
160654236.0,65.2213,
1015275040.0,406.7431,
137005940.0,55.61126,
6485400.0,2.77751,
7273560.0,3.12915,
666122964.0,270.877,
486640.0,0.35264,
49995400.0,20.43274,
63703692.0,26.58398,
3426384.0,1.545636,
134310752.0,63.0945,
454577280.0,184.4204,
68544080.0,28.50355,
481682844.0,199.5577,
60835200.0,24.7925,
267964312.0,117.9114,
35717544.0,14.84871,
45560320.0,21.44369,
171504960.0,69.468,
482120360.0,195.51175,
27242800.0,11.17296,
124821504.0,64.2504,
37779000.0,16.105272,
570398400.0,233.9687,
48226048.0,19.72362,
353187552.0,154.9435,
28896000.0,12.17261,
36653760.0,16.91494,
138600.0,0.186624,
168963200.0,69.4617,
11088992.0,5.42364,
147207456.0,59.7195,
52400880.0,20.90325,
555284260.0,221.331,
30481920.0,14.24842,
7011264.0,3.356962,
403846064.0,181.2593,
674800.0,0.366112,
244941920.0,98.1772,
9651200.0,4.011772,
5736200.0,2.455874,
658920.0,0.359008,
113841420.0,47.88784,
189817160.0,84.4648,
312023880.0,131.84982,
35512320.0,15.88861,
96373508.0,38.7887,
364580576.0,146.3495,
348459840.0,173.5911,
645996400.0,256.0321,
17107200.0,8.80269,
2833536.0,1.430046,
353996100.0,140.2469,
838462240.0,341.4474,
17690000.0,8.45792,
26175744.0,12.50988,
317413008.0,127.32286,
27829648.0,12.34792,
175129376.0,69.9729,
258384000.0,115.1422,
12552624.0,5.189248,
190246896.0,78.0226,
147329280.0,60.13013,
132407200.0,59.0784,
26269000.0,10.75338,
1738126208.0,727.652,
136554272.0,55.11413,
98301008.0,40.0509,
240012864.0,96.94666,
871644360.0,355.4127,
6165288.0,2.658852,
111624480.0,44.97894,
25064800.0,11.64013,
22692544.0,9.49939,
22863840.0,9.28844,
117964800.0,47.14136,
24456120.0,11.44624,
103239360.0,41.62524,
581640.0,0.445504,
1952416.0,1.164896,
802536.0,0.514336,
6450480.0,3.409026,
41388800.0,22.0503,
17671248.0,7.681214,
47579328.0,20.06115,
133207296.0,53.58522,
9674496.0,4.085884,
78910160.0,32.1277,
278188416.0,113.26889,
29824256.0,13.93922,
115297720.0,49.97836,
15648816.0,6.329666,
234208320.0,104.1305,
18652480.0,7.672414,
18099900.0,7.39859,
242373600.0,98.41762,
12932800.0,5.320444,
53788000.0,23.1828,
425658240.0,173.828,
148365176.0,60.06739,
3004672.0,1.372292,
6190140.0,2.737284,
828968.0,0.537568,
5895792.0,2.69542,
68481528.0,34.69148,
129575292.0,60.162,
275503488.0,113.5467,
288624960.0,117.90578,
7957600.0,3.93696,
10654560.0,4.483968,
487257056.0,197.7592,
2086240.0,0.951424,
22389120.0,9.392032,
127785600.0,56.1621,
78330560.0,31.68731,
15758400.0,7.28842,
122274640.0,51.51965,
459435652.0,190.8761,
5562880.0,2.445156,
7333004.0,3.520096,
651234780.0,257.5918,
105982800.0,46.3736,
1787584.0,0.834496,
88853440.0,37.7416,
10662400.0,4.57056,
320015616.0,130.0422,
97099552.0,40.05414,
2243592.0,1.015328,
110344064.0,51.9145,
82228864.0,34.01515,
429563680.0,175.20381,
77014624.0,31.5851,
38105856.0,15.54253,
26573400.0,12.60857,
29172000.0,12.65995,
42656768.0,18.41073,
394970840.0,162.5975,
1656200.0,0.795328,
246551760.0,101.3295,
9477840.0,4.036028,
833040.0,0.679168,
161718480.0,73.4519,
49859584.0,23.33851,
93683520.0,37.49492,
588159200.0,235.8995,
419370784.0,167.1446,
282587056.0,120.1942,
89360456.0,36.77495,
157597440.0,70.2214,
128400480.0,55.32924,
298227712.0,118.05296,
101885472.0,40.61257,
7346808.0,3.6209,
13029744.0,6.0695,
104547792.0,45.18633,
1142400.0,0.692576,
97228648.0,40.17208,
269407064.0,107.0404,
10708544.0,5.223844,
68161600.0,28.80784,
4056624.0,2.128002,
311073560.0,133.4168,
39148440.0,17.53722,
566375040.0,247.4583,
547537064.0,223.8326,
27716040.0,11.24154,
266477568.0,108.8277,
7389200.0,3.19846,
1048320.0,0.726176,
11570788.0,5.54704,
7234920.0,3.596638,
22518496.0,10.70528,
12105912.0,5.301728,
255208980.0,114.9807,
4934160.0,2.35894,
143664000.0,58.67102,
8113500.0,3.403458,
96035612.0,38.59214,
37236800.0,15.0576,
674943984.0,273.4838,
8387280.0,3.511388,
22185920.0,9.204228,
56691600.0,23.03524,
10226112.0,5.39578,
4440180.0,2.208932,
19018080.0,8.90438,
274999000.0,112.3341,
12127052.0,5.055742,
47462760.0,19.0244,
219834000.0,87.4401,
564097232.0,227.6332,
12646400.0,6.054176,
37324800.0,17.26712,
8350880.0,4.047004,
87576320.0,39.8806,
88648560.0,36.0851,
240769344.0,98.2066,
16904240.0,7.054178,
35043600.0,14.54394,
39822016.0,16.33195,
39702208.0,18.29205,
121567200.0,53.45185,
809424.0,0.504864,
360222720.0,159.5158,
102438240.0,41.6902,
882157536.0,361.75,
65802744.0,27.18076,
130255464.0,52.2541,
6886224.0,2.959908,
155324416.0,69.9243,
306168192.0,122.81606,
26204472.0,12.536796,
133430400.0,54.40603,
264176640.0,106.4151,
134092980.0,54.16638,
8553600.0,3.61706,
26860032.0,11.28964,
92693552.0,45.707,
12582064.0,5.564736,
232808148.0,93.75276,
11352500.0,4.845316,
159610560.0,74.0015,
3560832.0,1.93645,
32068256.0,15.09293,
107682300.0,43.69995,
87486200.0,35.4615,
262230528.0,127.2954,
38851072.0,16.761896,
181760.0,0.185088,
152380500.0,71.6584,
693777072.0,276.9623,
116707584.0,46.92995,
66325560.0,29.24046,
118885344.0,47.81332,
17525376.0,7.94621,
1274000.0,0.85856,
300700480.0,130.1203,
276850600.0,112.1735,
13182520.0,5.495456,
290135736.0,114.6704,
29017500.0,11.481564,
167961600.0,71.594,
337897728.0,157.459,
792000.0,0.428352,
235712120.0,98.7368,
114752096.0,46.7483,
284173800.0,123.1101,
11591520.0,4.93642,
320580.0,0.26624,
146500640.0,58.40689,
30263808.0,12.27615,
166396860.0,66.49638,
411012672.0,163.7321,
19896296.0,8.08234,
49286080.0,19.4059,
984960.0,0.483712,
24085056.0,10.70231,
93619424.0,36.75778,
1271340.0,0.610016,
31376160.0,16.18417,
43929600.0,20.90742,
10889600.0,5.304222,
476132800.0,214.1513,
78965712.0,37.31708,
285857448.0,118.7855,
167216040.0,66.8401,
88838568.0,39.4955,
217561780.0,88.0374,
6839664.0,2.85094,
45841248.0,18.31704,
79243776.0,32.01713,
51500864.0,24.75152,
106134000.0,42.54689,
439229952.0,180.2336,
47564920.0,21.41206,
23491728.0,11.83888,
29296800.0,14.87261,
19139120.0,7.70022,
1282141440.0,514.0208,
24537132.0,9.798302,
9218352.0,5.03488,
26462664.0,12.33372,
190453120.0,81.50467,
4097040.0,1.727934,
34839936.0,19.79459,
996149880.0,405.7033,
5032456.0,2.30189,
131744432.0,53.2282,
168105600.0,71.4587,
23728192.0,12.67824,
62181600.0,25.16929,
51586432.0,20.42188,
49043232.0,21.9623,
374137088.0,153.7765,
17670848.0,8.3057,
13766220.0,6.69635,
31429200.0,14.82182,
29095200.0,12.5416,
63574560.0,30.3857,
124390224.0,49.76436,
319586184.0,128.3318,
67851648.0,30.4119,
71503920.0,28.6407,
578973888.0,232.0903,
38462424.0,17.15803,
12419328.0,5.152764,
270252288.0,108.9758,
65721768.0,28.49829,
54111200.0,25.72326,
44813700.0,18.56956,
20954720.0,9.97427,
17589600.0,7.35542,
12132928.0,5.074978,
171029040.0,70.804,
45665620.0,19.15678,
239965128.0,96.47364,
395729620.0,159.9382,
334449500.0,133.1741,
517104640.0,217.6907,
215736.0,0.171488,
66644532.0,26.68228,
27322872.0,10.97702,
796320.0,0.42192,
21339500.0,8.65955,
9071920.0,3.73981,
167752000.0,68.2631,
15466464.0,6.44871,
312812960.0,124.09054,
62300512.0,26.83046,
171430020.0,68.20923,
375352576.0,149.39793,
376638592.0,150.86214,
51820896.0,20.62096,
23255640.0,10.51341,
16271424.0,6.54976,
27617200.0,12.66292,
339570000.0,148.8901,
183645560.0,73.4351,
1161136072.0,470.4213,
117171072.0,47.1688,
226658432.0,95.6991,
163139600.0,64.6982,
80464344.0,34.73507,
52996608.0,24.4704,
38790400.0,18.22859,
110402208.0,45.3729,
22206912.0,8.8863,
117748800.0,47.64768,
30161664.0,12.349256,
729505920.0,307.4977,
301980168.0,142.9164,
18314560.0,7.32983,
113624940.0,46.5926,
15580800.0,6.408764,
539954660.0,213.5979,
7920000.0,3.18336,
12301344.0,5.022338,
10327680.0,4.232256,
1345776.0,0.663488,
10331464.0,4.181056,
42542500.0,17.0533,
960526116.0,384.3816,
578319820.0,228.8067,
376681344.0,148.48687,
546735840.0,221.4864,
1926032.0,1.017888,
60585624.0,24.59777,
28662400.0,11.56557,
14584192.0,5.86544,
100567376.0,40.0624,
268800.0,0.245984,
3908712.0,1.673312,
66653600.0,29.7455,
110109168.0,52.18992,
62196540.0,26.2012,
45734400.0,18.2969,
42375424.0,17.27116,
9109848.0,4.17136,
441826880.0,174.38859,
173756480.0,74.72678,
185023500.0,74.0173,
11963248.0,4.8672,
4465104.0,2.23325,
8520200.0,4.165506,
25166240.0,12.000392,
62900768.0,31.7516,
199877040.0,80.30653,
225600000.0,94.7996,
14081472.0,5.73322,
364834400.0,145.92024,
3958300.0,1.742464,
47073792.0,19.20901,
1677728.0,0.824608,
153224400.0,60.7664,
96695456.0,38.81412,
226634304.0,96.8967,
18057400.0,7.378402,
13103600.0,5.380832,
76050688.0,30.82858,
1235744.0,0.615808,
136505728.0,59.90269,
115676744.0,46.3419,
41386464.0,16.91244,
68895648.0,27.45963,
165376.0,0.217312,
158747520.0,63.87172,
16640000.0,6.70534,
3292196.0,1.421314,
22059488.0,8.945438,
4396000.0,1.905312,
4064040.0,1.769564,
48473880.0,23.08784,
331169332.0,132.10501,
527534208.0,208.6246,
21074880.0,8.534078,
844122264.0,341.0063,
108250900.0,43.93836,
46394712.0,18.91564,
34448960.0,17.95116,
196058240.0,77.7697,
53268480.0,27.52066,
23661440.0,10.197796,
5831136.0,2.601988,
171619596.0,69.0905,
156000.0,0.207744,
1399200.0,0.823232,
214760664.0,91.5175,
5902536.0,2.443906,
48489520.0,21.43219,
98568000.0,42.62016,
422856720.0,168.8349,
207881184.0,93.3661,
37198704.0,15.96041,
23751720.0,11.31118,
166527272.0,71.45281,
348634000.0,154.0568,
14604200.0,5.97366,
63626240.0,28.4877,
53675440.0,23.02642,
276503760.0,119.3355,
4414380.0,1.93274,
106479648.0,45.58046,
75050800.0,33.29188,
44433920.0,21.17807,
1170672.0,0.618848,
384384000.0,156.9576,
4624144.0,1.935074,
766453380.0,309.7532,
136136000.0,61.3506,
105683328.0,42.56327,
2643328.0,1.193438,
85089420.0,34.7313,
9182160.0,3.9064,
29670480.0,13.79673,
2386838304.0,954.4364,
102812160.0,45.12637,
58169600.0,27.1268,
46768592.0,21.32418,
311038792.0,128.9198,
38721852.0,15.877808,
741239952.0,297.0638,
515807224.0,225.2055,
39353600.0,16.04948,
5766400.0,2.435874,
282650160.0,120.3482,
693479360.0,310.552,
502465600.0,201.8834,
124176000.0,50.7505,
104707680.0,42.98824,
111361280.0,45.409,
6158824.0,2.603198,
169925376.0,68.97992,
70372800.0,33.28686,
272787912.0,111.3975,
312053936.0,135.7718,
576896544.0,233.9513,
47492608.0,19.56998,
34531200.0,14.29764,
75185400.0,30.24787,
8657776.0,3.574018,
140182992.0,63.2975,
8770476.0,3.65686,
984674880.0,394.0837,
169042016.0,68.04948,
264936272.0,108.7659,
6220800.0,2.79312,
46495680.0,18.81512,
2623344.0,1.384928,
90921600.0,37.39217,
96038400.0,43.3609,
486078768.0,194.6529,
33814632.0,13.77104,
15169232.0,7.01539,
268611060.0,107.8826,
125997732.0,50.57954,
102577720.0,40.99652,
5745888.0,2.431908,
67298560.0,30.57494,
3158789480.0,1260.3646,
39664000.0,17.92305,
776065640.0,317.058,
185272560.0,78.9237,
5467408.0,2.316256,
43008624.0,21.93692,
290144400.0,118.6133,
83022408.0,34.06612,
10545600.0,4.450432,
107681060.0,43.22733,
61008324.0,28.78661,
66870384.0,28.17446,
27658240.0,11.39515,
92110200.0,37.62083,
77874688.0,34.95,
593546016.0,240.0395,
168377256.0,68.98762,
28613600.0,13.02144,
1164800.0,0.596864,
12416320.0,5.158558,
6865236.0,2.86464,
146267320.0,62.4039,
81656000.0,32.87347,
4461600.0,1.939904,
23728264.0,9.91562,
36322744.0,14.73806,
2560800.0,1.141568,
12818008.0,5.378876,
11291904.0,5.97271,
176596000.0,75.54628,
9551360.0,3.927712,
428770800.0,171.9932,
1705600.0,0.816384,
5045184.0,2.127428,
22112240.0,10.45402,
88675488.0,41.20947,
428682200.0,175.4447,
3007104.0,1.577728,
96282900.0,38.96683,
273481800.0,108.09147,
9031680.0,4.079908,
3574320.0,1.738718,
12151200.0,5.81373,
134400000.0,58.5347,
59869760.0,23.96474,
7127680.0,2.937536,
59107568.0,27.34481,
7324800.0,3.611198,
75624120.0,35.54504,
3693600.0,1.944068,
741473600.0,296.634,
561600.0,0.349408,
73363968.0,31.8505,
41472288.0,16.69431,
8433360.0,3.5488,
808800.0,0.420064,
23482176.0,9.706846,
42114800.0,22.43599,
2061312.0,1.141056,
1207443072.0,490.8451,
14274960.0,5.84442,
709948044.0,297.9402,
388671828.0,155.81166,
34478640.0,13.95012,
6751536.0,2.8447,
29179500.0,13.69911,
81407040.0,34.18113,
70041600.0,28.50653,
62091900.0,25.53905,
49314800.0,22.35192,
35398608.0,14.39895,
2865520.0,1.27331,
39427200.0,20.08804,
342227652.0,146.5976,
218726144.0,88.6912,
85647904.0,34.20404,
51233760.0,20.68775,
4637100.0,1.976156,
328370640.0,133.9321,
2723912.0,1.391428,
67343120.0,34.2996,
24080100.0,10.18608,
68984820.0,29.43415,
259116000.0,115.7182,
55736200.0,22.31778,
12526416.0,5.116832,
18285016.0,8.833282,
62170320.0,27.4621,
1212480.0,0.704192,
46065556.0,19.13912,
28298880.0,13.57187,
3293784.0,1.457984,
8545824.0,4.051392,
3781232.0,2.078844,
44074200.0,20.54557,
26558760.0,11.072688,
178384440.0,71.88755,
116473500.0,47.60424,
26465328.0,10.8639,
1485120.0,0.735776,
15772680.0,6.468132,
232741080.0,99.6092,
96925908.0,38.29444,
21639800.0,8.725572,
6444800.0,3.0144,
29704500.0,11.98178,
248264512.0,100.2084,
619360760.0,275.752,
13904748.0,5.72841,
2710920.0,1.239904,
12536160.0,6.16717,
77868024.0,36.86378,
7005360.0,3.448444,
48336000.0,22.45892,
6191640.0,3.319836,
50543480.0,23.99347,
101138400.0,43.5109,
3311280.0,1.525854,
419587324.0,172.8027,
83028000.0,37.8755,
446937760.0,204.0043,
10024560.0,4.269924,
214834576.0,86.9806,
690461800.0,277.3572,
79191504.0,36.4181,
15991184.0,6.66519,
189500224.0,76.7142,
8653920.0,3.616356,
9274928.0,4.912162,
7238400.0,3.647328,
45623952.0,21.42818,
38012000.0,16.40848,
3263792.0,1.538496,
166944960.0,74.4315,
168382824.0,70.9056,
241562880.0,99.41782,
175827600.0,76.1487,
64296960.0,26.5355,
32847360.0,13.702896,
14685240.0,5.997572,
32917248.0,15.30898,
27500352.0,13.06124,
167724404.0,76.029,
753479304.0,317.5705,
6232200.0,2.63859,
125379100.0,50.518,
1036818440.0,429.8428,
2665472.0,1.332384,
7141440.0,3.3087,
12478752.0,5.39776,
64968100.0,26.46608,
33226400.0,15.22275,
78055560.0,32.3102,
11919348.0,5.064674,
231624624.0,102.1989,
158463360.0,72.0124,
853633500.0,367.3466,
8237760.0,3.45974,
56142144.0,23.00903,
483749280.0,199.4457,
91131560.0,37.66166,
320004612.0,129.6768,
282795000.0,114.63002,
182822640.0,85.7378,
65995280.0,30.253,
208841412.0,84.33872,
3883880.0,1.7233,
22788864.0,9.533284,
839680.0,0.527424,
24101792.0,11.47814,
145728480.0,66.658,
289021464.0,119.0943,
5266716.0,2.307072,
202950624.0,81.57489,
7134000.0,3.46624,
23594760.0,11.15136,
44537640.0,20.68556,
143542152.0,68.031,
286160.0,0.216128,
104112000.0,44.62569,
84474000.0,33.98385,
2114470848.0,860.8323,
7501572.0,3.148128,
1301248.0,0.752672,
151262592.0,69.837,
139837500.0,61.482,
2018304.0,0.961504,
3064320.0,1.447484,
193710240.0,81.577,
331037380.0,144.8148,
36673000.0,19.50712,
67659320.0,31.47152,
339944960.0,143.8643,
3363360.0,1.468348,
301217200.0,121.1592,
43863300.0,17.76305,
79451616.0,33.1106,
51888000.0,21.41837,
161751396.0,66.25,
140300800.0,56.44393,
513889740.0,209.1523,
49754240.0,23.73445,
676986668.0,276.303,
201733560.0,80.9553,
207545344.0,93.6445,
306442440.0,122.67281,
100675008.0,46.7251,
77347052.0,31.5872,
38053616.0,15.47674,
20232720.0,8.402654,
1500000.0,0.695648,
470396160.0,189.7386,
320388848.0,144.38,
78592320.0,31.8156,
117131640.0,47.67034,
639392.0,0.377024,
454167000.0,185.1377,
30505440.0,13.8926,
189520848.0,76.68547,
79644208.0,32.06449,
66616800.0,30.6303,
3580464.0,1.741186,
90787680.0,39.66542,
52685856.0,22.30142,
13662048.0,5.85251,
2075360.0,1.015584,
4829760.0,2.401024,
223574400.0,94.41589,
223771680.0,90.8984,
72985440.0,30.05969,
94912800.0,43.9983,
416243520.0,167.5956,
58384440.0,23.44463,
198433488.0,81.5637,
126135856.0,56.5667,
100966400.0,40.5872,
8187120.0,3.49258,
328127752.0,134.0034,
185347584.0,83.9476,
140481540.0,57.9747,
161798000.0,64.65538,
22911488.0,12.14256,
1791459504.0,740.9748,
179419136.0,72.4517,
1897296.0,0.88576,
12322368.0,5.139456,
21666744.0,8.995168,
36260592.0,16.41296,
44371840.0,18.00123,
137624432.0,59.1054,
17304820.0,7.477188,
97608000.0,42.07574,
23281440.0,11.05731,
2480504.0,1.160288,
20458984.0,9.08214,
17178000.0,7.66489,
750843520.0,310.8788,
88126560.0,35.92346,
31933440.0,14.07371,
75872160.0,34.4131,
124099552.0,53.50564,
4844188.0,2.079938,
629094620.0,275.3836,
62323200.0,28.4446,
229320.0,0.212992,
28742784.0,14.96554,
89235924.0,42.62505,
136608480.0,60.3901,
24867200.0,10.12122,
518222000.0,232.8856,
22327872.0,9.266464,
92821376.0,38.09914,
34583600.0,14.29706,
14497600.0,7.0697,
20909952.0,9.802076,
77146080.0,36.41749,
290837392.0,116.27725,
26375040.0,10.792904,
8165196.0,3.456766,
135240000.0,54.19594,
42874000.0,19.78467,
102074256.0,45.2952,
188307392.0,89.7291,
3810640.0,1.674268,
617827600.0,267.2576,
14649040.0,5.97629,
65136788.0,26.2829,
43645120.0,17.60564,
122091112.0,49.92204,
1848300.0,0.900384,
157238448.0,77.9848,
10052640.0,4.375454,
10950400.0,5.247676,
39263616.0,18.83936,
106985216.0,46.38068,
37419720.0,15.9149,
3969024.0,1.74771,
4658800.0,2.097344,
83508624.0,35.79934,
14995632.0,6.228606,
94784760.0,43.0397,
112213296.0,51.79672,
20056400.0,8.756926,
1492144.0,0.793376,
143140000.0,65.1813,
41830000.0,16.89978,
48183200.0,24.90769,
4273920.0,1.906688,
100162200.0,40.77262,
4156712.0,1.836036,
462454416.0,185.6212,
25616808.0,12.11812,
208050000.0,87.33698,
24002640.0,10.09664,
77870208.0,31.36174,
305797020.0,132.2395,
82057864.0,38.33868,
56676600.0,26.24709,
62240976.0,26.74158,
142532208.0,58.32401,
1419493740.0,583.3663,
4846512.0,2.14285,
50246000.0,23.10178,
153382320.0,62.7682,
223852720.0,91.1902,
1410768.0,0.689408,
805120.0,0.47376,
11379600.0,5.352444,
16343040.0,8.24253,
144984576.0,61.4511,
6656000.0,3.27408,
6811056.0,2.989118,
194001280.0,78.32064,
1477539072.0,670.374,
72500000.0,30.28075,
750286992.0,304.0089,
200908800.0,97.7592,
833470560.0,363.7706,
23891392.0,12.11593,
15632384.0,6.790464,
18855200.0,8.93049,
30417380.0,12.78819,
72031600.0,35.842,
1179253824.0,501.2757,
7865440.0,3.35475,
86772872.0,39.2588,
92976464.0,41.05036,
17577520.0,8.13155,
421199904.0,201.6081,
4055360.0,2.030724,
2143680.0,1.166752,
283622976.0,116.548,
17844480.0,8.08874,
14730240.0,6.237532,
273312364.0,110.3807,
393835520.0,185.0888,
156407888.0,77.5253,
17365024.0,7.586556,
688859040.0,280.6589,
31722912.0,12.95866,
340650000.0,150.4964,
22201296.0,9.43715,
59164560.0,26.93865,
216008960.0,88.9539,
196680000.0,79.6765,
3369600.0,1.712128,
189870464.0,87.1699,
2494440.0,1.248384,
9039104.0,3.777186,
78647400.0,32.46113,
1745568.0,0.848032,
17646060.0,7.2512,
240907680.0,110.5613,
128463360.0,60.32267,
38611760.0,16.43376,
68476000.0,28.92629,
3048348064.0,1252.261,
79277184.0,32.24241,
12420376.0,5.131202,
24087256.0,9.9592,
225715392.0,106.5331,
2496960.0,1.208096,
8140704.0,3.463588,
640908224.0,261.835,
14739032.0,6.75241,
396499104.0,164.7542,
240916480.0,98.49961,
84238880.0,34.71292,
82464416.0,37.463,
2137196.0,1.108896,
35499600.0,16.88676,
27787968.0,13.135392,
27309888.0,12.88565,
90682560.0,38.13112,
26578500.0,10.99283,
13429728.0,5.72064,
148703880.0,60.2111,
56017280.0,25.65728,
34638048.0,14.060188,
161472000.0,66.61348,
94652600.0,39.35308,
24653056.0,10.399874,
48779120.0,20.06036,
255935680.0,119.8001,
86927048.0,35.83613,
36805428.0,15.34619,
14982568.0,6.25869,
17594928.0,7.277534,
87850840.0,35.58558,
550816500.0,241.8833,
18981000.0,8.95865,
87844176.0,42.0116,
78726648.0,33.0188,
17494440.0,7.262364,
20462400.0,8.55357,
1754275000.0,753.298,
96672312.0,43.2301,
440001760.0,191.6203,
52545600.0,21.72051,
14761984.0,6.292418,
240102720.0,100.3673,
209953536.0,87.53355,
5969380.0,2.582012,
319752240.0,130.3006,
38483088.0,16.13314,
484190960.0,211.371,
6326788.0,2.76467,
420692480.0,173.6114,
32530080.0,13.46572,
91466408.0,37.623,
289453152.0,118.9992,
7458900.0,3.132804,
35802000.0,16.03558,
12671100.0,5.767776,
838125288.0,347.7456,
36483280.0,17.00238,
166573260.0,71.3577,
24408000.0,10.242212,
1140516000.0,467.7615,
50877904.0,23.61513,
9661960.0,4.52681,
13029800.0,5.54298,
21170000.0,8.89056,
10385172.0,5.014142,
2744212420.0,1103.1845,
148392448.0,60.4495,
227056500.0,103.72,
12822352.0,5.371268,
8787000.0,3.73478,
140790720.0,56.95519,
108417720.0,48.07351,
18944000.0,7.77401,
649013040.0,262.132,
10843200.0,4.587774,
257347792.0,109.1265,
47170008.0,20.41654,
38217420.0,18.06159,
56906640.0,24.53183,
117722280.0,50.5977,
33042240.0,13.48609,
2835040.0,1.441728,
183906912.0,81.1559,
50207360.0,22.96967,
87214896.0,35.43663,
96408088.0,39.89605,
82210200.0,33.6107,
22551936.0,10.18669,
172012800.0,71.41377,
5293000.0,2.313026,
108150528.0,48.10619,
274072912.0,129.4003,
7329000.0,3.189756,
33675000.0,13.83322,
4031352.0,2.046722,
371025800.0,167.9279,
81154080.0,37.4383,
202963200.0,81.9948,
21547200.0,9.39315,
167336064.0,67.5384,
41358960.0,19.68535,
61526400.0,29.0303,
25343240.0,11.8887,
22147200.0,11.62355,
140430180.0,70.2075,
132519200.0,60.4447,
309760000.0,127.3822,
9292404.0,3.92132,
1335807744.0,543.6671,
188232892.0,79.49106,
82896000.0,33.87191,
11472384.0,4.919042,
108812496.0,44.84301,
14054976.0,5.926786,
483474312.0,195.9027,
434824.0,0.308448,
6444800.0,2.743716,
8048448.0,3.361792,
23991240.0,9.92809,
18070640.0,9.13613,
66940696.0,31.53941,
13962304.0,7.54032,
85287840.0,36.90286,
96000000.0,41.93612,
81379200.0,33.33845,
144081600.0,58.46528,
19255200.0,9.06704,
61480512.0,25.29832,
58084376.0,24.11126,
6212700.0,2.691296,
3317760.0,1.640352,
18670080.0,8.89776,
184441536.0,78.17518,
10183680.0,4.797602,
22827532.0,10.63843,
495003504.0,227.2981,
10357248.0,4.4073,
84593600.0,37.5265,
2362164.0,1.069472,
39184640.0,18.59905,
357514080.0,147.2639,
2593296.0,1.175808,
43674880.0,20.04867,
16968840.0,7.01408,
8345520.0,3.83933,
316160.0,0.228352,
585737472.0,231.3417,
64033020.0,25.25273,
23232440.0,9.28455,
330996600.0,131.9429,
138682640.0,55.43472,
411916.0,0.319392,
233397760.0,93.4595,
652386696.0,256.8214,
861059584.0,341.56,
40014780.0,16.033392,
3412240.0,1.485376,
9034740.0,3.753628,
24695424.0,10.13453,
31212000.0,12.42798,
33298000.0,13.455088,
175626320.0,83.1597,
629897216.0,252.0569,
77036624.0,31.0999,
16659720.0,6.782176,
5533696.0,2.63373,
1373261980.0,548.3909,
287787200.0,117.02595,
319998480.0,128.1228,
4573440.0,1.914724,
385623920.0,156.01542,
318240.0,0.297888,
118701056.0,50.2897,
119720000.0,54.051,
17094020.0,7.030468,
15111000.0,6.121442,
135237024.0,62.88184,
2031728160.0,807.8901,
2579616.0,1.127552,
362868696.0,151.0023,
3140016.0,1.518336,
761103360.0,308.1562,
5383424.0,2.236316,
108533376.0,48.8498,
161476272.0,65.40754,
38717848.0,20.50395,
1532289976.0,607.738,
13084500.0,5.37479,
89196640.0,39.9555,
52698568.0,21.01035,
75539904.0,33.9078,
8555400.0,3.70464,
2504580.0,1.146496,
69730804.0,29.52284,
73052624.0,31.081,
308705280.0,122.6186,
124729920.0,50.5424,
490360000.0,221.6039,
48626088.0,23.08916,
108426240.0,50.68001,
250773120.0,108.0149,
4092480.0,1.851234,
2378128896.0,934.986,
112404456.0,44.97556,
150237852.0,60.27589,
24020400.0,12.69043,
44108480.0,19.8889,
144610016.0,57.52352,
32967000.0,15.70608,
19011984.0,9.17507,
620704656.0,255.489,
5787072.0,2.818368,
60364544.0,24.05647,
103475200.0,43.66,
246188800.0,98.46402,
53901632.0,25.1681,
37059900.0,17.62505,
10720700.0,5.144702,
4312000.0,2.42074,
9914784.0,5.63994,
27720000.0,13.01156,
665840.0,0.458048,
94224780.0,43.99474,
106108036.0,49.41156,
56064000.0,26.9731,
996310700.0,406.759,
139614720.0,59.02612,
11898004.0,4.905468,
90725220.0,36.01608,
920861712.0,370.7119,
14341600.0,6.61606,
39952896.0,16.28679,
189203784.0,78.2469,
14536800.0,6.46189,
85358832.0,38.5185,
39094320.0,15.97839,
223703456.0,103.4096,
315198000.0,135.44847,
23973008.0,9.719328,
254800000.0,100.3019,
152951448.0,60.49039,
14844900.0,5.97894,
120868800.0,53.8531,
11174688.0,4.565438,
223077000.0,96.2719,
283762752.0,112.3816,
516784680.0,204.6957,
21227028.0,8.813316,
499539456.0,202.4552,
80150400.0,35.22738,
29600352.0,13.36714,
11889072.0,5.743618,
296613160.0,124.1037,
12682280.0,5.34964,
39619840.0,16.07095,
176063040.0,79.3076,
2404620.0,1.083392,
141094512.0,60.79563,
129809280.0,51.69174,
38220624.0,17.21843,
262373760.0,115.9753,
16069864.0,6.624256,
40739328.0,21.61976,
5827140.0,2.88576,
997600.0,0.608864,
223166548.0,96.29184,
131603040.0,52.20991,
25596480.0,13.2003,
101994280.0,40.7461,
40636840.0,16.35106,
57235904.0,22.71235,
3199224.0,1.640098,
125125440.0,50.21218,
63471720.0,25.4328,
58949280.0,24.1708,
43272000.0,17.62812,
14190720.0,5.905668,
6401736.0,2.688764,
101235680.0,47.05056,
2887500.0,1.256318,
149002560.0,60.29418,
342138472.0,150.0096,
16980756.0,6.8591,
17125360.0,7.88172,
120451500.0,49.10525,
185808000.0,81.4684,
24594944.0,11.08537,
1037040.0,0.541344,
17260800.0,7.98525,
25549952.0,10.57178,
1091937696.0,438.6668,
54201600.0,21.94052,
6232800.0,2.69415,
412601568.0,164.5329,
7685280.0,3.480608,
7397220.0,3.391584,
213741600.0,92.9935,
62458368.0,25.29595,
8618780.0,4.19895,
34470016.0,16.40504,
44345600.0,21.30874,
29875800.0,15.0674,
40852400.0,19.66516,
880639200.0,356.2579,
21747400.0,10.02083,
60232700.0,24.2949,
85052040.0,33.8432,
66655504.0,27.19866,
7150240.0,3.46848,
94138176.0,45.0008,
20859316.0,8.518658,
14139008.0,6.2328,
82864016.0,33.67222,
303097680.0,129.0509,
286776640.0,114.6951,
46715328.0,19.06786,
64557792.0,26.10563,
58839040.0,26.4624,
13656480.0,6.617468,
2776192.0,1.694844,
31005000.0,14.84565,
2371600.0,1.21984,
8055600.0,3.91673,
28953600.0,14.37899,
15467824.0,7.26691,
11295208.0,5.194754,
717744240.0,333.324,
289432500.0,118.5054,
118896960.0,48.27944,
29454880.0,11.93804,
9672000.0,4.022076,
35220672.0,15.72368,
12494752.0,5.97603,
16553808.0,8.03322,
170933488.0,71.93909,
40131000.0,17.34836,
1737200.0,0.802432,
5706800.0,2.68877,
39257160.0,17.32352,
223546596.0,96.5854,
