Ensembled Results,Labels,Error(%)
20.2081953049,3.61637997627,458.796239263
27.1361467361,26.1833000183,3.63913913513
18.8566783905,10.1808996201,85.2162293532
21.3542673111,5.67037010193,276.593889415
18.6772722244,3.38569808006,451.652031066
31.3321912766,45.9323997498,31.7862958451
17.2853130341,1.02608001232,1584.59699307
20.9974777222,4.39120006561,378.171739124
14.3340591431,1.43391799927,899.642877095
17.3040565491,5.00306987762,245.868776018
25.0174478531,21.4134998322,16.8302615135
88.9964523315,428.527008057,79.2320085646
28.7922018051,21.7497386932,32.3795297553
32.4798656464,39.0055999756,16.7302498444
18.6856718063,0.644288003445,2800.20483176
23.7834176064,174.708587646,86.3868067811
14.6438876152,1.3283200264,1002.43671135
23.6149282455,89.3469009399,73.5693930096
31.0047164917,142.99079895,78.3169849254
19.7609615326,9.33015060425,111.796811979
39.7037853241,54.0956993103,26.6045437432
37.3792966843,69.4134979248,46.1498155233
31.4881147385,44.2917022705,28.9074180393
25.561271286,31.7273006439,19.434459386
14.9766756058,0.153983995318,9626.12483187
16.7081274033,4.35933017731,283.272813109
16.6627781868,6.92013025284,140.787060041
25.3306367874,67.7356948853,62.6037101556
26.482285881,21.7581596375,21.7119752879
28.3586551666,34.9959030151,18.9657853539
24.6148326874,8.16079998016,201.622791236
14.8999300003,0.998495995998,1392.23733095
30.085051918,26.3057003021,14.3670443003
25.5935810089,146.798400879,82.5654905941
15.4891540527,0.433472007513,3473.27665553
18.0811460495,24.2360305786,25.3955964825
18.8291790009,3.67750811577,412.009175999
19.0163749695,4.5401597023,318.848151087
37.7357439041,69.2155990601,45.4808678729
37.4096302032,76.4661941528,51.0769031757
22.8232645035,8.46051025391,169.762269869
28.5465049744,32.3427505493,11.737547087
27.6429750443,25.5758991241,8.08212415161
32.4037204742,29.1263790131,11.2521417774
43.3421100616,85.2947006226,49.1854596531
45.4890617371,214.109802246,78.7543301335
16.2380064964,1.87798202038,764.651861425
22.462812233,41.8367004395,46.3083560677
29.7293790817,34.0052986145,12.5742743249
45.8851669312,324.123413086,85.8433037915
20.504394722,7.40635967255,176.848487361
26.5443889618,182.129898071,85.4255730427
16.1366987228,1.74697804451,823.692130737
23.4570619583,13.2099199295,77.5715680602
15.6872667313,107.435203552,85.3983925077
29.5784297943,22.8868808746,29.2374874337
26.7970979691,18.8696689606,42.0114895765
42.8227256775,139.554000854,69.314584021
29.3504642487,46.3400001526,36.66278776
28.7332883835,26.8631210327,6.96183942473
14.3030216217,1.1374399662,1157.47485992
37.527387619,60.5946006775,38.0680997986
17.8559305191,104.013298035,82.8330311061
25.1768455505,128.24319458,80.3678895921
21.6997457504,9.21100997925,135.584868536
28.5113861084,22.9467411041,24.2502627237
28.1793397903,50.1333808899,43.7912638443
12.7987610817,62.7390022278,79.5999926246
14.0177875519,1.98146808147,607.444529788
21.8236402512,11.3924207687,91.5628003404
26.6518064499,10.4041004181,156.166370747
15.8378288269,1.64191794395,864.593199387
20.5110038757,16.9476108551,21.0259313309
16.6674821854,5.57420969009,199.010677962
9.11278166771,1.75228393078,420.051659873
12.2033581734,0.848640024662,1337.98993905
18.4925941467,5.64828014374,227.402212286
13.047591114,103.967399597,87.4503054182
15.2425438881,0.650175988674,2244.37200906
12.8974590302,0.865823984146,1389.6167427
19.9953529358,10.8189496994,84.8178750373
17.2900875092,6.13174009323,181.976849088
13.7150429726,1.42256009579,864.10991797
15.9521761894,3.56383991241,347.612030323
23.1032640457,220.640594482,89.5290057118
18.4427249908,2.19702386856,739.44126665
16.740577507,0.481792002916,3374.64827263
47.614825058,210.303512573,77.3589967779
17.5541004181,3.32643413544,427.715256138
26.462313652,55.6368026733,52.4373932711
26.4784740448,51.1107025146,48.1938757598
16.1134662628,39.1758003235,58.8688268529
20.516136694,112.632301331,81.7848552754
102.523213959,368.846008301,72.2043314414
18.0524312973,2.55439996719,606.719054539
35.3179527283,66.4048995972,46.8142366866
23.3345653534,14.7445192337,58.2592486302
27.712874794,21.5618305206,28.5274678673
18.6955421448,3.23228597641,478.40000177
17.7501422882,3.18368005753,457.535366855
47.43319664,104.217498779,54.4863413576
33.827640152,32.0148696899,5.66227655959
25.1268819809,18.0580406189,39.1451182949
6.0034733057,25.2155895233,76.1914219767
29.1827964783,26.8901996613,8.52577089757
14.327393055,2.54949998856,461.968743647
9.5780819416,39.5249023438,75.7669687371
34.8198408127,71.1560974121,51.0655557583
26.7043758392,17.1768798828,55.4669766653
14.2573616028,0.732159972191,1847.30142924
33.7259441376,160.862991333,79.0343671605
13.9606955528,0.855711996555,1531.47129046
19.4130592346,3.47078990936,459.326831689
27.5121509552,16.8020000458,63.7433096075
22.1083557129,17.0818710327,29.425843753
37.7931964874,48.2173995972,21.619173155
29.1132242203,16.667470932,74.6709164158
24.7819099426,13.684129715,81.0996421316
17.9521764755,4.28794002533,318.666687721
27.1936178207,19.1940898895,41.6770369278
13.8735500336,3.39732003212,308.367475022
53.0230350494,120.606193542,56.0362254275
17.544268322,108.723495483,83.8634066685
19.2042154312,3.18585205078,502.79683818
15.9875646591,0.586784005165,2624.60812128
84.8560043335,442.763000488,80.8348926537
34.9717014313,49.7849006653,29.7544015074
17.4958200455,1.33321595192,1212.30203331
24.6653863907,14.7951793671,66.7123174295
19.4057104111,9.53701972961,103.477721146
24.72213974,12.6010904312,96.1904795061
28.3280275345,19.9214401245,42.1986932543
32.0309104919,43.0433006287,25.5844463038
17.0642173767,1.33411204815,1179.0692806
25.8461299896,23.8775005341,8.24470489597
21.8815425873,12.8500499725,70.2837158925
22.1797304153,9.50588989258,133.32618688
28.5311422348,164.467498779,82.6524131232
15.504095459,0.167231991887,9171.0104592
11.2539710045,177.236709595,93.6503159925
25.8693368912,18.6142807007,38.9757536547
31.2026887894,39.0488014221,20.0930946585
17.9715013504,0.759872019291,2265.06949778
28.4015647888,19.726518631,43.9765694095
26.2656686783,46.1304969788,43.0622464562
41.8855407715,76.6389007568,45.34689256
27.4761314392,14.6799402237,87.1678700357
14.312306881,1.06870400906,1239.2208469
34.3069236755,86.0512008667,60.1319640749
36.371188736,40.7900009155,10.8330769316
43.8477687836,88.53099823,50.4718464038
24.6678552628,23.7278289795,3.96170371961
38.4920124054,61.822101593,37.7374572951
34.3830589294,37.4308013916,8.14233825846
20.1613407135,7.41491031647,171.902691375
39.8258922577,42.7971000671,6.94254471632
17.6863939285,2.8245139122,526.174785407
44.8600297928,94.908203125,52.7332429488
40.720267868,53.5847015381,24.0076613302
26.5221141815,23.8222293854,11.3334682177
20.3006931305,6.51155996323,211.763897517
20.4882472992,3.85440015793,431.554754559
23.2076538086,8.49077987671,173.327705412
32.4761062622,141.589996338,77.0632762892
17.9248292923,4.65499973297,285.066172299
23.0114553452,27.4491004944,16.166814465
19.5753200531,0.452191978693,4228.98436405
7.23779072762,63.002696991,88.5119350864
16.3505924225,1.03968000412,1472.65623631
17.9952910423,104.450294495,82.7714310147
27.3780996323,13.083199501,109.261500829
28.9074552536,30.1060619354,3.98128019664
13.8507347107,2.12784409523,550.928079822
8.64312820435,68.4395980835,87.371158735
29.2451524734,34.7353401184,15.8057690705
37.9123790741,53.0247993469,28.5006647059
26.1512189865,18.3366985321,42.6168344357
16.3170570374,1.45120000839,1024.38374745
13.5038639069,1.35340797901,897.767422409
16.0834524155,1.51343810558,962.709624935
24.2505760193,13.0745000839,85.479948477
20.5600271225,7.50591945648,173.917502602
21.7058828354,10.0334405899,116.335390048
18.4477243423,2.57280397415,617.027979111
17.698408699,8.36810016632,111.498528307
17.122672081,1.76069998741,872.49231575
12.9048301697,45.5620994568,71.676392608
18.4521734238,5.13775968552,259.148238789
19.3644676208,7.9584903717,143.318352055
35.3478046417,38.939201355,9.22308775806
23.8019388199,131.092498779,81.8434013834
17.2126243591,2.35519599915,630.836175222
26.014188385,23.2031402588,12.1149469204
14.3757808685,0.270431995392,5215.85800256
31.1677598953,25.7721004486,20.9360484896
71.9272644043,108.141601562,33.48788684
21.4272415161,5.83523988724,267.204124084
27.5887865067,20.7027797699,33.2612664255
17.0036153793,20.3800601959,16.5673937375
14.6548825264,0.730943977833,1904.92554434
50.2557384491,76.0996017456,33.9605762759
15.3213835716,2.58742809296,492.14722192
32.9040431976,39.4692001343,16.6336204289
15.5186862946,0.223935991526,6829.96520516
29.2789449692,25.0469493866,16.8962515844
12.3830593109,0.925696015358,1237.70256169
18.8175865173,1.92559802532,877.233372172
67.6353515625,334.71697998,79.7932714479
23.7146917343,13.1554298401,80.2654266913
31.0646207809,28.4364013672,9.24244731188
23.9906072617,120.049797058,80.0161201022
23.7489526749,11.2949399948,110.261875546
19.9431791306,7.12188959122,180.026513682
18.1552173615,5.71948766708,217.427336472
15.4646784782,45.7960014343,66.2313782997
20.3465866089,7.09238004684,186.879530912
15.3581320763,0.613312005997,2404.13034901
35.64559021,51.3229522705,30.5464930737
22.9744722366,9.41846084595,143.930219729
25.7272232056,21.3921089172,20.2650159697
22.2352024078,6.77481031418,228.204058515
24.4449968338,12.9863204956,88.2365127372
63.128894043,298.79800415,78.8723842977
25.3397259712,39.4318008423,35.7378424775
20.2533195496,6.0263299942,236.080492921
36.3495132446,47.222202301,23.0245277149
16.1225971222,0.329439997673,4793.94039463
15.7441226959,162.169204712,90.2915459665
51.7669540405,289.116699219,82.0947893427
21.9908124924,9.39383029938,134.09846454
15.6718997002,2.36445212364,562.813154196
23.351581192,10.2430095673,127.9757823
26.6414022446,155.669403076,82.885909679
14.5212591171,52.3334007263,72.2524068461
25.2224790573,21.2161712646,18.8832741907
29.6249925613,37.3205986023,20.6202642218
23.8013298035,11.4739198685,107.438522112
28.9969774246,146.182800293,80.1638924918
110.570694733,545.54498291,79.7320664296
19.4123441696,4.51411008835,330.037012605
33.49467659,140.194198608,76.108371871
17.8215421677,2.20956397057,706.563756699
31.455831337,75.3743057251,58.267169383
31.1616056442,45.6805992126,31.7837196067
17.8875290871,1.28307199478,1294.11733401
18.6303426743,3.0397799015,512.884592896
21.6316297531,83.7263031006,74.1638780741
21.0602064133,5.51823997498,281.647164835
17.0782485008,4.0202498436,324.805650525
80.0643424988,417.684204102,80.8313693186
19.2739042282,9.12998008728,111.105654601
38.0635936737,51.9919128418,26.7893955171
26.3310573578,24.9509487152,5.53128724014
25.4078275681,29.7643699646,14.6367700769
93.7151939392,451.92300415,79.2630175763
64.596200943,343.125,81.1741490877
21.1221063614,1.61581206322,1207.21306284
27.5648895264,22.1272411346,24.5744526335
16.0525695801,2.60125017166,517.109794166
13.3317410469,3.95231580734,237.314670607
29.2792730331,26.9286003113,8.72927925956
33.4809669495,48.4883117676,30.9504378912
18.9711866379,105.457099915,82.0105174016
29.6442991257,34.1839790344,13.2801389334
14.6081147194,0.8987839818,1525.31987832
24.3624422073,10.8239994049,125.078007638
30.6885801315,47.9641189575,36.017629848
18.567788887,8.16541004181,127.395670174
19.2778550148,20.0546989441,3.87362548526
44.4502399445,88.9027023315,50.0012499297
81.6158569336,373.506988525,78.1487738005
18.3004728317,7.1432299614,156.193247741
28.2707073212,26.5221996307,6.59261944625
16.6711709976,1.86057400703,796.022997988
28.4653709412,24.6312789917,15.5659474717
18.92885952,4.85682964325,289.736945916
43.6435512543,54.8501014709,20.4312296899
26.7533283234,22.8941307068,16.8567117311
21.5184041977,4.53341007233,374.662645876
30.4990606308,68.3235015869,55.3608056929
17.0543226242,1.65170800686,932.526484911
19.3102165222,5.94023036957,225.075212927
15.6274715424,2.79755997658,458.61077772
21.9987335205,9.22399997711,138.494509704
19.6306816101,8.50827980042,130.724448074
12.6904515266,1.15993595123,994.064850146
25.2000337601,228.282501221,88.9610313426
18.1399652481,2.69503998756,573.087053692
19.6580202103,4.6151342392,325.946878063
19.6120939255,1.86377596855,952.277433361
30.6367992401,50.5352020264,39.3753304397
29.7255470276,25.3553009033,17.2360254802
25.7033216476,18.3791904449,39.8501295508
19.6245864868,0.591583967209,3217.29518963
49.3100925446,246.529006958,79.998259372
16.7897241592,2.13200187683,687.509820779
30.3045608521,48.0297393799,36.904590274
18.5009010315,5.21413993835,254.821720365
31.5704927444,110.430900574,71.4115409904
25.714094162,19.2878608704,33.3175012762
30.6350297928,28.090089798,9.05992117902
24.3904006958,8.81859016418,176.579365201
22.761933136,20.2095394135,12.6296481593
22.3034713745,10.7726392746,107.038134351
18.9676311493,5.18931007385,265.513543792
20.1282346725,7.38185977936,172.671593259
24.1771923065,12.3586502075,95.6297160333
22.0312124252,45.1184005737,51.1702273461
22.0546798706,78.2651977539,71.8205786179
5.95154352188,0.250496000051,2275.90361549
19.0147548676,3.68880200386,415.472363322
17.7903892517,73.7329025269,75.871844669
15.8520413399,0.375039994717,4126.76022909
31.0824436188,29.4687690735,5.47588038463
29.4305742264,19.9472198486,47.5422362099
16.5876243591,2.08690810204,694.842108426
32.1516239166,144.445999146,77.7414230184
28.0664829254,24.6564998627,13.8299559213
27.4939155579,14.106470108,94.9028732724
27.5444156647,18.346830368,50.1317399906
30.4142213821,25.2400608063,20.4997944164
30.1327125549,74.8079986572,59.7199322321
17.0942468643,1.42537593842,1099.27988144
35.1607021332,166.848098755,78.9265191539
24.957448864,36.4729003906,31.5726235186
25.2671514511,27.2530994415,7.28705369706
21.7590415955,18.5720100403,17.1604018535
44.4008628845,70.1941986084,36.7456801776
28.1779556632,43.7277984619,35.5605435116
22.0440580368,10.6013393402,107.936538294
21.9692687988,7.32230043411,200.032332687
15.0979937553,5.12198400497,194.768467466
15.9468849182,1.08112001419,1375.03373436
17.6312555313,3.05622005463,476.897449011
34.3242668152,44.2252006531,22.3875385339
27.7104741096,40.5673980713,31.6927497767
12.5781415939,90.7970962524,86.146978138
16.9261667252,0.886784017086,1808.71355359
14.9060228348,3.15391993523,372.618935829
46.7266563416,72.4665985107,35.5197328123
36.1954158783,61.4785003662,41.1250833012
25.2575883865,15.2751398087,65.3509473755
17.8924894333,4.17369031906,328.697101737
26.7141609192,26.4980602264,0.815534008536
11.0599807262,43.9612998962,74.8415521098
30.4542573929,26.7582015991,13.8127959761
30.1326490402,32.082901001,6.07878932362
20.828935051,6.23938989639,233.829675607
65.6304330826,0.272320002317,24000.4819786
17.0794063568,0.562336027622,2937.22427834
19.0873159409,3.58617997169,432.246459785
20.811895752,9.3734703064,122.029782692
15.7073171616,1.55699193478,908.824568113
31.1060512543,64.99949646,52.1441658038
53.2831481934,126.475204468,57.8706763768
16.6453072548,106.601104736,84.3854270592
24.6463786125,47.655002594,48.2816550814
37.46808815,42.0821990967,10.9645195491
23.7409599304,12.65583992,87.5889714188
20.0412231445,3.9975001812,401.343895838
30.6048446655,149.579910278,79.5394684964
20.1448711395,148.646896362,86.4478360245
20.6748149872,1.58694005013,1202.81008319
20.8510995865,13.3948507309,55.6650387928
19.6491933823,5.00749015808,292.396045962
51.2904182434,0.45593598485,11149.4779854
25.627466011,21.839509964,17.3445102628
17.1278320313,5.30356025696,222.949701736
30.1062173843,26.3316993713,14.3345021518
44.1312339783,65.431098938,32.5531212305
36.4439860344,73.1347961426,50.1687459915
23.229608345,11.8683204651,95.7278488845
19.8754714966,2.83034014702,602.22907722
21.3048570633,148.001495361,85.604971753
17.9233440399,4.92749023438,263.741848028
15.3972655296,5.47461986542,181.24812148
37.1941356659,51.4612998962,27.7240649947
18.0863422394,10.6057300568,70.5336845515
49.4963344574,104.330200195,52.5579991558
43.9227611542,66.263999939,33.715499827
17.4135822296,4.67967987061,272.110544121
30.5325958252,45.521900177,32.9276772137
20.6496688843,10.799489975,91.2096676058
20.7994256973,102.479598999,79.7038377389
36.9548789978,20.306848526,81.9823442839
17.7932299614,82.9029998779,78.5372905835
11.0171652794,2.34802794456,369.20929135
27.8177106857,18.0851898193,53.8148671019
21.1614530563,9.21698951721,129.591809959
28.0194044113,25.8489990234,8.39647750348
42.035092926,221.460494995,81.019146134
37.644235611,48.2915992737,22.0480659636
33.9276908875,38.2122993469,11.21264235
20.2028360367,5.9484500885,239.631933295
38.9062465668,195.407501221,80.0896862589
35.5828868866,47.9680519104,25.8196122847
15.1051779747,2.42585396767,522.674661213
13.1846531868,3.03206014633,334.841413115
20.1268289566,7.72838973999,160.427199375
20.2964336395,10.2369203568,98.266987846
34.1403564453,111.382598877,69.3485725872
11.4917439461,0.875519990921,1212.56214195
16.7686279297,2.41055989265,595.632080364
38.1764411926,45.5692024231,16.2231525622
14.3665402412,2.34412407875,512.874564596
21.5694417953,12.6698503494,70.2422775367
27.2358343124,12.3219203949,121.035629509
20.842225647,2.32652401924,795.852588437
27.2366884232,26.6977996826,2.01847623005
16.5245256424,0.742367982864,2125.92110972
18.5609268188,25.5076599121,27.2339098028
13.8019945145,0.311199992895,4335.08831284
18.2842735291,13.9509906769,31.0607536951
21.9473421097,13.7092199326,60.0918375929
24.761904335,4.98799991608,396.429525895
26.5862192154,10.6493701935,149.650624707
28.1879142761,15.9732809067,76.4691577191
27.4164649963,9.73389053345,181.659886169
16.6792293549,1.79903995991,827.118336811
26.9630563736,113.44039917,76.2315219526
21.2331558228,11.6819801331,81.7599035515
20.7723419189,5.97305011749,247.767748643
17.6827780724,43.5439987183,59.3910100293
28.6541845322,20.4230194092,40.303370222
16.6712457657,4.17906999588,298.92238661
33.9149827957,55.4702301025,38.8591272598
20.2053966522,4.63647985458,335.791749041
20.9543535233,5.26422023773,298.052371994
29.8961355209,30.3676280975,1.55261574952
19.1224294662,6.48090028763,195.058226752
18.9529210091,55.4965019226,65.8484402576
15.247454834,1.11411201954,1268.57466454
14.1788653374,0.603456020355,2249.61038735
16.3668424606,6.26454973221,161.261274318
16.10382061,3.00767993927,435.423347404
37.5872688293,39.9588012695,5.93494390432
12.8045315742,0.524383962154,2341.82364419
16.0682518005,1.95689797401,721.108305794
9.89910039902,1.24316799641,696.28018318
22.1870704651,13.0989494324,69.3805337568
38.6341238022,77.0311050415,49.8460735032
26.3921476364,17.9150409698,47.3183772274
21.4478507996,2.46038389206,771.727817305
17.3226182938,2.57091212273,573.7927034
14.5538147926,84.4273986816,82.7617396486
23.644830513,123.363998413,80.8332813323
20.9368700027,8.98086929321,133.127432537
8.72363243103,0.39798399806,2091.95557448
27.6370569229,24.1747188568,14.322144082
35.1538660049,57.2371025085,38.5820307733
18.9606269836,8.74624061584,116.786020605
28.8291723251,36.1845016479,20.3272920389
12.8593063831,47.0611991882,72.6753533591
14.6289054871,2.87522983551,408.790821046
18.0501609802,5.73373174667,214.806513065
14.2424346924,2.98204803467,377.605810732
25.3028736115,12.3617296219,104.687162601
24.1792037964,13.1050004959,84.5036465579
23.9188352585,23.1954193115,3.11878796949
27.4070589066,15.1951408386,80.3672581757
20.9871641159,8.2137298584,155.513201404
16.5160699844,78.8908004761,79.0646439322
21.7816734314,11.0468797684,97.174893618
16.3481307983,0.504256010056,3142.02993565
23.5158863068,9.3273897171,152.116476528
18.9236780167,20.8686599731,9.32010947988
14.1222550392,0.514847993851,2642.99506027
26.2771697998,13.745880127,91.1639673642
34.5806587219,42.6844024658,18.9852575549
26.967886734,26.9692192078,0.00494072054745
15.8128633499,0.583072006702,2611.99151531
22.6077526093,16.0349502563,40.990475479
40.4975563049,53.9608688354,24.9501403908
17.6622447968,1.43462002277,1131.14445054
33.4322044373,26.6240005493,25.571678739
26.5180179596,25.5435600281,3.81488692433
23.7278991699,15.7456598282,50.6948545113
15.7677692413,69.4539031982,77.2975045098
10.2541097641,0.440192013979,2229.46292492
30.9243457794,32.4742012024,4.77257443013
35.6530609131,40.6483001709,12.2889253347
31.0592197418,0.513791978359,5945.09627437
30.1311979294,33.6960601807,10.579463095
10.254112339,1.04390394688,882.285043533
22.8355114937,53.1422996521,57.0295007119
16.990364933,1.8422100544,822.28163083
22.1622526169,3.5189101696,529.804443669
14.0877520561,100.275100708,85.9508971254
17.2674222946,0.982015967369,1658.36471793
25.4868213654,18.8956813812,34.8817269468
55.2763645172,243.715896606,77.3193438397
18.9112565994,6.10397005081,209.818961135
13.5225498199,61.9847984314,78.1840868049
18.8084302902,7.80518007278,140.973688177
22.080610466,131.422195435,83.1987204346
25.7302906036,13.5075502396,90.4882095369
24.1772603989,36.7709007263,34.2489307542
18.3662996292,3.61951994896,407.423633195
17.0177970886,1.89235198498,799.293430806
23.0961265564,8.10021972656,185.129630258
24.6751867294,125.079490662,80.2723958989
17.088322258,2.7784678936,515.026802986
23.5957269669,10.926199913,115.955475414
21.0215133667,9.5232000351,120.740016898
19.6502910614,7.32420015335,168.29265517
27.5095234871,38.9642982483,29.3981292521
20.7466323853,7.19456005096,188.365546167
15.0922704697,1.22230398655,1134.73952763
20.3285644531,3.13820981979,547.7758219
22.1394184113,4.9277100563,349.28411287
17.6719200134,110.473197937,84.0034321958
38.8994211197,85.5173034668,54.5128067154
48.4072376251,292.79598999,83.4672470662
29.4212465286,19.0533008575,54.4154829056
15.8639797211,2.01235389709,688.3295152
23.6908781052,14.666809082,61.5271459024
24.5924514771,27.1779003143,9.5130558556
25.915190506,21.0392894745,23.1752171926
17.1322032928,1.57593798637,987.111513332
14.8877493858,3.04488992691,388.942120839
18.6494373322,2.37510180473,685.205808652
27.7077617645,14.5947589874,89.8473403254
27.8287837982,68.9181976318,59.6205577707
15.4355835915,4.58265972137,236.825872527
22.1525774002,5.77816963196,283.383992012
22.8644886017,2.94400191307,676.646526627
29.1108545303,49.2957000732,40.9464629023
9.65012378693,45.7000999451,78.8838015704
18.5146512985,4.53136014938,308.589268744
7.10526123047,71.7422027588,90.0961206135
13.498317337,2.4127061367,459.467940654
27.648651123,45.715801239,39.5205806883
16.8506750107,0.768895983696,2091.54155672
25.4586952209,20.5429801941,23.9289284243
17.8148793221,49.1776008606,63.774403366
13.4027069092,2.72291207314,392.219599796
11.9068694115,172.722198486,93.106346772
29.9509075165,25.0389995575,19.617029617
28.0929861069,20.6796798706,35.8482640092
14.769127655,4.7034201622,214.008256667
22.5241535187,9.7415304184,131.217812307
18.2009941101,8.65235042572,110.358956984
20.8725046158,92.5510025024,77.4475650707
21.613209343,7.82937955856,176.052644801
27.2309196472,36.0467987061,24.4567600322
20.0015161514,5.51453018188,262.705715478
17.9829408646,3.70802998543,384.972908397
15.1734521866,1.46825802326,933.432267775
20.6595077515,14.6319303513,41.1946835141
48.3284263611,56.3090019226,14.1728236854
16.815644455,2.97679805756,464.890332828
47.6216737747,121.506309509,60.8072420543
54.4885402679,71.6192016602,23.9190901254
28.4206125259,22.8024101257,24.6386341147
24.474797821,35.081161499,30.2337870947
18.9183372498,4.28550004959,341.44993655
35.4698028564,203.769805908,82.5931998618
39.3719039917,61.8579978943,36.3511504867
21.993025589,8.19609928131,168.335275527
45.1345737457,99.1169967651,54.4633360384
27.5307638168,27.3729000092,0.576715684584
19.8380651474,2.75453209877,620.1972762
35.87460289,51.954498291,30.9499580016
23.0270425797,150.102203369,84.6590908975
18.1732110977,2.75727820396,559.099653839
15.3776325226,2.68632984161,472.440222506
22.8375013351,72.2800979614,68.4041638304
15.7925160408,0.458208024502,3346.58216276
42.6055030823,79.4032974243,46.342904559
27.0024980545,19.3006801605,39.9043859073
28.0605997086,150.616210938,81.369469107
10.6667629242,0.61561602354,1632.69741467
34.2054904938,29.3817977905,16.4172823516
13.7560312271,1.66909193993,724.162581944
33.041071701,53.7209815979,38.4950335637
23.6390001297,13.5066900253,75.0169737024
20.5238723755,4.299680233,377.334854298
27.8361692429,25.8884010315,7.52370997728
15.2069623947,4.08723020554,272.060334995
16.6858780861,3.41401982307,388.74578798
19.0084867477,1.97861993313,860.694190404
21.4257955551,14.1414394379,51.5107118286
21.0788290024,5.3576002121,293.437885768
76.0347381592,363.930999756,79.1073752414
51.6499645233,236.070007324,78.1209120512
31.3529720306,24.9854011536,25.4851656691
13.2362780571,50.4069976807,73.7411893861
14.2581952095,1.09132802486,1206.49950195
22.9862819672,10.0214700699,129.370359906
15.4886713982,3.75593996048,312.378034823
14.3791266441,1.22368001938,1075.07243858
22.8382379532,15.9141998291,43.5085533576
13.2206739902,77.6616973877,82.9765837795
21.5632171631,8.11843013763,165.608212395
20.1243099213,8.09759998322,148.521907269
25.004369545,25.1663398743,0.643599069606
28.1093379974,32.0705986023,12.3516890158
18.5090070724,7.38216972351,150.725840311
40.3435649395,70.0680999756,42.4223506081
24.1678480148,20.646780014,17.0538359899
31.7733596802,119.140403748,73.3311633327
16.3725997925,1.82429003716,797.477893264
16.7079135895,0.987103998661,1592.61938075
39.6268260956,49.4193992615,19.8152412053
21.4989509583,93.8118057251,77.0828940003
28.2381439209,18.1997203827,55.1570206966
23.9623714447,4.38736009598,446.168331764
23.9550735474,10.4440898895,129.364873347
23.7577108383,18.3788604736,29.2665063343
28.2497169495,25.547000885,10.579386898
26.2918518066,25.2506389618,4.12351087996
17.4093805313,1.97369194031,782.071825687
21.6666376114,4.11078977585,427.067517261
42.3840652466,109.038597107,61.1293006595
26.8922801971,28.9319992065,7.05004515878
24.3432727814,10.3087701797,136.141385994
18.5464101791,5.61705970764,230.180043376
17.4106025696,1.90749204159,812.748372732
21.2520978928,123.409408569,82.7791915226
43.7841678619,106.589096069,58.9224700494
31.9895214081,41.4403419495,22.8058459385
18.8459054947,4.41036987305,327.308956781
33.4403961182,37.0930023193,9.84715707218
34.5658309937,40.4799003601,14.6098911159
17.8404924393,0.488512009382,3552.00693056
28.6861546516,32.070400238,10.5525517651
15.1916501045,1.74285197258,771.654640987
33.506180191,187.666397095,82.1458818895
15.3760534286,2.01216006279,664.156575463
28.5040611267,42.4562988281,32.8625859685
19.802491951,6.65747976303,197.447272179
17.2963768959,6.53861999512,164.526412436
22.2523864746,5.65269994736,293.659431455
32.7418743134,177.288497925,81.5318677204
29.089437294,18.7084503174,55.4882248423
20.1193370819,4.78620624542,320.360846362
15.2111088753,0.381760001183,3884.46899313
18.3666254044,4.32492780685,324.668947659
19.3682889938,8.07402038574,139.884073467
28.4757568359,112.465904236,74.6805424903
25.6768901825,15.7777900696,62.7407264849
24.8799844742,11.1197099686,123.746703327
28.3849196434,46.7616996765,39.2987854595
32.6299552917,55.8103981018,41.5342724626
18.2625555038,1.7535020113,941.490422376
16.151763916,0.297055989504,5337.27933007
34.5379543304,56.5698013306,38.9463043566
20.2602115631,25.6265087128,20.940414513
18.8193380356,8.43356990814,123.147946132
34.8325218201,54.3436012268,35.903177129
22.5586385727,28.5160007477,20.8912961803
15.1561995506,3.47229003906,336.490021862
20.9218801498,17.0751686096,22.5281028151
13.1627738953,0.482719987631,2626.79280588
27.9300697327,39.4818992615,29.2585456751
19.7682222366,5.13629007339,284.873555702
17.5867250443,5.35920000076,228.159520857
31.6427389145,172.99848938,81.7092397582
26.4516366959,17.1224594116,54.4850308006
43.1929256439,94.238899231,54.1665639174
40.839315033,53.3439025879,23.4414561895
15.890554142,27.6103000641,42.4470067145
16.1604996681,86.7077026367,81.3620945121
19.8528144836,6.20568990707,219.913092354
33.9532251358,42.6843032837,20.4550091631
16.4797182083,4.23833990097,288.824836926
16.2190200806,5.63773012161,187.687060762
17.2223484039,1.70879793167,907.863369023
49.7477119446,113.777198792,56.2762025494
23.4545101166,17.9415206909,30.727548242
28.1618745804,25.8887004852,8.78056469637
43.407718277,58.3409004211,25.5964204124
37.9972457886,194.068908691,80.4207453709
14.3689287186,2.4748840332,480.589980209
20.5127653122,8.41971969604,143.627650952
20.9704727173,13.9473295212,50.3547520365
34.0573860168,37.1740989685,8.38409817088
29.4402788162,28.4418010712,3.51059956631
27.4109716415,35.8600997925,23.5613626282
49.515398407,77.4113006592,36.0359560099
41.6947132111,41.5586967468,0.327287607362
21.045202446,8.82351970673,138.512556729
17.9758623123,4.65600013733,286.07950563
9.56539859772,31.8770999908,69.9928832909
22.7156795502,13.1216201782,73.1164234419
25.6669927597,15.8126106262,62.3197672189
23.3417127609,22.8829994202,2.00460320929
26.8236560822,126.85849762,78.8554518732
38.5497215271,44.1955032349,12.7745614249
37.9441604614,178.735610962,78.7707887325
8.96842083931,80.7587966919,88.8948062543
16.9665805817,1.45193600655,1068.54878625
29.374561882,33.9687995911,13.5248750746
20.7763853073,0.212415993214,9680.98917741
21.4553411484,11.2048597336,91.4824608118
13.5078305244,66.0129013062,79.5375899905
27.7995306015,43.7827796936,36.5057888146
27.572297287,23.2243309021,18.7216002184
19.4436603546,4.89753389359,297.009204573
17.4340823174,3.52652382851,394.370183364
17.7808012009,5.52028036118,222.099604323
19.5619085312,42.3949012756,53.8578745496
30.6368148804,47.3064804077,35.2375940541
15.6940986633,3.56966400146,339.651985646
16.7366988182,0.933888018131,1692.15264499
25.6591489792,15.0687398911,70.2806549499
26.0368883133,21.2321987152,22.6292606928
25.4295829773,12.3510198593,105.890552092
26.2093305588,18.5703086853,41.1356752487
18.9756509781,6.19974994659,206.071230962
29.1369840622,23.8641090393,22.0954195868
31.5740814209,25.1585998535,25.5001534455
21.6035673141,7.60291051865,184.148646248
24.6069335938,30.966999054,20.5382040705
34.6596237183,42.0675010681,17.6095017811
23.242004776,7.74630022049,200.040072221
24.655531311,22.8450393677,7.92509881126
19.8963640213,6.46552991867,207.729826814
30.6130941391,46.4759788513,34.1313622742
13.5462408066,102.139900208,86.7375621289
19.1868942261,8.76327037811,118.946733334
15.4220755577,0.113984003663,13430.0349717
26.9347146988,11.6439599991,131.319196398
16.6291490555,46.8941001892,64.5389313615
15.9058093071,83.884803772,81.0385092509
15.1854743004,1.30691206455,1061.93542873
19.534120369,4.01913976669,386.02739648
22.7025472641,19.1810913086,18.3589968832
15.7203737259,0.191936001182,8090.42474008
27.7512945175,57.5523033142,51.7807404406
15.4181974411,1.73376190662,789.291510109
11.5352794647,3.48781180382,230.731132113
19.6077613831,2.17043614388,803.401900968
23.0932420731,12.3656892776,86.7525663515
23.8759296417,13.0158405304,83.4374782479
24.1195137024,33.7333030701,28.4994011636
34.7422279358,43.8864974976,20.8361798803
12.8357125282,0.499743998051,2468.45756593
20.0230176926,6.24947023392,220.395440623
33.5811704636,64.8887939453,48.2481204815
24.3718185425,17.9121303558,36.0632044225
17.7517938614,6.63842964172,167.409535379
23.5500009537,15.531039238,51.6318424854
12.3304523468,68.3041000366,81.9477127432
14.3215991974,0.815871953964,1655.37339258
23.3215442657,12.5788097382,85.4034264864
35.595198822,32.3881988525,9.90175459921
19.104506588,4.73906993866,303.127762098
19.2948246002,2.25900602341,754.128957616
18.550703907,21.1574401855,12.3206600405
15.8316028595,2.07568001747,662.718854845
28.5612586975,56.3308982849,49.2973491155
31.5827533722,41.4402885437,23.7873227188
16.7390843391,8.23865032196,103.177507055
23.004643631,113.328399658,79.7009013624
22.0043504715,123.154502869,82.1327276235
28.8698127747,20.9036197662,38.1091557228
26.9151987076,17.6563110352,52.4395365147
26.9275094986,13.9331798553,93.2617663603
15.6540775299,1.99849808216,683.292096682
24.6737672806,161.059906006,84.6803789394
13.8390919685,0.400384008884,3356.45471883
21.4046733856,3.30652999878,547.345507028
22.1753728867,1.02432000637,2064.88721774
16.3152501106,4.80780982971,239.348907059
12.0683567047,89.2516021729,86.4782744389
23.3542106628,17.7675590515,31.4429888491
19.5955316544,8.37625980377,133.941306901
29.3431062698,31.6927394867,7.41379020846
22.2061248779,7.75660991669,186.286472008
27.584618187,20.1588993073,36.8359341774
20.0206741333,6.55772018433,205.299304797
51.8211837769,241.039993286,78.501001817
17.8475157738,29.2045993805,38.8879965746
29.2202642441,17.9397106171,62.8803544706
12.6021583557,1.0105919838,1147.00755179
26.1678924561,140.274002075,81.3451587116
18.0561653137,8.01523017883,125.273197536
17.0412080765,4.18566608429,307.13252642
15.7545354843,1.82671999931,762.449389629
13.0114648819,0.263072013855,4845.97075958
28.9092046738,17.5729084015,64.510074333
10.7718101978,61.3643989563,82.4461570861
28.5249982834,22.466960907,26.9642049118
18.6258773804,130.272201538,85.7023392862
13.0111028671,2.48563599586,423.451659405
27.9574943542,20.4939899445,36.4180153792
21.3720628738,8.68515014648,146.075917093
21.0580038071,4.00988388062,425.152459124
7.57171258926,0.3061439991,2373.25200283
19.1971906662,4.21448993683,355.504484622
30.6122930527,25.6102199554,19.5315507088
35.3753433228,116.479804993,69.6296338022
20.1713777542,9.97600078583,102.199039347
15.449243927,1.40402793884,1000.35160267
19.9381793976,5.00870609283,298.070460275
26.9235570908,22.3377399445,20.5294589233
25.9858104706,22.6343803406,14.8068119364
20.2138954163,1.3389480114,1409.68486037
21.7174282074,2.45753192902,783.708893096
19.8417917252,97.9415054321,79.7411815985
32.7352666855,108.619697571,69.8624950929
22.5455749512,7.99232006073,182.09049162
23.3588094711,17.0642795563,36.8871706192
21.9577177048,9.62662029266,128.093734221
22.6050336838,10.7274198532,110.722000193
24.8317414284,47.132598877,47.315144889
18.6394212723,3.97944998741,368.39189665
29.7085832596,33.1476402283,10.3749677051
34.8994394302,49.2190208435,29.0935926149
16.0228532791,1.43059003353,1020.01711906
14.0340833664,0.297215998173,4621.84655358
27.1329641342,13.5082902908,100.861571302
15.1941788673,0.188608005643,7955.95648793
16.2693378448,2.50541186333,549.367797885
19.3732853889,43.6399002075,55.6064855858
29.6917129517,24.809299469,19.6797716468
25.1928081512,14.836400032,69.8040501526
37.5413713455,98.3859024048,61.8427331275
24.9624639511,16.8093090057,48.5038078757
24.8902462006,100.453399658,75.2220967282
27.7902114868,22.8567504883,21.584262387
30.6540735245,27.979801178,9.55786758271
14.6319972992,5.01660394669,191.671366819
24.1962982178,14.6076402664,65.6413888655
28.3361537933,27.2835693359,3.85794264833
30.3568853378,34.2539787292,11.3770532242
32.0333091736,58.237197876,44.9951056337
19.1085273743,7.7092795372,147.863983684
17.3076396942,2.76748991013,525.391248253
16.4759532928,0.854816019535,1827.42682827
25.9788557053,17.6576690674,47.1250571416
18.352466774,2.66102409363,589.676835995
16.6970460892,91.4467010498,81.7412264221
17.4433572769,2.35462784767,640.811644361
30.1879245758,40.1894989014,24.8860388882
28.5982378006,130.30380249,78.0526452382
40.4820388794,40.9039001465,1.03134729348
28.4852383614,35.5709991455,19.9200499125
33.2929199219,163.090698242,79.5862545929
24.6437906265,8.50450992584,189.773200824
5.89086903334,0.424927979708,1286.32175678
19.2789615631,2.62108802795,635.532777133
16.6931750298,5.61558008194,197.265372164
15.7783408165,0.549471974373,2771.54605738
32.3140806198,34.3193397522,5.84294204628
29.6408939362,154.533996582,80.8191759796
19.2097091675,3.67131996155,423.237129116
15.3397128105,1.85897791386,725.169180127
22.898148632,125.692604065,81.7824216449
17.8860563278,7.00204992294,155.440285697
12.5413252354,86.1320953369,85.4394286052
205.907669067,919.025024414,77.5949877754
50.4132011414,107.711395264,53.1960374128
26.5504003525,24.9930000305,6.23134605713
19.4509677887,6.68524980545,190.953492461
29.236006546,22.0703601837,32.4672832825
26.4943284988,22.0804595947,19.9899322076
20.0223367691,9.15413951874,118.724400345
38.4021858215,0.265119999647,14384.8317263
22.0393922806,50.4694023132,56.3311803382
50.9973083496,77.0187988281,33.7858949691
18.2090116501,50.3760032654,63.8537984958
88.7926986694,418.79598999,78.7981019896
27.315791893,17.180721283,58.9909494667
20.1300273895,3.74891996384,436.955378715
20.4896012306,43.6738014221,53.0849146091
46.8669155121,95.9216995239,51.1404450248
23.3673002243,16.3277301788,43.1141987794
22.4260169983,17.0320510864,31.6695028948
27.1358766556,19.1467895508,41.7254656903
21.0168737411,9.30774021149,125.799960717
25.8393751621,48.1768989563,46.3656322389
23.4493213654,43.3874015808,45.9536166929
15.3006100655,0.236384004354,6372.77725379
25.5495595932,12.146270752,110.349004357
18.46445961,10.3646001816,78.1492704639
16.9935202599,3.74828004837,353.368479424
16.6885149002,1.58288002014,954.31332052
26.5713420868,54.8235015869,51.5329351142
12.3227646828,54.2312011719,77.2773524899
22.5785564423,20.0771007538,12.4592475734
35.7420780182,165.421295166,78.3933030011
22.9577528,36.1721076965,36.5318908354
28.8047607422,18.6674594879,54.3046645465
24.6169078827,18.9897613525,29.6325289491
16.7726613998,1.32614409924,1164.76914609
47.5321205139,190.508300781,75.0498428053
16.3626550674,1.06297600269,1439.32497309
13.4758657455,42.8835029602,68.5756414115
35.8331645966,38.0591011047,5.84863132225
22.2081676483,7.82918977737,183.658568509
22.8485723495,21.5189189911,6.17899699799
24.7326541901,14.4909687042,70.6763343078
9.68931970596,57.2126998901,83.0643900313
16.1618980408,2.06527996063,682.552406882
16.7903528214,1.68106007576,898.79552572
18.1761634827,1.91913795471,847.100412351
14.1357029915,60.5387992859,76.6501761544
125.859344482,694.478027344,81.8771308052
16.4976131439,1.23017597198,1241.07749782
91.8792984009,494.688018799,81.426819549
17.6607492447,2.90403199196,508.145822553
30.9744573593,162.731002808,80.9658535713
14.8091257095,1.75280201435,744.88296957
21.2130357742,13.5900506973,56.0923961704
29.766547966,26.8705997467,10.7773858663
18.3660282135,7.83557987213,134.392712642
26.5697906494,12.2230701447,117.374115791
16.8969514847,1.71274006367,886.545001376
22.5516831398,30.6030025482,26.308919838
33.8077100754,92.5554962158,63.4730389252
19.2143241882,5.5884103775,243.824502681
21.0987112045,0.200415998697,10427.458557
65.4854110718,394.128601074,83.3847604834
23.8956232071,138.20980835,82.7106169291
24.1774271011,21.1392192841,14.3723747611
15.6361057281,3.18182587624,391.419277369
24.3103187561,8.52175998688,185.273450479
20.3694446564,59.3467979431,65.6772642125
20.2920768738,9.10307025909,122.914646336
31.1673927307,41.0381774902,24.0526879194
21.1505607605,24.4001808167,13.3180162908
25.989891243,14.8462791443,75.0599661396
15.1811584473,0.730112016201,1979.29168544
17.1307072639,2.227039814,669.214234801
15.4286247253,0.413599997759,3630.32514723
92.9112617493,439.257995605,78.8481341993
28.9034362793,35.6156997681,18.8463613869
13.0041439056,0.652352035046,1893.42428735
18.3908704758,12.1702699661,51.1130856337
21.420098877,15.4693193436,38.4682700074
14.7079194069,43.9939002991,66.5682758135
18.5619024277,6.13224983215,202.693186607
18.767780447,44.2193984985,57.557585394
17.4675600052,2.54480004311,586.402063396
28.347179985,17.8022594452,59.2336078031
26.2393087387,110.507102966,76.2555455402
26.9408344269,26.419500351,1.97329271562
27.1634233475,18.1893596649,49.3368862229
20.4091575623,8.79203987122,132.13222257
24.4314832687,19.9582901001,22.4127074324
20.0351425171,10.7183094025,86.9244650885
14.0717489243,46.1058006287,69.479439176
19.3819599152,7.04303979874,175.193105094
21.1535326004,3.19776010513,561.51092968
7.19708890915,48.6021995544,85.1918452763
43.4407840729,57.881603241,24.9488928425
27.3038675308,22.550201416,21.0803709781
23.2552915573,21.058719635,10.4307002533
30.7507102966,34.6908988953,11.3579893405
20.3045629501,5.70994997025,255.599664725
29.284395504,165.23739624,82.2773801994
16.3031162262,0.392735987902,4051.16432627
19.8727693558,7.39035987854,168.901240026
25.5574832916,29.2902011871,12.7439134735
19.047644043,4.34902000427,337.975544473
25.7076345444,101.047996521,74.5589863931
30.3477296829,208.531997681,85.4469673621
19.5858486176,6.54928016663,199.053455025
25.8193601608,9.81462001801,163.070400214
24.0041536331,27.0307006836,11.1967021717
18.0906837463,5.40419006348,234.752914569
20.0121871948,121.306106567,83.5027371984
12.631754756,80.3300018311,84.2751718311
35.6657848358,154.030502319,76.8449857017
30.7120275497,41.6918983459,26.335742031
23.4018562317,79.30909729,70.4928475656
44.9494462967,100.652198792,55.3418138537
31.4764774323,158.179504395,80.1007864118
18.7078626633,10.3751993179,80.313284497
14.4809790611,0.76892799139,1783.26855353
20.6686893463,7.06186008453,192.680527494
15.1134814262,0.77683198452,1845.52769806
27.9010408401,38.8270988464,28.1402894651
19.7880617142,0.431807994843,4482.60661
18.9158607483,5.3109703064,256.165816358
27.5569944382,20.6774101257,33.2710154251
21.0432752609,10.9067497253,92.9380960492
19.7593962669,13.1042299271,50.7863978037
31.6529020309,213.543807983,85.1773262218
23.6031953812,12.4991998672,88.8376506644
120.198859406,721.54699707,83.3415065278
23.9498748779,17.1591587067,39.5748782755
29.1769090652,18.6403903961,56.5252038462
34.577658844,138.67729187,75.0660988705
29.4269079208,48.3068008423,39.0833021278
29.369443512,38.6878967285,24.0862233529
17.7638101578,1.86893200874,850.479208161
15.0851816177,1.64329397678,817.984355256
50.7298564911,84.9406967163,40.2761474155
44.8670848846,247.088012695,81.8416586077
25.204255867,14.5302400589,73.4606982737
8.9231423378,0.821439981461,986.280499999
16.5961437225,3.28410005569,405.348297588
20.8713047028,7.3193898201,185.150883007
25.5309247971,13.2849597931,92.1791649707
25.7712100983,9.01862049103,185.755566762
22.3769361496,123.336807251,81.8570492878
16.9569508553,94.1756973267,81.9943453177
10.9919466972,35.8956985474,69.3780950307
16.7456728935,2.26921415329,637.95031065
38.8185798645,29.93060112,29.6952898102
21.1588451385,5.86886024475,260.527329944
17.2607704163,4.90780639648,251.700312152
18.0935337067,8.94048023224,102.377649037
50.5022758484,84.3973007202,40.1612665128
26.4541664124,129.015899658,79.4954215082
16.6885082245,1.03641605377,1510.21321155
18.3010250092,5.92640018463,208.805083002
23.6936481476,97.1168060303,75.6029372092
62.4999153137,317.12399292,80.2916472077
26.6905023575,18.4789791107,44.4371044394
68.6602401733,338.7578125,79.7317618547
56.5915245056,262.906982422,78.4746970262
18.6933954239,54.2982978821,65.5727782398
26.4905807495,19.3317699432,37.031326295
45.970753479,104.636398315,56.0661928171
21.135370636,5.8949098587,258.535942747
16.7712532043,5.52039003372,203.805584422
24.7411407471,9.19682979584,169.018143168
27.2025615692,17.049539566,59.5501242942
27.8555826187,19.6218395233,41.9621365551
30.0116098404,30.3202991486,1.01809453348
31.8947526932,97.9930038452,67.4520104072
18.6007315636,56.7140007019,67.2025754957
23.9385606766,89.4152984619,73.227667873
39.0095579147,64.7511978149,39.7546929924
30.3749229431,31.2607002258,2.83351708796
17.4616960526,2.58675599098,575.04225808
40.5866142273,52.072479248,22.0574575795
23.2203212738,2.16665410995,971.713346727
15.5761481285,2.8472700119,447.055532612
46.693170929,104.352996826,55.2545951251
15.630961895,3.740639925,317.868659063
15.9140668869,0.685792028904,2220.53832885
21.4269012451,6.94137001038,208.684038066
28.59659729,24.0250282288,19.0283608317
23.9167999268,18.375169754,30.1582529408
45.9726528168,88.3475952148,47.9638888812
27.7438014984,21.5897407532,28.5045606411
17.0933786392,5.45637989044,213.273250441
25.9495464325,34.2595596313,24.2560420749
39.1402592659,86.5320968628,54.7679292599
19.4604146957,4.44666004181,337.641162418
23.4502981186,13.3802804947,75.2601384395
21.9338567734,15.2936296463,43.4182550555
21.9311004639,17.62018013,24.4658130737
17.5125839233,0.254399985075,6783.87773222
14.3996358871,1.9759979248,628.727277817
14.7578598022,2.60540986061,466.431409712
24.7820898056,12.8894996643,92.265723659
15.8788679123,5.4807600975,189.720178037
17.2569425583,2.11283397675,716.767561873
9.4631608963,69.6016998291,86.4038365162
17.2474714279,2.03298997879,748.379559558
26.9659484863,15.8045692444,70.6212176324
18.2612658501,37.3451004028,51.1013073922
26.7449590683,10.448800087,155.9620133
22.6177900314,17.7148895264,27.6767207482
19.6199838638,9.75625991821,101.10148795
23.9190340042,13.7221803665,74.3092815088
29.60991745,24.4335289001,21.185595298
41.9595432281,46.7341995239,10.2166215414
51.3393333435,255.105987549,79.8752926825
20.542647934,4.21702003479,387.136597988
14.6010123253,0.943455994129,1447.60925959
22.2400396347,122.985107422,81.9164774492
40.8360153198,56.4710693359,27.6868389424
15.3298408031,94.8154983521,83.8319250865
9.38898739815,32.9393005371,71.4960935871
21.7473911285,5.68991994858,282.209087739
25.4513595581,20.6584701538,23.2006018288
23.7762729645,11.5905303955,105.13533163
18.7668355942,9.90004062653,89.5632179922
52.465512085,265.471984863,80.2368931275
27.7104964256,52.2325019836,46.9477904116
30.1513023376,149.678100586,79.8559026206
19.0979736328,6.63664007187,187.765698094
40.7351528168,207.406799316,80.3597794522
31.0756694794,160.962203979,80.6938096577
17.36485672,1.94714009762,791.813421192
19.2731140137,103.167800903,81.3186732247
27.5587213516,39.2049980164,29.7061019105
28.8092107773,22.197599411,29.7852539991
21.2983768463,56.0999984741,62.034977851
27.4679214478,19.2211399078,42.9047474783
21.8672487259,44.1558990479,50.4771747435
23.3332422256,11.8003797531,97.7329773603
28.3695796967,26.3262996674,7.76136432053
38.2576011658,50.2700996399,23.8959114069
32.2160499573,50.1260986328,35.7299873001
16.1988274574,75.4841003418,78.5400801174
9.18581809998,0.893087983131,928.545705852
17.0315950394,2.30198192596,639.866583976
18.0515340805,4.37301969528,312.793340491
20.6314990997,99.9287033081,79.353780829
48.8181529999,80.3924026489,39.2751660713
20.7071699142,9.795129776,111.402711223
13.3072450638,1.76099407673,655.66665667
33.797190094,37.7405014038,10.4484868063
43.4381877899,83.0294952393,47.6834254324
27.9913263321,37.2010307312,24.7565839389
19.7448795319,4.0352640152,389.30824495
57.4182945251,261.367004395,78.031544319
38.3869430542,108.423698425,64.5954310619
22.1476400375,12.2569799423,80.694103619
17.8420312881,5.40006399155,230.404071435
26.9183811188,14.4111595154,86.7884474531
17.0421526909,2.97677016258,472.504821
24.0963777542,15.7694406509,52.8042641942
32.6275848389,240.861404419,86.4537928285
21.0399263382,10.522600174,99.949879216
14.2809551239,9.82989025116,45.2809213431
21.6693119049,123.620193481,82.4710580896
29.5168516159,21.1725406647,39.4110044864
27.9554601669,88.7518997192,68.5015641858
20.1181734085,12.4227199554,61.9466065456
18.8064735413,4.37133026123,330.223122422
21.6598648071,9.41699028015,130.008358964
17.3467960358,0.479647994041,3516.56803557
13.5422929764,0.90307199955,1399.58065172
38.0460723877,245.620101929,84.5101959942
27.9405820847,50.0592002869,44.1849212042
30.3403348923,35.1394996643,13.6574647274
109.728330231,509.912963867,78.4809687131
17.6665458679,97.4346008301,81.8683037469
24.2704021454,32.9600028992,26.3640776379
21.2584793091,5.74979019165,269.726174356
43.8981716156,134.291397095,67.3112555493
18.2162948608,123.640403748,85.2667135429
17.3199172974,0.971520006657,1682.76486111
18.883423996,3.04738998413,519.658924335
28.8956977844,23.352689743,23.7360582544
18.7070287704,2.90220594406,544.579644967
42.4506187439,77.0387039185,44.8970237235
43.5163272858,264.699188232,83.5600828335
38.1811153412,194.685897827,80.388350791
16.0735927582,0.405248016119,3866.35939446
27.9835765839,21.2413005829,31.741352064
19.8212600708,121.531196594,83.6903933918
17.2412750244,4.48223972321,284.657583912
22.1975410461,5.47042989731,305.773247493
20.6695999146,14.8762207031,38.9438912412
18.7778795242,4.96572971344,278.149448477
28.9671567917,153.298904419,81.1041331955
17.2912010193,3.54288005829,388.054936515
20.9935676575,10.2297906876,105.219914059
38.8458843231,51.5898017883,24.7023966432
14.5900865555,1.19078397751,1125.25049304
24.3962833405,11.7589998245,107.46903397
20.9550067902,8.40592002869,149.288676536
40.9130512238,43.5506973267,6.05649568162
19.7669996262,12.2595500946,61.2375615224
14.8955616951,0.425760000944,3398.58175077
114.582556152,616.807006836,81.4232726149
31.0040245056,60.7082977295,48.9295110139
20.8726930618,6.99574995041,198.362480217
41.3962631226,66.8059997559,38.0351117058
35.3077135086,63.1730995178,44.1095754711
16.5177351952,5.26607990265,213.662828907
19.2773704529,9.00115013123,114.1656363
28.9383508682,32.9931983948,12.2899498195
22.5871658325,12.2914295197,83.7635386218
36.6999607086,49.3401985168,25.6185386119
20.4170542717,44.5469017029,54.1672855098
13.660428524,1.32204794884,933.27784261
14.4753275871,2.55296397209,467.00085647
23.5443223953,7.06316995621,233.339315652
22.9523132324,12.4208803177,84.7881361495
41.3822814941,38.7541999817,6.78141082436
17.325892067,4.67209005356,270.838144564
32.0068971634,46.4032096863,31.0243895201
17.1279056549,1.90432405472,799.421798116
20.0152130127,3.54931020737,463.918390992
98.3644714355,474.348022461,79.2632272555
63.368032074,336.467803955,81.1666877695
50.333631134,66.3523025513,24.1418470819
14.4750061035,1.82956600189,691.171572304
23.781845665,25.4652996063,6.61077610462
15.6192287445,1.82230591774,757.113429335
30.8600606918,14.870139122,107.530410029
24.0627853394,18.8910102844,27.3769109066
25.8258821487,7.47125959396,245.669720399
29.1115171432,50.7050971985,42.5866061763
33.1899383545,162.801101685,79.6131979384
20.1752456665,10.5754499435,90.7743478926
22.7921689987,217.948303223,89.5423966777
34.4822612762,45.6772994995,24.5089756749
16.2596893311,0.314336001873,5072.70985002
19.5325349808,1.82579398155,969.810459347
21.7642354965,6.13360023499,254.836224447
23.9589277267,15.8239994049,51.4088007316
17.0344446182,3.0107820034,465.781401608
34.6034313202,235.624694824,85.3141745834
23.002388382,9.65573978424,138.225023623
36.7173301697,178.522506714,79.4326604272
21.1461696625,11.0023708344,92.1964818388
18.4714408875,80.2850036621,76.9926635799
17.3478755951,7.46716976166,132.321966003
23.1770217896,10.2173099518,126.840742807
44.3963191986,248.285614014,82.1188515593
11.0968255997,1.23084795475,801.559413317
17.7104869843,2.44463801384,624.462553719
24.0667146683,135.172302246,82.1955280273
18.3439760208,3.61257600784,407.781039928
25.9230710983,19.653301239,31.9018661703
30.1831038475,80.5010986328,62.505972763
12.8816695213,1.55545604229,728.160306116
15.426932621,2.49858999252,517.425534688
28.2346849442,15.8952999115,77.6291425853
20.8412927628,20.1540794373,3.40979764241
30.6850980759,33.417301178,8.17601363904
28.8289571762,20.650018692,39.6074144347
32.2664827347,199.694610596,83.8420863545
13.3795776367,0.498176008463,2585.71296277
18.6521622658,22.3759002686,16.6417348937
25.5223314285,10.5586500168,141.719645863
16.5871229172,1.7750120163,834.479471964
16.4511979103,2.99663996696,448.988136435
27.1177667618,17.4781494141,55.1523912478
87.097618103,456.618011475,80.9254966045
13.497217083,1.74300801754,674.363453705
8.58891916275,66.5453948975,87.0931426946
18.2343139648,4.2077460289,333.35110626
25.4666324615,29.9426994324,14.9487756805
16.5283050537,4.30611419678,283.833412177
27.7467962265,17.3171901703,60.2268956664
18.2394510269,3.42236995697,432.947964605
17.7104919434,2.66175603867,565.368714717
26.259969902,10.5206804276,149.60334156
24.7618186951,132.93460083,81.3729318474
28.2179265976,27.2686100006,3.48135309047
21.9197839737,9.26035022736,136.705777163
16.3567102432,58.3031005859,71.9453852731
22.0143068314,8.6373796463,154.87251612
33.1488460541,20.3138389587,63.1835623065
14.4958339691,54.5363998413,73.4198920147
22.8390945435,7.4514503479,206.505357711
44.699848938,43.9061012268,1.80783009423
14.0772417068,2.00361609459,602.5917662
42.5355442047,79.9555969238,46.801042277
16.7336133957,6.11017990112,173.864496078
19.2562795639,6.56137990952,193.479113075
35.6892299652,43.382900238,17.7343382545
24.3403680801,20.6151199341,18.0704655513
16.6499582291,1.24259209633,1239.93756103
17.1076473236,82.9712982178,79.3812466587
18.3022157669,1.95117199421,838.011401415
15.8678087234,3.72128009796,326.407265934
27.7353084564,23.5075206757,17.9848306382
30.1200853348,38.7579498291,22.2866909432
27.0928239822,23.9989299774,12.8917997916
17.6898759842,9.85840034485,79.4396186541
25.581795311,164.660705566,84.4639343534
19.7849428177,0.344000011683,5651.43667028
19.7417263031,7.53949022293,161.844312007
12.8608058929,3.2166697979,299.817410583
18.9810310364,4.26959991455,344.562287246
15.3331159592,5.31551980972,188.459388885
31.8784004211,163.224807739,80.4696351843
24.5773590088,9.91957950592,147.766137608
24.3300333023,13.1678705215,84.7681693293
29.5076383591,37.507900238,21.3295381192
20.8577064514,121.882202148,82.8869957354
28.7016775131,23.3111400604,23.1242978195
15.1339057922,2.65216016769,470.625634778
16.3692461014,4.47583961487,265.724590466
16.614815712,0.803263962269,1968.41293677
17.6114459991,5.79874992371,203.711079644
7.41436185837,15.3269805908,51.6254241047
16.6999671936,5.90150976181,182.977879689
17.5055099487,2.81334781647,522.230562686
24.0925582886,86.1725997925,72.041509312
20.3875001907,4.42274999619,360.96885893
13.9788654327,0.314976006746,4338.07310187
22.7155033112,14.0800600052,61.3310121036
21.4847695351,46.2419013977,53.538308578
28.2301448822,32.0602989197,11.9467196706
23.6791296005,132.19619751,82.0878890266
79.978338623,445.405883789,82.0437175318
39.8063642502,65.992401123,39.6803820246
22.745249176,56.0102996826,59.3909525482
15.2211554527,66.9277954102,77.2573482221
21.0542095184,139.646408081,84.9232000968
23.2979812622,14.0902795792,65.3478991053
16.1850919724,86.9773025513,81.391591257
16.7919733047,3.29334998131,409.87515448
37.7941684723,50.5186004639,25.1876177779
26.8921890259,22.3387584686,20.3835435333
24.8547153473,15.312130928,62.3204207442
27.3671369553,20.0085296631,36.77735154
41.5825271606,79.2567977905,47.5344344967
26.3943593979,15.5325803757,69.9290057383
26.4761339188,10.6510105133,148.578610318
23.4283008575,12.5919694901,86.057477951
80.9324417114,444.358001709,81.78665819
37.0399036407,60.3276977539,38.6021595058
25.6751289368,13.8032302856,86.0081184291
24.6377510071,11.6933794022,110.698294819
43.2329418182,54.9998016357,21.3943677387
17.4969701767,5.22688007355,234.749792046
29.5846748352,24.8460197449,19.0720893688
17.0593278885,0.789632022381,2060.41490276
18.1732637405,6.37446022034,185.094943138
7.08654942513,0.323199987411,2092.62057585
17.3603168488,2.39308595657,625.436409882
27.0162467957,17.1920108795,57.1441932243
9.63136253357,85.2111968994,88.6970693007
22.7705497742,11.1842498779,103.594787515
28.5120038986,26.8482990265,6.19668631704
29.4349815369,17.6924800873,66.3700136536
25.518063736,25.1646900177,1.40424427248
40.8106964111,222.040206909,81.6201322368
34.189541626,57.0545005798,40.0756447283
28.2944286346,20.9146499634,35.2852124429
98.9516204834,533.057983398,81.4369874263
16.9356782913,4.25279998779,298.224189709
25.9815055847,16.3049907684,59.3469505976
19.9912569046,7.75110006332,157.915092584
43.6556747437,48.4824028015,9.95562880335
59.378799057,326.973693848,81.8398849283
16.6865909576,3.65813994408,356.149606432
16.4815252304,0.218815997243,7432.13907487
20.7386896133,99.1667022705,79.0870431924
31.4334646225,157.481903076,80.0399512525
18.0349742889,3.43545389175,424.966273954
35.1218513489,35.8054084778,1.9090890398
20.7979509354,12.8640003204,61.6756095872
16.689484787,3.40156006813,390.642071659
57.1097099304,124.109603882,53.9844555585
21.3800453186,12.8603000641,66.2484173158
34.0850761414,163.574996948,79.1624167646
16.7333351135,0.899199962616,1760.91367985
26.8156427383,17.2770214081,55.2098715685
55.3355945587,243.509902954,77.2758340062
16.8444255829,4.0853099823,312.316951611
19.3153942108,4.49897003174,329.329248129
28.2850688934,19.0459098816,48.5099376679
23.8971050262,19.7134399414,21.2224000341
20.6600254059,7.23069000244,185.726886354
20.0188333511,9.40095996857,112.944565428
24.9724954605,127.38079834,80.3954004167
26.3003206253,21.7252388,21.0588333107
33.2263414383,149.534591675,77.7801637292
20.8837718964,7.74630022049,169.596727495
16.7357952118,2.81203007698,495.149936297
16.1644288063,3.12957000732,416.506381659
19.7828430176,7.92098999023,149.752152723
17.1299608231,1.99683606625,757.855139569
39.0599094391,41.8477973938,6.66197058946
17.596175766,0.752800047398,2237.43021494
15.3815478325,2.10460591316,630.851687544
16.0762798309,0.953471958637,1586.07788465
21.214799881,5.74114990234,269.521789917
26.481061554,20.366809845,30.0206647753
30.6482110977,31.7232990265,3.38895373988
19.933899498,4.10124015808,386.045652769
28.3603284836,28.8378982544,1.65604915657
17.4114082336,4.03538990021,331.467805199
29.7455039024,44.4306983948,33.0519101047
11.1562429428,68.9049987793,83.8092400545
54.2478614807,263.959991455,79.448453085
29.5274515152,31.0502986908,4.90445258116
14.5203165054,0.599071979523,2323.80164684
21.0080465317,7.6681599617,173.964636061
25.4549993515,8.4876203537,199.907374396
13.4988605499,1.48006606102,812.044462436
24.1361185074,9.44496059418,155.544936019
31.3565633774,27.6749992371,13.3028518223
33.5385246277,43.0966186523,22.178292227
11.466878891,2.09190583229,448.154640328
17.3074861526,2.45878815651,603.903103927
17.0330932617,4.80153989792,254.742304008
35.1298473358,16.1075897217,118.094997097
30.0950977325,29.5016994476,2.01140373613
15.0463773727,0.97769600153,1438.96276033
24.3838468552,25.1330013275,2.98076008746
17.6927358627,11.287779808,56.7423901211
24.6426986694,42.9016609192,42.5600358088
12.6003781319,94.3998031616,86.6521139771
24.0653177261,10.7095003128,124.709996015
23.9227319717,10.2472000122,133.456280186
19.2849962234,138.45489502,86.0712788661
27.5507833481,23.4021511078,17.7275679538
17.6024271011,3.23837018013,443.558213608
41.9522407532,62.4828987122,32.8580433721
14.7348782539,5.51898002625,166.985533266
20.5825439453,7.59240961075,171.093697529
17.9893165588,2.49091410637,622.197385805
47.8548530579,123.971801758,61.3985984076
20.3466060638,2.56060385704,694.601867364
32.1127475739,100.165893555,67.9404371745
27.1283746719,21.10820961,28.5204911889
14.7576252937,1.15875196457,1173.57931162
20.9005247116,115.925804138,81.9707744389
30.604608345,30.2619991302,1.13214336339
26.8518257141,26.5177001953,1.26000941386
19.047974205,1.88633406162,909.787958164
15.6772826195,1.58880400658,886.734836681
95.736995697,480.868988037,80.0908359493
10.7179760933,28.8397979736,62.8361609776
16.6652805328,1.37340593338,1113.42715419
16.3041912079,3.27094602585,398.454914237
21.0040906906,8.95213031769,134.62673068
27.8062250137,20.7045307159,34.3001944609
33.941135788,36.9986991882,8.26397540279
22.8100492477,8.1035194397,181.483242158
38.8696216583,64.4156036377,39.6580650289
17.9381777763,3.92786979675,356.689725081
24.9299671173,14.1311397552,76.418658007
41.6549861908,210.241104126,80.1870398446
17.148344326,3.1260201931,448.567931963
74.342855835,370.569000244,79.9381880875
27.2471351624,143.930404663,81.0692290999
24.368006897,15.75274086,54.6905844104
27.9849346161,16.7604904175,66.9696644849
19.6878688812,4.78061008453,311.827539437
20.219593811,22.0193996429,8.17372799029
20.2898433685,0.581439971924,3389.58522776
26.3821882248,21.5923995972,22.1827528065
39.3372577667,197.67350769,80.0998837799
13.9227734566,1.22127997875,1040.01487774
37.4551128387,40.6087989807,7.76601677746
30.9881214142,30.8099002838,0.578454096668
14.2500144958,1.52771604061,832.765914414
42.7898769379,202.257202148,78.8438302897
15.872228241,1.52768206596,938.974574265
16.4041583061,0.327264010906,4912.51520468
23.2864536285,168.80380249,86.2050183201
22.6231489182,9.03157997131,150.489382699
16.9666975021,2.30118608475,637.302281402
18.5279457092,2.69318008423,587.957920739
30.712256813,24.8323192596,23.6785678048
36.8375518799,46.8725013733,21.4090334405
24.3210786819,36.8740005493,34.0427446992
18.3002931595,4.40704011917,315.251340233
19.0787508011,4.14553022385,360.224621964
10.5709875107,1.23558402061,755.545825643
14.4641209602,0.706752002239,1946.56243129
22.8056585312,11.568860054,97.1296949285
17.3549203873,1.66560399532,941.959579588
21.5001328468,36.4048995972,40.9416504791
13.6152136803,1.78585803509,662.39059392
25.5202362061,10.4934997559,143.200426929
16.0430376053,1.44223999977,1012.36948135
24.78432827,16.1126003265,53.8195435105
24.2983657837,13.9074602127,74.7146165587
23.9883348465,48.9003982544,50.9445000392
8.01661701202,54.1601982117,85.198324089
28.1531196594,26.7989196777,5.05318870303
20.0731668472,5.51787996292,263.784043548
39.20990448,61.2280044556,35.9608322554
18.3248275757,2.39302802086,665.759005576
27.1267524719,29.2350006104,7.21138393847
16.3328544617,0.31852799654,5027.60405336
13.8326185226,1.33135998249,938.984099309
28.1920476913,32.6401290894,13.627646465
30.082040596,31.0108699799,2.9951735777
16.1020905495,2.18912005424,635.550821813
28.881080246,34.3675994873,15.9642201468
45.987695694,76.8168029785,40.1332860639
24.8524553299,14.829240799,67.5908811977
15.836870575,2.00707197189,689.053446848
19.8662820816,145.786499023,86.3730302774
45.0102878571,274.944793701,83.6293361838
33.7940479279,38.5106773376,12.247588814
21.5743366241,9.99781990051,115.790410698
21.2322803497,9.19180965424,130.991297127
19.4808925629,9.43578052521,106.457669409
21.4539712906,10.1194601059,112.007074153
15.397085762,4.61152029037,233.883075266
15.5895795822,1.14572799206,1260.67021931
23.6061731339,10.7532100677,119.526755128
18.3284917831,1.89743995667,865.958986937
25.5962743759,87.7073974609,70.816287888
38.5583438873,52.8839988708,27.0888270354
34.4835102081,48.0754814148,28.2721478947
29.0866163254,60.6551017761,52.0458865394
19.6423189163,28.2149982452,30.3834125893
12.9279955864,0.170080006123,7501.12601188
26.5430755615,14.9327297211,77.7509943415
28.7899686813,25.0946998596,14.7252959485
33.45091362,30.1280994415,11.028953834
31.0660924911,44.1365966797,29.6137563197
25.9615190506,12.6798696518,104.745945846
28.1684152603,129.611694336,78.2670727324
26.9876953125,30.8648300171,12.5616590224
23.001181221,23.6726303101,2.8363940984
31.1405799866,25.565700531,21.8060891733
17.3557189941,1.83721399307,844.675963692
20.3081684113,6.34704017639,219.962814901
42.7525903702,0.270175993443,15723.9782245
20.9850803375,3.79887986183,452.401789495
14.5797341347,1.26076602936,1056.41870063
26.7542375565,17.8687400818,49.7264912579
31.0208709717,40.1091995239,22.6589626822
20.3921474457,4.41775798798,361.594942529
18.0223236084,3.28434991837,448.733358392
17.1469103813,5.01763010025,241.733249337
29.6042819977,44.9916992188,34.20056919
19.7523454666,10.6063995361,86.2304488844
56.0177082062,252.712997437,77.8334676988
17.6559900284,78.5522994995,77.5232677581
24.0487894058,17.0302715302,41.212013932
14.7074328423,2.60322809219,464.969043103
16.5654981613,3.50504994392,372.618034731
29.972703743,37.3185005188,19.6840619899
18.3304706573,3.86611008644,374.132144391
10.2759858131,0.721215963364,1324.81397184
81.7727539063,436.660003662,81.2731293866
17.5784929276,0.522655963898,3263.30093633
17.6345401764,53.8517990112,67.2535727679
15.1037744522,60.1148986816,74.8751561037
14.5081946373,1.32617604733,993.987081622
25.2438472748,14.9600000381,68.7422941872
38.4246324539,60.3073997498,36.2853768968
19.5939269066,63.8885955811,69.3311040439
15.0468101501,0.131584003568,11335.1362948
25.6716148376,7.15327978134,258.87894256
23.4237169266,11.7807703018,98.8300962201
16.3175523758,12.5294303894,30.2337925082
25.4980768204,10.7844495773,136.433733938
16.3167140961,3.22108983994,406.558801738
85.4420661926,446.901000977,80.8812094836
25.2168916702,15.7861099243,59.7410115039
29.0364725113,33.4289970398,13.1398633446
21.9325174332,9.86775016785,122.264620203
17.6275583267,7.07725000381,149.073557063
15.5297865868,0.415136009455,3640.89123397
24.5039745331,12.6864299774,93.151064379
33.017171669,34.600692749,4.57655889003
15.6344536781,0.607168018818,2474.9797739
12.4913023949,2.48207998276,403.259463097
17.3266043663,10.0952997208,71.6304106421
13.5138622284,0.447872012854,2917.34911773
29.4635480881,19.8635101318,48.3300176682
19.392590332,4.55290031433,325.939269327
24.116160202,14.5052099228,66.2586086682
22.7150115967,20.8830909729,8.77226760232
23.5671508789,36.051158905,34.6285900517
18.4366430283,3.86930990219,376.484011214
25.8840858459,16.1324214935,60.4476169701
22.6113805771,8.11420917511,178.66400889
30.0570020676,31.347700119,4.11736123082
23.1401027679,14.1315202713,63.7481482791
116.837109375,649.341003418,82.0068178723
26.5953725815,14.7819509506,79.9178787044
16.4901847839,1.85247802734,790.168981253
48.7726089478,107.506904602,54.633045079
9.4251748085,55.1593017578,82.9128097925
6.46944150925,39.1916007996,83.492785757
25.0694892883,17.1503009796,46.1752147565
29.78116436,21.71434021,37.149754826
7.90130515099,61.7892990112,87.212502363
19.8415924072,11.7844495773,68.3709729251
18.165388298,2.87004995346,532.929342436
17.108266449,2.39750409126,613.586538239
27.8679376602,17.6161994934,58.1949481819
17.2065921783,4.32879781723,297.491241329
26.8654375076,18.8850708008,42.2575419019
12.8241717339,0.460063993931,2687.47563448
16.4890715599,2.99848985672,449.912534236
27.9719554901,18.5860385895,50.4998246692
64.0995052338,276.92300415,76.8529503605
16.7208040237,5.66201019287,195.315682137
49.9373123169,253.104690552,80.2700960587
23.0266309738,36.4606018066,36.8451703131
18.3592218399,111.022994995,83.4635862231
20.2471185684,17.7866897583,13.8329776004
24.8935886383,65.4692993164,61.9766991579
45.815385437,215.512008667,78.7411449968
49.9366786957,131.627487183,62.0621195736
88.8760726929,443.978973389,79.9819185097
23.7826549053,43.8218002319,45.7287131532
24.8978048325,30.8689994812,19.3436611134
27.0079982758,55.1612014771,51.0380529202
37.8646053314,67.6346969604,44.0160050491
25.7479305267,16.8867588043,52.474082357
24.8382795334,14.6079406738,70.0327245844
27.6479837418,5.20880031586,430.793696537
45.6327205658,48.1251983643,5.17915329844
17.9624311447,6.5525097847,174.130550505
19.1878761292,15.6884803772,22.3055112275
38.2830169678,47.1823806763,18.8616249984
17.010849762,0.366656005383,4539.45756029
12.478005743,36.950302124,66.2303011728
18.014596653,3.65847015381,392.407916304
115.674054718,455.748016357,74.6188572267
45.0650245667,48.2129974365,6.5293033772
15.9141902924,2.95545983315,438.467486984
89.7443214417,471.539978027,80.9678233822
17.4729372025,3.31036806107,427.824606815
22.0298057556,8.77126979828,151.158683546
50.3135139465,243.208007812,79.3125586616
20.7271538734,57.745098114,64.105777719
56.251241684,250.140197754,77.5121143307
17.7887342453,2.49101018906,614.117281553
18.177766037,3.51830005646,416.663324483
17.1228084564,3.28294014931,421.569315238
15.7754916191,2.67628407478,489.45504955
54.6421348572,281.464996338,80.5865256539
25.696304512,15.7046003342,63.6227854594
18.813092804,8.04098987579,133.964886097
18.4902345657,50.8830986023,63.661343209
16.0791397095,0.906816005707,1673.14246862
21.2182693481,0.144000008702,14634.9083791
24.8166528702,25.2688808441,1.78966364489
14.7977531433,1.91033601761,674.615198945
41.767748642,0.776319980621,5280.22332087
15.2196750641,84.7040023804,82.0319292638
18.090722084,5.30899000168,240.756378865
41.6610725403,202.199508667,79.3960564915
14.8136964798,0.73871999979,1905.31953704
18.9977489471,118.116600037,83.91610583
19.3783364296,120.649902344,83.9383737134
12.1251390457,1.65225601196,633.853528625
17.4598069668,58.1081008911,69.9528866044
20.2450752258,115.454101562,82.4648280556
29.3560434341,36.4296989441,19.4172768784
16.7753787994,102.101799011,83.5699478737
126.382486725,613.300964355,79.3930722321
21.7930675507,3.64079785347,498.57944406
15.7558552742,0.45039999485,3398.19170834
35.0484760284,39.54529953,11.3713223949
229.835606384,900.606994629,74.4799221242
26.9563850403,12.4313592911,116.841814391
11.3568329811,83.1887969971,86.3481221137
27.9303670883,23.2984409332,19.8808416768
42.5913871765,38.1935005188,11.5147514576
20.5075801849,0.179263994098,11339.8768633
31.3159477234,44.6377029419,29.8441773221
17.4926570892,55.9293022156,68.7236271574
15.5641130447,2.52210998535,517.106832578
