Ensembled Results,Labels,Error(%)
14.9853201866,3.61637997627,314.373497391
26.7732807159,26.1833000183,2.25327096745
12.5550836563,10.1808996201,23.3199827604
14.7480799675,5.67037010193,160.090253412
14.9136382103,3.38569808006,340.489312917
34.1560325623,45.9323997498,25.6384757854
14.9236177444,1.02608001232,1354.43021648
15.8199514389,4.39120006561,260.264875262
14.3994995117,1.43391799927,904.206622629
14.5074474335,5.00306987762,189.970913626
15.3698127747,21.4134998322,28.2237238418
190.099609375,428.527008057,55.6388265381
20.6723508835,21.7497386932,4.95356668395
30.6310274124,39.0055999756,21.4701800983
12.4065276146,0.644288003445,1825.61828689
71.4669530869,174.708587646,59.0936232445
13.6103505135,1.3283200264,924.628872785
48.1219732046,89.3469009399,46.1402995534
72.5370492935,142.99079895,49.2715266814
15.2620308876,9.33015060425,63.5775405453
33.900164032,54.0956993103,37.3329775487
39.5275690079,69.4134979248,43.0549242012
32.8956008911,44.2917022705,25.7296531747
27.9133346558,31.7273006439,12.0210856605
14.834213829,0.153983995318,9533.60756965
14.3996026993,4.35933017731,230.316863224
13.5477231026,6.92013025284,95.7726604498
40.6353321552,67.7356948853,40.0089831158
19.7503540039,21.7581596375,9.22782839634
27.2493066788,34.9959030151,22.1357235246
16.743283844,8.16079998016,105.167188078
14.0883822441,0.998495995998,1310.96031437
29.199149704,26.3057003021,10.9993247419
63.924587059,146.798400879,56.4541666147
14.7403898239,0.433472007513,3300.54018908
18.6933675766,24.2360305786,22.8695164583
14.2711717606,3.67750811577,288.066356655
15.1189587593,4.5401597023,233.004998737
33.1880613327,69.2155990601,52.0511824164
38.6445694923,76.4661941528,49.4618897665
15.9095211983,8.46051025391,88.0444644686
22.2936170578,32.3427505493,31.0707448218
25.1219812393,25.5758991241,1.77478759446
25.2863718033,29.1263790131,13.183949876
38.8143425941,85.2947006226,54.4938404018
109.976295471,214.109802246,48.6355625396
13.3518351555,1.87798202038,610.967145085
30.7939912796,41.8367004395,26.3947898469
29.0261604309,34.0052986145,14.6422421989
120.846785736,324.123413086,62.7158110593
15.1920689583,7.40635967255,105.121944247
80.9884027481,182.129898071,55.5326151248
13.9870889664,1.74697804451,700.644805487
18.0903875351,13.2099199295,36.9454745497
57.7308022499,107.435203552,46.264538679
25.9626058578,22.8868808746,13.4388123924
24.8393907547,18.8696689606,31.6366005498
54.6772323608,139.554000854,60.8200180389
34.1805849075,46.3400001526,26.2395666919
16.4780797958,26.8631210327,38.6591015401
15.4292671204,1.1374399662,1256.49067897
37.3757175446,60.5946006775,38.318402751
59.8152929306,104.013298035,42.4926484778
74.405330658,128.24319458,41.9810689358
14.601671505,9.21100997925,58.5241090594
25.7023834229,22.9467411041,12.008861329
32.1498796463,50.1333808899,35.8713115381
44.6925958633,62.7390022278,28.764254648
14.2707608223,1.98146808147,620.211491455
14.7736824989,11.3924207687,29.6799231597
20.1578090668,10.4041004181,93.7486976935
13.2028468132,1.64191794395,704.111244524
15.5473437309,16.9476108551,8.26232757023
13.7205435753,5.57420969009,146.143298119
13.0811479568,1.75228393078,646.519883398
13.5097284317,0.848640024662,1491.92685227
15.0638964653,5.64828014374,166.698819498
56.4874791145,103.967399597,45.6680850599
13.5779408455,0.650175988674,1988.34855209
13.0803432465,0.865823984146,1410.73930568
15.9256648064,10.8189496994,47.201579163
14.0472720146,6.13174009323,129.09111934
13.7432794571,1.42256009579,866.094824239
13.0839024544,3.56383991241,267.129354178
94.4524772644,220.640594482,57.1917046879
12.9190526009,2.19702386856,488.025136446
13.8328410149,0.481792002916,2771.12300145
110.392430115,210.303512573,47.5080426551
12.7197544098,3.32643413544,282.384075316
37.0970466614,55.6368026733,33.3228279145
30.4063138962,51.1107025146,40.508910267
31.7463693619,39.1758003235,18.9643374233
58.9036714554,112.632301331,47.7026831916
175.494351196,368.846008301,52.4206993578
16.0626905441,2.55439996719,528.824410837
33.8236898422,66.4048995972,49.0644665568
23.1264972687,14.7445192337,56.8480931939
24.5438886642,21.5618305206,13.8302642754
14.28192873,3.23228597641,341.852262895
14.1382019997,3.18368005753,344.083631025
47.8543915749,104.217498779,54.0821914406
25.6509063721,32.0148696899,19.8781484339
25.6013339996,18.0580406189,41.7724909359
30.1268882751,25.2155895233,19.4772315249
27.9911621094,26.8901996613,4.09428885612
13.773158741,2.54949998856,440.229802033
32.7012145996,39.5249023438,17.2642747724
40.678597641,71.1560974121,42.8318877504
25.4933885574,17.1768798828,48.4168762392
14.1998894691,0.732159972191,1839.45176034
88.1832263947,160.862991333,45.181159654
13.3287721634,0.855711996555,1457.62361835
14.7609761238,3.47078990936,325.291547725
20.9036359787,16.8020000458,24.4115933921
23.3879922867,17.0818710327,36.917040539
32.4419338226,48.2173995972,32.7173715429
21.1273235321,16.667470932,26.7578243771
17.5565181732,13.684129715,28.2983904633
13.3329954147,4.28794002533,210.941742095
20.8719179153,19.1940898895,8.7413783903
15.7358812332,3.39732003212,363.185130763
89.6918281555,120.606193542,25.6324857613
63.0866901398,108.723495483,41.9751086375
14.4128123283,3.18585205078,352.400554031
14.2482943535,0.586784005165,2328.20087597
191.168624878,442.763000488,56.8237127612
31.7686662674,49.7849006653,36.1881497344
14.3315910339,1.33321595192,974.963963137
17.6341033936,14.7951793671,19.1881690384
13.0068162918,9.53701972961,36.3823989104
16.8112814903,12.6010904312,33.4113232668
24.5288240433,19.9214401245,23.127765312
31.7661146164,43.0433006287,26.1996311797
14.3245404243,1.33411204815,973.713444401
25.0473320007,23.8775005341,4.89930453569
18.0928411484,12.8500499725,40.7997726627
15.6320270538,9.50588989258,64.4456987245
66.7861989975,164.467498779,59.3924638648
14.7992224693,0.167231991887,8749.5163529
74.7728115082,177.236709595,57.8118936652
21.861640358,18.6142807007,17.4455285676
30.8233568192,39.0488014221,21.064525167
13.8643115044,0.759872019291,1724.55876153
25.0579910278,19.726518631,27.0269300761
31.2644891739,46.1304969788,32.225986665
38.0662139416,76.6389007568,50.330428065
23.1787916183,14.6799402237,57.8943188129
14.1283853531,1.06870400906,1222.01107448
51.5159837723,86.0512008667,40.1333354405
30.1958957672,40.7900009155,25.9723091702
43.0362061501,88.53099823,51.3885452435
20.9175506592,23.7278289795,11.8438072136
35.8989895821,61.822101593,41.9317870842
31.4175830841,37.4308013916,16.0648933069
14.3603406906,7.41491031647,93.6684339758
30.5131790161,42.7971000671,28.702694883
14.9954528809,2.8245139122,430.903842112
43.6812839031,94.908203125,53.9752282049
34.2248239517,53.5847015381,36.1294866457
21.1162288666,23.8222293854,11.3591405532
15.3968744278,6.51155996323,136.454467359
15.2024528503,3.85440015793,294.418125453
15.2982762337,8.49077987671,80.1751600655
89.4701629639,141.589996338,36.8103924868
14.3811619759,4.65499973297,208.940124615
29.2002040863,27.4491004944,6.37945710562
13.1789254189,0.452191978693,2814.45360374
41.8924450397,63.002696991,33.5069020208
14.7608912468,1.03968000412,1319.75330759
59.8211649895,104.450294495,42.7276243893
22.8178993225,13.083199501,74.4061100704
29.8269184113,30.1060619354,0.927200391631
16.0452591896,2.12784409523,654.061786085
42.1357957363,68.4395980835,38.4336014292
22.4097047806,34.7353401184,35.4844239205
33.734992218,53.0247993469,36.3788404039
17.4590744019,18.3366985321,4.78616218024
14.1696960449,1.45120000839,876.41234585
13.6263046265,1.35340797901,906.814267226
13.5021500587,1.51343810558,792.150792883
16.2009636879,13.0745000839,23.912681815
15.837244606,7.50591945648,110.996729952
17.6031942368,10.0334405899,75.4452431249
14.5544490814,2.57280397415,465.703770192
13.9587175369,8.36810016632,66.8086812955
14.9682518005,1.76069998741,750.130738204
34.7706664085,45.5620994568,23.6851092836
13.9451388359,5.13775968552,171.424505806
14.828745079,7.9584903717,86.326104405
31.2444862366,38.939201355,19.7608447288
69.0577550888,131.092498779,47.3213526847
13.4589621544,2.35519599915,471.458263315
19.3362054825,23.2031402588,16.6655665275
14.4883426666,0.270431995392,5257.48096139
26.3317747116,25.7721004486,2.17162844028
131.774105835,108.141601562,21.8532959851
15.3770565033,5.83523988724,163.520554432
24.7326459885,20.7027797699,19.4653387775
19.3760885239,20.3800601959,4.92624488057
14.3099876404,0.730943977833,1857.74068525
35.2021515846,76.0996017456,53.7420028789
15.6589759827,2.58742809296,505.194634212
31.0069320679,39.4692001343,21.4401812999
14.4415807724,0.223935991526,6348.97708225
26.0879261017,25.0469493866,4.15610180314
16.3193950653,0.925696015358,1662.93240919
14.0730108261,1.92559802532,630.838453356
151.372253418,334.71697998,54.776045892
21.5645238876,13.1554298401,63.9210892366
28.5374149323,28.4364013672,0.355226260029
53.9753152847,120.049797058,55.0392282141
15.6311257362,11.2949399948,38.3905159604
16.2853116989,7.12188959122,128.665601879
14.6449761391,5.71948766708,156.053985803
35.4240361214,45.7960014343,22.6481897723
16.1100448608,7.09238004684,127.145820647
14.2146727562,0.613312005997,2217.69028116
31.4898475647,51.3229522705,38.6437331221
16.6495346069,9.41846084595,76.7755356131
22.1880455017,21.3921089172,3.7207018137
15.4483081818,6.77481031418,128.025693198
16.8381216049,12.9863204956,29.6604500914
102.639865112,298.79800415,65.649079416
30.1732248306,39.4318008423,23.4799725447
14.4553652763,6.0263299942,139.870124773
30.097585392,47.222202301,36.2639099292
14.6391693115,0.329439997673,4343.65268787
69.6879631042,162.169204712,57.0276223355
109.768497086,289.116699219,62.0331522246
15.8513235092,9.39383029938,68.7418550691
15.0116226196,2.36445212364,534.887992424
17.4556367874,10.2430095673,70.4151174788
80.0488147736,155.669403076,48.5776824529
39.1870630264,52.3334007263,25.1203581603
24.4521930695,21.2161712646,15.252619167
30.7518438339,37.3205986023,17.600882661
17.987493515,11.4739198685,56.7685126026
80.9260181427,146.182800293,44.6405336466
215.894346619,545.54498291,60.4259312464
14.7601523399,4.51411008835,226.978120849
75.0476676941,140.194198608,46.4687779958
14.7207622528,2.20956397057,566.229285457
37.5308410645,75.3743057251,50.2073807468
33.7001424789,45.6805992126,26.2265752643
13.797591877,1.28307199478,975.356015337
14.7157722473,3.0397799015,384.106505212
51.9713204384,83.7263031006,37.9271286158
16.060723114,5.51823997498,191.047928087
14.5312842369,4.0202498436,261.452267949
152.33704071,417.684204102,63.5281776963
16.2009081841,9.12998008728,77.4473550783
32.3411716461,51.9919128418,37.7957649981
17.3693897247,24.9509487152,30.3858545702
18.7900209427,29.7643699646,36.8707586788
192.911763,451.92300415,57.3131349303
149.854590607,343.125,56.3265309707
14.8464148521,1.61581206322,818.820646913
24.1653026581,22.1272411346,9.210644522
14.195994854,2.60125017166,445.737392298
13.29904356,3.95231580734,236.487371159
23.3686332703,26.9286003113,13.2200225777
29.7979228973,48.4883117676,38.5461736837
62.8584353447,105.457099915,40.3943068834
24.909204483,34.1839790344,27.1319337695
14.2295655251,0.8987839818,1483.20194988
17.8780591965,10.8239994049,65.1705485901
27.138259697,47.9641189575,43.4196639346
15.9192205429,8.16541004181,94.9592299884
20.076232338,20.0546989441,0.107373308968
38.2765256882,88.9027023315,56.9455993076
165.214982605,373.506988525,55.7665618902
14.1684137344,7.1432299614,98.3474396178
21.5443637848,26.5221996307,18.7685633743
14.0231659889,1.86057400703,653.7010587
22.280830574,24.6312789917,9.54253499567
15.6999186516,4.85682964325,223.25446443
33.0852400303,54.8501014709,39.6806220171
18.5189117432,22.8941307068,19.1106577474
13.4196505547,4.53341007233,196.016692524
41.0963230133,68.3235015869,39.8503852133
14.871152401,1.65170800686,800.349961326
16.0194149971,5.94023036957,169.676662359
12.7106344223,2.79755997658,354.347164269
13.772607708,9.22399997711,49.3127465541
15.6021113396,8.50827980042,83.3756259263
13.4874710083,1.15993595123,1062.77722007
96.5532531738,228.282501221,57.7044877914
14.4246953964,2.69503998756,435.231219684
13.7861076355,4.6151342392,198.715203523
13.2819228172,1.86377596855,612.635157945
33.0652648926,50.5352020264,34.5698373278
26.9888309479,25.3553009033,6.44255830678
21.2862865448,18.3791904449,15.8173239924
14.2470293999,0.591583967209,2308.28524598
119.563933563,246.529006958,51.5010687632
14.4496933937,2.13200187683,577.752376803
31.5469459534,48.0297393799,34.3178906222
14.4708445549,5.21413993835,177.530805195
60.7470090866,110.430900574,44.9909320933
19.440379715,19.2878608704,0.79075043951
23.8755418777,28.090089798,15.0036826174
17.7785385132,8.81859016418,101.602956733
17.0157241821,20.2095394135,15.8035033159
14.4459974289,10.7726392746,34.0989618297
15.3447778702,5.18931007385,195.699768405
23.4152853012,7.38185977936,217.200353313
17.6368768692,12.3586502075,42.7087632796
33.1329016685,45.1184005737,26.564547397
54.0179331064,78.2651977539,30.980902551
16.4310373306,0.250496000051,6459.40107916
14.8804866791,3.68880200386,303.396188343
41.4299532413,73.7329025269,43.8107658569
13.1003939629,0.375039994717,3393.06584562
25.0107631683,29.4687690735,15.1278999609
25.5905353546,19.9472198486,28.291238322
14.0270438194,2.08690810204,572.144777518
87.7953098297,144.445999146,39.2192858583
17.1031375885,24.6564998627,30.6343654462
17.2860315323,14.106470108,22.5397381479
19.0722564697,18.346830368,3.95395873365
24.6841396332,25.2400608063,2.20253499927
41.3261507511,74.8079986572,44.7570427055
14.4071763992,1.42537593842,910.763266794
90.5665565491,166.848098755,45.719155792
31.0479410172,36.4729003906,14.8739456291
16.8802591324,27.2530994415,38.0611399133
14.0894577026,18.5720100403,24.1360645828
38.2124985695,70.1941986084,45.5617425271
35.5502775192,43.7277984619,18.7009665026
15.226680088,10.6013393402,43.6297773272
15.8214736938,7.32230043411,116.072446579
14.5662531853,5.12198400497,184.386932312
13.2168124199,1.08112001419,1122.51112239
14.1625878334,3.05622005463,363.402097371
31.614786911,44.2252006531,28.5140905091
30.0907606125,40.5673980713,25.8252635291
50.8436335087,90.7970962524,44.0030181501
13.4170995712,0.886784017086,1413.00647201
15.8482543945,3.15391993523,402.493871754
37.8268415451,72.4665985107,47.800997532
33.5708971024,61.4785003662,45.3940858961
16.4060229301,15.2751398087,7.40342239519
14.9736180305,4.17369031906,258.762075906
18.5818758011,26.4980602264,29.8745808475
34.4031415939,43.9612998962,21.7422103643
25.6711940765,26.7582015991,4.06233400461
29.4279314041,32.082901001,8.27534142496
16.5823023796,6.23938989639,165.768010254
14.1260269165,0.272320002317,5087.28951098
14.5571584702,0.562336027622,2488.69390455
14.4528611183,3.58617997169,303.015499289
17.8775186539,9.3734703064,90.7246523379
13.522585392,1.55699193478,768.507093066
35.0539421082,64.99949646,46.0704405153
52.8063152313,126.475204468,58.2476933297
59.8853440285,106.601104736,43.8229611442
35.6673873901,47.655002594,25.1549985339
31.1280914307,42.0821990967,26.0302643425
18.0311981201,12.65583992,42.4733422201
15.0176972389,3.9975001812,275.677212213
66.3239675522,149.579910278,55.6598426695
60.6614780426,148.646896362,59.1908882546
14.589346981,1.58694005013,819.338256029
17.2956094742,13.3948507309,29.12133044
14.7433002472,5.00749015808,194.424947065
13.9640705109,0.45593598485,2962.72612272
24.2562417984,21.839509964,11.0658702434
13.5866157532,5.30356025696,156.179153152
28.9512302399,26.3316993713,9.94820285462
33.3378014565,65.431098938,49.0489965818
33.5757392883,73.1347961426,54.0906093142
17.0441848755,11.8683204651,43.6107571044
12.955646801,2.83034014702,357.741689268
82.6061302185,148.001495361,44.1856110867
13.7949549675,4.92749023438,179.959052405
14.2867458344,5.47461986542,160.963248327
34.4593393326,51.4612998962,33.0383425952
14.0449855804,10.6057300568,32.4282770283
43.9481596231,104.330200195,57.8758983105
36.7502510071,66.263999939,44.5396428816
14.9778212547,4.67967987061,220.060809048
34.6782678604,45.521900177,23.8206935001
16.9777540207,10.799489975,57.208850233
54.9446187496,102.479598999,46.3848226512
25.4449533463,20.306848526,25.302325044
46.7689198494,82.9029998779,43.5859740682
13.2262597084,2.34802794456,463.292261449
24.2655147552,18.0851898193,34.17340375
15.2724832535,9.21698951721,65.6992581467
26.8254581451,25.8489990234,3.77755100234
109.762379456,221.460494995,50.4370386881
32.2399681091,48.2915992737,33.2389720075
30.6960000992,38.2122993469,19.669842894
15.4024888039,5.9484500885,158.932807281
96.1908325195,195.407501221,50.7742374686
30.0609407425,47.9680519104,37.3313287797
14.1838360786,2.42585396767,484.694555719
12.9903834343,3.03206014633,328.434226478
13.1907986641,7.72838973999,70.6797807548
15.6769692421,10.2369203568,53.1414594992
50.1497743845,111.382598877,54.9752161557
13.6132137299,0.875519990921,1454.87183286
14.1872546196,2.41055989265,488.546032929
32.669584465,45.5692024231,28.3077545187
15.7882040977,2.34412407875,573.522542636
13.7264306068,12.6698503494,8.33932705025
20.9504961014,12.3219203949,70.0262250522
15.7752321243,2.32652401924,578.060144398
25.9223201752,26.6977996826,2.90465700045
14.3134857178,0.742367982864,1828.08499938
29.1774957657,25.5076599121,14.3871914014
14.2305459023,0.311199992895,4472.79763083
15.4161135674,13.9509906769,10.5019272423
16.7146154404,13.7092199326,21.9224399535
18.5435235977,4.98799991608,271.762708695
22.3781087875,10.6493701935,110.135513941
23.8476221085,15.9732809067,49.2969556335
16.9604681015,9.73389053345,74.2414098784
14.0641166687,1.79903995991,681.756769284
68.2517232895,113.44039917,39.8347292597
17.2763841629,11.6819801331,47.8891760312
16.1910969734,5.97305011749,171.06916324
33.7064764023,43.5439987183,22.592142673
24.4453809738,20.4230194092,19.6952345001
14.3799505234,4.17906999588,244.094512357
33.466910553,55.4702301025,39.6668979178
16.0252029419,4.63647985458,245.632968211
13.7376235008,5.26422023773,160.962172562
24.303534317,30.3676280975,19.9689411404
13.6916810036,6.48090028763,111.262022187
39.4952094078,55.4965019226,28.8329749812
13.9639896393,1.11411201954,1153.37393318
13.4163737297,0.603456020355,2123.25625682
14.0505703926,6.26454973221,124.286995766
15.7228256226,3.00767993927,422.755942787
28.6685659409,39.9588012695,28.2546897554
14.3995487213,0.524383962154,2645.99334849
14.3774518013,1.95689797401,634.706254093
14.1643545151,1.24316799641,1039.37573651
14.7396164894,13.0989494324,12.5251804773
34.0964180946,77.0311050415,55.7368181642
18.3154438972,17.9150409698,2.23500983376
13.009369278,2.46038389206,428.753635558
14.2556710243,2.57091212273,454.498572639
51.2234107018,84.4273986816,39.3284508328
69.4498661041,123.363998413,43.7032951286
15.9445212364,8.98086929321,77.5387294465
13.6624690056,0.39798399806,3332.91918071
16.2387836456,24.1747188568,32.8274146979
34.7460954666,57.2371025085,39.2944542197
15.0512498856,8.74624061584,72.0882210614
30.5665821075,36.1845016479,15.5257618167
32.8046531677,47.0611991882,30.2936309878
13.6212068558,2.87522983551,373.743235673
14.2097530365,5.73373174667,147.827308014
13.6881891251,2.98204803467,359.019739653
17.63677845,12.3617296219,42.6724171251
15.1806498528,13.1050004959,15.83860571
19.3842338562,23.1954193115,16.4307676621
24.587761116,15.1951408386,61.8133150404
14.8049143791,8.2137298584,80.2459374042
48.4205378056,78.8908004761,38.6233407275
16.4155197144,11.0468797684,48.5986998913
13.475825882,0.504256010056,2572.41750485
14.0733816147,9.3273897171,50.8823158625
22.3857421875,20.8686599731,7.26966760831
14.4449923515,0.514847993851,2705.68100178
20.3626527786,13.745880127,48.1364058944
32.5532884598,42.6844024658,23.7349322487
30.8426416397,26.9692192078,14.3623825447
14.0533941269,0.583072006702,2310.2330356
19.3226247787,16.0349502563,20.5031788053
33.0700386047,53.9608688354,38.7147773592
13.2231217384,1.43462002277,821.715961615
28.9273645401,26.6240005493,8.65145711861
22.1463428497,25.5435600281,13.2997012735
19.6633523941,15.7456598282,24.8810949091
44.7178137064,69.4539031982,35.6151178736
14.9886077881,0.440192013979,3305.01583675
28.9184221268,32.4742012024,10.9495505477
32.7277200699,40.6483001709,19.4856367123
13.109967041,0.513791978359,2451.60991086
30.8627422333,33.6960601807,8.40845467451
14.0781044006,1.04390394688,1248.60151097
33.4689796448,53.1422996521,37.0200765419
14.4191865921,1.8422100544,682.711317728
20.4681827545,3.5189101696,481.662553689
55.7224642754,100.275100708,44.4304080655
14.3167160034,0.982015967369,1357.89034793
22.967496109,18.8956813812,21.5489171607
122.6371315,243.715896606,49.6802903676
16.1948934555,6.10397005081,165.317380667
42.4590637207,61.9847984314,31.5008440857
15.4998617172,7.80518007278,98.5842936702
70.5156166077,131.422195435,46.3442104475
18.4720085144,13.5075502396,36.7532097738
31.8372238159,36.7709007263,13.4173403777
14.3256525993,3.61951994896,295.788745506
15.0060709,1.89235198498,692.985185583
16.8389596939,8.10021972656,107.882752102
67.6866508484,125.079490662,45.8850923598
13.8093112946,2.7784678936,397.011728167
17.0252764702,10.926199913,55.8206568222
15.2465043068,9.5232000351,60.098540938
15.2417702675,7.32420015335,108.101498435
31.110887146,38.9642982483,20.1554023949
14.8649041176,7.19456005096,106.613107852
14.6050753593,1.22230398655,1094.88077598
15.9288085938,3.13820981979,407.576277828
17.62850914,4.9277100563,257.742418661
63.2853988647,110.473197937,42.714251016
42.0695926666,85.5173034668,50.8057539689
128.385218048,292.79598999,56.1519889489
24.2929376602,19.0533008575,27.4998901337
13.3645017624,2.01235389709,564.122835535
19.557482338,14.666809082,33.3451756859
28.4551340103,27.1779003143,4.69953043175
15.9569746971,21.0392894745,24.1563042494
13.9607578278,1.57593798637,785.869745413
13.6356730461,3.04488992691,347.821542763
13.2910729408,2.37510180473,459.60013648
23.2012619019,14.5947589874,58.9698186989
42.0354084492,68.9181976318,39.0068082254
14.2672822952,4.58265972137,211.331915583
15.7761622429,5.77816963196,173.030444721
16.2150406837,2.94400191307,450.782274011
33.7388910294,49.2957000732,31.5581460873
36.6961421967,45.7000999451,19.7022714594
15.1171115875,4.53136014938,233.610904655
45.0344513893,71.7422027588,37.2273924447
15.1862268448,2.4127061367,529.427123916
31.9006555557,45.715801239,30.2196293379
14.4706521034,0.768895983696,1782.00386142
16.809040451,20.5429801941,18.1762320158
35.1325621605,49.1776008606,28.5598289756
14.1318091393,2.72291207314,418.996161451
77.1824764252,172.722198486,55.3140956394
26.969335556,25.0389995575,7.70931759515
21.3771173477,20.6796798706,3.37257385741
14.313177681,4.7034201622,204.314247662
15.3697722435,9.7415304184,57.7757455284
15.5591098785,8.65235042572,79.8252395359
45.2356435537,92.5510025024,51.123550982
14.7545786858,7.82937955856,88.4514421021
30.7575052261,36.0467987061,14.673406987
16.842455101,5.51453018188,205.419583274
14.8585676193,3.70802998543,300.713254146
13.60909338,1.46825802326,826.88704331
18.4647016525,14.6319303513,26.194570431
38.6919788837,56.3090019226,31.2863351105
14.4972288132,2.97679805756,387.007466844
50.4954144001,121.506309509,58.4421462523
35.2759183884,71.6192016602,50.7451667002
21.0067684174,22.8024101257,7.87478910551
21.1929098129,35.081161499,39.5889163661
14.8024287224,4.28550004959,245.407269889
97.7614219666,203.769805908,52.023597642
33.0896474838,61.8579978943,46.50708298
15.1529647827,8.19609928131,84.8802004786
44.5357120514,99.1169967651,55.0675328098
26.5324050903,27.3729000092,3.07053662031
13.4357815742,2.75453209877,387.770012927
33.1405680656,51.954498291,36.2123220207
79.5636363983,150.102203369,46.9936918896
13.8562743187,2.75727820396,402.534503003
13.5848086357,2.68632984161,405.701437898
42.3479130745,72.2800979614,41.4113784169
13.8323740959,0.458208024502,2918.79787264
35.8055755615,79.4032974243,54.9066893656
19.1883047104,19.3006801605,0.582235699466
79.8943481445,150.616210938,46.9550139077
17.0457542419,0.61561602354,2668.89385431
27.7352308273,29.3817977905,5.60403748925
13.1943234444,1.66909193993,690.509086333
30.9838247299,53.7209815979,42.324537251
17.3763940811,13.5066900253,28.6502766298
15.0282248497,4.299680233,249.519592977
20.5665826797,25.8884010315,20.5567672769
13.7348721504,4.08723020554,236.043517486
13.6676431656,3.41401982307,300.338717227
13.12817173,1.97861993313,563.50143907
12.8307014465,14.1414394379,9.2687735014
14.9547167778,5.3576002121,179.130882966
157.970924377,363.930999756,56.5931661542
86.0620697021,236.070007324,63.5438357131
22.5270183563,24.9854011536,9.83927687265
37.2918397903,50.4069976807,26.0185261844
14.8843263626,1.09132802486,1263.87282499
16.8807495117,10.0214700699,68.44584072
13.5403329849,3.75593996048,260.504510919
13.8331651688,1.22368001938,1030.45607918
16.7685451508,15.9141998291,5.36844661265
49.0168493271,77.6616973877,36.8841385447
15.2052851677,8.11843013763,87.29341646
16.5254823685,8.09759998322,104.078769052
17.5832315445,25.1663398743,30.1319475445
30.5953371048,32.0705986023,4.60004353455
14.7400363922,7.38216972351,99.670787103
38.4028884888,70.0680999756,45.1920510159
18.5832702637,20.646780014,9.99434172768
49.6602219105,119.140403748,58.3179002686
13.8409002304,1.82429003716,658.70064236
14.2345323563,0.987103998661,1342.04991324
32.4543571472,49.4193992615,34.3287097128
52.7814733505,93.8118057251,43.7368538612
24.2638719559,18.1997203827,33.3200260535
18.639891243,4.38736009598,324.854373364
15.9918667793,10.4440898895,53.1188159857
17.164888382,18.3788604736,6.6052631142
22.5263742447,25.547000885,11.8238013688
25.7483970642,25.2506389618,1.9712693337
14.9357979774,1.97369194031,656.744133794
13.5480460167,4.11078977585,229.57282555
43.9415340185,109.038597107,59.7009360131
25.9383731842,28.9319992065,10.3471108269
17.2423891068,10.3087701797,67.2594189812
13.5642142296,5.61705970764,141.482464769
13.2705739975,1.90749204159,595.707961458
53.0088913918,123.409408569,57.0463127518
49.581157589,106.589096069,53.483837074
28.7328456879,41.4403419495,30.6645545471
14.2406382561,4.41036987305,222.889886018
30.1104415894,37.0930023193,18.8244690194
32.9183250427,40.4799003601,18.679826902
12.8148732185,0.488512009382,2523.24630151
29.7687896729,32.070400238,7.17674412574
13.4271915436,1.74285197258,670.414915026
78.9962955475,187.666397095,57.9059987454
13.7093252182,2.01216006279,581.323790871
29.3862089157,42.4562988281,30.7848076096
13.1461204529,6.65747976303,97.4639190926
15.1484830856,6.53861999512,131.677067897
15.9897073746,5.65269994736,182.868496886
90.3890312195,177.288497925,49.0158514074
25.2706390381,18.7084503174,35.0760678163
15.1315696716,4.78620624542,216.14955344
14.6832572937,0.381760001183,3746.20108136
15.1821899414,4.32492780685,251.039153008
14.6618317604,8.07402038574,81.5927017759
64.3516849518,112.465904236,42.7811607535
17.0925706863,15.7777900696,8.33311009313
16.6211679459,11.1197099686,49.4748333621
36.0783039093,46.7616996765,22.8464658922
37.5075364113,55.8103981018,32.7947162411
13.6547129631,1.7535020113,678.710995204
14.5237469673,0.297055989504,4789.22879204
33.2713659286,56.5698013306,41.1852876516
21.9129533768,25.6265087128,14.4910700776
13.9016243935,8.43356990814,64.8367719113
33.8106132507,54.3436012268,37.7836350785
24.2102462769,28.5160007477,15.0994331531
12.6746470451,3.47229003906,265.02270555
15.5873432159,17.0751686096,8.71338624931
12.8483976364,0.482719987631,2561.66679765
29.1763248444,39.4818992615,26.1020229773
15.321813488,5.13629007339,198.305065895
13.6378190041,5.35920000076,154.47490301
81.8822925568,172.99848938,52.668781762
19.6400270462,17.1224594116,14.7033061902
45.1392546654,94.238899231,52.1012500849
34.0320350647,53.3439025879,36.2025772137
29.5959676743,27.6103000641,7.1917639633
53.760256958,86.7077026367,37.9982915898
14.8801083565,6.20568990707,139.781693563
32.1837348938,42.6843032837,24.6005383293
14.4429813385,4.23833990097,240.769774864
13.644402504,5.63773012161,142.019433525
15.2241177559,1.70879793167,790.925572516
44.8630027294,113.777198792,60.5694258552
16.6815485001,17.9415206909,7.02266108076
19.3198722839,25.8887004852,25.3733407941
36.2696195602,58.3409004211,37.8315739071
102.322686005,194.068908691,47.275075284
13.7143045425,2.4748840332,454.139279197
15.1846323967,8.41971969604,80.3460559837
17.2867805481,13.9473295212,23.9433005569
30.9012897491,37.1740989685,16.8741392352
28.9385978699,28.4418010712,1.74671356945
28.3196977615,35.8600997925,21.0272756478
38.2270825386,77.4113006592,50.6182143781
31.9356212616,41.5586967468,23.1553832014
16.9574108124,8.82351970673,92.1842005912
14.3846758842,4.65600013733,208.949215206
32.1253382683,31.8770999908,0.778735448038
15.2631843567,13.1216201782,16.3208822491
19.2027189255,15.8126106262,21.4392700825
15.7625525475,22.8829994202,31.1167550283
69.1648492813,126.85849762,45.4787416065
32.2291335106,44.1955032349,27.0759892939
92.7531356812,178.735610962,48.105956512
46.0186986566,80.7587966919,43.0171070625
14.0841534615,1.45193600655,870.025772345
29.5894556046,33.9687995911,12.8922541839
12.7147605896,0.212415993214,5885.78308405
15.9970355988,11.2048597336,42.7687269552
41.8657289028,66.0129013062,36.5794745051
27.8377565384,43.7827796936,36.4184806602
25.3028095245,23.2243309021,8.94957375176
13.1029151917,4.89753389359,167.541082438
13.0997146606,3.52652382851,271.462530744
15.9547179222,5.52028036118,189.020065619
33.2712121964,42.3949012756,21.520722551
30.7461324692,47.3064804077,35.0065103043
13.4644091606,3.56966400146,277.189818288
12.7390684128,0.933888018131,1264.08950168
18.0493200302,15.0687398911,19.7798897632
15.6773406982,21.2321987152,26.1624247751
13.2625127792,12.3510198593,7.37990004311
19.314233017,18.5703086853,4.0059879686
14.1351656914,6.19974994659,127.99573875
27.2303249359,23.8641090393,14.1057681687
27.2663944244,25.1585998535,8.37802812237
16.2191562653,7.60291051865,113.328254035
30.6260925293,30.966999054,1.10087039453
31.6044355392,42.0675010681,24.8720871533
13.4409578323,7.74630022049,73.5145482328
15.8042067528,22.8450393677,30.819962713
15.5259273529,6.46552991867,140.133872215
27.0007646561,46.4759788513,41.9038279055
57.977163744,102.139900208,43.2374971718
15.6514930725,8.76327037811,78.6033341114
14.5833518028,0.113984003663,12694.2091295
21.1662761688,11.6439599991,81.7790182248
35.5780292511,46.8941001892,24.1311186108
52.3303706408,83.884803772,37.6163878466
12.4828334808,1.30691206455,855.139509337
14.4031107903,4.01913976669,258.363023591
17.3646146774,19.1810913086,9.47014224551
14.7320930481,0.191936001182,7575.52358984
33.3911161423,57.5523033142,41.9812688295
13.3114940643,1.73376190662,667.780974624
13.0616889,3.48781180382,274.495231815
13.915767765,2.17043614388,541.150756926
17.1587799072,12.3656892776,38.7612087119
17.5973419189,13.0158405304,35.1994277884
26.9683609009,33.7333030701,20.0541943821
31.4559484482,43.8864974976,28.324313304
14.9536658287,0.499743998051,2892.2652172
14.1926404953,6.24947023392,127.101497632
39.7541331768,64.8887939453,38.7349790931
22.8335241318,17.9121303558,27.4752007616
13.5683807373,6.63842964172,104.391421911
18.7286798477,15.531039238,20.588709878
42.0188035965,68.3041000366,38.4827505611
14.0504637718,0.815871953964,1622.14079716
17.3668416977,12.5788097382,38.0642688712
32.5850566864,32.3881988525,0.607807290423
14.4254454613,4.73906993866,204.394019248
13.7117429733,2.25900602341,506.981248888
28.6582933426,21.1574401855,35.4525551828
13.3285435677,2.07568001747,542.129010997
35.7549760818,56.3308982849,36.5268845865
28.5860603333,41.4402885437,31.0186744885
13.7124160767,8.23865032196,66.4400786632
64.4298530579,113.328399658,43.1476547342
65.0710550308,123.154502869,47.1630727946
22.9661809921,20.9036197662,9.86700508791
17.8937789917,17.6563110352,1.34494660901
20.8499252319,13.9331798553,49.6422600469
13.5786973,1.99849808216,579.445100356
85.2641162872,161.059906006,47.0606196156
14.642431736,0.400384008884,3557.09703961
16.8138803482,3.30652999878,408.505301764
17.8196172714,1.02432000637,1639.65334667
14.7504520416,4.80780982971,206.801902822
51.9737288237,89.2516021729,41.7671755371
17.0127159119,17.7675590515,4.24843467502
14.0688611984,8.37625980377,67.9611369276
22.5745975494,31.6927394867,28.7704442246
15.558658886,7.75660991669,100.585810722
18.3060510635,20.1588993073,9.19121731536
15.9562830925,6.55772018433,143.320584654
113.322836304,241.039993286,52.9858780866
30.556013298,29.2045993805,4.62740097864
20.837528038,17.9397106171,16.1530889924
12.6674692154,1.0105919838,1153.47018565
70.1428710937,140.274002075,49.9958152929
13.4996159554,8.01523017883,68.4245574257
13.8562327385,4.18566608429,231.040089187
13.1863451958,1.82671999931,621.859135539
14.0680582047,0.263072013855,5247.60729524
25.2409250259,17.5729084015,43.6354441124
42.6715934753,61.3643989563,30.4619711085
19.5633554459,22.466960907,12.923890655
57.1361715794,130.272201538,56.1409334418
14.2599597931,2.48563599586,473.694612438
25.3455162048,20.4939899445,23.6729220299
13.8322908401,8.68515014648,59.2636927037
12.7749812126,4.00988388062,218.58731058
15.2473041534,0.3061439991,4880.43541545
14.280520153,4.21448993683,238.843380032
31.9461259842,25.6102199554,24.7397563932
50.8367427349,116.479804993,56.3557453259
13.4528970718,9.97600078583,34.8526063766
13.1903911591,1.40402793884,839.467854887
13.831185627,5.00870609283,176.142887417
23.07564888,22.3377399445,3.30341806012
21.1139472961,22.6343803406,6.71736103024
13.0939703941,1.3389480114,877.929709195
14.7412501335,2.45753192902,499.83961793
52.3201666832,97.9415054321,46.5801894178
50.6736314774,108.619697571,53.3476592086
16.0365802765,7.99232006073,100.649875814
15.424633503,17.0642795563,9.60864505241
15.7621994972,9.62662029266,63.7355480743
17.1668361664,10.7274198532,60.0276338699
33.7431365967,47.132598877,28.4080712698
15.502091217,3.97944998741,289.553613341
29.2006399155,33.1476402283,11.9073342344
30.3794952393,49.2190208435,38.2769207542
14.5535151482,1.43059003353,917.308579471
14.1099591255,0.297215998173,4647.37538096
22.6775667191,13.5082902908,67.878882011
14.5750421524,0.188608005643,7627.69008544
13.4079916954,2.50541186333,435.16118015
35.2691527367,43.6399002075,19.1814083695
23.0705539703,24.809299469,7.00844254321
14.8723608017,14.836400032,0.242382043998
54.9912680626,98.3859024048,44.1065572216
17.4043796539,16.8093090057,3.54012558155
51.0762489796,100.453399658,49.154285317
19.9826808929,22.8567504883,12.5742703313
27.9110141754,27.979801178,0.245845215718
13.6440769196,5.01660394669,171.978355568
17.6190641403,14.6076402664,20.6154027548
21.4903337479,27.2835693359,21.2334226389
23.198069191,34.2539787292,32.2762784016
33.7406841278,58.237197876,42.0633454933
14.7369226456,7.7092795372,91.1582343649
14.3037621498,2.76748991013,416.849658511
14.5339814186,0.854816019535,1600.24672988
22.9245780945,17.6576690674,29.82788389
13.0130272865,2.66102409363,389.023279334
54.7594356537,91.4467010498,40.1187412722
14.9066552162,2.35462784767,533.079033316
32.3145277023,40.1894989014,19.5945991224
72.8887928009,130.30380249,44.0624207368
31.8527826309,40.9039001465,22.1277616148
32.3365940094,35.5709991455,9.09281497233
86.3112960815,163.090698242,47.0777321994
19.6328824997,8.50450992584,130.852602571
13.3805470467,0.424927979708,3048.89762163
13.2770075798,2.62108802795,406.545657307
14.9080746651,5.61558008194,165.477020139
14.663762188,0.549471974373,2568.70065661
27.1719463348,34.3193397522,20.8261390486
81.9154403687,154.533996582,46.9919615227
15.2387738228,3.67131996155,315.076157415
13.935683918,1.85897791386,649.642253096
57.1161142349,125.692604065,54.558890191
14.2523991585,7.00204992294,103.546094577
45.4801294446,86.1320953369,47.1972331955
340.871792603,919.025024414,62.9094112187
42.8946392059,107.711395264,60.1763220122
21.7204942703,24.9930000305,13.0936892578
13.2027924538,6.68524980545,97.4913853332
25.8613296509,22.0703601837,17.1767448995
26.3928184509,22.0804595947,19.530204241
15.1684000969,9.15413951874,65.6999007481
13.0973132133,0.265119999647,4840.14530431
38.3047207832,50.4694023132,24.1030822091
38.8147289276,77.0187988281,49.6035649501
37.7249493599,50.3760032654,25.1132544971
178.871006775,418.79598999,57.2892264849
22.2059299469,17.180721283,29.2491134754
14.1903107643,3.74891996384,278.517303682
35.2884763718,43.6738014221,19.1998973694
43.0305484772,95.9216995239,55.13992278
16.9238998413,16.3277301788,3.65127091118
21.8600475311,17.0320510864,28.3465357179
20.2743671417,19.1467895508,5.88912093044
13.9507005692,9.30774021149,49.8827884338
33.8078600883,48.1768989563,29.8255786056
33.3278526306,43.3874015808,23.1854146219
14.7617399216,0.236384004354,6144.81337554
18.227567482,12.146270752,50.067192262
14.3806427002,10.3646001816,38.7476839266
13.9547659874,3.74828004837,272.297848808
14.0479376793,1.58288002014,787.492260976
37.2332235336,54.8235015869,32.0852874116
43.2563464642,54.2312011719,20.2371595513
18.5715698242,20.0771007538,7.49874669669
92.5431663513,165.421295166,44.0560743655
28.2241876602,36.1721076965,21.9725101534
19.6888177872,18.6674594879,5.47132993601
18.3412866592,18.9897613525,3.41486489093
14.0183738708,1.32614409924,957.077724731
99.9901283264,190.508300781,47.5140306662
13.3976312637,1.06297600269,1160.38887329
33.2580083847,42.8835029602,22.4456816982
31.1431856155,38.0591011047,18.1715155862
16.7798282623,7.82918977737,114.323943339
19.1501543045,21.5189189911,11.0078238018
16.339540863,14.4909687042,12.7567190058
38.8388323784,57.2126998901,32.1150156295
14.4125394821,2.06527996063,597.849190272
14.2243577957,1.68106007576,746.154042965
14.1236178398,1.91913795471,635.935517566
41.9125631332,60.5387992859,30.7674357146
282.874490356,694.478027344,59.2680431606
13.9830336571,1.23017597198,1036.66938515
202.354603577,494.688018799,59.0945007991
14.0326172829,2.90403199196,383.211525277
84.6016658783,162.731002808,48.0113411589
13.6669199944,1.75280201435,679.718409864
19.8138168335,13.5900506973,45.7964894671
24.7311908722,26.8705997467,7.96189476483
14.5655677795,7.83557987213,85.890106632
21.9197412491,12.2230701447,79.330896327
14.1984277725,1.71274006367,728.989061079
25.4869232178,30.6030025482,16.7175731283
52.271383667,92.5554962158,43.5242791578
15.8473089218,5.5884103775,183.57453822
14.1549533844,0.200415998697,6962.78614303
151.343819427,394.128601074,61.6003966688
63.2580147743,138.20980835,54.2304446192
22.019733429,21.1392192841,4.16531061562
13.3864822388,3.18182587624,320.716995821
18.1493658066,8.52175998688,112.976730564
36.7567350388,59.3467979431,38.0645016872
14.006772995,9.10307025909,53.8686684419
26.3770282745,41.0381774902,35.7256343052
21.1503322601,24.4001808167,13.3189527608
19.0838634491,14.8462791443,28.5430730732
14.7290418625,0.730112016201,1917.36740879
14.7814405441,2.227039814,563.725922242
14.6958024025,0.413599997759,3453.14373359
189.427450562,439.257995605,56.8755828109
30.730626297,35.6156997681,13.7160676412
14.4915083885,0.652352035046,2121.42456987
13.7088574409,12.1702699661,12.6421803223
25.162937355,15.4693193436,62.6635070114
33.7056941032,43.9939002991,23.3855287344
14.5807658195,6.13224983215,137.77188175
32.1641791344,44.2193984985,27.262287081
13.7845089912,2.54480004311,441.673560113
23.1562923431,17.8022594452,30.0750189291
48.6475758553,110.507102966,55.9778742276
26.146672821,26.419500351,1.03267482838
18.6266624451,18.1893596649,2.40416808622
15.419688797,8.79203987122,75.382380231
19.76810112,19.9582901001,0.952932235921
13.9822352409,10.7183094025,30.451871801
35.2632666588,46.1058006287,23.516637434
15.0705993652,7.04303979874,113.978619969
13.5834403992,3.19776010513,324.779844409
33.9264204979,48.6021995544,30.1957096409
36.9900922775,57.881603241,36.0935250471
18.021396637,22.550201416,20.0832120987
19.44185009,21.058719635,7.6779100202
30.8611190796,34.6908988953,11.0397249355
15.1767186165,5.70994997025,165.794248559
89.0347747803,165.23739624,46.1170553361
14.1213518143,0.392735987902,3495.63479011
15.7031224251,7.39035987854,112.481160365
26.120234108,29.2902011871,10.822619684
15.7014865875,4.34902000427,261.035050933
63.6466802597,101.047996521,37.0134169395
87.672908783,208.531997681,57.9570954299
14.5731110573,6.54928016663,122.51469912
20.6815877914,9.81462001801,110.722246541
23.7877994537,27.0307006836,11.9971038406
13.9358429909,5.40419006348,157.871074614
66.2212575912,121.306106567,45.4097905991
48.7221282005,80.3300018311,39.3475325657
86.8917224884,154.030502319,43.5879769396
29.2069868088,41.6918983459,29.94565379
42.1757616997,79.30909729,46.8210291873
44.3201929092,100.652198792,55.9669898508
82.3424072266,158.179504395,47.9436937537
14.6334465027,10.3751993179,41.0425578754
13.9257157326,0.76892799139,1711.05589711
14.8122749329,7.06186008453,109.750331436
13.4431588173,0.77683198452,1630.51046882
31.7208429337,38.8270988464,18.3023097885
14.1465899467,0.431807994843,3176.12969554
15.3689302444,5.3109703064,189.380835474
18.666573143,20.6774101257,9.72480098088
16.4122339249,10.9067497253,50.477771455
17.4760494232,13.1042299271,33.3618955138
94.4667324066,213.543807983,55.7623640326
17.5046768188,12.4991998672,40.0463790063
293.082119751,721.54699707,59.3814233943
18.7000282288,17.1591587067,8.97986637012
24.7531520844,18.6403903961,32.7930990625
90.362348175,138.67729187,34.8398379025
31.7288721085,48.3068008423,34.3180016991
31.2127277374,38.6878967285,19.3217249403
13.9144907951,1.86893200874,644.515623364
14.1694040298,1.64329397678,762.256189704
42.1743738174,84.9406967163,50.3484484495
109.561107635,247.088012695,55.6590761161
18.1227716446,14.5302400589,24.7245163957
15.5257008553,0.821439981461,1790.05906769
13.9914411545,3.28410005569,326.035775926
14.7224449158,7.3193898201,101.143063529
17.6509529114,13.2849597931,32.8641801427
20.6868516922,9.01862049103,129.379334819
68.1306772232,123.336807251,44.760466286
54.503255558,94.1756973267,42.1259867405
34.1889033318,35.8956985474,4.75487393943
14.2448682785,2.26921415329,527.744554557
24.3359373093,29.93060112,18.692119775
15.373494339,5.86886024475,161.950254357
14.5124604225,4.90780639648,195.701567057
14.2153899193,8.94048023224,59.0002947271
38.9661292076,84.3973007202,53.8301238605
69.7482408524,129.015899658,45.9382595191
13.6967784882,1.03641605377,1221.5521352
14.198147583,5.92640018463,139.574567034
54.733059597,97.1168060303,43.6420308345
144.158094788,317.12399292,54.5420409663
19.7408031464,18.4789791107,6.82842936336
129.250592804,338.7578125,61.8457233945
127.983683777,262.906982422,51.3197851963
39.2004950047,54.2982978821,27.8052967889
20.1872354507,19.3317699432,4.42517943271
39.7644349098,104.636398315,61.9975118123
14.8537703514,5.8949098587,151.976208414
14.8211474419,5.52039003372,168.480077519
18.2575151443,9.19682979584,98.5196589439
22.9443338394,17.049539566,34.5745071328
23.6410316467,19.6218395233,20.4832585581
26.868321991,30.3202991486,11.3850366076
54.2023436546,97.9930038452,44.6875373468
39.6649893761,56.7140007019,30.0613801087
60.7362763405,89.4152984619,32.073954474
35.5922215462,64.7511978149,45.0323349262
29.0385007858,31.2607002258,7.10860417057
13.1662473679,2.58675599098,408.986831915
33.0771629333,52.072479248,36.4786094094
17.7672571182,2.16665410995,720.032004028
12.8101504326,2.8472700119,349.909927019
46.2316214085,104.352996826,55.6968914985
15.7688451767,3.740639925,321.554747125
13.5995638847,0.685792028904,1883.04490451
14.7364451408,6.94137001038,112.298798635
20.5517047882,24.0250282288,14.457104514
17.5591775894,18.375169754,4.44073266008
42.1499227524,88.3475952148,52.290809218
24.4506084442,21.5897407532,13.2510516164
14.8915498734,5.45637989044,172.91996108
20.8983068466,34.2595596313,39.0000715961
51.2071826935,86.5320968628,40.8229032348
15.0497238159,4.44666004181,238.450065317
17.3571699142,13.3802804947,29.7220183174
20.2532394409,15.2936296463,32.4292526321
26.329224968,17.62018013,49.4265369235
14.274700737,0.254399985075,5511.12483273
13.3869925499,1.9759979248,577.480091545
15.5108809471,2.60540986061,495.333624149
18.2972410202,12.8894996643,41.9546258329
13.5592200279,5.4807600975,147.396707513
15.775398159,2.11283397675,646.646368463
41.3935030937,69.6016998291,40.5280284887
14.3797082901,2.03298997879,607.318208162
23.5962814331,15.8045692444,49.3003767976
30.4778469086,37.3451004028,18.388633101
19.7689357758,10.448800087,89.1981434347
16.8003265381,17.7148895264,5.16267960305
14.8273570061,9.75625991821,51.9778801546
14.7455381393,13.7221803665,7.45769072767
26.4044975281,24.4335289001,8.06665560257
32.1175077438,46.7341995239,31.2762215444
120.374276733,255.105987549,52.8140135439
15.8935988426,4.21702003479,276.891708161
12.6278636932,0.943455994129,1238.46875443
70.4149196625,122.985107422,42.7451655419
32.5249512672,56.4710693359,42.4042228176
55.6515416145,94.8154983521,41.3054378432
32.0521884918,32.9393005371,2.69317207962
16.1382626534,5.68991994858,183.628993012
22.4665502548,20.6584701538,8.75224587083
18.1340732574,11.5905303955,56.4559397944
13.4759187698,9.90004062653,36.119833021
123.720058441,265.471984863,53.3961903721
35.0891298294,52.2325019836,32.8212731598
76.930437088,149.678100586,48.6027436299
15.8003509521,6.63664007187,138.07756306
104.773320007,207.406799316,49.4841440335
85.5789260864,160.962203979,46.8329061291
13.9599415779,1.94714009762,616.945924692
58.4709363937,103.167800903,43.324432738
32.3214651108,39.2049980164,17.5577942963
24.8745834351,22.197599411,12.0597906759
38.3673532486,56.0999984741,31.6089941316
17.5678253174,19.2211399078,8.60154287613
32.8130722046,44.1558990479,25.6881347404
16.415877533,11.8003797531,39.1131292078
26.7000738144,26.3262996674,1.41977471865
32.729841423,50.2700996399,34.8920299393
32.8915395737,50.1260986328,34.3824066289
42.4702594757,75.4841003418,43.7361520063
12.6095402718,0.893087983131,1311.90347535
14.8271274567,2.30198192596,544.10268775
14.4538141251,4.37301969528,230.522502349
54.3700391293,99.9287033081,45.5911691743
37.3469229698,80.3924026489,53.5442134589
15.5271198273,9.795129776,58.5187759872
13.1931444168,1.76099407673,649.187324998
31.1687046051,37.7405014038,17.4131147024
39.4197737694,83.0294952393,52.5231682358
26.7418188095,37.2010307312,28.1153820636
13.5168050766,4.0352640152,234.967056076
125.297502899,261.367004395,52.0607036112
49.8251072407,108.423698425,54.0459254164
16.1337709427,12.2569799423,31.629251403
14.2417003632,5.40006399155,163.73206661
18.5010417938,14.4111595154,28.3799667478
13.3030239105,2.97677016258,346.894559672
15.8527667999,15.7694406509,0.528402692469
97.645715332,240.861404419,59.4597915894
16.0442667007,10.522600174,52.4743545846
13.6472472191,9.82989025116,38.8341768869
66.8136795044,123.620193481,45.952455159
20.650071907,21.1725406647,2.46767152749
50.349817276,88.7518997192,43.2690258628
13.7740555763,12.4227199554,10.8779367621
14.6493157387,4.37133026123,235.122602577
17.2299213409,9.41699028015,82.966328183
13.0321209908,0.479647994041,2617.0177198
13.6633164406,0.90307199955,1412.98196018
103.686381531,245.620101929,57.7858730957
31.7067756653,50.0592002869,36.6614418856
31.1919246674,35.1394996643,11.2340102581
229.415698242,509.912963867,55.0088516083
51.644070816,97.4346008301,46.9961693525
26.2565883636,32.9600028992,20.3380277484
14.6678309441,5.74979019165,155.102020337
60.2669942856,134.291397095,55.1222225776
64.3975048065,123.640403748,47.9154848621
14.1388478279,0.971520006657,1355.33264689
14.5710015297,3.04738998413,378.146925913
22.5121818542,23.352689743,3.59919091994
13.4127124786,2.90220594406,362.155778644
38.4929018497,77.0387039185,50.0343335338
109.886354065,264.699188232,58.4863275181
100.221814728,194.685897827,48.5212766583
13.2432847977,0.405248016119,3167.94562118
16.0026724815,21.2413005829,24.6624639622
64.9893404007,121.531196594,46.5245614114
15.0792773247,4.48223972321,236.422821087
15.9390163422,5.47042989731,191.36679642
16.5336670876,14.8762207031,11.1415823784
16.5689538956,4.96572971344,233.666044101
82.5045314789,153.298904419,46.1806124502
14.0924221039,3.54288005829,297.767405953
15.5465982437,10.2297906876,51.9737668007
33.958877182,51.5898017883,34.1752129203
14.4692075729,1.19078397751,1115.09928301
19.7190887451,11.7589998245,67.693588225
14.5849140167,8.40592002869,73.5076465985
32.8171581268,43.5506973267,24.6460788431
12.8671912193,12.2595500946,4.95647164893
14.3698122978,0.425760000944,3275.0968306
229.019941711,616.807006836,62.8700810508
32.8625850677,60.7082977295,45.8680505025
15.9497193336,6.99574995041,127.991558399
35.5137412071,66.8059997559,46.8404913677
33.0661003113,63.1730995178,47.6579421246
14.7498070717,5.26607990265,180.090833112
15.2894066811,9.00115013123,69.8605895709
22.6829452515,32.9931983948,31.2496321816
15.8848329544,12.2914295197,29.2350326625
31.7973398209,49.3401985168,35.5549009192
33.5582858086,44.5469017029,24.6675200166
13.1764266014,1.32204794884,896.667829862
14.8390419006,2.55296397209,481.24760329
15.5174020767,7.06316995621,119.694587174
15.4256766319,12.4208803177,24.1914923692
29.2693094254,38.7541999817,24.4744842129
15.1003322601,4.67209005356,223.202936738
28.3983289719,46.4032096863,38.8009382026
13.8110971451,1.90432405472,625.2493141
15.2054469109,3.54931020737,328.405690754
195.234936523,474.348022461,58.8414144723
123.65032196,336.467803955,63.2504743375
34.2327143669,66.3523025513,48.4076466819
14.7992552757,1.82956600189,708.894309384
18.2351638794,25.4652996063,28.3921094144
14.2762430191,1.82230591774,683.416378124
16.5216906548,14.870139122,11.1064968471
20.8550661087,18.8910102844,10.3967749459
20.8089687347,7.47125959396,178.520221029
32.9728837967,50.7050971985,34.9712639981
85.132635498,162.801101685,47.7075802208
15.8710174561,10.5754499435,50.0741579865
92.3486839294,217.948303223,57.6281702753
31.9997045517,45.6772994995,29.943965816
13.5747987747,0.314336001873,4218.56315975
16.463151741,1.82579398155,801.698214989
15.175521183,6.13360023499,147.416209104
16.7847436905,15.8239994049,6.07143782681
14.0822162628,3.0107820034,367.726200266
98.2360534668,235.624694824,58.3082522228
17.0633205414,9.65573978424,76.7168639862
92.1231719971,178.522506714,48.3968863687
15.8320079803,11.0023708344,43.8963312427
47.3341731071,80.2850036621,41.0423230391
14.0555216789,7.46716976166,88.2309111425
15.6983495712,10.2173099518,53.6446446796
97.5823303223,248.285614014,60.6975495903
13.6054427147,1.23084795475,1005.37151743
14.2266945839,2.44463801384,481.955058514
73.1348058701,135.172302246,45.8951244783
14.5287578583,3.61257600784,302.17168654
23.2433216095,19.653301239,18.2667549173
42.7822627068,80.5010986328,46.8550573429
14.2763192177,1.55545604229,817.822093941
15.4664703369,2.49858999252,519.007935804
19.4127443314,15.8952999115,22.1288332994
19.6507520676,20.1540794373,2.49739697244
29.1949352264,33.417301178,12.6352691651
24.7070022583,20.650018692,19.6463917384
92.9626792908,199.694610596,53.4475772714
13.7249724388,0.498176008463,2655.04484472
28.6562307358,22.3759002686,28.0673867502
19.7244380951,10.5586500168,86.8083331083
13.6710249901,1.7750120163,670.193376978
13.2639586449,2.99663996696,342.62770273
18.2724243164,17.4781494141,4.54438787269
191.538186646,456.618011475,58.0528621666
13.517469883,1.74300801754,675.525399019
40.4068282127,66.5453948975,39.2793020839
16.3697518349,4.2077460289,289.038495252
25.2387678146,29.9426994324,15.7097780324
14.2199432373,4.30611419678,230.226802809
23.5528987885,17.3171901703,36.0087783113
13.7691906929,3.42236995697,302.329113042
13.7881220818,2.66175603867,418.008483177
17.2448293686,10.5206804276,63.9136317023
69.7867956161,132.93460083,47.5029110703
28.3067470551,27.2686100006,3.80707727464
16.7003112793,9.26035022736,80.3421130873
39.8747419834,58.3031005859,31.6078534715
15.8689490318,8.6373796463,83.724111729
26.5805036545,20.3138389587,30.8492388291
39.2762149334,54.5363998413,27.9816506999
17.5793510437,7.4514503479,135.918515496
28.5598041534,43.9061012268,34.9525388148
13.7700576782,2.00361609459,587.260284812
36.1021463394,79.9555969238,54.8472555663
14.5617346764,6.11017990112,138.319246111
14.7862771034,6.56137990952,125.353162099
31.5282680511,43.382900238,27.3255870904
23.2860521317,20.6151199341,12.9561807358
14.2738249779,1.24259209633,1048.71364626
47.5194814563,82.9712982178,42.7278077154
14.8009184837,1.95117199421,658.565545614
14.3582661629,3.72128009796,285.842123809
20.5532045364,23.5075206757,12.5675360664
25.6266767502,38.7579498291,33.8802055754
23.2661373138,23.9989299774,3.05343890025
13.8891759872,9.85840034485,40.8867108395
80.9056396484,164.660705566,50.8652417284
14.2417899132,0.344000011683,4040.05506672
14.950607872,7.53949022293,98.2973308532
15.6065332413,3.2166697979,385.17672692
14.8228675842,4.26959991455,247.172285012
12.9155664444,5.31551980972,142.978427449
86.0196292877,163.224807739,47.2999046658
20.7693202972,9.91957950592,109.377023339
15.1743580818,13.1678705215,15.2377528089
30.5548984528,37.507900238,18.5374327572
67.8123561859,121.882202148,44.3623802405
24.4947740555,23.3111400604,5.07754658068
13.4182089806,2.65216016769,405.935091855
15.5923830986,4.47583961487,248.367779909
13.2270421982,0.803263962269,1546.66197159
15.2298190117,5.79874992371,162.639693245
27.1777769089,15.3269805908,77.3198364011
14.1668394089,5.90150976181,140.0544942
13.4324975967,2.81334781647,377.455987422
46.8301645279,86.1725997925,45.6553885566
13.8090389252,4.42274999619,212.227436258
14.2046013832,0.314976006746,4409.74076722
16.2732441902,14.0800600052,15.5765258402
34.2903377533,46.2419013977,25.8457444075
24.4023952484,32.0602989197,23.8859397114
70.7074781418,132.19619751,46.5132284637
166.231846619,445.405883789,62.6785696667
35.3965639114,65.992401123,46.362667051
32.9945301056,56.0102996826,41.0920307648
45.9058716774,66.9277954102,31.4098553582
61.529381752,139.646408081,55.9391590536
16.0482169151,14.0902795792,13.8956599475
46.4956022263,86.9773025513,46.5428325984
14.1264496803,3.29334998131,328.93861146
33.4233718872,50.5186004639,33.839473817
23.8757440567,22.3387584686,6.88035366975
18.2849872589,15.312130928,19.4150399108
21.3858026505,20.0085296631,6.8834292702
39.4837430477,79.2567977905,50.1825153824
20.4527040482,15.5325803757,31.6761513766
19.5864217758,10.6510105133,83.8926151782
18.0334989548,12.5919694901,43.2142840643
183.33349762,444.358001709,58.7419385013
32.1969997406,60.3276977539,46.6298218905
19.134453392,13.8032302856,38.6230106726
18.6039485931,11.6933794022,59.0981353919
33.899485302,54.9998016357,38.3643498817
13.5279063225,5.22688007355,158.814170827
27.0916435242,24.8460197449,9.03816306336
14.4189208031,0.789632022381,1726.03040333
15.5911949158,6.37446022034,144.588473013
13.7053563118,0.323199987411,4140.518826
14.477750206,2.39308595657,504.98245649
22.6064397812,17.1920108795,31.4938661895
46.7520184517,85.2111968994,45.1339493484
16.7520711899,11.1842498779,49.7826977466
26.7380390167,26.8482990265,0.410677822296
20.6652387619,17.6924800873,16.802385307
22.005673027,25.1646900177,12.5533713646
103.817451096,222.040206909,53.2438504986
33.0773492813,57.0545005798,42.0249954953
21.7969839096,20.9146499634,4.21873637748
207.821736145,533.057983398,61.0132963735
14.7509815216,4.25279998779,246.853403968
19.0023263931,16.3049907684,16.5430061446
15.6926888466,7.75110006332,102.45757013
33.0250110626,48.4824028015,31.8824786844
128.97845993,326.973693848,60.5538725722
14.120703125,3.65813994408,286.007734556
13.1998558998,0.218815997243,5932.39985473
55.9569808483,99.1667022705,43.5728126809
81.200831604,157.481903076,48.4379919103
14.1368577003,3.43545389175,311.498979342
27.8598834991,35.8054084778,22.1908513725
18.343154335,12.8640003204,42.5929250475
13.8888418198,3.40156006813,308.307998141
44.0661186695,124.109603882,64.4941911897
16.533538723,12.8603000641,28.5626201613
82.5969646454,163.574996948,49.5051406472
14.389048481,0.899199962616,1500.20563603
18.2810596466,17.2770214081,5.81140819827
119.515020752,243.509902954,50.9198520052
13.5147456169,4.0853099823,230.813222876
15.2146702766,4.49897003174,238.181187456
22.2206352234,19.0459098816,16.6688037565
14.9693741798,19.7134399414,24.06513412
15.8522028923,7.23069000244,119.234995373
14.0821928024,9.40095996857,49.7952639892
67.2501976013,127.38079834,47.2053885061
16.0326776505,21.7252388,26.2025250999
79.336198616,149.534591675,46.9445847095
14.0759100914,7.74630022049,81.7113937073
13.9072354317,2.81203007698,394.562115303
13.9729165077,3.12957000732,346.480394272
14.8557517052,7.92098999023,87.5491791239
13.8794393539,1.99683606625,595.071547863
33.0473239899,41.8477973938,21.0297170986
13.5029241562,0.752800047398,1693.69331908
13.6039841652,2.10460591316,546.391045474
14.7840167999,0.953471958637,1450.54552638
15.0265002251,5.74114990234,161.733284806
18.9034294128,20.366809845,7.18512345953
27.9127086639,31.7232990265,12.0119611752
14.2034607887,4.10124015808,246.321118522
27.7848352432,28.8378982544,3.65166352235
13.3121535301,4.03538990021,229.885187289
33.2534837723,44.4306983948,25.156513461
42.2964048862,68.9049987793,38.6163476735
121.312218475,263.959991455,54.0414371865
26.2065135956,31.0502986908,15.5998019325
13.1119548798,0.599071979523,2088.71109448
16.3816666603,7.6681599617,113.632302171
19.4943201065,8.4876203537,129.679454242
13.9959993362,1.48006606102,845.6334217
18.5277181625,9.44496059418,96.1651187191
24.9536193848,27.6749992371,9.83335113755
29.6052986145,43.0966186523,31.3048226513
12.6687680244,2.09190583229,505.60890595
15.6318934441,2.45878815651,535.756008613
13.9703477859,4.80153989792,190.95557015
22.4107414246,16.1075897217,39.1315635163
28.1430215836,29.5016994476,4.60542236384
14.1489706039,0.97769600153,1347.17484594
20.6331151962,25.1330013275,17.9042927371
13.9361935616,11.287779808,23.4626631503
29.4231559753,42.9016609192,31.4172100918
54.9685980797,94.3998031616,41.7704314642
14.4922050476,10.7095003128,35.3210198825
16.2924418449,10.2472000122,58.9940844868
74.6422233582,138.45489502,46.0891409093
20.5024772644,23.4021511078,12.3906295196
15.640995121,3.23837018013,382.989721712
32.5842398643,62.4828987122,47.8509471616
13.4489659309,5.51898002625,143.685714878
16.0286894798,7.59240961075,111.114656632
14.1977855682,2.49091410637,469.982944492
51.4964550972,123.971801758,58.4611545795
16.7803442001,2.56060385704,555.327615554
44.8676252842,100.165893555,55.2066839401
24.3304485321,21.10820961,15.2653350599
13.5486798286,1.15875196457,1069.24762528
68.0800092697,115.925804138,41.2727737575
27.1995540619,30.2619991302,10.1197711862
20.6387037277,26.5177001953,22.1700842241
12.9175853729,1.88633406162,584.798394713
13.521410656,1.58880400658,751.04333826
196.411619568,480.868988037,59.1548582973
31.1599081039,28.8397979736,8.04482102278
14.6050368309,1.37340593338,963.417339035
13.3728685379,3.27094602585,308.837945727
14.3213177681,8.95213031769,59.9766453332
19.151052475,20.7045307159,7.50308356311
30.9089319229,36.9986991882,16.4594091115
16.2559076309,8.1035194397,100.603055893
33.3464913368,64.4156036377,48.2322768806
14.0249915123,3.92786979675,257.063554497
17.2863634109,14.1311397552,22.3281611416
101.141172028,210.241104126,51.8927697569
14.1925656319,3.1260201931,354.013882034
163.605282593,370.569000244,55.8502512393
62.9602924347,143.930404663,56.2564333908
17.9285730362,15.75274086,13.812403794
22.3026195526,16.7604904175,33.0666287029
13.2225325584,4.78061008453,176.586718528
17.2298582077,22.0193996429,21.7514624055
13.0526201248,0.581439971924,2144.87836322
22.3135087967,21.5923995972,3.3396436384
95.3515880585,197.67350769,51.7630919932
13.1195881844,1.22127997875,974.249018457
33.0878913879,40.6087989807,18.5203891313
28.4452255249,30.8099002838,7.67504840044
14.8374365807,1.52771604061,871.216913761
106.096263885,202.257202148,47.5438882974
14.6102347374,1.52768206596,856.366187894
13.5403074265,0.327264010906,4037.42635157
70.9962781906,168.80380249,57.9415409231
18.9657552719,9.03157997131,109.993769995
13.8800320625,2.30118608475,503.168607464
14.1381894112,2.69318008423,424.962645237
21.7258333206,24.8323192596,12.5098501938
32.8330223083,46.8725013733,29.9524852602
31.791542244,36.8740005493,13.7833113566
14.9089107513,4.40704011917,238.297595397
15.2051205635,4.14553022385,266.783493123
16.0533283234,1.23558402061,1199.25023758
14.1911785126,0.706752002239,1907.9431636
14.2929439545,11.568860054,23.5466924808
15.4244838715,1.66560399532,826.059490417
31.369046402,36.4048995972,13.8328995572
14.1281508446,1.78585803509,691.112762996
19.2271116257,10.4934997559,83.2287804165
13.9561468124,1.44223999977,867.671595203
19.8062292099,16.1126003265,22.9238534346
18.320186615,13.9074602127,31.7292038574
33.8518535614,48.9003982544,30.7738693961
38.1151882172,54.1601982117,29.6250946716
19.316194725,26.7989196777,27.9217410354
13.5797773361,5.51787996292,146.10497922
33.0926576614,61.2280044556,45.951761852
14.766860199,2.39302802086,517.078449156
20.5532169342,29.2350006104,29.6965400886
13.1697485924,0.31852799654,4034.56548103
14.3652501106,1.33135998249,978.990678671
20.685766983,32.6401290894,36.6247390554
29.8343162537,31.0108699799,3.79400425386
14.6859311104,2.18912005424,570.860014365
27.0554986954,34.3675994873,21.2761464316
35.6967905045,76.8168029785,53.5299711517
17.1495035172,14.829240799,15.6465374705
12.6391613007,2.00707197189,529.731343851
81.9018436432,145.786499023,43.8206938284
113.674941254,274.944793701,58.6553577817
27.5179079056,38.5106773376,28.5447314668
23.4563465118,9.99781990051,134.614613438
16.1334072113,9.19180965424,75.5193788621
16.2746306419,9.43578052521,72.4778421717
15.0047038078,10.1194601059,48.2757345828
13.7324468613,4.61152029037,197.785675798
14.6313653946,1.14572799206,1177.03656505
14.354900074,10.7532100677,33.4940913789
15.9858751297,1.89743995667,742.497022029
42.7870396614,87.7073974609,51.2161563334
34.5032282829,52.8839988708,34.7567713871
31.0616823196,48.0754814148,35.3897633356
34.4145915985,60.6551017761,43.2618352113
29.0207029343,28.2149982452,2.85559007313
15.2882903099,0.170080006123,8888.88156136
20.0303106308,14.9327297211,34.1369662811
24.8951845169,25.0946998596,0.795049726948
31.4879024506,30.1280994415,4.5134045434
32.7880889893,44.1365966797,25.7122400551
16.8397708893,12.6798696518,32.8071293454
79.3840465546,129.611694336,38.7524042786
22.0359292984,30.8648300171,28.605052138
20.5161334991,23.6726303101,13.333950514
28.9307693481,25.565700531,13.1624354007
15.0265746117,1.83721399307,717.900074152
13.5674343109,6.34704017639,113.760019377
14.2655424118,0.270175993443,5180.09251675
14.9389298439,3.79887986183,293.245651014
14.7295460701,1.26076602936,1068.30131262
19.0972171783,17.8687400818,6.87500680482
30.2766347885,40.1091995239,24.5144875792
14.5058146477,4.41775798798,228.352406066
15.5832930565,3.28434991837,374.471156966
15.0479243279,5.01763010025,199.901029514
31.5557538986,44.9916992188,29.8631648803
15.9529696465,10.6063995361,50.4089073027
120.949871063,252.712997437,52.1394339468
46.8739079714,78.5522994995,40.32777109
17.5584226608,17.0302715302,3.10124903024
14.4005792618,2.60322809219,453.181617276
13.7336097717,3.50504994392,291.823511546
24.3353170395,37.3185005188,34.7902067308
15.8965849876,3.86611008644,311.177763494
13.7506551743,0.721215963364,1806.59329144
176.485317993,436.660003662,59.5828982474
12.7641888618,0.522655963898,2342.17798007
39.890150547,53.8517990112,25.926057663
39.1989131927,60.1148986816,34.7933473192
14.8666446686,1.32617604733,1021.01592383
18.92560215,14.9600000381,26.5080354392
34.4821187973,60.3073997498,42.8227399285
40.9553993225,63.8885955811,35.8956024154
26.7388666153,0.131584003568,20220.7577595
20.1723203659,7.15327978134,182.000997899
16.8713567734,11.7807703018,43.210981465
15.5414690018,12.5294303894,24.039709059
15.692006588,10.7844495773,45.50586449
13.1471722603,3.22108983994,308.159129785
180.382188416,446.901000977,59.6371035148
18.1312505722,15.7861099243,14.8557222719
28.7920604706,33.4289970398,13.8710011661
17.3422340393,9.86775016785,75.7465860436
13.6275975227,7.07725000381,92.5549827319
13.6754050255,0.415136009455,3194.19869971
18.310657692,12.6864299774,44.3326272604
27.1505483627,34.600692749,21.5317781073
14.5759591103,0.607168018818,2300.64671697
15.8704666138,2.48207998276,539.401901793
13.3639801025,10.0952997208,32.3782400938
13.1189230919,0.447872012854,2829.16786836
21.2144300461,19.8635101318,6.80101303989
16.5238103867,4.55290031433,262.929325174
17.5183980942,14.5052099228,20.7731441835
14.4835136414,20.8830909729,30.6447802188
25.7570114136,36.051158905,28.5542762122
15.9674659729,3.86930990219,312.669607153
18.8800449371,16.1324214935,17.0316864378
17.9067541122,8.11420917511,120.683910481
28.9242610931,31.347700119,7.73083517029
22.3826934814,14.1315202713,58.3884327499
261.799029541,649.341003418,59.6823505426
20.5496814728,14.7819509506,39.0187367109
13.8759921074,1.85247802734,649.050293854
46.8324756384,107.506904602,56.4377043393
37.8778203011,55.1593017578,31.3301309227
32.0459152222,39.1916007996,18.2326963727
20.81024189,17.1503009796,21.3403888054
19.6478368759,21.71434021,9.51676778601
37.9231216431,61.7892990112,38.6250981158
16.0707420349,11.7844495773,36.3724451401
14.5652366638,2.87004995346,407.490702253
13.8995409966,2.39750409126,479.750459956
25.7363967896,17.6161994934,46.0950575587
13.7802233696,4.32879781723,218.33834592
16.534828186,18.8850708008,12.4449764554
13.3653281212,0.460063993931,2805.10196353
13.2780508041,2.99848985672,342.824603004
22.3070907593,18.5860385895,20.0206846224
137.891201782,276.92300415,50.2059418266
13.5599544525,5.66201019287,139.490110237
103.964273834,253.104690552,58.9243985927
31.1431257248,36.4606018066,14.5841698117
62.0474586487,111.022994995,44.1129662811
25.7933206558,17.7866897583,45.0147329622
37.7642584801,65.4692993164,42.3176070702
112.297949219,215.512008667,47.8924864033
59.4699293137,131.627487183,54.8195209173
189.256488037,443.978973389,57.372646143
32.8279263496,43.8218002319,25.087681985
30.2415927887,30.8689994812,2.03248146376
36.4789032936,55.1612014771,33.8685483332
39.7118171692,67.6346969604,41.2848449777
19.9923299789,16.8867588043,18.3905698578
17.2788927078,14.6079406738,18.2842475448
20.9937244415,5.20880031586,303.043372149
32.4325775146,48.1251983643,32.6079089188
14.0325082779,6.5525097847,114.154709248
17.3811243057,15.6884803772,10.7890878392
30.2360506058,47.1823806763,35.9166490279
14.4345840454,0.366656005383,3836.81920752
32.1164738655,36.950302124,13.0819722185
13.1214878082,3.65847015381,258.660512634
203.051383972,455.748016357,55.44656769
32.7942509651,48.2129974365,31.9804768241
13.0203617096,2.95545983315,340.552822392
212.606138611,471.539978027,54.9123831451
13.1010194778,3.31036806107,295.757185792
16.8934652328,8.77126979828,92.5999954552
116.78686676,243.208007812,51.9806655173
35.1766321182,57.745098114,39.0829122001
122.712832642,250.140197754,50.942378017
14.4375982285,2.49101018906,479.588084059
13.7371664047,3.51830005646,290.448972069
15.4050035477,3.28294014931,369.244117987
13.5930778503,2.67628407478,407.90863266
125.698986816,281.464996338,55.3411655261
16.954498291,15.7046003342,7.95880143558
14.3466680527,8.04098987579,78.4191781644
44.8321960449,50.8830986023,11.8917729533
14.0122636795,0.906816005707,1445.21574292
14.5450218201,0.144000008702,10000.7089869
22.8245290756,25.2688808441,9.67336774261
14.081688118,1.91033601761,637.131477823
13.3869954109,0.776319980621,1624.41721778
51.568665415,84.7040023804,39.1189743509
13.9429316521,5.30899000168,162.628704286
104.693126678,202.199508667,48.2228580234
13.6505966187,0.73871999979,1747.8715376
64.2697133064,118.116600037,45.5879078076
60.1095811844,120.649902344,50.1785082153
15.3399510384,1.65225601196,828.424585978
37.5130748272,58.1081008911,35.4426073957
65.7949962616,115.454101562,43.0119888586
25.3869356155,36.4296989441,30.3125297453
54.4673821449,102.101799011,46.6538467761
252.653105164,613.300964355,58.8043848212
12.7906755447,3.64079785347,251.31518034
14.4460948944,0.45039999485,3107.39233117
31.6856744766,39.54529953,19.8749918367
352.320474243,900.606994629,60.8796648989
21.3002447128,12.4313592911,71.342845252
46.5756989479,83.1887969971,44.012053751
26.1461297989,23.2984409332,12.2226584767
27.0920873642,38.1935005188,29.0662364114
14.4210394859,0.179263994098,7944.58227014
32.6057918549,44.6377029419,26.9545928533
37.3956457138,55.9293022156,33.137650154
15.4171228409,2.52210998535,511.278767795
