Ensembled Results,Labels,Error(%)
18.8696884155,3.61637997627,421.783898244
31.2214736938,26.1833000183,19.2419354016
23.7733997345,10.1808996201,133.509813687
20.6448940277,5.67037010193,264.083713349
19.9234916687,3.38569808006,488.460376488
35.214093399,45.9323997498,23.3349583499
20.2987092972,1.02608001232,1878.27742997
19.0508831024,4.39120006561,333.842294083
19.3585521698,1.43391799927,1250.04597053
21.0080730438,5.00306987762,319.903650312
23.7625133514,21.4134998322,10.9697785869
197.271522522,428.527008057,53.96520667
28.3263065338,21.7497386932,30.2374567958
33.4528312683,39.0055999756,14.2358243707
20.6662179947,0.644288003445,3107.60558697
95.4389091492,174.708587646,45.3725140619
19.4739173889,1.3283200264,1366.05614625
61.9387393951,89.3469009399,30.6761188765
92.7148017883,142.99079895,35.1603022929
19.5068922043,9.33015060425,109.073712008
42.8141441345,54.0956993103,20.8548097531
50.5796546936,69.4134979248,27.1328254508
35.9165180206,44.2917022705,18.9091496162
31.9010925293,31.7273006439,0.547767638119
18.2789260864,0.153983995318,11770.6662005
18.4604042053,4.35933017731,323.468823294
20.876571846,6.92013025284,201.678885848
50.9317184448,67.7356948853,24.8081553882
26.9349035263,21.7581596375,23.7921955492
32.3423488617,34.9959030151,7.58247087465
21.7030158997,8.16079998016,165.94225998
22.2817298889,0.998495995998,2131.52921776
27.6814964294,26.3057003021,5.23003041743
88.1913894653,146.798400879,39.9234671922
19.5638702393,0.433472007513,4413.29495335
22.3276218414,24.2360305786,7.87426278818
19.6942310333,3.67750811577,435.531952979
20.9930608749,4.5401597023,362.385956694
38.4551959991,69.2155990601,44.441431525
62.104119873,76.4661941528,18.7822533067
21.3759073257,8.46051025391,152.655060797
27.3218261719,32.3427505493,15.5241106343
30.5189092636,25.5758991241,19.3268284156
32.8184455872,29.1263790131,12.6760232449
47.7152797699,85.2947006226,44.0583302109
123.930189514,214.109802246,42.118395228
19.8130361557,1.87798202038,955.017350577
44.3047912598,41.8367004395,5.89934386409
33.4083221436,34.0052986145,1.75553956375
139.698338318,324.123413086,56.8996460367
21.3990766525,7.40635967255,188.928402058
98.4724647522,182.129898071,45.9328392565
20.9606433868,1.74697804451,1099.82294298
23.8584741592,13.2099199295,80.610285956
80.2290367126,107.435203552,25.3233260049
32.3502300262,22.8868808746,41.348356744
24.1571430206,18.8696689606,28.0210218373
62.0793422699,139.554000854,55.5158993008
35.9190803528,46.3400001526,22.4879580611
25.5104873657,26.8631210327,5.03528114006
19.3635942459,1.1374399662,1602.38384629
46.3380348206,60.5946006775,23.5277825046
72.6994636536,104.013298035,30.1056066607
98.3913597107,128.24319458,23.2775196899
21.7164596558,9.21100997925,135.766324265
26.3843904495,22.9467411041,14.9809915482
38.9051334381,50.1333808899,22.3967489375
60.9621139526,62.7390022278,2.8321908415
21.5070652008,1.98146808147,985.410630728
21.6318983078,11.3924207687,89.8797344912
27.1160587311,10.4041004181,160.628575671
15.2531934738,1.64191794395,828.986343683
22.0993513107,16.9476108551,30.3980336796
20.1965147018,5.57420969009,262.32068445
16.700987339,1.75228393078,853.098241996
18.9366611481,0.848640024662,2131.41268356
20.3824649811,5.64828014374,260.861438569
81.0223388672,103.967399597,22.0694764117
17.8266771317,0.650175988674,2641.82335893
14.7139102936,0.865823984146,1599.41126176
20.1897041321,10.8189496994,86.6142711912
18.7800952911,6.13174009323,206.276766556
20.09503479,1.42256009579,1312.59654686
19.0426797867,3.56383991241,434.330392349
118.919381714,220.640594482,46.1026734483
23.656016922,2.19702386856,976.730082932
20.0801925659,0.481792002916,4067.81358851
138.646386719,210.303512573,34.0731949637
21.1088840485,3.32643413544,534.579949249
37.0421871185,55.6368026733,33.4214308899
35.0725456238,51.1107025146,31.3792534671
36.8911399841,39.1758003235,5.83181535665
82.7893730164,112.632301331,26.4958879128
199.133103943,368.846008301,46.0118587537
20.1368501663,2.55439996719,688.320170096
35.4538131714,66.4048995972,46.6096426823
25.9028026581,14.7445192337,75.6774991949
29.5601760864,21.5618305206,37.0949282722
20.6994392395,3.23228597641,540.396282711
21.1514387131,3.18368005753,564.370738607
70.896459198,104.217498779,31.972595746
31.9061798096,32.0148696899,0.339498118917
26.6178302765,18.0580406189,47.401541719
36.5599351883,25.2155895233,44.9894128174
31.8160396576,26.8901996613,18.3183466779
20.4540538788,2.54949998856,702.277072783
39.7620292664,39.5249023438,0.599943095482
56.7635147095,71.1560974121,20.226773567
29.3221866608,17.1768798828,70.7072929473
20.4676967621,0.732159972191,2695.52250048
111.285948181,160.862991333,30.8194213853
19.2645215988,0.855711996555,2151.28567513
21.5508140564,3.47078990936,520.91957794
25.5685476303,16.8020000458,52.1756193349
21.2738822937,17.0818710327,24.5407031405
40.9524528503,48.2173995972,15.0670646022
23.6517061234,16.667470932,41.9033890615
23.3652248383,13.684129715,70.7468821543
22.1749868393,4.28794002533,417.147784444
26.094021225,19.1940898895,35.9482078867
18.2232515335,3.39732003212,436.400791248
122.96199646,120.606193542,1.95330177355
83.2491905212,108.723495483,23.4303586809
20.6634010315,3.18585205078,548.598889783
19.5680379868,0.586784005165,3234.7940323
196.788978577,442.763000488,55.554330791
34.4171909332,49.7849006653,30.8682141105
20.519801712,1.33321595192,1439.12062652
24.0085720062,14.7951793671,62.2729364111
21.565278244,9.53701972961,126.121774469
23.9472129822,12.6010904312,90.0407993491
30.3246593475,19.9214401245,52.2212207451
39.1666278839,43.0433006287,9.00644859509
17.103980732,1.33411204815,1182.04979152
28.8005004883,23.8775005341,20.6177357098
23.354334259,12.8500499725,81.7450851082
20.3646144867,9.50588989258,114.231541884
95.3711296082,164.467498779,42.0121724255
18.1291118622,0.167231991887,10740.6960042
100.303775024,177.236709595,43.4068849203
27.0774841309,18.6142807007,45.4661857004
34.2456886292,39.0488014221,12.3002822572
21.1050485611,0.759872019291,2677.44778401
29.9085929871,19.726518631,51.616174889
36.0521137238,46.1304969788,21.8475497015
49.6014152527,76.6389007568,35.279062248
29.0967184067,14.6799402237,98.2073357473
20.0660833359,1.06870400906,1777.60906349
66.5007385254,86.0512008667,22.7195694475
35.5989097595,40.7900009155,12.7263815629
49.0033336639,88.53099823,44.6483891025
27.8936658859,23.7278289795,17.5567554454
46.7181575775,61.822101593,24.4313014704
32.8572757721,37.4308013916,12.2186152833
22.1402793884,7.41491031647,198.591330758
39.5741241455,42.7971000671,7.53082782846
21.0562105179,2.8245139122,645.480856969
54.676745224,94.908203125,42.3898636538
41.58372612,53.5847015381,22.3962718343
28.2203525543,23.8222293854,18.4622652137
21.5468492508,6.51155996323,230.901494764
22.439081955,3.85440015793,482.167938863
23.5347602844,8.49077987671,177.180195767
108.602662659,141.589996338,23.2977855303
18.7685823441,4.65499973297,303.191910219
33.2614513397,27.4491004944,21.1750139008
20.2071277618,0.452191978693,4368.7054866
58.3886573792,63.002696991,7.32355888269
17.7464633942,1.03968000412,1606.91590911
76.1851646423,104.450294495,27.0608426611
28.1440109253,13.083199501,115.115659767
29.8245817184,30.1060619354,0.934961927547
18.5970685959,2.12784409523,773.986427745
55.1833202362,68.4395980835,19.3693099003
28.7926225662,34.7353401184,17.1085630137
38.0285114288,53.0247993469,28.2816495353
23.9938800812,18.3366985321,30.8516908819
20.1629486084,1.45120000839,1289.39832496
20.3435569763,1.35340797901,1403.13558748
20.6430921555,1.51343810558,1263.98654688
22.0568002701,13.0745000839,68.7009073272
21.7084033966,7.50591945648,189.217110875
22.0775091171,10.0334405899,120.039266883
20.1368347168,2.57280397415,682.680488646
21.0539131165,8.36810016632,151.597288488
18.8830966949,1.76069998741,972.476675751
42.6852516174,45.5620994568,6.31412483984
19.1105169296,5.13775968552,271.962063222
20.296713829,7.9584903717,155.03220939
36.7504516602,38.939201355,5.62094141292
89.6303039551,131.092498779,31.6281978071
20.3201271057,2.35519599915,762.778601572
24.0310386658,23.2031402588,3.56804466011
22.5676511765,0.270431995392,8245.03740719
32.3099031448,25.7721004486,25.3677526567
159.117634583,108.141601562,47.1382264397
22.7491083145,5.83523988724,289.857293858
31.3564498901,20.7027797699,51.4600949179
23.0258649826,20.3800601959,12.9823207647
22.3004547119,0.730943977833,2950.91161405
57.3183677673,76.0996017456,24.6798058695
19.7820804596,2.58742809296,664.54609554
33.4120101929,39.4692001343,15.3466245092
19.794169426,0.223935991526,8739.20860202
31.9159343719,25.0469493866,27.4244375206
21.0771253586,0.925696015358,2176.8948995
21.3813554764,1.92559802532,1010.37481319
177.718884277,334.71697998,46.9047299938
19.4191293716,13.1554298401,47.6130358924
31.3413610458,28.4364013672,10.2156374892
69.5394599915,120.049797058,42.0744876746
23.6795181274,11.2949399948,109.647135251
21.485622406,7.12188959122,201.684295029
21.3132078171,5.71948766708,272.641905319
39.3120414734,45.7960014343,14.1583539127
22.5639192581,7.09238004684,218.143121337
19.326350975,0.613312005997,3051.1450593
37.8704368591,51.3229522705,26.2114995655
21.7742097855,9.41846084595,131.186497896
28.2852193832,21.3921089172,32.222678431
21.1324260712,6.77481031418,211.926461276
23.3923164368,12.9863204956,80.1304414494
155.510054016,298.79800415,47.9547882328
33.5898376465,39.4318008423,14.8153598644
19.8885742187,6.0263299942,230.02796458
35.642099762,47.222202301,24.5225804278
21.5780010223,0.329439997673,6449.90322206
86.0022369385,162.169204712,46.9675903688
129.79045105,289.116699219,55.1079368987
20.4991764069,9.39383029938,118.219573417
18.5154249191,2.36445212364,683.074638475
24.1939477921,10.2430095673,136.199601623
95.9606124878,155.669403076,38.3561505398
52.1285606384,52.3334007263,0.391413676634
30.0851032257,21.2161712646,41.8026978121
34.5968204498,37.3205986023,7.29832385995
23.8682432175,11.4739198685,108.02170044
103.886611938,146.182800293,28.933765306
234.570895386,545.54498291,57.0024649233
21.019826889,4.51411008835,365.647192418
89.6645774841,140.194198608,36.0425906534
21.0427770615,2.20956397057,852.349755055
52.1349811554,75.3743057251,30.8318920435
35.642181015,45.6805992126,21.9752331858
20.1095748901,1.28307199478,1467.29902702
18.1142864227,3.0397799015,495.907829174
62.1482990265,83.7263031006,25.7720731419
18.8729866028,5.51823997498,242.010979739
21.3174629211,4.0202498436,430.25219204
176.54586792,417.684204102,57.7322134315
20.784104538,9.12998008728,127.646767455
35.2788589478,51.9919128418,32.1454875971
26.9485908508,24.9509487152,8.00627726994
28.172665596,29.7643699646,5.34768372549
212.969647217,451.92300415,52.8747938784
167.680348206,343.125,51.131410359
20.6315536499,1.61581206322,1176.85354749
31.0062902451,22.1272411346,40.1272307577
19.1990917206,2.60125017166,638.071713738
20.129410553,3.95231580734,409.30673393
27.9285188675,26.9286003113,3.71322142501
32.5841392517,48.4883117676,32.8000129023
83.2363334656,105.457099915,21.0709060528
28.0431774139,34.1839790344,17.9639755053
21.1156160355,0.8987839818,2249.35384509
23.5742839813,10.8239994049,117.796427175
33.0728145599,47.9641189575,31.0467589549
21.4550577164,8.16541004181,162.755423261
26.4627344131,20.0546989441,31.9527881566
50.1647750854,88.9027023315,43.5733967924
182.737588501,373.506988525,51.0751889215
21.2480140686,7.1432299614,197.45667133
29.4910669327,26.5221996307,11.193895466
19.7959178925,1.86057400703,963.968313951
26.4385059357,24.6312789917,7.33712181401
19.2601829529,4.85682964325,296.558750617
48.4266609192,54.8501014709,11.7109000339
28.3719591141,22.8941307068,23.9267805249
17.4313110352,4.53341007233,284.507705172
49.666664505,68.3235015869,27.3066172672
20.2495943069,1.65170800686,1125.97906064
21.0024959564,5.94023036957,253.563660831
18.5060071945,2.79755997658,561.505288518
23.1143911362,9.22399997711,150.589670355
21.4814739227,8.50827980042,152.477285969
18.1239114761,1.15993595123,1462.4924339
114.350109863,228.282501221,49.9085084263
17.6904476166,2.69503998756,556.407611694
20.8775064468,4.6151342392,352.370513289
20.7475543976,1.86377596855,1013.20001694
36.1808437347,50.5352020264,28.4046718249
31.4691038132,25.3553009033,24.112523583
25.584825325,18.3791904449,39.2053986363
20.4243606567,0.591583967209,3352.48718506
141.806964111,246.529006958,42.4785886817
18.0773561478,2.13200187683,747.90526426
33.6636844635,48.0297393799,29.9107492605
19.4312421799,5.21413993835,272.664378202
72.5870140076,110.430900574,34.2692909046
24.0743707657,19.2878608704,24.8161780484
35.9750392914,28.090089798,28.0702181806
23.8546085358,8.81859016418,170.503652984
23.0537145615,20.2095394135,14.0734288388
23.1273635864,10.7726392746,114.686141408
20.4068634033,5.18931007385,293.248102597
25.0328020096,7.38185977936,239.112401994
22.6943309784,12.3586502075,83.631145775
36.5238136292,45.1184005737,19.0489619208
75.7819610596,78.2651977539,3.17284919172
19.6615352631,0.250496000051,7749.04160506
19.8967851639,3.68880200386,439.383386342
58.63452034,73.7329025269,20.4771298423
20.7063169479,0.375039994717,5421.09568036
32.0727298737,29.4687690735,8.83634058035
30.5937046051,19.9472198486,53.3732762624
20.4489866257,2.08690810204,879.870009883
108.669952393,144.445999146,24.7677657841
24.4116062164,24.6564998627,0.993221453184
25.3445129395,14.106470108,79.6658749167
26.0225305557,18.346830368,41.8366553443
30.5323534012,25.2400608063,20.9678282296
54.5393699646,74.8079986572,27.0941998936
22.3365457535,1.42537593842,1467.06347789
107.093605804,166.848098755,35.8137092339
34.8673126221,36.4729003906,4.40213898911
25.1288660049,27.2530994415,7.79446551077
25.611413765,18.5720100403,37.9032948475
49.5048576355,70.1941986084,29.4744314816
35.4024169922,43.7277984619,19.0391050146
22.6614591599,10.6013393402,113.760341336
21.4603162766,7.32230043411,193.081613759
20.9753856659,5.12198400497,309.516813124
18.458382225,1.08112001419,1607.33886921
20.4447183609,3.05622005463,568.954394496
36.0610515594,44.2252006531,18.4604003443
33.9823360443,40.5673980713,16.2323992665
70.7403358459,90.7970962524,22.0896495971
20.243044281,0.886784017086,2182.74798496
16.0845525742,3.15391993523,409.986077786
49.3315948486,72.4665985107,31.9250580786
37.03998909,61.4785003662,39.7513132732
24.4621860504,15.2751398087,60.1437784324
20.6142040253,4.17369031906,393.90832691
27.6040039062,26.4980602264,4.1736778857
43.3828250885,43.9612998962,1.31587284522
28.0405643463,26.7582015991,4.79241006703
33.8550495148,32.082901001,5.52365421612
18.9571367264,6.23938989639,203.829974423
19.2151688576,0.272320002317,6956.09896227
22.9377857208,0.562336027622,3979.01763254
19.5624591827,3.58617997169,445.495745811
20.359261322,9.3734703064,117.200894189
18.4793041229,1.55699193478,1086.85933499
51.6615745544,64.99949646,20.5200388187
66.2941047668,126.475204468,47.5833187653
81.4985832214,106.601104736,23.5480875897
37.0896728516,47.655002594,22.1704525597
42.7172527313,42.0821990967,1.50907901268
24.075500679,12.65583992,90.2323419948
21.7913772583,3.9975001812,445.125109957
78.3041107178,149.579910278,47.6506500291
81.9915939331,148.646896362,44.8413684109
20.7699991226,1.58694005013,1208.80804987
21.582701683,13.3948507309,61.1268547641
21.8632555008,5.00749015808,336.611052855
19.7990348816,0.45593598485,4242.5032328
28.9476451874,21.839509964,32.5471369784
18.5847869873,5.30356025696,250.420964161
32.6324550629,26.3316993713,23.9284050857
44.2371803284,65.431098938,32.3912007495
42.5322803497,73.1347961426,41.8439886442
22.7395326614,11.8683204651,91.5985730949
20.8838134766,2.83034014702,637.855253849
93.9914253235,148.001495361,36.4929218492
20.0872299194,4.92749023438,307.656412575
19.0099403381,5.47461986542,247.237631205
41.5570419312,51.4612998962,19.2460314548
18.9430963516,10.6057300568,78.6119036619
55.8797241211,104.330200195,46.439550565
48.2691551208,66.263999939,27.1562912512
19.7598184586,4.67967987061,322.247226411
35.4587272644,45.521900177,22.1062233199
20.6861717224,10.799489975,91.54767281
73.7523490906,102.479598999,28.0321646348
39.1322052002,20.306848526,92.704471844
65.4020759583,82.9029998779,21.1101214015
19.7616580963,2.34802794456,741.627892124
29.4929389954,18.0851898193,63.0778514906
22.4306886673,9.21698951721,143.362419209
31.1820064545,25.8489990234,20.6313885741
121.015007782,221.460494995,45.3559390876
38.5231254578,48.2915992737,20.2281017047
34.2932945251,38.2122993469,10.2558728178
22.2399160385,5.9484500885,273.877492584
119.140770721,195.407501221,39.0295817831
33.7093719482,47.9680519104,29.7253680195
19.4880233765,2.42585396767,703.346930038
20.2746107101,3.03206014633,568.674423714
21.6797851562,7.72838973999,180.5213749
22.9952127457,10.2369203568,124.63018119
62.591103363,111.382598877,43.8053125047
19.231937027,0.875519990921,2096.63025704
21.1015060425,2.41055989265,775.377795291
39.4582252502,45.5692024231,13.410322867
17.7602184296,2.34412407875,657.648393725
22.8563749313,12.6698503494,80.399722972
27.9052946091,12.3219203949,126.468713599
21.8304145813,2.32652401924,838.327496332
31.7233911514,26.6977996826,18.8239912223
19.5039344788,0.742367982864,2527.25965141
32.422751236,25.5076599121,27.1098616952
19.7738565445,0.311199992895,6254.06715808
22.6119247437,13.9509906769,62.0811400951
22.7228136063,13.7092199326,65.7484066785
23.7919519424,4.98799991608,376.983807994
26.4862483978,10.6493701935,148.71187607
29.3732481003,15.9732809067,83.8898863164
24.6316589355,9.73389053345,153.050502786
20.3449216843,1.79903995991,1030.87658627
94.8474212646,113.44039917,16.3900850502
22.3761568069,11.6819801331,91.5442121291
20.8763872147,5.97305011749,249.509660961
40.2991329193,43.5439987183,7.45192424781
29.9332025528,20.4230194092,46.5659996354
20.1502855301,4.17906999588,382.171525003
34.5624156952,55.4702301025,37.6919554303
21.9251558304,4.63647985458,372.883664289
22.2243789673,5.26422023773,322.177985791
30.5142326355,30.3676280975,0.482765850178
21.5363815308,6.48090028763,232.305398555
42.5953533173,55.4965019226,23.2467780101
18.1368413925,1.11411201954,1527.91901303
18.6237714767,0.603456020355,2986.1853803
18.8967391968,6.26454973221,201.645609095
20.4880802155,3.00767993927,581.192169019
35.7941905975,39.9588012695,10.4222612783
18.6822422028,0.524383962154,3462.70281913
21.1847929001,1.95689797401,982.570127896
19.658615303,1.24316799641,1481.33215783
22.6175579071,13.0989494324,72.6669609946
37.6790149689,77.0311050415,51.0859737134
23.5171901703,17.9150409698,31.270646882
21.5371124268,2.46038389206,775.35577258
20.135067749,2.57091212273,683.187708791
63.4373321533,84.4273986816,24.8616762521
92.2310783386,123.363998413,25.2366334384
21.2446517944,8.98086929321,136.554514945
20.7765665054,0.39798399806,5120.45273345
25.8685058594,24.1747188568,7.00643929965
40.4895038605,57.2371025085,29.2600392299
21.4958013535,8.74624061584,145.771895579
32.9625087738,36.1845016479,8.90434503007
41.8346969604,47.0611991882,11.1057565849
18.7180862427,2.87522983551,551.011825611
21.1263032913,5.73373174667,268.456429856
20.2603040695,2.98204803467,579.409044857
24.0009717941,12.3617296219,94.1554501535
20.3298439026,13.1050004959,55.1304321502
26.6626729965,23.1954193115,14.9480103741
28.9596956253,15.1951408386,90.5852399321
19.5287548065,8.2137298584,137.757451769
59.8908576965,78.8908004761,24.0838509242
20.0218095779,11.0468797684,81.2440254421
20.1571743011,0.504256010056,3897.40883583
22.622312355,9.3273897171,142.536369136
28.0317218781,20.8686599731,34.3244938301
17.7829040527,0.514847993851,3354.01055557
26.6481784821,13.745880127,93.8630210357
34.9132110596,42.6844024658,18.2061618702
29.6166391373,26.9692192078,9.81645003924
20.3483983994,0.583072006702,3389.86028577
24.2630109787,16.0349502563,51.3132912221
44.6070682526,53.9608688354,17.3344143353
19.5845544815,1.43462002277,1265.13879429
33.7850147247,26.6240005493,26.8968375438
26.4101226807,25.5435600281,3.39248973767
25.8385787964,15.7456598282,64.0996889196
60.4322109222,69.4539031982,12.9894676333
20.3336572647,0.440192013979,4519.26991381
33.9043258667,32.4742012024,4.40387942229
35.0903888702,40.6483001709,13.6731702858
18.4870313644,0.513791978359,3498.15492322
29.0628112793,33.6960601807,13.7501205676
20.2834470749,1.04390394688,1843.03768422
38.7928249359,53.1422996521,27.0019829968
19.9654985428,1.8422100544,983.779696844
25.4720542908,3.5189101696,623.862021566
77.7799339294,100.275100708,22.4334521928
22.1918140411,0.982015967369,2159.82211884
28.4067750931,18.8956813812,50.3347485595
144.949081421,243.715896606,40.5253890127
19.427186203,6.10397005081,218.271322455
48.2799770355,61.9847984314,22.1099717071
20.6911785126,7.80518007278,165.095466339
86.672618103,131.422195435,34.0502433273
25.1136119843,13.5075502396,85.9227731073
36.0694515228,36.7709007263,1.90762039992
20.9946710587,3.61951994896,480.0402085
18.7862419128,1.89235198498,892.745644678
25.2992469788,8.10021972656,212.327910017
89.9867835999,125.079490662,28.0563239234
19.3258586884,2.7784678936,595.558107145
22.3605861664,10.926199913,104.651080379
20.076716423,9.5232000351,110.819014082
21.3754674911,7.32420015335,191.847123831
34.3284564972,38.9642982483,11.8976651948
21.3166950226,7.19456005096,196.289069402
19.1951971054,1.22230398655,1470.41106931
22.0067825317,3.13820981979,601.252745847
22.8909173965,4.9277100563,364.534583711
84.1594703674,110.473197937,23.8191055034
54.3139850616,85.5173034668,36.4877248699
143.43087616,292.79598999,51.0133741366
25.5211326599,19.0533008575,33.9459910423
18.1594675064,2.01235389709,802.399301267
25.7073965073,14.666809082,75.2760015044
32.7966114044,27.1779003143,20.673823309
26.1111763,21.0392894745,24.106740067
19.5601919174,1.57593798637,1141.17776756
19.0728197098,3.04488992691,526.38782247
20.8952014923,2.37510180473,779.760246515
29.1609458923,14.5947589874,99.8042305286
52.6826084137,68.9181976318,23.55776816
21.6540309906,4.58265972137,372.52103161
21.937096405,5.77816963196,279.654766168
20.408716011,2.94400191307,593.230392291
36.6451789856,49.2957000732,25.6625244572
43.7674556732,45.7000999451,4.22897165252
19.6915088654,4.53136014938,334.560666471
62.3646034241,71.7422027588,13.0712453397
15.3149792671,2.4127061367,534.763555915
35.3831840515,45.715801239,22.6018507988
20.4145938873,0.768895983696,2555.05274058
25.1588323593,20.5429801941,22.4692431264
39.2326301575,49.1776008606,20.2225617539
20.8218000412,2.72291207314,664.688667204
99.2664680481,172.722198486,42.5282511929
32.210269165,25.0389995575,28.6403999133
27.1202203751,20.6796798706,31.1442950024
18.4749788284,4.7034201622,292.798818547
21.3455438614,9.7415304184,119.118998192
19.2363401413,8.65235042572,122.325023778
58.9986850739,92.5510025024,36.2527865948
21.4810512543,7.82937955856,174.36466828
34.3320514679,36.0467987061,4.75700283995
22.1387145996,5.51453018188,301.46148211
20.3952234268,3.70802998543,450.028546343
19.8647104263,1.46825802326,1252.94410871
21.1417373657,14.6319303513,44.4904182715
46.5826156616,56.3090019226,17.2732350581
19.6708375931,2.97679805756,560.805241496
69.3122337341,121.506309509,42.9558563551
49.990965271,71.6192016602,30.1989353243
29.1912462234,22.8024101257,28.0182492223
30.8733289719,35.081161499,11.9945644539
20.6355445862,4.28550004959,381.520110778
99.7244522095,203.769805908,51.060240861
38.282800293,61.8579978943,38.111801875
22.2437009811,8.19609928131,171.393747412
59.4032939911,99.1169967651,40.067500096
30.8927183151,27.3729000092,12.858770188
20.7228189468,2.75453209877,652.317206835
44.9104251862,51.954498291,13.5581582665
106.382485962,150.102203369,29.1266326715
20.8649995804,2.75727820396,656.724495569
18.5652805328,2.68632984161,591.102047308
60.4335521698,72.2800979614,16.3897755063
19.6611207962,0.458208024502,4190.87221193
46.2228900909,79.4032974243,41.7871907209
26.4823329926,19.3006801605,37.2093251238
109.690103149,150.616210938,27.1724454714
21.3237375259,0.61561602354,3363.80482485
32.3042606354,29.3817977905,9.94650792196
18.8766338348,1.66909193993,1030.95230905
32.9890621185,53.7209815979,38.5918478455
24.0383039474,13.5066900253,77.9733147231
21.6811376572,4.299680233,404.250001913
29.3661333084,25.8884010315,13.4335537861
19.4623981476,4.08723020554,376.175727054
18.6368932724,3.41401982307,445.892942579
20.4451173782,1.97861993313,933.30190078
24.1561294556,14.1414394379,70.8180384444
22.7815912247,5.3576002121,325.220067246
179.590859985,363.930999756,50.652497285
113.080355072,236.070007324,52.0988047767
30.2298513412,24.9854011536,20.9900579761
44.4752220154,50.4069976807,11.7677622914
19.5816848755,1.09132802486,1694.29872865
23.3483217239,10.0214700699,132.983001108
17.7570995331,3.75593996048,372.773785522
21.3646787643,1.22368001938,1645.93671761
22.6639081955,15.9141998291,42.4131180887
63.3371620178,77.6616973877,18.4447879092
22.9925296783,8.11843013763,183.213987046
20.0750379562,8.09759998322,147.913431114
24.9271152496,25.1663398743,0.950573765708
33.937896347,32.0705986023,5.8224599045
21.2320325851,7.38216972351,187.612360327
51.3867553711,70.0680999756,26.6616971361
26.3718341827,20.646780014,27.7285570186
70.7226020813,119.140403748,40.6392794915
18.049329567,1.82429003716,889.389252769
19.3897159576,0.987103998661,1864.30325315
43.1343811035,49.4193992615,12.7177146058
62.8243076324,93.8118057251,33.0315548807
25.5814872742,18.1997203827,40.5597818882
23.4285079956,4.38736009598,434.000115857
24.0261571884,10.4440898895,130.045484504
24.0174013138,18.3788604736,30.6794909741
25.141321373,25.547000885,1.58797313959
29.0021642685,25.2506389618,14.8571500008
19.8645845413,1.97369194031,906.468341672
20.9581399918,4.11078977585,409.83244424
72.2672325134,109.038597107,33.723255406
31.0998935699,28.9319992065,7.49306796232
22.9856277466,10.3087701797,122.971579983
21.0637590408,5.61705970764,274.996174817
21.0327270508,1.90749204159,1002.63773543
68.6119216919,123.409408569,44.4030058265
76.4990127563,106.589096069,28.2299826367
32.0693016052,41.4403419495,22.6133277463
19.0059648514,4.41036987305,330.938116268
35.6192970276,37.0930023193,3.97300083466
36.5170513153,40.4799003601,9.78967094668
19.9315187454,0.488512009382,3980.04682846
33.4685424805,32.070400238,4.3596033478
19.5941490173,1.74285197258,1024.25778698
99.0803627014,187.666397095,47.2039937702
19.348872757,2.01216006279,861.597097307
34.5155799866,42.4562988281,18.7032762175
22.0851306915,6.65747976303,231.734101757
21.2905923843,6.53861999512,225.61293362
23.0002168655,5.65269994736,306.889045584
119.042853546,177.288497925,32.8535945989
30.6154462814,18.7084503174,63.6450147503
20.7610042572,4.78620624542,333.767439025
23.3823030472,0.381760001183,6024.86980688
20.7748682022,4.32492780685,380.351791521
20.3315750122,8.07402038574,151.814759449
77.6074790955,112.465904236,30.9946604504
23.6115947723,15.7777900696,49.6508361958
24.2433692932,11.1197099686,118.021597342
36.4542232513,46.7616996765,22.0425615332
63.277948761,55.8103981018,13.3802139264
20.4148172379,1.7535020113,1064.23118458
18.705663681,0.297055989504,6197.01616597
41.5889678955,56.5698013306,26.4820329623
25.3189832687,25.6265087128,1.20002864018
22.2948287964,8.43356990814,164.358142984
41.1756690979,54.3436012268,24.2308787634
30.0803861618,28.5160007477,5.48599162963
18.6904275894,3.47229003906,438.273801415
23.0377309799,17.0751686096,34.9194933685
15.0442912102,0.482719987631,3016.56687017
34.2723648071,39.4818992615,13.1947412657
20.3000097275,5.13629007339,295.227088763
19.1289876938,5.35920000076,256.937372949
98.536529541,172.99848938,43.0419711211
24.9865749359,17.1224594116,45.9286562476
55.7754108429,94.238899231,40.8148744329
40.4165294647,53.3439025879,24.2340220644
33.4786355972,27.6103000641,21.254153412
71.9820793152,86.7077026367,16.983062489
20.1447669983,6.20568990707,224.617686348
39.1297660828,42.6843032837,8.32750432238
20.8192035675,4.23833990097,391.211277386
19.6309606552,5.63773012161,248.206817846
18.1233390808,1.70879793167,960.589947173
59.3889896393,113.777198792,47.8023802044
24.6676410675,17.9415206909,37.4891320109
27.5633773804,25.8887004852,6.46875611272
45.1836719513,58.3409004211,22.5523232841
120.511364746,194.068908691,37.9027967134
19.9224460602,2.4748840332,704.985033355
20.5803544998,8.41971969604,144.430399619
21.7276039124,13.9473295212,55.7832549906
33.3601852417,37.1740989685,10.2595996477
33.5889873505,28.4418010712,18.0972585611
33.3056396484,35.8600997925,7.12340500675
56.4081180573,77.4113006592,27.1319334814
39.1084827423,41.5586967468,5.89579124544
21.9723426819,8.82351970673,149.020157626
19.954715538,4.65600013733,328.58064754
37.8992984772,31.8770999908,18.8919270826
22.7383905411,13.1216201782,73.2895041331
22.6040948868,15.8126106262,42.9497976084
25.5401849747,22.8829994202,11.6120509629
92.8217308044,126.85849762,26.8304981171
38.6087047577,44.1955032349,12.641101624
120.640978241,178.735610962,32.503110269
68.2723060608,80.7587966919,15.4614619615
19.8374282837,1.45193600655,1266.27428442
30.7478393555,33.9687995911,9.48211380553
14.8083146095,0.212415993214,6871.37460579
22.4310926437,11.2048597336,100.190749167
54.7863903046,66.0129013062,17.0065408117
31.1545114517,43.7827796936,28.8430025007
30.6414207458,23.2243309021,31.936721342
20.9427402496,4.89753389359,327.618076866
20.95493927,3.52652382851,494.209490395
20.8125070572,5.52028036118,277.019022504
36.9829299927,42.3949012756,12.7656183176
32.1065904617,47.3064804077,32.1306717705
20.698626709,3.56966400146,479.848038933
20.2434408188,0.933888018131,2067.65184109
23.4055679321,15.0687398911,55.3253165252
25.6341205597,21.2321987152,20.7322939255
20.7798200607,12.3510198593,68.2437587942
24.6086307526,18.5703086853,32.5160026663
20.3145698547,6.19974994659,227.66756772
31.8011213303,23.8641090393,33.2592022517
30.3238040924,25.1585998535,20.5305711326
21.1371507645,7.60291051865,178.01393575
32.924281311,30.966999054,6.32054224457
34.7074859619,42.0675010681,17.4957269135
20.706754303,7.74630022049,167.311538587
25.4166465759,22.8450393677,11.2567422926
20.8336742401,6.46552991867,222.226863106
32.8855247498,46.4759788513,29.2418889014
77.434513092,102.139900208,24.1877924937
19.9962396622,8.76327037811,128.182388531
20.7028081894,0.113984003663,18062.9066571
26.9611635208,11.6439599991,131.546342678
40.2531425476,46.8941001892,14.1616058626
70.3445129395,83.884803772,16.1415300789
17.3299044609,1.30691206455,1226.01916617
21.002822113,4.01913976669,422.570085447
23.7199321747,19.1810913086,23.6631002536
20.3953250885,0.191936001182,10526.1071206
46.0115364075,57.5523033142,20.0526586116
19.8640556335,1.73376190662,1045.719926
20.8451568604,3.48781180382,497.657156775
20.230474472,2.17043614388,832.092590198
20.2734413147,12.3656892776,63.9491407191
24.0763366699,13.0158405304,84.9771946245
32.04504776,33.7333030701,5.00471390706
33.4753990173,43.8864974976,23.7227828008
23.1699020386,0.499743998051,4536.35423916
21.2221107483,6.24947023392,239.582555864
52.3222549438,64.8887939453,19.366269948
27.2631540298,17.9121303558,52.2049777902
18.7230060577,6.63842964172,182.03968511
23.8133914948,15.531039238,53.3277402102
49.9228931427,68.3041000366,26.9108397359
22.2855182648,0.815871953964,2631.49703903
23.6941558838,12.5788097382,88.3656433081
32.0100852966,32.3881988525,1.16744236884
17.7146411896,4.73906993866,273.799952709
21.1511898041,2.25900602341,836.305153015
31.9651441574,21.1574401855,51.0822853667
19.3244817734,2.07568001747,830.99522136
39.4943584442,56.3308982849,29.8886407874
31.7873558044,41.4402885437,23.2935944186
20.8449480057,8.23865032196,153.014112641
90.5120834351,113.328399658,20.1329201612
89.0393081665,123.154502869,27.7011346784
29.4600477219,20.9036197662,40.9327573469
24.2259716034,17.6563110352,37.2085683989
27.3705236435,13.9331798553,96.4413287394
20.0542951584,1.99849808216,903.468321406
94.96640625,161.059906006,41.0365940195
19.2260009766,0.400384008884,4701.89032278
22.4118066788,3.30652999878,577.804426001
21.4417003632,1.02432000637,1993.26189373
15.6476612091,4.80780982971,225.463397333
75.8090332031,89.2516021729,15.0614315513
23.89083004,17.7675590515,34.4632088781
20.8197540283,8.37625980377,148.556688976
29.8488964081,31.6927394867,5.81787219558
23.4029159546,7.75660991669,201.715777975
25.6344442368,20.1588993073,27.1619241014
21.3164955139,6.55772018433,225.059546836
131.814624023,241.039993286,45.3142102162
34.4133449554,29.2045993805,17.8353604755
27.2319210052,17.9397106171,51.7968800419
17.3378608704,1.0105919838,1615.61432788
95.7812866211,140.274002075,31.7184330638
18.3754844666,8.01523017883,129.257102498
18.9464767456,4.18566608429,352.651414711
18.6929691315,1.82671999931,923.307848959
22.4265222549,0.263072013855,8424.86052253
30.2899467468,17.5729084015,72.3672943305
52.4615684509,61.3643989563,14.5081360802
31.9190876007,22.466960907,42.0712295395
75.5138374329,130.272201538,42.0338057227
20.0543239594,2.48563599586,706.808558965
31.8694356918,20.4939899445,55.5062522145
21.3077505112,8.68515014648,145.335430612
20.8240636826,4.00988388062,419.318371867
21.5459266663,0.3061439991,6937.84060103
20.7920454025,4.21448993683,393.346661498
31.3595279694,25.6102199554,22.449272298
59.5330345154,116.479804993,48.8898229877
19.1019903183,9.97600078583,91.4794387891
20.3121599197,1.40402793884,1346.70624834
20.9070363998,5.00870609283,317.413919131
28.4261007309,22.3377399445,27.2559390591
26.316554451,22.6343803406,16.2680579499
26.8718915939,1.3389480114,1906.94062541
22.17578125,2.45753192902,802.359842742
76.2746803284,97.9415054321,22.1222095864
62.4211685181,108.619697571,42.5323675962
21.7226179123,7.99232006073,171.793643738
23.691211319,17.0642795563,38.8351101542
22.7395397186,9.62662029266,136.215193155
23.0634243011,10.7274198532,114.995074461
36.9453964233,47.132598877,21.6139205059
20.0812690735,3.97944998741,404.624235435
33.906344986,33.1476402283,2.28886506691
36.6358242035,49.2190208435,25.5657191557
18.3927240372,1.43059003353,1185.67399507
22.4651863098,0.297215998173,7458.53872198
27.6092916489,13.5082902908,104.387757847
23.1160133362,0.188608005643,12156.1146105
18.845844841,2.50541186333,652.205460382
38.2954658508,43.6399002075,12.2466695187
30.442083931,24.809299469,22.704326936
22.1762512207,14.836400032,49.4719148365
65.1986572266,98.3859024048,33.7317078637
23.5451673508,16.8093090057,40.0721906102
74.3520339966,100.453399658,25.9835563061
25.5721427917,22.8567504883,11.8800452622
29.6701370239,27.979801178,6.04127182747
18.2912937164,5.01660394669,264.61506451
23.6576675415,14.6076402664,61.9540672554
27.8991844177,27.2835693359,2.25635830198
34.6946495056,34.2539787292,1.28648055705
47.7062984467,58.237197876,18.0827715162
19.1465835571,7.7092795372,148.357624921
20.0505710602,2.76748991013,624.503854082
19.5428569794,0.854816019535,2186.20621663
27.9028324127,17.6576690674,58.0210406382
20.5756048203,2.66102409363,673.221289861
73.9155982971,91.4467010498,19.1708421971
19.1579954147,2.35462784767,713.631565331
34.6623008728,40.1894989014,13.7528413632
86.9302497864,130.30380249,33.2864827234
35.5590236664,40.9039001465,13.0669116171
34.1361846924,35.5709991455,4.03366362372
101.913400269,163.090698242,37.5112122475
25.0188287735,8.50450992584,194.183074529
18.2297475815,0.424927979708,4190.07936687
21.2736810684,2.62108802795,711.63550562
19.3004674911,5.61558008194,243.694991604
20.7914340973,0.549471974373,3683.89345899
30.4732042313,34.3193397522,11.2069041791
98.7498275757,154.533996582,36.0983150894
21.8023208618,3.67131996155,493.855100895
18.9339263916,1.85897791386,918.512713383
81.2373748779,125.692604065,35.3682139993
20.9315881729,7.00204992294,198.935146182
63.8414138794,86.1320953369,25.8796461067
351.612677002,919.025024414,61.7406852195
63.5097549438,107.711395264,41.037106809
28.5876543045,24.9930000305,14.3826442188
18.1699321747,6.68524980545,171.791372102
31.1759929657,22.0703601837,41.2572912548
27.2765846252,22.0804595947,23.5326851247
21.7603178024,9.15413951874,137.710139308
18.2838821411,0.265119999647,6796.45525251
37.540304184,50.4694023132,25.617696142
48.0313396454,77.0187988281,37.6368621996
45.3098087311,50.3760032654,10.0567615649
206.300018311,418.79598999,50.739734085
28.478304863,17.180721283,65.7573299395
21.1559518814,3.74891996384,464.321246799
38.0058986664,43.6738014221,12.9778095132
53.9021701813,95.9216995239,43.8060726105
24.1878147125,16.3277301788,48.139480795
24.971147728,17.0320510864,46.6126868764
24.4265283585,19.1467895508,27.5750605274
22.2814926147,9.30774021149,139.386705134
36.9824455261,48.1768989563,23.2361436138
36.8667274475,43.3874015808,15.0289574755
18.0286249161,0.236384004354,7526.83793487
26.217861557,12.146270752,115.851120829
21.4877161026,10.3646001816,107.318330916
20.0160678864,3.74828004837,434.006734504
21.5417102814,1.58288002014,1260.9187056
41.0363693237,54.8235015869,25.1482153896
56.1506473541,54.2312011719,3.53937611702
25.8191942215,20.0771007538,28.6002124417
108.257620239,165.421295166,34.5564184281
30.0898235321,36.1721076965,16.8148458903
24.8181776047,18.6674594879,32.9488762022
24.4469841003,18.9897613525,28.7377110565
19.4159227371,1.32614409924,1364.0884613
124.219580078,190.508300781,34.7957125392
21.0665678024,1.06297600269,1881.84792028
42.3324443817,42.8835029602,1.28501297807
34.1664409637,38.0591011047,10.2279350484
22.9307794571,7.82918977737,192.888282302
24.6381940842,21.5189189911,14.4955008863
23.3544240952,14.4909687042,61.1653752889
53.5485160828,57.2126998901,6.40449378269
21.2983804703,2.06527996063,931.258757953
18.8680501938,1.68106007576,1022.39000056
20.8561124802,1.91913795471,986.743786655
56.9693237305,60.5387992859,5.89617831461
290.467645264,694.478027344,58.1746817283
20.2130964279,1.23017597198,1543.10609931
219.036750793,494.688018799,55.722244633
21.1027177811,2.90403199196,626.669604175
104.884264374,162.731002808,35.5474601863
19.6963186264,1.75280201435,1023.70470054
25.3844926834,13.5900506973,86.7873288243
30.5006660461,26.8705997467,13.5094353444
19.0682979584,7.83557987213,143.355287924
26.8266437531,12.2230701447,119.4754954
19.2226112366,1.71274006367,1022.33091549
31.2584352493,30.6030025482,2.14172678017
59.6910110474,92.5554962158,35.5078698858
20.7679067612,5.5884103775,271.62458299
17.3056854248,0.200415998697,8534.88221364
172.474702454,394.128601074,56.2389783478
80.7273391724,138.20980835,41.5907306896
42.1447216034,21.1392192841,99.3674460588
20.7589593887,3.18182587624,552.422860213
22.7008649826,8.52175998688,166.38704936
43.6090232849,59.3467979431,26.5183214658
19.8584754944,9.10307025909,118.151403089
30.8715129852,41.0381774902,24.7736744826
29.1052364349,24.4001808167,19.282871933
24.7876266479,14.8462791443,66.9618791823
17.8637487411,0.730112016201,2346.71342818
19.4640415192,2.227039814,773.987137403
21.9425401688,0.413599997759,5205.25635582
215.212481689,439.257995605,51.0054492252
34.6023220062,35.6156997681,2.84531195074
23.1605131149,0.652352035046,3450.30901579
22.9059860229,12.1702699661,88.2126369152
28.3732374191,15.4693193436,83.4161981466
40.5286632538,43.9939002991,7.87663067319
19.8833150864,6.13224983215,224.241764941
37.7101421356,44.2193984985,14.7203638763
19.8030778885,2.54480004311,678.17814968
29.5722406387,17.8022594452,66.1150975233
64.3287353516,110.507102966,41.7876918091
30.8096755981,26.419500351,16.6171774215
25.6074602127,18.1893596649,40.7826371266
21.5273599625,8.79203987122,144.850572538
24.6003082275,19.9582901001,23.2585963234
20.1307670593,10.7183094025,87.8166257702
42.0074649811,46.1058006287,8.8889805441
20.7595684052,7.04303979874,194.752961766
18.0881958008,3.19776010513,465.65205663
45.857951355,48.6021995544,5.64634568933
45.1764060974,57.881603241,21.9503200191
26.303094101,22.550201416,16.6423909734
26.1445272446,21.058719635,24.1506022099
32.9711849213,34.6908988953,4.95724823733
20.1367511749,5.70994997025,252.660728725
99.2518768311,165.23739624,39.9337685721
19.9743951797,0.392735987902,4985.95998204
19.6486915588,7.39035987854,165.869211808
30.1843717575,29.2902011871,3.05279763925
21.1476739883,4.34902000427,386.262973442
90.7018585205,101.047996521,10.2388353621
114.897780609,208.531997681,44.9016065222
20.0258338928,6.54928016663,205.771525776
25.9415277481,9.81462001801,164.31515128
28.6610218048,27.0307006836,6.03136833299
21.0392438889,5.40419006348,289.313544523
89.4812210083,121.306106567,26.2351883674
60.8158851624,80.3300018311,24.2924389691
106.91020813,154.030502319,30.5915344558
31.6149921417,41.6918983459,24.1699385348
71.1836616516,79.30909729,10.245275657
60.8867649078,100.652198792,39.5077647196
103.183588409,158.179504395,34.7680416598
21.0642953873,10.3751993179,103.025452734
19.1134803772,0.76892799139,2385.73086052
21.3858997345,7.06186008453,202.836639051
19.5269449234,0.77683198452,2413.66386973
35.5398715973,38.8270988464,8.46632209671
19.2429536819,0.431807994843,4356.36808762
18.3194200516,5.3109703064,244.935463667
27.1802598953,20.6774101257,31.4490534842
22.6853013992,10.9067497253,107.993233278
21.0921867371,13.1042299271,60.9570867915
120.987084198,213.543807983,43.3432018748
22.436272049,12.4991998672,79.5016664046
282.50206604,721.54699707,60.8477247931
26.3730451584,17.1591587067,53.6966095438
31.3452028275,18.6403903961,68.1574374858
114.579032898,138.67729187,17.3772206301
34.997127533,48.3068008423,27.5523799491
34.376795578,38.6878967285,11.1432812716
20.4106483459,1.86893200874,992.10224077
21.1950473785,1.64329397678,1189.79036484
54.1036945343,84.9406967163,36.3041549859
132.140220642,247.088012695,46.5209909616
25.0943216324,14.5302400589,72.7041090214
20.480840683,0.821439981461,2393.28510241
18.585657692,3.28410005569,465.928485027
20.4767778397,7.3193898201,179.76072245
21.8497650146,13.2849597931,64.4699370939
25.5304798126,9.01862049103,183.086308355
90.8313331604,123.336807251,26.3550474632
75.2453613281,94.1756973267,20.1010839695
44.3186386108,35.8956985474,23.4650401144
18.8691913605,2.26921415329,731.529775765
38.0801879883,29.93060112,27.2282766244
20.7931512833,5.86886024475,254.296241793
21.1343446732,4.90780639648,330.627106405
19.5571966171,8.94048023224,118.748837972
57.459709549,84.3973007202,31.9175980054
87.3903640747,129.015899658,32.2638804161
19.8610378265,1.03641605377,1816.31900666
19.8562543869,5.92640018463,235.047478542
65.8299846649,97.1168060303,32.2156613713
164.413134766,317.12399292,48.1549367325
24.6052013397,18.4789791107,33.152384622
146.129185486,338.7578125,56.8632279187
151.102871704,262.906982422,42.526109306
46.3400737762,54.2982978821,14.6564890913
26.1920156479,19.3317699432,35.4868991551
51.760867691,104.636398315,50.5326363251
21.1655416489,5.8949098587,259.047757407
20.2926820755,5.52039003372,267.595078455
24.3837610245,9.19682979584,165.132241933
30.5684213638,17.049539566,79.2917705808
23.9133590698,19.6218395233,21.8711377259
31.3114044189,30.3202991486,3.26878460377
67.393711853,97.9930038452,31.2259965421
40.2768131256,56.7140007019,28.9825922574
77.1360214233,89.4152984619,13.7328591972
44.4784713745,64.7511978149,31.3086508428
32.0838829041,31.2607002258,2.63328291521
20.1036153793,2.58675599098,677.174787627
44.8011329651,52.072479248,13.9638949172
23.5319282532,2.16665410995,986.095290663
18.2548353195,2.8472700119,541.13467438
53.0960945129,104.352996826,49.1187640721
18.0691783905,3.740639925,383.050460691
19.4710142136,0.685792028904,2739.20101035
20.8486471176,6.94137001038,200.353490542
25.8617193222,24.0250282288,7.64490711918
25.5469924927,18.375169754,39.0299672583
51.1930484772,88.3475952148,42.054961029
29.8796882629,21.5897407532,38.3976241519
19.7423042297,5.45637989044,261.820559165
29.0589677811,34.2595596313,15.1799728492
61.4573062897,86.5320968628,28.9774447658
18.6185609818,4.44666004181,318.708891768
22.6006177902,13.3802804947,68.909895418
25.7622528076,15.2936296463,68.4508740137
29.8773283005,17.62018013,69.5631263701
18.8713916779,0.254399985075,7318.00030857
19.1994180679,1.9759979248,871.631489432
17.3404340744,2.60540986061,565.55494153
23.9740524292,12.8894996643,85.9967652242
19.246985054,5.4807600975,251.173645838
15.3710124016,2.11283397675,627.506873269
52.7844783783,69.6016998291,24.1620843918
21.6637792587,2.03298997879,965.611709096
29.0090656281,15.8045692444,83.5486002781
38.3986240387,37.3451004028,2.82104914567
28.7236904144,10.448800087,174.899415965
24.6637012482,17.7148895264,39.2258258876
20.439632988,9.75625991821,109.502751662
21.2562347412,13.7221803665,54.9042074471
31.4963575363,24.4335289001,28.9062978378
41.7931999207,46.7341995239,10.5725564011
146.659425354,255.105987549,42.5103946939
19.658546257,4.21702003479,366.171516731
17.1610393524,0.943455994129,1718.95493369
95.4929214478,122.985107422,22.3540772948
44.6030361176,56.4710693359,21.0161297775
77.5383331299,94.8154983521,18.2218788304
37.17264328,32.9393005371,12.8519509337
22.7771949768,5.68991994858,300.307828276
26.8369728088,20.6584701538,29.9078422024
22.5571912766,11.5905303955,94.6174204874
18.8496330261,9.90004062653,90.3995522566
142.602859497,265.471984863,46.2832737057
42.2090385437,52.2325019836,19.1900886599
99.6464447021,149.678100586,33.4261696854
19.54211483,6.63664007187,194.457957918
125.977462769,207.406799316,39.2606880856
105.277032471,160.962203979,34.5951845415
20.9314786911,1.94714009762,974.985755607
71.7103179932,103.167800903,30.4915706594
34.616204071,39.2049980164,11.7046146601
29.0231750488,22.197599411,30.7491612558
43.4223419189,56.0999984741,22.5983188948
30.4012773514,19.2211399078,58.1658397845
38.1638568878,44.1558990479,13.5701962574
22.2087833405,11.8003797531,88.2039714408
30.8701646805,26.3262996674,17.2597937064
42.4382637024,50.2700996399,15.5795114663
39.2149120331,50.1260986328,21.7674762196
60.2115875244,75.4841003418,20.232754644
18.0223638535,0.893087983131,1917.98302002
19.521128273,2.30198192596,748.013968
20.2714752197,4.37301969528,363.557830339
64.8110050201,99.9287033081,35.1427539089
49.3764060974,80.3924026489,38.5807558047
18.8325298309,9.795129776,92.2642196847
19.7438167572,1.76099407673,1021.17451263
34.99923172,37.7405014038,7.26346916939
49.3683166504,83.0294952393,40.5412299471
30.3855705261,37.2010307312,18.3206219589
21.4615428925,4.0352640152,431.849782607
143.547688293,261.367004395,45.0781139624
71.6290557861,108.423698425,33.9359781796
22.9942436218,12.2569799423,87.6012176738
20.8961950302,5.40006399155,286.961989023
22.9824050903,14.4111595154,59.4764464706
20.245945549,2.97677016258,580.131298126
23.3121114731,15.7694406509,47.830934458
117.994558716,240.861404419,51.0114295811
21.9303791046,10.522600174,108.412167545
20.9953784943,9.82989025116,113.587109905
89.5526451111,123.620193481,27.5582389988
28.1008491516,21.1725406647,32.7230850405
55.0458255768,88.7518997192,37.977862163
19.1856092453,12.4227199554,54.4396824054
19.6997596741,4.37133026123,350.65823209
22.3064939499,9.41699028015,136.874981138
20.1355886459,0.479647994041,4097.99288146
19.4162656784,0.90307199955,2050.02410529
126.658334351,245.620101929,48.4332376072
32.3967212677,50.0592002869,35.2831825478
34.7401050568,35.1394996643,1.1365973089
244.801048279,509.912963867,51.9916013858
75.1058334351,97.4346008301,22.9166714953
32.3712062836,32.9600028992,1.78639734166
20.5534845352,5.74979019165,257.464948287
64.6536247253,134.291397095,51.8557211228
87.9035087585,123.640403748,28.9038970319
20.0712928772,0.971520006657,1965.96804386
20.5207971573,3.04738998413,573.389269642
29.3358119965,23.352689743,25.6206985973
21.2062374115,2.90220594406,630.693748832
49.3464797974,77.0387039185,35.9458593052
131.757444763,264.699188232,50.223706524
111.021372986,194.685897827,42.9741063811
18.5246442795,0.405248016119,4471.18691336
25.4288917542,21.2413005829,19.7143821534
80.0287490845,121.531196594,34.1496246831
20.3590852737,4.48223972321,354.216787387
22.6866783142,5.47042989731,314.714725169
22.9352985382,14.8762207031,54.1742287636
19.2555662155,4.96572971344,287.769116056
101.343080902,153.298904419,33.8918426807
20.292035675,3.54288005829,472.755366854
23.0243549347,10.2297906876,125.071613271
43.640329361,51.5898017883,15.4089997476
20.3616235733,1.19078397751,1609.93429185
26.6460126877,11.7589998245,126.601012716
21.0532489777,8.40592002869,150.457402709
38.1918376923,43.5506973267,12.3048767605
24.0913269043,12.2595500946,96.5106934462
19.039891243,0.425760000944,4371.97745226
258.891607666,616.807006836,58.0271292646
37.8870624542,60.7082977295,37.5916244217
19.8775741577,6.99574995041,184.137859395
44.2892154694,66.8059997559,33.7047336598
40.4784183502,63.1730995178,35.9245966097
16.5820930481,5.26607990265,214.884949614
21.1850902557,9.00115013123,135.359814545
31.0884632111,32.9931983948,5.77311469147
20.9820388794,12.2914295197,70.7046267145
38.9429935455,49.3401985168,21.0724830541
36.9717418671,44.5469017029,17.0049084139
19.5736577988,1.32204794884,1380.55581615
20.1642868042,2.55296397209,689.838283056
23.78969841,7.06316995621,236.813336753
22.9200235367,12.4208803177,84.5281731283
37.7870990753,38.7541999817,2.49547379853
17.1269113541,4.67209005356,266.57922167
31.517650032,46.4032096863,32.0787285079
20.1088766098,1.90432405472,955.958756598
21.4703872681,3.54931020737,504.917181471
226.104917908,474.348022461,52.3335384145
147.479614258,336.467803955,56.1682834065
47.8653713226,66.3523025513,27.8617779908
20.0970647812,1.82956600189,998.460769407
25.1987840652,25.4652996063,1.04658317474
18.1370363235,1.82230591774,895.279450447
35.0820644379,14.870139122,135.922906639
26.6201114655,18.8910102844,40.914175921
25.3375375748,7.47125959396,239.133411925
44.0003059387,50.7050971985,13.2231109498
107.920838928,162.801101685,33.7100069892
21.9315126419,10.5754499435,107.381366835
104.234047699,217.948303223,52.1748753453
37.9201675415,45.6772994995,16.9824662206
20.2418535233,0.314336001873,6339.55938952
21.3088071823,1.82579398155,1067.09811718
22.0842954636,6.13360023499,260.0543664
22.3482982635,15.8239994049,41.2304038423
19.3778079987,3.0107820034,543.613784617
119.883789825,235.624694824,49.1208721077
23.5548145294,9.65573978424,143.946243952
112.605989075,178.522506714,36.9233654918
22.1312141418,11.0023708344,101.149502003
60.9298931122,80.2850036621,24.1080023255
19.4141302109,7.46716976166,159.993154442
21.8430034637,10.2173099518,113.784289278
119.354916382,248.285614014,51.928380202
20.0896863937,1.23084795475,1532.18261981
19.647489357,2.44463801384,703.697285478
97.3260101318,135.172302246,27.9985555364
20.3518766403,3.61257600784,463.361894563
28.2324554443,19.653301239,43.6524841348
60.4306919098,80.5010986328,24.9318420045
22.1438749313,1.55545604229,1323.62589037
19.7117752075,2.49858999252,688.915959261
22.4786960602,15.8952999115,41.4172502899
27.1368225098,20.1540794373,34.6467974102
33.1702228546,33.417301178,0.739372464725
30.2097238541,20.650018692,46.2939298246
99.0477638245,199.694610596,50.4003820989
18.8614160538,0.498176008463,3686.09482058
31.9037370682,22.3759002686,42.5807975781
25.4058462143,10.5586500168,140.616425148
21.2542695999,1.7750120163,1097.41553323
19.3692790985,2.99663996696,546.366574298
23.9750167847,17.4781494141,37.171368757
209.973246765,456.618011475,54.0155575364
19.7991205215,1.74300801754,1035.91677848
53.2882171631,66.5453948975,19.9220062557
20.6663139343,4.2077460289,391.149270711
30.0575065613,29.9426994324,0.383422774441
20.8200588226,4.30611419678,383.499922929
29.3361192703,17.3171901703,69.4046146162
20.4235507965,3.42236995697,496.766306779
19.519701004,2.66175603867,633.339221194
25.3080760956,10.5206804276,140.555506555
94.5847412109,132.93460083,28.8486664718
32.1505596161,27.2686100006,17.9031847071
23.515124321,9.26035022736,153.933423074
50.5774944305,58.3031005859,13.2507638149
22.9253700256,8.6373796463,165.420428005
29.7786687851,20.3138389587,46.5930139821
52.0086181641,54.5363998413,4.63503583772
23.8938905716,7.4514503479,220.660937885
43.0999305725,43.9061012268,1.83612443777
20.3636184692,2.00361609459,916.34332666
47.9290714264,79.9555969238,40.055389153
19.2345998764,6.11017990112,214.795966529
21.3921199799,6.56137990952,226.030808685
37.691293335,43.382900238,13.1194707404
28.9220849991,20.6151199341,40.2954971476
19.0732440948,1.24259209633,1434.95617357
66.9260498047,82.9712982178,19.3383118714
19.8240077972,1.95117199421,916.005142349
18.4651180267,3.72128009796,396.203390786
25.5867118835,23.5075206757,8.84479157361
31.47825737,38.7579498291,18.7824497715
26.7865060806,23.9989299774,11.615418295
19.6921527863,9.85840034485,99.7499807009
102.560871124,164.660705566,37.7138153444
21.5075740814,0.344000011683,6152.20155553
19.8980985641,7.53949022293,163.918354899
17.0247663498,3.2166697979,429.266832453
20.7144979477,4.26959991455,385.162506143
21.1480524063,5.31551980972,297.854831951
107.089995575,163.224807739,34.3911032531
25.0934650421,9.91957950592,152.969039939
19.9662246704,13.1678705215,51.628349001
33.844744873,37.507900238,9.76635679881
95.8944831848,121.882202148,21.3219965717
28.2254959106,23.3111400604,21.0815766088
18.7536003113,2.65216016769,607.106627259
20.5135047913,4.47583961487,358.316350816
19.3900091171,0.803263962269,2313.90253116
20.0333518982,5.79874992371,245.477079746
31.7498897552,15.3269805908,107.150322708
20.4700927734,5.90150976181,246.86196583
17.1761732101,2.81334781647,510.524340773
57.241966629,86.1725997925,33.5728911895
20.6536087036,4.42274999619,366.985670034
22.6401439667,0.314976006746,7087.89478619
24.7696008682,14.0800600052,75.9197109891
37.7296386719,46.2419013977,18.4081157317
30.8602043152,32.0602989197,3.74324209359
92.5637657166,132.19619751,29.9800089108
181.275740051,445.405883789,59.3010001329
37.8200035095,65.992401123,42.6903660635
46.1271915436,56.0102996826,17.6451620417
54.3882759094,66.9277954102,18.7358920519
83.8055519104,139.646408081,39.9873200736
23.8587993622,14.0902795792,69.328076339
66.6452590942,86.9773025513,23.3762635316
18.573765564,3.29334998131,463.97788481
39.3007629395,50.5186004639,22.2053608402
26.4727025986,22.3387584686,18.5057022562
23.5486228943,15.312130928,53.790631787
26.6789699554,20.0085296631,33.3379833735
60.78227005,79.2567977905,23.3097075021
25.8564146042,15.5325803757,66.46567395
28.2624763489,10.6510105133,165.350187323
23.4102579117,12.5919694901,85.9141886436
216.372781372,444.358001709,51.3066535226
35.7429893494,60.3276977539,40.7519420098
24.7967884064,13.8032302856,79.6448214891
24.4959657669,11.6933794022,109.485769036
48.5530223846,54.9998016357,11.7214590951
17.8612272263,5.22688007355,241.718711257
31.3300964355,24.8460197449,26.0970439421
20.450629425,0.789632022381,2489.89362708
20.1222730637,6.37446022034,215.670227253
18.5580600739,0.323199987411,5641.9742564
18.9716777802,2.39308595657,692.770427992
29.4224834442,17.1920108795,71.1404422113
63.8706703186,85.2111968994,25.0442751156
22.64733181,11.1842498779,102.49307783
31.3264867783,26.8482990265,16.6795957813
23.8841651917,17.6924800873,34.9961400201
29.4441457748,25.1646900177,17.0057956372
133.006370544,222.040206909,40.0980694461
41.9868713379,57.0545005798,26.4091861094
27.6529176712,20.9146499634,32.2179320219
227.187513733,533.057983398,57.3803374476
20.6604307175,4.25279998779,385.807721425
26.206464386,16.3049907684,60.7266435055
20.0865999222,7.75110006332,159.14515047
39.083121109,48.4824028015,19.3869964139
153.160958862,326.973693848,53.1580179861
16.6999275208,3.65813994408,356.514178682
19.0711523056,0.218815997243,8615.61153933
77.2789230347,99.1667022705,22.0717022294
100.523326874,157.481903076,36.1683311478
19.9462478638,3.43545389175,480.600074757
31.3920564651,35.8054084778,12.3259367796
21.7833499908,12.8640003204,69.33573887
20.383855629,3.40156006813,499.250203457
54.7853973389,124.109603882,55.8572458333
22.5321708679,12.8603000641,75.2071938884
105.429180145,163.574996948,35.5468854579
19.6707559586,0.899199962616,2087.58416107
24.1432878494,17.2770214081,39.7421886514
137.73969574,243.509902954,43.4356902661
17.758807373,4.0853099823,334.699140334
18.8897701263,4.49897003174,319.868769809
26.7075891495,19.0459098816,40.2274258122
24.5842887878,19.7134399414,24.7082643157
20.3434986115,7.23069000244,181.349340168
22.0137664795,9.40095996857,134.165091151
87.2376548767,127.38079834,31.5142815764
26.200749588,21.7252388,20.6005136659
101.841408539,149.534591675,31.8944149322
20.9913061142,7.74630022049,170.984928504
20.9787706375,2.81203007698,646.036495457
19.4244085312,3.12957000732,520.673398765
19.5481414795,7.92098999023,146.78911984
20.7407093048,1.99683606625,938.678620414
38.8887405396,41.8477973938,7.07099785062
19.8507793427,0.752800047398,2536.92588906
18.449977684,2.10460591316,776.647621706
18.4641113281,0.953471958637,1836.51330392
22.6146892548,5.74114990234,293.905221766
23.5899940491,20.366809845,15.8256704346
32.1129177094,31.7232990265,1.22817832577
20.5799394608,4.10124015808,401.797960312
31.5190385818,28.8378982544,9.29728062635
17.8846679688,4.03538990021,343.195537755
35.4307952881,44.4306983948,20.2560469042
58.0209686279,68.9049987793,15.79570473
147.511126709,263.959991455,44.1161041505
31.7412214279,31.0502986908,2.22517259496
18.6315702438,0.599071979523,3010.07205823
21.4572225571,7.6681599617,179.82231284
25.8051465988,8.4876203537,204.032762111
20.4270500183,1.48006606102,1280.14447843
25.3963806152,9.44496059418,168.888158526
29.8958244324,27.6749992371,8.02466217357
32.876266861,43.0966186523,23.7149737287
19.3926790237,2.09190583229,827.034033961
20.4344154358,2.45878815651,731.076698564
19.3194559097,4.80153989792,302.359582977
34.1580940247,16.1075897217,112.062106217
32.2119567871,29.5016994476,9.18678377932
18.4702480316,0.97769600153,1789.16063917
26.5965263367,25.1330013275,5.82312072515
20.5443466187,11.287779808,82.0052035743
31.1717859268,42.9016609192,27.3413074017
73.8837005615,94.3998031616,21.733204851
19.8570240021,10.7095003128,85.4150373228
23.9548128128,10.2472000122,133.769349522
98.0272148132,138.45489502,29.1991700262
25.5697359085,23.4021511078,9.26233144439
20.2800117493,3.23837018013,526.241307238
41.7407672882,62.4828987122,33.196493523
18.1796131134,5.51898002625,229.401683408
20.1331624985,7.59240961075,165.174872414
19.5141744614,2.49091410637,683.414185638
69.6196357727,123.971801758,43.8423619036
21.5102178574,2.56060385704,740.04473391
58.3604598999,100.165893555,41.7361959957
30.1328952789,21.10820961,42.7543872062
19.2942443848,1.15875196457,1565.08838602
93.7462081909,115.925804138,19.1325789044
33.8673805237,30.2619991302,11.9138903478
28.5673973083,26.5177001953,7.72954327842
20.6516838074,1.88633406162,994.805221807
20.3142835617,1.58880400658,1178.58964842
225.081013489,480.868988037,53.192861447
35.1005815506,28.8397979736,21.7088329907
18.7017108917,1.37340593338,1261.70307971
20.6465719223,3.27094602585,531.211024552
21.5882595062,8.95213031769,141.152203332
25.171421814,20.7045307159,21.5744619345
33.6008037567,36.9986991882,9.18382404266
21.8505701065,8.1035194397,169.642965246
44.3385116577,64.4156036377,31.1680568778
19.4625461578,3.92786979675,395.498760522
23.3005302429,14.1311397552,64.8878338654
117.35223465,210.241104126,44.1820688977
18.8881381989,3.1260201931,504.223166586
191.526628113,370.569000244,48.3155288255
83.8714355469,143.930404663,41.7277845197
23.7545606613,15.75274086,50.7963653592
28.9849561691,16.7604904175,72.9362056071
21.7978160858,4.78061008453,355.963061207
22.733452034,22.0193996429,3.24283315
20.1819988251,0.581439971924,3371.03738986
28.1448425293,21.5923995972,30.346061829
113.532337189,197.67350769,42.5657294621
14.9294890404,1.22127997875,1122.44606479
37.9304294586,40.6087989807,6.59553985669
31.95340271,30.8099002838,3.71147720575
19.7152992249,1.52771604061,1190.50809841
122.440522766,202.257202148,39.4629602973
20.1725120544,1.52768206596,1220.46533136
19.3848491669,0.327264010906,5823.30611398
96.6536148071,168.80380249,42.7420393491
21.2468912125,9.03157997131,135.251099807
20.9156936646,2.30118608475,808.909270884
20.4419099808,2.69318008423,659.024994299
29.670252037,24.8323192596,19.4824040671
38.7827613831,46.8725013733,17.2590319552
35.3155281067,36.8740005493,4.22648049957
19.5494016647,4.40704011917,343.594819564
19.8485214233,4.14553022385,378.793311147
17.3834402084,1.23558402061,1306.90069784
18.2414117813,0.706752002239,2481.02017731
23.6605840683,11.568860054,104.519580649
19.752283287,1.66560399532,1085.89312601
35.3739704132,36.4048995972,2.83184185472
18.6490753174,1.78585803509,944.264154875
24.7273777008,10.4934997559,135.644716025
21.4234872818,1.44223999977,1385.43150136
25.8950008392,16.1126003265,60.7127360851
22.9287252426,13.9074602127,64.8663730971
37.0780971527,48.9003982544,24.1762879725
46.1972145081,54.1601982117,14.7026487468
26.5238336563,26.7989196777,1.02648175647
21.017146492,5.51787996292,280.891694514
38.7389156342,61.2280044556,36.730069878
21.0074344635,2.39302802086,777.859944823
29.2306142807,29.2350006104,0.0150036926947
18.1221540451,0.31852799654,5589.34418386
12.7325275421,1.33135998249,856.354983593
28.7510269165,32.6401290894,11.9150943374
34.9692165375,31.0108699799,12.7643841021
19.3622440338,2.18912005424,784.476116158
31.6576517105,34.3675994873,7.88518202383
51.9791202545,76.8168029785,32.3336584718
23.3361984253,14.829240799,57.3661035091
20.614150238,2.00707197189,927.075786355
99.0130989075,145.786499023,32.0834922502
139.59072113,274.944793701,49.229545593
33.167565155,38.5106773376,13.8743656357
25.8581613541,9.99781990051,158.637999198
20.7490631104,9.19180965424,125.734255722
20.2970535278,9.43578052521,115.107308543
22.6953813553,10.1194601059,124.27462649
18.8900259018,4.61152029037,309.626862994
18.4304138184,1.14572799206,1508.62036593
20.9484994888,10.7532100677,94.8115898122
21.0468399048,1.89743995667,1009.22297335
57.2614673615,87.7073974609,34.713069799
43.4052230835,52.8839988708,17.9237122565
33.7417266846,48.0754814148,29.8151038916
38.594556427,60.6551017761,36.3704695947
34.8776199341,28.2149982452,23.6137590048
18.6261804581,0.170080006123,10851.4227349
24.5094841003,14.9327297211,64.1326439181
30.345731163,25.0946998596,20.924861954
29.9428535461,30.1280994415,0.614860873469
39.4238811493,44.1365966797,10.6775689222
24.6636917114,12.6798696518,94.510609247
102.382830048,129.611694336,21.0080305082
28.5192947388,30.8648300171,7.59937857108
28.218803215,23.6726303101,19.2043420838
25.2728672028,25.565700531,1.14541484162
20.2666730881,1.83721399307,1003.11989591
21.276471138,6.34704017639,235.218787761
17.4711984634,0.270175993443,6366.59913815
22.9708599091,3.79887986183,504.674555251
18.567338562,1.26076602936,1372.70295437
24.5414686203,17.8687400818,37.3430275888
33.8389801025,40.1091995239,15.6328710017
20.9011651993,4.41775798798,373.117025789
19.7702924728,3.28434991837,501.954510458
18.9486213684,5.01763010025,277.640858131
35.077432251,44.9916992188,22.0357691306
22.0702329636,10.6063995361,108.084118351
134.964022827,252.712997437,46.5939527463
69.2785980225,78.5522994995,11.8057670318
23.7468299866,17.0302715302,39.4389393295
20.7062606812,2.60322809219,695.40708489
20.3993040085,3.50504994392,481.99752742
29.9445713043,37.3185005188,19.7594466872
19.5329330444,3.86611008644,405.234786587
18.0049154282,0.721215963364,2396.46657073
212.064653015,436.660003662,51.4348345998
20.1168676376,0.522655963898,3748.96930815
43.0994937897,53.8517990112,19.9664735793
43.8518005371,60.1148986816,27.05335699
19.2285888672,1.32617604733,1349.92732345
25.2028781891,14.9600000381,68.4684366632
42.0009334564,60.3073997498,30.3552571812
48.6439548492,63.8885955811,23.8612863425
26.5495222092,0.131584003568,20076.8615404
25.3325786591,7.15327978134,254.139351925
23.5383138657,11.7807703018,99.8028419417
19.4638031006,12.5294303894,55.3446764591
23.883464241,10.7844495773,121.46206044
18.7495016098,3.22108983994,482.08564621
201.531942749,446.901000977,54.9045667142
23.193611145,15.7861099243,46.9241710353
32.3150838852,33.4289970398,3.33217641342
22.7822502136,9.86775016785,130.875831128
19.3573368073,7.07725000381,173.514949971
17.1284712791,0.415136009455,4025.99025116
24.2139299393,12.6864299774,90.8648057994
33.0673667908,34.600692749,4.43148918831
22.7837436676,0.607168018818,3652.46109174
17.4718837738,2.48207998276,603.921061979
18.2284660339,10.0952997208,80.5638914954
19.2643835068,0.447872012854,4201.31442776
25.1431488037,19.8635101318,26.5795855659
21.8081758499,4.55290031433,378.995241369
23.3958124161,14.5052099228,61.2924772589
24.9455596924,20.8830909729,19.4533880294
30.5083675385,36.051158905,15.3747938622
21.3776292801,3.86930990219,452.492041746
25.0184335709,16.1324214935,55.0817004186
19.4124362946,8.11420917511,139.240027902
33.2972675323,31.347700119,6.21917207938
22.5691825867,14.1315202713,59.7081004264
281.775228882,649.341003418,56.6059701453
23.3061325073,14.7819509506,57.6661469462
20.3884162903,1.85247802734,1000.60232777
63.2130970001,107.506904602,41.2008956689
49.1346244812,55.1593017578,10.9223233156
38.7860961914,39.1916007996,1.03467222538
23.6634399414,17.1503009796,37.9768201709
28.6480283737,21.71434021,31.9313785117
51.0288196564,61.7892990112,17.4147943528
20.9471803665,11.7844495773,77.7527259891
20.3747468948,2.87004995346,609.90913835
18.979382515,2.39750409126,691.630870793
25.1467559814,17.6161994934,42.7479064985
19.5517801285,4.32879781723,351.667667422
24.6795562744,18.8850708008,30.6828898592
19.9640544891,0.460063993931,4239.40815897
19.544708252,2.99848985672,551.818388118
27.6895570755,18.5860385895,48.9804131321
149.885316467,276.92300415,45.8747326077
17.6682502747,5.66201019287,212.049072199
130.203071594,253.104690552,48.5576220218
34.8393768311,36.4606018066,4.44651183813
84.4373352051,111.022994995,23.9460841344
30.5151575089,17.7866897583,71.5617572663
48.5576713562,65.4692993164,25.8313868283
137.08445282,215.512008667,36.3912694853
75.2644172668,131.627487183,42.8201366768
204.184442139,443.978973389,54.0103350886
36.4822322845,43.8218002319,16.7486682622
35.152324295,30.8689994812,13.8758135535
42.0808513641,55.1612014771,23.7129536026
46.1586978912,67.6346969604,31.7529316081
28.1004131317,16.8867588043,66.4050126927
24.26557827,14.6079406738,66.1122454682
25.221922493,5.20880031586,384.217496612
43.9749458313,48.1251983643,8.62386582087
21.080579567,6.5525097847,221.717635831
21.0041679382,15.6884803772,33.8827434731
34.2310619354,47.1823806763,27.4494812581
18.443182373,0.366656005383,4930.1050855
38.8675952911,36.950302124,5.18884300507
19.1387601852,3.65847015381,423.135610805
227.566828918,455.748016357,50.0674011184
41.0231040955,48.2129974365,14.9127698408
17.8392969131,2.95545983315,503.604783022
225.354069519,471.539978027,52.2089154642
20.2571577072,3.31036806107,511.930677602
22.8305295944,8.77126979828,160.287622197
141.0394104,243.208007812,42.0087308519
43.9269123077,57.745098114,23.9296256437
144.892723083,250.140197754,42.075394365
20.2459009171,2.49101018906,712.758655344
20.3927827835,3.51830005646,479.620340968
16.1617743492,3.28294014931,392.295735352
17.9915302277,2.67628407478,572.257866688
159.752243042,281.464996338,43.242589622
23.4822660446,15.7046003342,49.5247605476
20.5969299316,8.04098987579,156.149183742
61.2180122375,50.8830986023,20.3110933083
18.6283414841,0.906816005707,1954.25812589
20.6453180313,0.144000008702,14237.0255442
29.8310272217,25.2688808441,18.0544061516
20.8809341431,1.91033601761,993.050329921
18.7886274338,0.776319980621,2320.21690833
69.3775840759,84.7040023804,18.0940898585
20.8701755524,5.30899000168,293.110093366
129.298579407,202.199508667,36.0539596465
17.1537338257,0.73871999979,2222.08872517
85.0763153076,118.116600037,27.9726005648
83.0371253967,120.649902344,31.1751408135
21.0533901215,1.65225601196,1174.22082105
48.09243927,58.1081008911,17.2362570235
77.1711784363,115.454101562,33.1585648393
32.2842449188,36.4296989441,11.3793255103
73.7371955872,102.101799011,27.780708762
274.382910156,613.300964355,55.2612948449
21.6924764633,3.64079785347,495.816558248
19.7785978317,0.45039999485,4291.34059899
42.2297157288,39.54529953,6.78820550263
354.687097168,900.606994629,60.6168840256
26.9339790344,12.4313592911,116.661576613
68.9446685791,83.1887969971,17.1226522466
30.789141655,23.2984409332,32.1510814531
39.9001125336,38.1935005188,4.46833097671
21.8998140335,0.179263994098,12116.515728
35.8088943481,44.6377029419,19.7788147953
40.7976131439,55.9293022156,27.0550292463
16.6921514511,2.52210998535,561.832812528
