Ensembled Results,Labels,Error(%)
14.1777711868,3.61637997627,292.043183511
26.6006933212,26.1833000183,1.59412030808
13.4482822418,10.1808996201,32.0932603572
14.7754990578,5.67037010193,160.573803688
14.4841938972,3.38569808006,327.805242958
33.0389591217,45.9323997498,28.0704702961
13.6453679085,1.02608001232,1229.85417751
14.4673018456,4.39120006561,229.461232223
13.3228413582,1.43391799927,829.121565179
13.4614527702,5.00306987762,169.063856782
15.8520763397,21.4134998322,25.9715765103
202.298991394,428.527008057,52.7920090004
22.2197526932,21.7497386932,2.16100987036
29.406893158,39.0055999756,24.6085352453
17.1498878479,0.644288003445,2561.83566297
80.5657476425,174.708587646,53.8856396656
14.4988427162,1.3283200264,991.517287106
52.9775844574,89.3469009399,40.705739203
76.607539463,142.99079895,46.4248468954
15.6382205963,9.33015060425,67.609519499
39.6645374298,54.0956993103,26.6770964503
46.2783399582,69.4134979248,33.3294800842
35.8590026855,44.2917022705,19.0390053953
26.8720827103,31.7273006439,15.3029656955
16.2862735748,0.153983995318,10476.6015105
13.0363193512,4.35933017731,199.044092119
14.7728489876,6.92013025284,113.476458503
50.7876773834,67.7356948853,25.0208070214
19.3958347321,21.7581596375,10.8571907954
30.0680679321,34.9959030151,14.0811771049
16.2099775314,8.16079998016,98.6322121708
12.7938735008,0.998495995998,1181.31445215
30.1541074753,26.3057003021,14.6295560618
72.0270219803,146.798400879,50.9347366531
13.7874850273,0.433472007513,3080.70943183
20.7312080383,24.2360305786,14.4612069576
14.3772556305,3.67750811577,290.951023843
13.7031515121,4.5401597023,201.820914035
43.2947238922,69.2155990601,37.4494702348
46.1459337234,76.4661941528,39.6518497688
15.6834681511,8.46051025391,85.3726037842
23.9661216736,32.3427505493,25.8995562637
24.5119113922,25.5758991241,4.16011858183
30.5633333206,29.1263790131,4.93351510296
50.495407486,85.2947006226,40.7988924079
117.741094971,214.109802246,45.0090123219
11.9357049942,1.87798202038,535.560131284
36.938432312,41.8367004395,11.7080651103
34.3535106659,34.0052986145,1.02399351154
128.751412201,324.123413086,60.277040472
15.938569355,7.40635967255,115.201125245
86.6561916351,182.129898071,52.4206664843
13.414938736,1.74697804451,667.893951393
18.4997455597,13.2099199295,40.0443428758
68.3439687729,107.435203552,36.385871192
32.2462060928,22.8868808746,40.8938433746
25.4653995514,18.8696689606,34.9541404494
69.9498054504,139.554000854,49.8761733651
41.7098731995,46.3400001526,9.9916420757
22.1333719254,26.8631210327,17.6068488155
11.938030529,1.1374399662,949.552581565
56.3660980225,60.5946006775,6.97834890857
62.8136155128,104.013298035,39.610014585
82.1010213852,128.24319458,35.9802119294
15.8775486946,9.21100997925,72.375762597
23.7408781052,22.9467411041,3.46078337414
39.2166847229,50.1333808899,21.7753041451
48.8193907738,62.7390022278,22.1865362211
12.8487640381,1.98146808147,548.446682448
15.3230244637,11.3924207687,34.5019182025
20.5726186752,10.4041004181,97.7356796697
15.7095319748,1.64191794395,856.779358715
17.5976371765,16.9476108551,3.83550417206
13.3710172653,5.57420969009,139.872879003
14.1775772095,1.75228393078,709.091321358
13.3821652412,0.848640024662,1476.89536816
13.8602625847,5.64828014374,145.389078303
64.5559352875,103.967399597,37.9075214561
12.5642491341,0.650175988674,1832.43819411
15.2101471901,0.865823984146,1656.72509293
15.5758599281,10.8189496994,43.9683181907
13.0371921539,6.13174009323,112.618146818
12.2669252396,1.42256009579,762.313323415
12.0264144897,3.56383991241,237.456641861
103.320310974,220.640594482,53.1725740603
15.3753832817,2.19702386856,599.82777619
12.497698307,0.481792002916,2494.00285422
123.172741699,210.303512573,41.4309631864
11.9752811432,3.32643413544,260.003555027
43.756035614,55.6368026733,21.3541513683
28.9363937378,51.1107025146,43.3848640028
41.8102619171,39.1758003235,6.72471671765
63.1651126862,112.632301331,43.9191848697
164.846777344,368.846008301,55.3074254204
13.0391646385,2.55439996719,410.459004306
39.6359962463,66.4048995972,40.31163892
17.4787704468,14.7445192337,18.5441869602
24.0442897797,21.5618305206,11.5132120005
14.3806083679,3.23228597641,344.905199381
14.2440919876,3.18368005753,347.409655814
56.9152664185,104.217498779,45.3879942571
30.5569086075,32.0148696899,4.55401223425
23.3502101898,18.0580406189,29.3064440523
36.2446537018,25.2155895233,43.7390693098
27.9756845474,26.8901996613,4.03673048116
12.5880012512,2.54949998856,393.743922641
34.2050918579,39.5249023438,13.4593893226
48.5911067963,71.1560974121,31.7119564402
26.3850191116,17.1768798828,53.6077523488
12.8200972557,0.732159972191,1650.99674151
95.9199798584,160.862991333,40.3716298798
12.4289381027,0.855711996555,1352.4674368
14.083093071,3.47078990936,305.76045911
22.0308980942,16.8020000458,31.1206882166
23.7039716721,17.0818710327,38.7668343044
37.7219684601,48.2173995972,21.7668958193
20.3882364273,16.667470932,22.32351573
16.1422528267,13.684129715,17.9633134363
14.8804485321,4.28794002533,247.030239327
21.2988176346,19.1940898895,10.9654990529
13.8059979439,3.39732003212,306.379081551
141.568587494,120.606193542,17.3808602491
71.5021464348,108.723495483,34.2348715732
14.5742518425,3.18585205078,357.467942961
13.29640522,0.586784005165,2165.97949211
191.80091095,442.763000488,56.6809081296
36.8758895874,49.7849006653,25.9295708244
16.0391021729,1.33321595192,1103.03857374
18.9021274567,14.7951793671,27.7586907715
15.0505914688,9.53701972961,57.8123134429
15.6413842201,12.6010904312,24.1272277626
23.7322120667,19.9214401245,19.1289982969
33.8641929626,43.0433006287,21.3252876335
13.5474461555,1.33411204815,915.465393206
27.0428665161,23.8775005341,13.2566889802
18.7196443558,12.8500499725,45.6775996653
14.1722212791,9.50588989258,49.0888432256
76.3518400192,164.467498779,53.576335394
16.236126709,0.167231991887,9608.74443686
71.5887491226,177.236709595,59.6083964285
24.1134988785,18.6142807007,29.5430066099
30.6433040619,39.0488014221,21.5256219246
16.5203983307,0.759872019291,2074.10273194
31.4050331116,19.726518631,59.2021060536
29.9134706497,46.1304969788,35.1546750873
49.598916626,76.6389007568,35.282322507
23.946036911,14.6799402237,63.1208066662
12.8214823723,1.06870400906,1099.72249226
53.9124032974,86.0512008667,37.3484591099
32.7734863281,40.7900009155,19.6531365714
54.7837207794,88.53099823,38.1191651797
24.8320281982,23.7278289795,4.65360408533
38.7014751434,61.822101593,37.3986419967
29.9555427551,37.4308013916,19.9708752112
14.3642947197,7.41491031647,93.7217593555
31.1345403671,42.7971000671,27.2508176529
13.0491134644,2.8245139122,361.995014717
58.9130500793,94.908203125,37.9262823027
38.7778518677,53.5847015381,27.632606407
19.7822071075,23.8222293854,16.9590436414
14.4192931175,6.51155996323,121.441454873
15.4853758812,3.85440015793,301.758386434
17.2351608276,8.49077987671,102.986781873
92.8307641983,141.589996338,34.4369188507
13.969039917,4.65499973297,200.086803831
30.0321950912,27.4491004944,9.41048905188
11.8941774368,0.452191978693,2530.33799742
42.8424066544,63.002696991,31.9990909905
13.6764809608,1.03968000412,1215.45099518
63.4551782131,104.450294495,39.2484448989
23.0746887207,13.083199501,76.3688516626
29.3051063538,30.1060619354,2.6604462031
13.8998238564,2.12784409523,553.235069595
45.6188869476,68.4395980835,33.344309106
25.1554279327,34.7353401184,27.5797276002
34.5765407562,53.0247993469,34.7917555897
16.327261734,18.3366985321,10.9585528419
12.1689985275,1.45120000839,738.547302726
11.0730240822,1.35340797901,718.158622818
12.5184940338,1.51343810558,727.15599585
14.8459601402,13.0745000839,13.5489697115
16.3032804489,7.50591945648,117.20564074
15.4168767929,10.0334405899,53.6549367564
14.2614029884,2.57280397415,454.31362559
15.6346060753,8.36810016632,86.8357902575
13.0728648186,1.76069998741,642.48111047
37.4682746887,45.5620994568,17.7643806246
13.8887897491,5.13775968552,170.327742037
14.3372484207,7.9584903717,80.1503520277
28.5719455719,38.939201355,26.624212676
73.2255502701,131.092498779,44.142074526
12.7512663841,2.35519599915,441.40998833
17.789261055,23.2031402588,23.332528026
13.2497108459,0.270431995392,4799.46125892
27.1945558548,25.7721004486,5.5193615632
151.760110474,108.141601562,40.3346244932
15.7875322342,5.83523988724,170.554982131
23.6271247864,20.7027797699,14.1253737372
20.3438194275,20.3800601959,0.17782463881
13.6819499969,0.730943977833,1771.81923812
52.4191959381,76.0996017456,31.1176474834
13.2445410728,2.58742809296,411.880546899
29.8626094818,39.4692001343,24.3394611996
16.2730070114,0.223935991526,7166.81177981
31.8977977753,25.0469493866,27.3520271189
13.8456072807,0.925696015358,1395.69697298
14.4214812279,1.92559802532,648.935189911
165.982572937,334.71697998,50.4110687941
21.7227268219,13.1554298401,65.1236568166
29.1432992935,28.4364013672,2.4858909438
59.3849063873,120.049797058,50.533105559
15.1248996735,11.2949399948,33.9086323647
15.5680076599,7.12188959122,118.59377993
15.4189951897,5.71948766708,169.586999521
47.1028560638,45.7960014343,2.85364352473
16.0882820129,7.09238004684,126.838972343
13.3963729858,0.613312005997,2084.26720085
39.4172271729,51.3229522705,23.1976621978
15.8641608238,9.41846084595,68.436871834
25.5954870224,21.3921089172,19.6491992511
15.6987668991,6.77481031418,131.72260434
18.6055387497,12.9863204956,43.2702878078
125.29916153,298.79800415,58.0655962258
26.979133606,39.4318008423,31.5802650915
15.1393795013,6.0263299942,151.220552408
38.3625003815,47.222202301,18.7617296268
14.2279834747,0.329439997673,4218.83911341
72.0269391537,162.169204712,55.5853164097
125.277335358,289.116699219,56.6689382882
14.2406277657,9.39383029938,51.5955399641
15.164791584,2.36445212364,541.365982097
19.9650569916,10.2430095673,94.9139738714
87.3150028229,155.669403076,43.9099777494
43.1607789993,52.3334007263,17.527280092
23.2594991684,21.2161712646,9.63099269071
31.6446777344,37.3205986023,15.208547238
18.9348964691,11.4739198685,65.0255247219
83.4193798065,146.182800293,42.9348872512
229.883430481,545.54498291,57.8616910278
14.4138618469,4.51411008835,219.306830468
81.2159435272,140.194198608,42.0689698052
14.5630288124,2.20956397057,559.090617262
46.1730098724,75.3743057251,38.7417112128
32.8694227219,45.6805992126,28.0451148006
12.2153830528,1.28307199478,852.041904313
13.6990195274,3.0397799015,350.658270379
54.0387742996,83.7263031006,35.4578283067
14.5451576233,5.51823997498,163.583274545
14.4627812386,4.0202498436,259.748319165
167.615689087,417.684204102,59.8702351104
16.0141886711,9.12998008728,75.4022299942
41.1584495544,51.9919128418,20.8368238351
21.7953195572,24.9509487152,12.6473313461
23.2384616852,29.7643699646,21.9252357338
204.352754211,451.92300415,54.7815109356
173.10418396,343.125,49.5506931993
15.8089489937,1.61581206322,878.390331002
28.7888954163,22.1272411346,30.1061223181
13.9546855927,2.60125017166,436.46072741
12.6154975891,3.95231580734,219.192549484
24.1704217911,26.9286003113,10.2425617682
34.0800662994,48.4883117676,29.7148837378
70.6154237747,105.457099915,33.0387201697
26.3164485931,34.1839790344,23.015256455
12.9237304688,0.8987839818,1337.9128612
16.6573898315,10.8239994049,53.8931148129
27.0884490967,47.9641189575,43.5235136485
15.8309082985,8.16541004181,93.8776891477
23.0107440948,20.0546989441,14.7399128703
54.1545124054,88.9027023315,39.0856397104
176.887043762,373.506988525,52.6415705204
13.3215622902,7.1432299614,86.492138181
21.93834095,26.5221996307,17.2831014944
15.5604427338,1.86057400703,736.324847866
24.0222431183,24.6312789917,2.47261164805
14.785748291,4.85682964325,204.432096184
43.9931583405,54.8501014709,19.7938432917
18.2865419388,22.8941307068,20.1256331896
12.4507347107,4.53341007233,174.6439107
54.1032119751,68.3235015869,20.813174503
12.8738511086,1.65170800686,679.426572681
15.0366154671,5.94023036957,153.131857379
13.8536407471,2.79755997658,395.204423249
15.2002030373,9.22399997711,64.7897124347
14.9512787819,8.50827980042,75.7262235448
13.9191953659,1.15993595123,1099.99689217
106.729117966,228.282501221,53.2469123148
13.4135464668,2.69503998756,397.712335577
13.2526633263,4.6151342392,187.156616458
12.9120186806,1.86377596855,592.788130035
31.355440712,50.5352020264,37.9532692961
25.4272619247,25.3553009033,0.283810559763
19.3021970749,18.3791904449,5.02202005419
12.7923708916,0.591583967209,2062.39310067
129.15380249,246.529006958,47.6111131571
13.0993444443,2.13200187683,514.41523981
36.51772995,48.0297393799,23.9685028038
13.477626133,5.21413993835,158.482248124
62.5783658028,110.430900574,43.332558661
18.8125127792,19.2878608704,2.46449357096
25.1842578888,28.090089798,10.344687148
19.7679296494,8.81859016418,124.162017752
17.6649253845,20.2095394135,12.5911530039
16.0699147224,10.7726392746,49.173422713
14.5879730225,5.18931007385,181.115848058
24.9716007233,7.38185977936,238.283325201
15.790687561,12.3586502075,27.7703252045
42.2399723053,45.1184005737,6.37972142592
59.7312427521,78.2651977539,23.6809661685
12.7947776794,0.250496000051,5007.77724068
14.4142988205,3.68880200386,290.758268007
45.8553138733,73.7329025269,37.8088854476
10.2645535469,0.375039994717,2636.92237935
30.0698345184,29.4687690735,2.03966933077
26.5476573944,19.9472198486,33.0895111994
14.663952446,2.08690810204,602.664023954
92.3607463837,144.445999146,36.0586330324
20.9166067123,24.6564998627,15.16798074
20.8433078766,14.106470108,47.7570768375
19.7317064285,18.346830368,7.548312339
30.5545484543,25.2400608063,21.0557640443
49.4428529739,74.8079986572,33.9069967632
14.005655098,1.42537593842,882.59376495
92.7834762573,166.848098755,44.3904503859
31.3672292709,36.4729003906,13.9985333357
20.3418054581,27.2530994415,25.3596622956
16.0876344681,18.5720100403,13.3769880956
48.5585811615,70.1941986084,30.8225150736
40.9544612885,43.7277984619,6.34227487093
17.0651128769,10.6013393402,60.9712917326
15.3842176437,7.32230043411,110.100879937
15.1019712448,5.12198400497,194.846122716
11.1711111069,1.08112001419,933.290565362
14.5388185501,3.05622005463,375.712425488
31.9475208282,44.2252006531,27.7617278012
29.1609680176,40.5673980713,28.1172335324
58.2696798801,90.7970962524,35.8242914309
11.6539457321,0.886784017086,1214.18084985
15.8747131348,3.15391993523,403.332787794
50.1403526306,72.4665985107,30.8090159314
38.4935653687,61.4785003662,37.3869480561
17.6371990204,15.2751398087,15.4634212277
13.6251000404,4.17369031906,226.452108299
22.011856842,26.4980602264,16.9303086568
37.9837284088,43.9612998962,13.597349263
23.0662742615,26.7582015991,13.7973672258
29.6176513672,32.082901001,7.6839985066
15.252905941,6.23938989639,144.461496946
12.1859002113,0.272320002317,4374.84580921
13.7866933823,0.562336027622,2351.68239363
14.6239404678,3.58617997169,307.786016967
19.5543207169,9.3734703064,108.613459879
12.0144248009,1.55699193478,671.64335489
42.9245491028,64.99949646,33.9617205662
59.0666858673,126.475204468,53.2978134996
68.5159733772,106.601104736,35.7267698616
34.9347427368,47.655002594,26.6923914905
39.1390357971,42.0821990967,6.99384386448
18.759598732,12.65583992,48.2287927985
15.1967605591,3.9975001812,280.156594628
72.287512207,149.579910278,51.6729806345
68.1915664673,148.646896362,54.1251326896
15.3303476334,1.58694005013,866.03193247
17.3905513763,13.3948507309,29.8301244689
14.2813500404,5.00749015808,185.199762547
12.1016260147,0.45593598485,2554.23796691
27.1504821777,21.839509964,24.3181839817
13.6909141541,5.30356025696,158.145726469
27.5105676651,26.3316993713,4.47699283338
42.4495353699,65.431098938,35.1233036601
43.5896808624,73.1347961426,40.3981645379
17.9224317551,11.8683204651,51.0106826639
11.0520987511,2.83034014702,290.486590904
88.7610273361,148.001495361,40.0269388364
13.4584853172,4.92749023438,173.130633996
12.9934617043,5.47461986542,137.339980194
45.7324157715,51.4612998962,11.1324123882
15.0640021324,10.6057300568,42.0364468244
59.1447048187,104.330200195,43.3100821162
43.3033361435,66.263999939,34.6502834369
14.3175828934,4.67967987061,205.952186672
33.3711458206,45.521900177,26.6921071158
16.4817437172,10.799489975,52.6159453399
60.3199756622,102.479598999,41.139528012
30.1274888992,20.306848526,48.361223361
52.0798466682,82.9029998779,37.1797802915
12.4281187057,2.34802794456,429.300289399
22.3779642105,18.0851898193,23.7364077129
15.1532254219,9.21698951721,64.4053667806
26.7422216415,25.8489990234,3.45554045359
116.289085388,221.460494995,47.4899189624
36.6636732101,48.2915992737,24.0785690232
39.3747390747,38.2122993469,3.04205647828
15.4307817459,5.9484500885,159.40844281
107.693006897,195.407501221,44.8879872962
37.3689395905,47.9680519104,22.0961908975
13.7616662979,2.42585396767,467.291621068
14.4918036461,3.03206014633,377.952380451
14.5999824524,7.72838973999,88.9136410505
16.501684761,10.2369203568,61.1977448879
56.6326313019,111.382598877,49.154866314
13.5144843102,0.875519990921,1443.59517205
13.8311837196,2.41055989265,473.774738466
38.521390152,45.5692024231,15.4661742939
14.7825808525,2.34412407875,530.622797936
13.5282764435,12.6698503494,6.77534517283
20.9578453064,12.3219203949,70.0858683933
17.7395946503,2.32652401924,662.493509783
25.6756387711,26.6977996826,3.82863353427
15.5898755074,0.742367982864,2000.01991832
37.4024772644,25.5076599121,46.6323347311
17.1238718987,0.311199992895,5402.52965604
17.226385498,13.9509906769,23.4778654579
17.5332468987,13.7092199326,27.893833383
19.8744548798,4.98799991608,298.445373179
23.7691497803,10.6493701935,123.197704169
23.8572069168,15.9732809067,49.3569608911
20.1450012207,9.73389053345,106.957343022
13.4683633804,1.79903995991,648.641702273
75.2507381439,113.44039917,33.664956493
18.0908219337,11.6819801331,54.8609202181
15.6393681526,5.97305011749,161.832193686
41.0349746704,43.5439987183,5.7620432705
24.791191864,20.4230194092,21.3884752657
13.9835205078,4.17906999588,234.608430143
37.0809654236,55.4702301025,33.1515925659
16.4326060295,4.63647985458,254.419873371
14.9167283058,5.26422023773,183.360642834
27.7780029297,30.3676280975,8.52758456976
13.2843974113,6.48090028763,104.977654674
37.7228689194,55.4965019226,32.0265825547
14.9610995293,1.11411201954,1242.87210504
12.7860610008,0.603456020355,2018.80577367
15.2323254585,6.26454973221,143.15116185
14.1010671616,3.00767993927,368.835363013
33.6388151169,39.9588012695,15.8162556229
13.8791006088,0.524383962154,2546.74391486
13.5061885834,1.95689797401,590.183584567
12.7505187035,1.24316799641,925.647276982
17.4453559875,13.0989494324,33.1813370043
44.8984390259,77.0311050415,41.7138842787
19.1249713898,17.9150409698,6.75371282688
16.329054451,2.46038389206,563.679131687
13.252255249,2.57091212273,415.469009301
58.3506290436,84.4273986816,30.8866198003
77.2431001663,123.363998413,37.3860273986
14.3019203186,8.98086929321,59.2487302918
12.8841422081,0.39798399806,3137.3518209
21.9695753098,24.1747188568,9.12169262492
43.2507358551,57.2371025085,24.4358397621
16.034641552,8.74624061584,83.3318137043
28.7134773254,36.1845016479,20.6470283747
38.0627689362,47.0611991882,19.1206990202
13.0111896515,2.87522983551,352.526942048
13.3340255737,5.73373174667,132.554053152
12.9730308533,2.98204803467,335.037621878
16.3872310638,12.3617296219,32.5642249514
14.8711187363,13.1050004959,13.4766743497
18.6468608856,23.1954193115,19.6097270966
25.4654825211,15.1951408386,67.5896445548
13.9062893867,8.2137298584,69.3054145496
56.1296089172,78.8908004761,28.8515155398
21.4349287033,11.0468797684,94.0360459492
12.3657931328,0.504256010056,2352.28472962
15.5374065399,9.3273897171,66.5782926538
25.3547216415,20.8686599731,21.4966446057
15.8588074684,0.514847993851,2980.28926165
18.8409194946,13.745880127,37.0659377255
31.8832111359,42.6844024658,25.3047734207
26.7897211075,26.9692192078,0.665566544207
12.6894717216,0.583072006702,2076.31297263
18.9510864258,16.0349502563,18.1861254498
46.6894016266,53.9608688354,13.4754450137
13.2553405762,1.43462002277,823.961771462
30.3843673706,26.6240005493,14.1239736467
23.7078252792,25.5435600281,7.18668324549
22.3089996338,15.7456598282,41.6834853364
50.92409935,69.4539031982,26.6792836615
15.9411189079,0.440192013979,3521.40120713
30.0311632156,32.4742012024,7.5230117949
36.1347675323,40.6483001709,11.1038656465
11.9341274261,0.513791978359,2222.75471958
29.3501901627,33.6960601807,12.8972645309
10.1065948486,1.04390394688,868.153715567
32.8919878006,53.1422996521,38.105825273
14.9854476929,1.8422100544,713.449457465
22.5941476822,3.5189101696,542.077989867
65.2806799889,100.275100708,34.8984149326
13.369997406,0.982015967369,1261.48472635
25.9104337692,18.8956813812,37.1235746755
133.701376343,243.715896606,45.140477825
14.4554966927,6.10397005081,136.821225732
47.6113639832,61.9847984314,23.1886443321
12.9449464798,7.80518007278,65.8507088765
75.3753839493,131.422195435,42.6463819905
20.838794899,13.5075502396,54.2751611462
40.3603946686,36.7709007263,9.76177866563
13.7793509483,3.61951994896,280.695538155
13.9885569572,1.89235198498,639.215382143
17.4605136871,8.10021972656,115.55605004
73.180008316,125.079490662,41.4931993015
13.9414156914,2.7784678936,401.766305218
15.3300894737,10.926199913,40.3057750705
15.0099284172,9.5232000351,57.6143351173
16.0194005013,7.32420015335,118.718770184
38.9643550873,38.9642982483,0.000145874535959
13.9881615639,7.19456005096,94.4269206843
13.4916143417,1.22230398655,1003.78551409
16.5186944962,3.13820981979,426.373169568
17.1536710739,4.9277100563,248.106339008
72.9191560745,110.473197937,33.9938035322
47.357069397,85.5173034668,44.6228219586
135.527811432,292.79598999,53.7125452311
22.7435138702,19.0533008575,19.3678409861
15.4740408897,2.01235389709,668.952265905
22.1149433136,14.666809082,50.7822402945
36.3756065369,27.1779003143,33.8425931222
20.0652252197,21.0392894745,4.62973930722
14.710505867,1.57593798637,833.444462548
13.0344862938,3.04488992691,328.077421735
13.3725960732,2.37510180473,463.032542289
28.1955101013,14.5947589874,93.1892820266
57.4922512054,68.9181976318,16.5789977379
13.3879006386,4.58265972137,192.142586458
17.6608636856,5.77816963196,205.648065227
17.9950395584,2.94400191307,511.244153019
38.4300231934,49.2957000732,22.0418350155
38.0347343445,45.7000999451,16.7731922026
14.1940239906,4.53136014938,213.239811507
48.0950339317,71.7422027588,32.9613085711
13.5366215706,2.4127061367,461.055545251
30.9424474716,45.715801239,32.3156400347
13.9333166122,0.768895983696,1712.11983255
20.0681118011,20.5429801941,2.31158472849
36.4824987411,49.1776008606,25.814805719
11.4038331032,2.72291207314,318.810185452
72.2807459354,172.722198486,58.1520229774
27.4449836731,25.0389995575,9.60894667567
23.644244957,20.6796798706,14.3356430318
13.2101949692,4.7034201622,180.863595291
14.2672135353,9.7415304184,46.4576193117
14.7243862152,8.65235042572,70.1778764235
57.509223175,92.5510025024,37.8621283183
15.5341411591,7.82937955856,98.4083290747
30.6036979675,36.0467987061,15.1000946933
16.8881990433,5.51453018188,206.249099855
14.3687620163,3.70802998543,287.503932621
11.8562133789,1.46825802326,707.502032413
19.2722635269,14.6319303513,31.7137456526
50.2068424225,56.3090019226,10.8369164641
13.7384900093,2.97679805756,361.519046428
59.8734455109,121.506309509,50.7240029323
44.4890483856,71.6192016602,37.88111658
18.6308643341,22.8024101257,18.2943196295
20.0454973221,35.081161499,42.8596532568
14.287861824,4.28550004959,233.400108708
115.605749512,203.769805908,43.2664967234
44.1498210907,61.8579978943,28.6271418513
15.9228029251,8.19609928131,94.2729386089
59.8664203644,99.1169967651,39.6002478705
24.5971889496,27.3729000092,10.1403616666
13.2921010971,2.75453209877,382.553864703
36.6998092651,51.954498291,29.3616328281
82.9759576797,150.102203369,44.7203599832
15.4988732338,2.75727820396,462.107705037
13.0892101288,2.68632984161,387.252530423
48.3766592979,72.2800979614,33.070567608
13.3536614418,0.458208024502,2814.32291181
47.2238613129,79.4032974243,40.5265740281
17.2055492401,19.3006801605,10.85521807
84.9547397614,150.616210938,43.5952217676
13.6046807289,0.61561602354,2109.92960038
34.6590396881,29.3817977905,17.9609223888
14.8625715256,1.66909193993,790.45852838
33.9276477814,53.7209815979,36.8446987151
15.3888689995,13.5066900253,13.9351608027
15.7008966446,4.299680233,265.164286499
20.243126297,25.8884010315,21.8061931582
13.0185060501,4.08723020554,218.51658447
15.6125404358,3.41401982307,357.306672043
11.1906334877,1.97861993313,465.577719113
14.1274422646,14.1414394379,0.0989798342017
15.4065088272,5.3576002121,187.563614628
170.505154419,363.930999756,53.1490434908
68.8327697754,236.070007324,70.8422215276
24.4380334854,24.9854011536,2.1907499695
36.1237289429,50.4069976807,28.3358846886
13.4864695549,1.09132802486,1135.78513954
16.5237876892,10.0214700699,64.8838700708
13.3639695168,3.75593996048,255.808922863
12.5250663757,1.22368001938,923.557317058
16.5183588028,15.9141998291,3.79635156138
50.9515028954,77.6616973877,34.3930088973
15.7451130867,8.11843013763,93.942829091
15.1135980606,8.09759998322,86.6429323742
16.4416161537,25.1663398743,34.6682265444
29.5933353424,32.0705986023,7.72440605368
15.6289922714,7.38216972351,111.712719387
56.9922920227,70.0680999756,18.6615706112
17.5337900162,20.646780014,15.0773631324
61.1437395096,119.140403748,48.6792577612
15.4481684685,1.82429003716,746.804409049
15.2295582771,0.987103998661,1442.85245504
43.9007068634,49.4193992615,11.1670568249
61.3840400696,93.8118057251,34.5668281352
20.9703142166,18.1997203827,15.2232769277
22.8175132751,4.38736009598,420.073866197
18.7014545441,10.4440898895,79.0625582687
19.4995977402,18.3788604736,6.09796928459
21.0861528397,25.547000885,17.4613374988
28.0764860153,25.2506389618,11.1911902816
14.6745329857,1.97369194031,643.506759388
13.8966243744,4.11078977585,238.052421363
53.420835495,109.038597107,51.0074075489
24.4024232864,28.9319992065,15.6559382149
15.3945135117,10.3087701797,49.3341421259
14.5647116661,5.61705970764,159.294229084
12.4111017227,1.90749204159,550.650249234
59.8223770142,123.409408569,51.5252704736
57.3258636475,106.589096069,46.2178911714
30.7348241806,41.4403419495,25.8335652295
13.3215687752,4.41036987305,202.051056003
27.1625431061,37.0930023193,26.7717860306
35.5629585266,40.4799003601,12.1466253369
9.52848029137,0.488512009382,1850.51096152
29.6646478653,32.070400238,7.50147286871
14.352491188,1.74285197258,723.506035731
84.9369016647,187.666397095,54.740484722
13.3805956841,2.01216006279,564.986644527
27.7833478928,42.4562988281,34.5601273318
14.2887085915,6.65747976303,114.626391669
14.9235482216,6.53861999512,128.236970993
16.8895776749,5.65269994736,198.787797551
98.20846138,177.288497925,44.6052831799
25.2120222092,18.7084503174,34.7627504227
14.5300682068,4.78620624542,203.582158013
14.0375779152,0.381760001183,3577.06880546
13.0034714699,4.32492780685,200.663318571
15.1355576515,8.07402038574,87.4599880655
65.0394834757,112.465904236,42.1695989397
19.3914581299,15.7777900696,22.9035121165
16.9680263519,11.1197099686,52.5941449902
34.1950077057,46.7616996765,26.8738990622
48.5683353424,55.8103981018,12.9761890359
16.2401654243,1.7535020113,826.156076223
14.2662846565,0.297055989504,4702.55748432
38.0055683136,56.5698013306,32.8165073596
23.1499135971,25.6265087128,9.66419243222
13.989440155,8.43356990814,65.8780363168
39.1707206726,54.3436012268,27.9202706697
21.8659908295,28.5160007477,23.3202754378
13.6105261803,3.47229003906,291.97549822
16.4827634811,17.0751686096,3.46939548313
12.5229568481,0.482719987631,2494.24866776
27.2637605667,39.4818992615,30.9461776746
14.1345908165,5.13629007339,175.19066514
13.6770709991,5.35920000076,155.207325668
90.4219402313,172.99848938,47.7325261305
19.7666297913,17.1224594116,15.4427019862
57.2408470154,94.238899231,39.259851842
34.5404693604,53.3439025879,35.2494517936
37.3922554016,27.6103000641,35.4286455229
58.5754580975,86.7077026367,32.444919752
13.8787512779,6.20568990707,123.645581486
31.2666818619,42.6843032837,26.7489932913
15.7973526955,4.23833990097,272.725007068
13.5621758461,5.63773012161,140.560927067
13.0817133904,1.70879793167,665.550633454
56.4243732452,113.777198792,50.4080133414
19.7293241501,17.9415206909,9.96461498424
18.1923063278,25.8887004852,29.7287774711
39.7280895233,58.3409004211,31.90353725
108.694934082,194.068908691,43.9915776231
12.7498710632,2.4748840332,415.170444036
14.1809677124,8.41971969604,68.4256510233
18.2990299225,13.9473295212,31.2009578228
30.0233415604,37.1740989685,19.2358593929
29.3899858475,28.4418010712,3.33377191527
27.7855093002,35.8600997925,22.5169214223
53.3487232208,77.4113006592,31.0840629643
33.1253868103,41.5586967468,20.2925274291
15.0184069633,8.82351970673,70.2087994647
14.0951253891,4.65600013733,202.730347366
35.0338279724,31.8770999908,9.90280791689
18.0161306381,13.1216201782,37.3011136843
17.0837451935,15.8126106262,8.03873944226
19.3805013657,22.8829994202,15.3061143349
71.602015686,126.85849762,43.55757239
34.6560018539,44.1955032349,21.5847782754
103.236036301,178.735610962,42.2409246008
50.7725673676,80.7587966919,37.130604408
12.9163210869,1.45193600655,789.593000563
27.97403965,33.9687995911,17.6478415878
12.4727903843,0.212415993214,5771.86971922
14.5779569626,11.2048597336,30.1038773283
54.8174255371,66.0129013062,16.959526922
27.9081697464,43.7827796936,36.2576566821
24.7046518326,23.2243309021,6.37400895088
12.1785839081,4.89753389359,148.667679953
13.2799237251,3.52652382851,276.572635573
14.5809038162,5.52028036118,164.133392912
43.3064071655,42.3949012756,2.15003659041
31.9755607605,47.3064804077,32.4076522182
13.5416871071,3.56966400146,279.354670398
9.57625303268,0.933888018131,925.417699635
17.5695890427,15.0687398911,16.5962726127
18.3870864868,21.2321987152,13.399988699
13.3617206573,12.3510198593,8.18313636888
19.7178045273,18.5703086853,6.17919637969
13.9356135368,6.19974994659,124.777025797
28.0096918106,23.8641090393,17.3716218128
30.8325515747,25.1585998535,22.552732482
15.7718976974,7.60291051865,107.445525747
39.1004425049,30.966999054,26.2648745419
31.9423208237,42.0675010681,24.068889255
15.1705206871,7.74630022049,95.842147287
18.290829277,22.8450393677,19.9352253999
14.0940259933,6.46552991867,117.987174611
27.1273878098,46.4759788513,41.6313793056
68.4823679924,102.139900208,32.9523840798
17.3080291748,8.76327037811,97.5065064526
16.9059246063,0.113984003663,14731.8396117
20.4712556839,11.6439599991,75.8100825278
36.5371175766,46.8941001892,22.0858968843
61.3983569145,83.884803772,26.8063413709
12.7803865433,1.30691206455,877.907151515
14.2448992729,4.01913976669,254.426571352
16.9765158653,19.1810913086,11.4934828671
16.6988340378,0.191936001182,8600.20941094
33.463608551,57.5523033142,41.8553096505
12.0603440285,1.73376190662,595.617084583
13.3642972946,3.48781180382,283.171399328
14.8499325752,2.17043614388,584.191175913
22.6609035492,12.3656892776,83.2562911811
15.7776452065,13.0158405304,21.2187962015
28.0370157242,33.7333030701,16.8862424591
32.0353504181,43.8864974976,27.0040849811
13.8629151344,0.499743998051,2674.0033274
14.0434995651,6.24947023392,124.715040467
55.5934288025,64.8887939453,14.3250699815
21.1606773376,17.9121303558,18.1360168627
14.677936554,6.63842964172,121.105552761
19.6100507736,15.531039238,26.2636097504
43.4924077988,68.3041000366,36.3253336543
12.654002285,0.815871953964,1450.97895246
15.80680933,12.5788097382,25.6622022196
37.6377391815,32.3881988525,16.2081885222
14.4714511871,4.73906993866,205.364794663
14.9446863174,2.25900602341,561.560268658
28.8204776764,21.1574401855,36.2191145226
11.9923069,2.07568001747,477.753160366
35.8871519089,56.3308982849,36.2922427983
30.9145584106,41.4402885437,25.3997510706
13.7094956398,8.23865032196,66.4046306621
72.4538614273,113.328399658,36.0673391261
72.1226739883,123.154502869,41.4372415881
20.5491292953,20.9036197662,1.69583294592
16.3269618034,17.6563110352,7.52903156879
19.8072166443,13.9331798553,42.1586231566
12.6411678314,1.99849808216,532.533398168
92.5795553207,161.059906006,42.5185587049
15.4730882645,0.400384008884,3764.56200076
17.0532474518,3.30652999878,415.744525472
17.0140289307,1.02432000637,1561.00718768
14.8024312973,4.80780982971,207.883044912
58.3928255081,89.2516021729,34.5750394542
17.118507576,17.7675590515,3.6530143147
13.9924302101,8.37625980377,67.0486653699
23.4743942261,31.6927394867,25.9313186355
16.216292572,7.75660991669,109.064175538
16.9806159973,20.1588993073,15.7661549944
16.2627700806,6.55772018433,147.994266657
122.367756653,241.039993286,49.2334218133
30.9252685547,29.2045993805,5.89177462007
21.4534444809,17.9397106171,19.5863463956
13.1457237244,1.0105919838,1200.79437945
79.8588449478,140.274002075,43.0693900749
14.2305673599,8.01523017883,77.5440884718
12.7550904274,4.18566608429,204.732632048
11.47539711,1.82671999931,528.196828978
12.3401782036,0.263072013855,4590.79854704
26.089377594,17.5729084015,48.4636293431
53.2948856354,61.3643989563,13.1501545818
23.1059513092,22.466960907,2.84413368086
63.7016292572,130.272201538,51.1011340063
13.0485534668,2.48563599586,424.95834018
31.2457277298,20.4939899445,52.4628821156
14.1412222862,8.68515014648,62.8207002495
15.8573359489,4.00988388062,295.456238162
12.9015574455,0.3061439991,4114.2120974
13.5863770485,4.21448993683,222.372985869
27.5500318527,25.6102199554,7.57436640784
62.9026557922,116.479804993,45.9969427351
14.7832962036,9.97600078583,48.1886030384
11.3387490273,1.40402793884,707.587136521
13.4908283234,5.00870609283,169.347573471
22.7339128494,22.3377399445,1.77355858719
22.8680618286,22.6343803406,1.03241831462
16.6667913437,1.3389480114,1144.76762367
15.5578055382,2.45753192902,533.06626272
57.0849365234,97.9415054321,41.7152755907
60.9147323608,108.619697571,43.9192579954
15.6092567444,7.99232006073,95.3031988932
18.6842514038,17.0642795563,9.49335037669
15.6282002449,9.62662029266,62.3435823766
17.8300451279,10.7274198532,66.2100054985
34.8323348999,47.132598877,26.0971477706
14.2027535439,3.97944998741,256.902425933
27.8272499084,33.1476402283,16.050585451
35.7743801117,49.2190208435,27.3159451395
14.8466088295,1.43059003353,937.796187693
12.8538825989,0.297215998173,4224.76134458
23.2876194,13.5082902908,72.39501742
13.4063313484,0.188608005643,7008.03939776
14.0121968269,2.50541186333,459.277180412
45.35884552,43.6399002075,3.93893043826
26.6660657883,24.809299469,7.4841545671
18.2943035126,14.836400032,23.306890304
59.2456994057,98.3859024048,39.7823286085
18.9780265808,16.8093090057,12.9018841544
62.7891077042,100.453399658,37.4942929579
21.9504226685,22.8567504883,3.9652522798
25.9903255463,27.979801178,7.11039945945
15.8252646446,5.01660394669,215.457724245
18.3719854355,14.6076402664,25.7697006526
24.8232133865,27.2835693359,9.01772022241
21.4841184616,34.2539787292,37.2799328469
34.3403738022,58.237197876,41.0336090083
14.1399590492,7.7092795372,83.4147922772
13.5731892586,2.76748991013,390.45126448
15.9669875145,0.854816019535,1767.88585492
20.7655187607,17.6576690674,17.6005659719
13.3373298645,2.66102409363,401.210413556
64.5426922321,91.4467010498,29.4204257877
13.3908664703,2.35462784767,468.704157796
32.0961715698,40.1894989014,20.1379155072
76.4639310837,130.30380249,41.318726221
33.5372838974,40.9039001465,18.0095693142
39.5908168793,35.5709991455,11.3008288503
94.1481903076,163.090698242,42.2724954137
18.256479454,8.50450992584,114.668212669
12.5822886467,0.424927979708,2861.04028154
16.0075470924,2.62108802795,510.721460772
13.478468132,5.61558008194,140.019159826
14.1129514694,0.549471974373,2468.45701467
28.7505634308,34.3193397522,16.2263503949
87.5891593933,154.533996582,43.3204593613
15.5059153557,3.67131996155,322.352601192
13.3903121948,1.85897791386,620.305071675
61.4770988464,125.692604065,51.0893267716
14.036583519,7.00204992294,100.463916617
53.227890873,86.1320953369,38.2020248494
383.87611084,919.025024414,58.2300698412
57.8029090881,107.711395264,46.3353817424
20.0748785019,24.9930000305,19.6779959293
14.6862471581,6.68524980545,119.681352013
24.7096479416,22.0703601837,11.9585169245
23.7392215729,22.0804595947,7.51235258955
15.8260173798,9.15413951874,72.8837248697
11.8607922554,0.265119999647,4373.74482166
46.5395652771,50.4694023132,7.78657336131
54.2265018463,77.0187988281,29.5931607979
48.6199306488,50.3760032654,3.48593080584
188.646965027,418.79598999,54.9549256593
21.7346521378,17.180721283,26.5060516366
14.2173047066,3.74891996384,279.237349522
44.9686260223,43.6738014221,2.9647627595
57.9441146851,95.9216995239,39.5922768543
19.758380127,16.3277301788,21.0111871678
21.4574108124,17.0320510864,25.9825414068
18.4010162354,19.1467895508,3.89503061833
14.8907993317,9.30774021149,59.9829710899
34.2425830841,48.1768989563,28.9232312043
42.0696807861,43.3874015808,3.03710465865
15.3320767403,0.236384004354,6386.08893065
17.5786640167,12.146270752,44.7247832335
14.6164875984,10.3646001816,41.023168693
12.7333539963,3.74828004837,239.711916718
13.1142017365,1.58288002014,728.502575658
36.6704648972,54.8235015869,33.1117790077
45.8494777679,54.2312011719,15.4555370761
21.8419633865,20.0771007538,8.79042574122
98.9917598724,165.421295166,40.1577893746
29.879617691,36.1721076965,17.3959727707
21.5762617111,18.6674594879,15.5822072365
20.0082386017,18.9897613525,5.36329672731
12.9406218529,1.32614409924,875.808123743
91.4620857239,190.508300781,51.9904983936
11.5876456261,1.06297600269,990.113567636
44.6265151978,42.8835029602,4.06452858846
31.5847499847,38.0591011047,17.0113085492
17.4668111801,7.82918977737,123.098579506
19.9426803589,21.5189189911,7.32489690981
18.7554397583,14.4909687042,29.4284746667
43.6689563751,57.2126998901,23.6726173402
11.6923465729,2.06527996063,466.138576646
14.3891972542,1.68106007576,755.95972813
15.6737652779,1.91913795471,716.708628964
47.6601084709,60.5387992859,21.2734493695
264.355879211,694.478027344,61.9345942128
12.1663285255,1.23017597198,888.99090883
211.139581299,494.688018799,57.318638561
13.4836766243,2.90403199196,364.308818279
98.2923431396,162.731002808,39.5982686496
12.6897155762,1.75280201435,623.967423147
22.4662895203,13.5900506973,65.3142436377
28.2052066803,26.8705997467,4.96679250249
14.747883606,7.83557987213,88.2168754148
22.5462190628,12.2230701447,84.4562683187
13.2334623337,1.71274006367,672.648612268
23.8235582352,30.6030025482,22.1528730796
58.3236856461,92.5554962158,36.9851731873
14.709432888,5.5884103775,163.213183972
13.2714121819,0.200415998697,6521.93251443
170.773329163,394.128601074,56.6706580803
69.1932394028,138.20980835,49.9360861367
18.1737512589,21.1392192841,14.028275999
11.7488040924,3.18182587624,269.247235688
20.1200626373,8.52175998688,136.102198
37.8399925232,59.3467979431,36.2392010442
14.1484871864,9.10307025909,55.4254420073
28.3965711594,41.0381774902,30.8045023049
19.4693557739,24.4001808167,20.2081496026
20.3712564468,14.8462791443,37.21455894
15.0051537514,0.730112016201,1955.1851522
13.3003474236,2.227039814,497.220909118
14.1411085129,0.413599997759,3319.03012319
196.30057373,439.257995605,55.3108706741
30.7166412354,35.6156997681,13.7553342055
13.7267264366,0.652352035046,2004.19002305
16.3720691681,12.1702699661,34.5251108945
26.0211992264,15.4693193436,68.211662378
36.718522644,43.9939002991,16.5372417666
14.0407197952,6.13224983215,128.965227764
35.2637714386,44.2193984985,20.2527111721
13.4099126816,2.54480004311,426.953491608
24.0749765396,17.8022594452,35.2355110526
51.938274765,110.507102966,53.0000575792
24.0797842026,26.419500351,8.8560196722
19.0246351242,18.1893596649,4.59211030337
14.1285842896,8.79203987122,60.6974547034
21.0433919907,19.9582901001,5.43684797205
14.4605757713,10.7183094025,34.9147074258
37.2358371735,46.1058006287,19.2382809413
14.2216734886,7.04303979874,101.925218301
11.9111485481,3.19776010513,272.484118774
44.186542511,48.6021995544,9.08530289562
41.885477066,57.881603241,27.6359417833
17.2205310822,22.550201416,23.6346905978
23.4063770294,21.058719635,11.1481487721
29.1188468933,34.6908988953,16.0619994852
14.1783296585,5.70994997025,148.309174903
95.7122203827,165.23739624,42.0759328333
12.7342506409,0.392735987902,3142.44556984
14.7254164696,7.39035987854,99.2516834306
27.9309066772,29.2902011871,4.64078242824
18.6198314667,4.34902000427,328.138556465
70.4208762169,101.047996521,30.3094780288
99.0997283936,208.531997681,52.4774473482
14.9192672729,6.54928016663,127.800107697
21.7476026535,9.81462001801,121.583745612
23.974738121,27.0307006836,11.3055247747
14.9142384529,5.40419006348,175.97546122
74.4197449684,121.306106567,38.6512789222
51.7156636238,80.3300018311,35.6209853791
95.6650745392,154.030502319,37.8921232492
30.5772853851,41.6918983459,26.6589275177
57.6396583557,79.30909729,27.3227658299
54.9377979279,100.652198792,45.4181840164
92.4867420197,158.179504395,41.5305147316
13.7358320236,10.3751993179,32.391018261
12.5760890007,0.76892799139,1535.53533511
14.8923601151,7.06186008453,110.884383672
14.9095913887,0.77683198452,1819.28134858
32.777396965,38.8270988464,15.581132923
12.4967973709,0.431807994843,2794.06345417
13.6229174614,5.3109703064,156.505246226
19.7428665161,20.6774101257,4.51963569875
17.9116642952,10.9067497253,64.2255002293
17.1539937973,13.1042299271,30.9042491835
94.3073638916,213.543807983,55.8369943937
16.0342196465,12.4991998672,28.28196858
362.198519897,721.54699707,49.8025047061
22.1257944107,17.1591587067,28.9445175544
30.3853227615,18.6403903961,63.007974167
97.9553339005,138.67729187,29.3645465819
34.9222671509,48.3068008423,27.707348568
31.0789146423,38.6878967285,19.667603384
13.4478540421,1.86893200874,619.547526563
13.9268245697,1.64329397678,747.494408576
53.9683254242,84.9406967163,36.463523952
124.835879517,247.088012695,49.4771607271
20.1606397629,14.5302400589,38.7495298161
12.8854442596,0.821439981461,1468.64099027
15.2723609924,3.28410005569,365.03945475
14.4325953484,7.3193898201,97.1830398857
17.7948167801,13.2849597931,33.9470879644
19.979706192,9.01862049103,121.538385077
77.6337300301,123.336807251,37.0555053593
61.5547049522,94.1756973267,34.638439959
38.6558238983,35.8956985474,7.6892927639
14.3054876328,2.26921415329,530.415935491
28.1885387421,29.93060112,5.82033875947
15.3238147736,5.86886024475,161.103760091
15.2681782722,4.90780639648,211.099848665
14.8504553795,8.94048023224,66.103553654
52.6049880981,84.3973007202,37.6698216066
71.9573360443,129.015899658,44.2259936683
12.4697976112,1.03641605377,1103.16523136
14.3573232651,5.92640018463,142.260441715
59.5523862839,97.1168060303,38.6796284617
158.144602966,317.12399292,50.13161839
20.3594425201,18.4789791107,10.1762299646
144.20164566,338.7578125,57.4322302425
137.785590363,262.906982422,47.5915059032
51.6792812347,54.2982978821,4.82338627451
19.4879142761,19.3317699432,0.807708416478
54.3898864746,104.636398315,48.0201083464
14.941579628,5.8949098587,153.46578635
13.9109657288,5.52039003372,151.992443356
16.5145663261,9.19682979584,79.568032602
27.5854045868,17.049539566,61.7955985259
23.6575996399,19.6218395233,20.5676950511
26.083745575,30.3202991486,13.9726641642
55.9387163162,97.9930038452,42.9156020112
48.2135673523,56.7140007019,14.9882449561
74.1466766357,89.4152984619,17.0760732099
42.7119106293,64.7511978149,34.0368795164
27.717628479,31.2607002258,11.3339487639
13.7104832649,2.58675599098,430.026152939
49.6438999176,52.072479248,4.66384425231
18.2430150986,2.16665410995,741.990191916
13.8877318382,2.8472700119,387.756053348
59.8559207916,104.352996826,42.6409182179
14.7989116669,3.740639925,295.625132693
12.7115572929,0.685792028904,1753.55862378
14.1478336334,6.94137001038,103.819038782
23.0508623123,24.0250282288,4.05479613663
16.6642238617,18.375169754,9.31118414271
54.2802448273,88.3475952148,38.56058595
23.3786344528,21.5897407532,8.28585076633
13.2569111824,5.45637989044,142.961660452
24.7347805023,34.2595596313,27.8018142426
49.488008213,86.5320968628,42.8096509767
13.7317447662,4.44666004181,208.810312395
18.4609289169,13.3802804947,37.971165285
22.7573196411,15.2936296463,48.8026071471
32.4282430649,17.62018013,84.0403606865
16.5474789619,0.254399985075,6404.51255218
14.0864055634,1.9759979248,612.875524135
14.5060552597,2.60540986061,456.766729067
18.6586040497,12.8894996643,44.7581716562
13.650157547,5.4807600975,149.055921153
14.5478180885,2.11283397675,588.545254793
44.908280468,69.6016998291,35.4781843285
14.639697361,2.03298997879,620.106715415
20.3916467667,15.8045692444,29.0237427629
35.061145401,37.3451004028,6.11580897412
23.5780311584,10.448800087,125.653002854
15.6974311829,17.7148895264,11.3884895557
14.2388518333,9.75625991821,45.9458025176
14.7494840622,13.7221803665,7.48644652846
26.084986496,24.4335289001,6.75898108118
44.0864013672,46.7341995239,5.66565423975
129.64901123,255.105987549,49.1783738688
14.6121964455,4.21702003479,246.505264972
12.7600650787,0.943455994129,1252.48121355
78.5444555283,122.985107422,36.1349864428
43.3403884888,56.4710693359,23.2520492379
62.0038403511,94.8154983521,34.6057960684
32.7936145782,32.9393005371,0.442286133848
16.8977746964,5.68991994858,196.97737137
24.2844367981,20.6584701538,17.5519610953
18.7507284164,11.5905303955,61.7762757752
14.5116518021,9.90004062653,46.581739909
138.877893829,265.471984863,47.6864220152
36.5548904419,52.2325019836,30.0150499141
84.5497419357,149.678100586,43.5122829561
16.4520606995,6.63664007187,147.89743788
113.32771225,207.406799316,45.3596928243
97.2048271179,160.962203979,39.6101539897
13.3962806702,1.94714009762,587.997781287
59.2655378342,103.167800903,42.5542297934
40.1795783997,39.2049980164,2.48585749933
22.783817482,22.197599411,2.64090751495
40.0951559067,56.0999984741,28.5291319122
20.7981155396,19.2211399078,8.2043814221
32.916485405,44.1558990479,25.4539345484
14.9844209671,11.8003797531,26.9825317541
25.3399013519,26.3262996674,3.74681716722
47.9423984528,50.2700996399,4.63038904599
33.3024942398,50.1260986328,33.562564915
45.3130491257,75.4841003418,39.9700745978
12.8042503357,0.893087983131,1333.70536583
14.787268734,2.30198192596,542.37119185
13.0382332802,4.37301969528,198.151716404
61.8827293396,99.9287033081,38.0731188427
54.8599018097,80.3924026489,31.7598429677
14.5345108032,9.795129776,48.3850764166
12.9648118973,1.76099407673,636.221209861
32.1522794724,37.7405014038,14.8069626094
49.6738239288,83.0294952393,40.1732796452
29.3582994461,37.2010307312,21.0820268443
14.6633385658,4.0352640152,263.379905518
138.369039154,261.367004395,47.0594846222
60.4163455963,108.423698425,44.2775458928
18.0385177612,12.2569799423,47.1693504119
13.4097924232,5.40006399155,148.326546579
18.7186847687,14.4111595154,29.8902059109
12.6129732132,2.97677016258,323.713371349
17.474096489,15.7694406509,10.8098687566
113.045602417,240.861404419,53.0661200412
15.1057294846,10.522600174,43.5551026823
14.1332484245,9.82989025116,43.7782931794
74.8117085457,123.620193481,39.4826149039
21.0285341263,21.1725406647,0.680157099102
56.1492652893,88.7518997192,36.7345764238
14.5497853279,12.4227199554,17.1223804456
13.7292582512,4.37133026123,214.075062526
15.9914920807,9.41699028015,69.8153189602
17.4028441429,0.479647994041,3528.2532939
13.0619789124,0.90307199955,1346.39396625
107.798326874,245.620101929,56.1117652719
32.9277801514,50.0592002869,34.2223208468
30.6549884796,35.1394996643,12.7620234424
257.495446777,509.912963867,49.5020787813
57.0026907921,97.4346008301,41.4964598752
24.9096967697,32.9600028992,24.4244703318
13.9779672623,5.74979019165,143.103953298
63.292811203,134.291397095,52.8690500119
72.6703422546,123.640403748,41.2244379248
15.3194524765,0.971520006657,1476.85404022
13.8028738022,3.04738998413,352.940840328
23.5967535019,23.352689743,1.04512054729
12.7974939346,2.90220594406,340.957471017
50.5878364563,77.0387039185,34.3345177382
116.88383255,264.699188232,55.8427687933
103.356015778,194.685897827,46.9114009124
10.8260001183,0.405248016119,2571.45049146
21.8566530228,21.2413005829,2.8969621586
68.8469023705,121.531196594,43.3504282852
14.2492468834,4.48223972321,217.904613839
17.927047348,5.47042989731,227.708199987
18.1152469635,14.8762207031,21.7731796604
14.3469104767,4.96572971344,188.918473308
93.5234321594,153.298904419,38.9927589412
13.3679759026,3.54288005829,277.319459948
15.5228316307,10.2297906876,51.7414393393
36.2948968887,51.5898017883,29.6471480204
13.3867602348,1.19078397751,1024.19720853
19.7646408081,11.7589998245,68.0809686457
15.1602748871,8.40592002869,80.352356855
34.0800777435,43.5506973267,21.7461950427
14.8516682625,12.2595500946,21.1436647175
16.6480976105,0.425760000944,3810.2070588
246.23868866,616.807006836,60.0784871231
37.528245163,60.7082977295,38.1826759001
15.878959465,6.99574995041,126.98008902
45.3861560822,66.8059997559,32.0627544711
41.4717750549,63.1730995178,34.3521603792
14.7772081375,5.26607990265,180.611164485
14.4686421394,9.00115013123,60.7421488199
20.3835004807,32.9931983948,38.2190831069
15.0689095497,12.2914295197,22.596883671
29.8371715546,49.3401985168,39.5276621265
34.424669075,44.5469017029,22.7226411735
12.3375916481,1.32204794884,833.218167991
14.2136771202,2.55296397209,456.751966561
19.5872587204,7.06316995621,177.315409962
17.1084510803,12.4208803177,37.7394407058
32.0666248322,38.7541999817,17.2563880888
12.4990035057,4.67209005356,167.524884204
30.6325777054,46.4032096863,33.9860800309
14.7402531624,1.90432405472,674.041220866
15.5303030014,3.54931020737,337.558344976
206.065533447,474.348022461,56.5581548378
141.616661072,336.467803955,57.9107839124
47.1564685822,66.3523025513,28.9301700635
13.6368789673,1.82956600189,645.361411022
20.1835092545,25.4652996063,20.7411278623
13.2751736641,1.82230591774,628.482168381
23.6526374817,14.870139122,59.0613059341
22.6565109253,18.8910102844,19.9327647605
22.0396478653,7.47125959396,194.992398378
32.359132576,50.7050971985,36.1816969814
94.8834918976,162.801101685,41.718151219
15.7105871201,10.5754499435,48.5571507967
96.1362110138,217.948303223,55.8903604239
31.9563083649,45.6772994995,30.0389718416
11.3359757423,0.314336001873,3506.32433918
16.0800331116,1.82579398155,780.714542497
14.3678037643,6.13360023499,134.247476423
16.9464567184,15.8239994049,7.09338571632
14.2507288933,3.0107820034,373.323172424
100.335704422,235.624694824,57.4171525201
17.8630960464,9.65573978424,84.9997664146
102.560546494,178.522506714,42.5503549208
15.2142753601,11.0023708344,38.2817902538
56.209790802,80.2850036621,29.9871853546
13.7703613281,7.46716976166,84.4120566112
16.5944366455,10.2173099518,62.4149284285
109.545323181,248.285614014,55.879311165
11.4307697296,1.23084795475,828.690638474
13.7077430725,2.44463801384,460.726904961
79.4720478058,135.172302246,41.2068548917
14.8358265877,3.61257600784,310.671680138
21.2423023224,19.653301239,8.08516118513
47.022335434,80.5010986328,41.5879581365
13.5185076714,1.55545604229,769.102520664
14.0216461182,2.49858999252,461.182353252
20.6563116074,15.8952999115,29.9523237836
23.1903911591,20.1540794373,15.0654944636
29.1316568375,33.417301178,12.8246273321
24.7688959122,20.650018692,19.9461186045
66.0135681152,199.694610596,66.9427392566
16.1823319435,0.498176008463,3148.31619119
28.8375587463,22.3759002686,28.877758661
17.2711677551,10.5586500168,63.5736360962
13.8036906242,1.7750120163,677.667446615
14.6715845108,2.99663996696,389.601175735
16.4986779213,17.4781494141,5.60397711201
212.902972412,456.618011475,53.373943414
14.9296788216,1.74300801754,756.54676693
44.4789395332,66.5453948975,33.1600036309
15.3620506287,4.2077460289,265.089777832
22.7552843094,29.9426994324,24.0038983099
13.2783467293,4.30611419678,208.360301713
22.6694128036,17.3171901703,30.9069923049
13.8232619286,3.42236995697,303.909048477
15.9555262566,2.66175603867,499.436087485
20.7188373566,10.5206804276,96.9343855585
80.5428421021,132.93460083,39.411679428
25.7502231598,27.2686100006,5.56825903772
16.9849959373,9.26035022736,83.4163451742
51.9386257172,58.3031005859,10.91618594
15.9760705948,8.6373796463,84.9643207663
30.1501583099,20.3138389587,48.4217649415
43.3114789009,54.5363998413,20.5824384687
16.6918938637,7.4514503479,124.008657165
32.5362007141,43.9061012268,25.8959465655
12.5101242065,2.00361609459,524.377306627
50.9573429108,79.9555969238,36.2679476218
13.4777609825,6.11017990112,120.57879147
14.5179844856,6.56137990952,121.264195731
29.1212654114,43.382900238,32.8738621632
22.0549022675,20.6151199341,6.98410845039
14.7464277267,1.24259209633,1086.74726568
54.8954493523,82.9712982178,33.8380252793
14.1977769852,1.95117199421,627.653791019
14.2577630043,3.72128009796,283.141355366
22.1891319275,23.5075206757,5.60837004616
25.5370388031,38.7579498291,34.1114818619
21.8242090225,23.9989299774,9.06174132322
14.842335701,9.85840034485,50.5552136432
89.5317512512,164.660705566,45.626522768
12.6227628708,0.344000011683,3569.40768666
14.1471986771,7.53949022293,87.6413160406
12.7183897018,3.2166697979,295.389968537
14.2508332253,4.26959991455,233.774440474
11.8744624138,5.31551980972,123.392308539
95.7334194183,163.224807739,41.3487320069
23.7529027939,9.91957950592,139.454734747
15.0435655594,13.1678705215,14.2444826958
30.9008172989,37.507900238,17.6151767953
77.9406139374,121.882202148,36.0525059742
26.5351501465,23.3111400604,13.830340677
12.3201844215,2.65216016769,364.53395129
14.3343637466,4.47583961487,220.260889131
11.0904486656,0.803263962269,1280.67300247
14.2452667236,5.79874992371,145.66099437
32.8887414932,15.3269805908,114.580695123
13.3075582504,5.90150976181,125.494132646
13.0580357552,2.81334781647,364.145800911
60.2434234619,86.1725997925,30.0898155481
13.7359694481,4.42274999619,210.575308574
12.7235549927,0.314976006746,3939.53149451
14.8004045486,14.0800600052,5.11606160195
44.3081703186,46.2419013977,4.18177241993
21.5155172348,32.0602989197,32.8904659039
80.7978643417,132.19619751,38.8803415955
175.866345215,445.405883789,60.5154867469
45.7513965607,65.992401123,30.671720104
34.3263589859,56.0102996826,38.7142022442
46.5936153412,66.9277954102,30.3822648637
60.9102802277,139.646408081,56.3824941403
16.4447774887,14.0902795792,16.7100865268
50.6937451363,86.9773025513,41.716121736
14.8793456078,3.29334998131,351.799708267
33.6781843185,50.5186004639,33.3350805262
23.0522701263,22.3387584686,3.19405243007
19.3776353836,15.312130928,26.5508731258
21.7414274216,20.0085296631,8.6607951092
43.5240643501,79.2567977905,45.0847554236
19.3345643997,15.5325803757,24.4774785135
23.1418344498,10.6510105133,117.273604423
18.584504509,12.5919694901,47.5901329308
191.416281128,444.358001709,56.9229584273
41.0717102051,60.3276977539,31.9189829312
21.0599214554,13.8032302856,52.5724125409
20.749943924,11.6933794022,77.4503606726
48.3767162323,54.9998016357,12.0420168918
14.0361000061,5.22688007355,168.536867282
25.4729610443,24.8460197449,2.52330677459
13.7968317032,0.789632022381,1647.24825135
15.0136733055,6.37446022034,135.528543383
14.97709198,0.323199987411,4534.00141192
15.0226923943,2.39308595657,527.753982384
26.5543254852,17.1920108795,54.4573562181
51.4014175415,85.2111968994,39.6776252278
14.9615086555,11.1842498779,33.7730184755
26.9048179626,26.8482990265,0.210512167275
19.5250867844,17.6924800873,10.358110836
25.0468025208,25.1646900177,0.468463934447
111.997149658,222.040206909,49.5599687925
37.6477443695,57.0545005798,34.0144178165
24.6242897034,20.9146499634,17.7370395703
223.849462891,533.057983398,58.0065452798
13.468614769,4.25279998779,216.699934341
16.233699131,16.3049907684,0.43723813422
14.1897421837,7.75110006332,83.0674622668
35.0022172928,48.4824028015,27.8042851216
141.14669342,326.973693848,56.8324008701
14.3143738747,3.65813994408,291.30197569
10.3442223549,0.218815997243,4627.36110944
63.195791626,99.1667022705,36.2731741814
90.8673109055,157.481903076,42.2998394542
14.4072696686,3.43545389175,319.370194522
29.598572731,35.8054084778,17.3349111507
19.4364900589,12.8640003204,51.0921142316
13.0904889107,3.40156006813,284.837799377
57.8288116455,124.109603882,53.4050469611
17.5623765945,12.8603000641,36.5627279848
93.5950202942,163.574996948,42.7815851809
13.6961438179,0.899199962616,1423.14772991
16.4762145042,17.2770214081,4.63509817418
133.488568115,243.509902954,45.1814622338
13.6814666748,4.0853099823,234.894212045
13.9786655426,4.49897003174,210.708127504
24.2828109741,19.0459098816,27.4961980031
15.9640956879,19.7134399414,19.0192288342
14.2757259369,7.23069000244,97.4324156072
13.8314243317,9.40095996857,47.1277867145
70.9141230583,127.38079834,44.3290323325
18.4624786377,21.7252388,15.0182936647
86.3554307938,149.534591675,42.2505322504
14.1803344727,7.74630022049,83.0594486275
13.1000537872,2.81203007698,365.857527431
14.050743103,3.12957000732,348.967208599
14.9391561508,7.92098999023,88.6021339408
13.1087089539,1.99683606625,556.473967765
33.4699689865,41.8477973938,20.0197595311
10.6250680923,0.752800047398,1311.40640587
13.0600601196,2.10460591316,520.546584895
15.1719421387,0.953471958637,1491.23107934
15.6045754433,5.74114990234,171.802264506
19.1514787674,20.366809845,5.96721375034
27.3619369507,31.7232990265,13.7481353127
16.130195713,4.10124015808,293.300443069
26.6042890549,28.8378982544,7.74539524282
14.1946209908,4.03538990021,251.753395379
32.0533084869,44.4306983948,27.8577433059
50.8806404114,68.9049987793,26.1582739819
132.723779297,263.959991455,49.7182210966
25.0536203384,31.0502986908,19.3127879769
12.1953064919,0.599071979523,1935.69970032
14.977328968,7.6681599617,95.3184211448
19.5798460007,8.4876203537,130.687108809
11.0823177338,1.48006606102,648.771830234
17.4984010696,9.44496059418,85.2670627385
34.8574489594,27.6749992371,25.9528452404
32.8564914703,43.0966186523,23.7608599055
13.5840147018,2.09190583229,549.360716537
15.2266516685,2.45878815651,519.274646668
13.8476293564,4.80153989792,188.399756136
23.4538251877,16.1075897217,45.6072919222
28.4122709274,29.5016994476,3.69276530031
13.0727202415,0.97769600153,1237.09457961
19.5109933853,25.1330013275,22.3690273555
15.3096806526,11.287779808,35.6305749489
31.0824138641,42.9016609192,27.5496258229
62.7384419918,94.3998031616,33.5396474457
16.0118175507,10.7095003128,49.5104074232
16.950377655,10.2472000122,65.4147243621
74.4757748604,138.45489502,46.2093594814
22.0678354263,23.4021511078,5.70167962471
13.6295282364,3.23837018013,320.876165425
40.593126297,62.4828987122,35.0332216756
15.3877505302,5.51898002625,178.815115421
15.2028952599,7.59240961075,100.238080389
14.5692317963,2.49091410637,484.894989314
60.5783996582,123.971801758,51.1353398118
16.5496871948,2.56060385704,546.319701086
53.7908344269,100.165893555,46.2982533096
23.6969179153,21.10820961,12.2639880558
11.9150324821,1.15875196457,928.264274536
75.8388095856,115.925804138,34.579871885
30.8011846542,30.2619991302,1.78172473559
19.6230031967,26.5177001953,26.0003580545
10.4844311714,1.88633406162,455.809884618
11.9653774261,1.58880400658,653.105944888
202.683044434,480.868988037,57.8506725375
32.0692562103,28.8397979736,11.1979225362
14.7332976341,1.37340593338,972.756224219
12.3901382446,3.27094602585,278.793723489
15.7181250572,8.95213031769,75.5797167761
21.9573444366,20.7045307159,6.05091580143
37.6685211182,36.9986991882,1.81039318848
15.7319609642,8.1035194397,94.1373878507
50.0949314117,64.4156036377,22.2316821038
15.7258765221,3.92786979675,300.366543083
16.3553573608,14.1311397552,15.7398316351
108.363392639,210.241104126,48.4575610989
15.6155723572,3.1260201931,399.535236261
169.970289612,370.569000244,54.1326205107
68.3366060257,143.930404663,52.5210769846
18.7807109833,15.75274086,19.2218620887
21.5851078033,16.7604904175,28.7856576132
14.2604283333,4.78061008453,198.297248283
20.9012584686,22.0193996429,5.07798210872
11.624111557,0.581439971924,1899.19374627
21.5544391632,21.5923995972,0.175804610271
108.986002731,197.67350769,44.865650433
13.3266746521,1.22127997875,991.20552895
32.5973529816,40.6087989807,19.7283500134
28.0199962616,30.8099002838,9.05521925263
12.6880156517,1.52771604061,730.521858409
117.266945648,202.257202148,42.0208801454
12.2357559204,1.52768206596,700.936018889
11.8169939041,0.327264010906,3510.84430622
76.8729412079,168.80380249,54.4601839095
17.8792228699,9.03157997131,97.9634009405
13.1012814522,2.30118608475,469.327336847
12.3706681252,2.69318008423,359.333120633
22.418445015,24.8323192596,9.72069591829
39.7810508728,46.8725013733,15.1292341836
31.7248319626,36.8740005493,13.9642254977
13.7712416649,4.40704011917,212.482784193
14.21407938,4.14553022385,242.877234335
13.0370343208,1.23558402061,955.131347065
16.1097724915,0.706752002239,2179.40952985
15.9789004326,11.568860054,38.1199215651
13.0060138702,1.66560399532,680.858709919
40.9524036407,36.4048995972,12.4914615722
13.1942935944,1.78585803509,638.820966456
21.3422515869,10.4934997559,103.38544893
12.9251521111,1.44223999977,796.185940835
22.5451778412,16.1126003265,39.9226529814
18.6962053299,13.9074602127,34.4329233659
33.1733720779,48.9003982544,32.1613457924
48.3677612305,54.1601982117,10.6950069838
22.3542188644,26.7989196777,16.5853730924
13.9863623619,5.51787996292,153.473479958
44.6222179413,61.2280044556,27.1212277159
14.5835053444,2.39302802086,509.416405377
19.4872480392,29.2350006104,33.3427479651
10.5323414803,0.31852799654,3206.56695633
14.2788459778,1.33135998249,972.500763548
23.5823242187,32.6401290894,27.7505179156
29.5473323822,31.0108699799,4.719434181
13.7238419533,2.18912005424,526.911343974
24.3838693619,34.3675994873,29.0498326167
47.8536209106,76.8168029785,37.7042273889
18.4254329681,14.829240799,24.2506829442
12.2863699913,2.00707197189,512.153931865
84.5074789047,145.786499023,42.0333985171
124.014608002,274.944793701,54.8947240163
34.1941326141,38.5106773376,11.2086959304
25.0779798508,9.99781990051,150.83448292
14.5157598495,9.19180965424,57.9205879536
15.7938680649,9.43578052521,67.3827408627
16.2793890953,10.1194601059,60.8721110114
12.8476120949,4.61152029037,178.598190746
14.9956770897,1.14572799206,1208.83396353
16.1426610947,10.7532100677,50.1194619371
15.4994700432,1.89743995667,716.862214203
47.3027779579,87.7073974609,46.0675161648
34.5799806595,52.8839988708,34.6116379286
34.9493976593,48.0754814148,27.303072937
34.3832094193,60.6551017761,43.3135739411
36.4533035278,28.2149982452,29.1983193158
11.6946035385,0.170080006123,6775.94256675
20.0973527908,14.9327297211,34.5859274643
21.794455719,25.0946998596,13.1511600421
35.6223739624,30.1280994415,18.2363794023
39.4926734924,44.1365966797,10.5217065578
18.0827896118,12.6798696518,42.6102168902
82.2790195465,129.611694336,36.5188303663
25.301789093,30.8648300171,18.0238832386
22.8876594543,23.6726303101,3.31594269598
26.2114894867,25.565700531,2.52599749772
14.7390748024,1.83721399307,702.25139031
13.7358288765,6.34704017639,116.413138955
12.6807082176,0.270175993443,4593.49924693
16.1331894875,3.79887986183,324.682803201
14.2301193237,1.26076602936,1028.68835235
16.5936990738,17.8687400818,7.13559547097
28.4992713928,40.1091995239,28.945798642
15.0450122833,4.41775798798,240.557638609
13.8715854645,3.28434991837,322.354067297
14.6512466431,5.01763010025,191.995351398
31.8844053268,44.9916992188,29.1326936291
14.0881389618,10.6063995361,32.8267798493
125.179128265,252.712997437,50.4658923224
51.8726020813,78.5522994995,33.9642474991
17.3893951416,17.0302715302,2.10873685023
13.281034565,2.60322809219,410.175601009
13.1431202888,3.50504994392,274.97669075
25.8443185806,37.3185005188,30.7466317742
14.0972467422,3.86611008644,264.636454396
13.680629921,0.721215963364,1796.8839593
188.437057495,436.660003662,56.8458169022
17.1472697258,0.522655963898,3180.79480772
38.1227903366,53.8517990112,29.2079539837
39.3903263092,60.1148986816,34.4749352106
13.5842999458,1.32617604733,924.321014788
18.7397476196,14.9600000381,25.2656923252
43.2948184967,60.3073997498,28.2097741299
42.5207487106,63.8885955811,33.4454790813
18.4732188225,0.131584003568,13939.1068227
21.4361635208,7.15327978134,199.669021429
14.8842515945,11.7807703018,26.3436194172
15.5037109375,12.5294303894,23.7383540645
18.3669113159,10.7844495773,70.3092140606
14.8407596588,3.22108983994,360.737216169
197.720762634,446.901000977,55.757368589
19.3995641708,15.7861099243,22.8900866892
27.7035657883,33.4289970398,17.1271403827
17.4601249695,9.86775016785,76.941295356
13.8523788452,7.07725000381,95.7310938253
13.46022892,0.415136009455,3142.36602304
18.5140731812,12.6864299774,45.9360372785
30.9901437759,34.600692749,10.434903715
13.995306015,0.607168018818,2205.01369988
13.256692791,2.48207998276,434.096116285
14.8324571609,10.0952997208,46.9243863106
9.81474580765,0.447872012854,2091.41753134
19.3383838654,19.8635101318,2.64367306178
18.811233139,4.55290031433,313.170327491
18.3840585709,14.5052099228,26.7410721301
16.4666465759,20.8830909729,21.1484229164
27.7228216171,36.051158905,23.101441232
15.6753857613,3.86930990219,305.12096879
18.1631374359,16.1324214935,12.587793737
16.6045770645,8.11420917511,104.635802531
33.971257782,31.347700119,8.36921896344
20.7237510681,14.1315202713,46.6491267058
249.709873962,649.341003418,61.5441081577
18.8401321411,14.7819509506,27.4536237067
13.4293207169,1.85247802734,624.938191905
60.6417568207,107.506904602,43.5926863999
39.8262844086,55.1593017578,27.7977002257
37.058530426,39.1916007996,5.44267223083
21.4104831696,17.1503009796,24.8402765351
21.6448616028,21.71434021,0.319966466887
45.8611858368,61.7892990112,25.778109526
15.7273485184,11.7844495773,33.4584904892
14.2585808754,2.87004995346,396.806017547
13.0425642967,2.39750409126,444.005924505
22.7758495331,17.6161994934,29.2892348409
13.7464694023,4.32879781723,217.558592078
21.4825771332,18.8850708008,13.7542843222
12.0667943001,0.460063993931,2522.85126836
12.9425788879,2.99848985672,331.636573955
20.8359060287,18.5860385895,12.1051477884
150.093177795,276.92300415,45.7996715528
13.6397731781,5.66201019287,140.899834396
110.221614456,253.104690552,56.4521644321
31.7797475815,36.4606018066,12.838115646
69.9715884209,111.022994995,36.9755892246
30.7497383118,17.7866897583,72.8806131417
46.5785865784,65.4692993164,28.8543071872
116.98800354,215.512008667,45.7162483596
72.2490142822,131.627487183,45.1109978405
209.076274109,443.978973389,52.9085189523
34.419733429,43.8218002319,21.4552272002
37.5342037201,30.8689994812,21.5919023969
48.3623069763,55.1612014771,12.3255011107
52.3143951416,67.6346969604,22.6515420448
21.8410455704,16.8867588043,29.3382929398
18.1432670593,14.6079406738,24.2014015831
24.2410390854,5.20880031586,365.386223611
42.5243965149,48.1251983643,11.6379818468
14.5796622276,6.5525097847,122.505005054
18.3357969284,15.6884803772,16.8742700858
38.6811759949,47.1823806763,18.0177527279
14.1967468262,0.366656005383,3771.95262528
32.9954401016,36.950302124,10.7031926535
15.1925593376,3.65847015381,315.270829032
221.319187927,455.748016357,51.4382553552
46.1717437744,48.2129974365,4.23382442628
12.7768204689,2.95545983315,332.312438342
208.22731781,471.539978027,55.841004472
12.5931541443,3.31036806107,280.415528182
15.78322649,8.77126979828,79.9423213856
126.205875397,243.208007812,48.107845407
35.7188087463,57.745098114,38.143998516
136.071788025,250.140197754,45.601790817
14.2469309807,2.49101018906,471.933870173
13.7121669769,3.51830005646,289.738417898
14.6032495499,3.28294014931,344.822289951
12.0056134224,2.67628407478,348.592641398
131.42716217,281.464996338,53.3060366723
19.110499382,15.7046003342,21.6872698151
15.0112526894,8.04098987579,86.68413866
50.2683789253,50.8830986023,1.2081018921
15.109164238,0.906816005707,1566.17749829
13.2297704697,0.144000008702,9087.34004872
25.4663322449,25.2688808441,0.781401447792
13.7573301315,1.91033601761,620.152371348
12.0197192192,0.776319980621,1448.2944558
60.4566193581,84.7040023804,28.626018064
14.0522198677,5.30899000168,164.687254323
110.362906647,202.199508667,45.4188057259
14.3910238266,0.73871999979,1848.10264115
72.8431138992,118.116600037,38.3294863917
65.9521995544,120.649902344,45.3358865003
13.4548205376,1.65225601196,714.330251496
38.9591936111,58.1081008911,32.9539375514
65.9787662506,115.454101562,42.85281739
22.6324996948,36.4296989441,37.873492368
64.698058033,102.101799011,36.6337727057
282.547872925,613.300964355,53.9299806545
16.2732146263,3.64079785347,346.968364662
13.6529408455,0.45039999485,2931.2924071
35.1943237305,39.54529953,11.0025106682
369.7359375,900.606994629,58.9459176194
19.4484638214,12.4313592911,56.4468001128
56.5902641296,83.1887969971,31.973695771
27.6999124527,23.2984409332,18.8916998012
29.2982181549,38.1935005188,23.2900421356
12.7401277542,0.179263994098,7006.90834394
41.7529205322,44.6377029419,6.46265873811
37.4316724777,55.9293022156,33.0732353258
14.525043869,2.52210998535,475.908424033
