Ensembled Results,Labels,Error(%)
19.4615665436,3.61637997627,438.150489475
33.8046760559,26.1833000183,29.1077749263
26.8272546768,10.1808996201,163.50573798
19.3507463455,5.67037010193,241.260728977
19.9620649338,3.38569808006,489.599676691
35.5835903168,45.9323997498,22.5305220049
18.0901796341,1.02608001232,1663.03791292
22.7840120316,4.39120006561,418.856159845
19.7240573883,1.43391799927,1275.53593709
23.1518321991,5.00306987762,362.752525257
31.0925851822,21.4134998322,45.20085659
158.458065796,428.527008057,63.0226186876
31.2820602417,21.7497386932,43.8272922857
35.4468002319,39.0055999756,9.12381746693
13.3371696472,0.644288003445,1970.06332198
32.7786660194,174.708587646,81.2380911202
24.6054363251,1.3283200264,1752.37260872
43.9071109772,89.3469009399,50.8577124497
45.5626667023,142.99079895,68.135945084
25.8976839066,9.33015060425,177.569837884
39.2268638611,54.0956993103,27.4861692127
40.8016742706,69.4134979248,41.219394656
37.6813026428,44.2917022705,14.9246908311
33.9174720764,31.7273006439,6.9031130542
7.93358521461,0.153983995318,5052.21416239
18.3781759262,4.35933017731,321.582563805
24.0934206009,6.92013025284,248.164264553
44.3869674683,67.7356948853,34.4703445599
30.8078212738,21.7581596375,41.592036216
34.815329361,34.9959030151,0.515985125735
35.1010238647,8.16079998016,330.117438855
14.2806003571,0.998495995998,1330.21107889
32.2333583832,26.3057003021,22.5337398852
29.6319928169,146.798400879,79.814498905
14.292305851,0.433472007513,3197.16927582
34.1757946014,24.2360305786,41.0123431334
19.6277551651,3.67750811577,433.724319491
21.0432674408,4.5401597023,363.49178929
41.7728305817,69.2155990601,39.6482423775
43.6884586334,76.4661941528,42.8656557091
27.5166704178,8.46051025391,225.236535291
30.3421920776,32.3427505493,6.18549269219
33.2137001038,25.5758991241,29.8632745717
35.9023036957,29.1263790131,23.263875951
42.9165992737,85.2947006226,49.6843309603
68.9021213531,214.109802246,67.819258796
16.3220745087,1.87798202038,769.128369258
44.4237316132,41.8367004395,6.18364055131
35.9930000305,34.0052986145,5.84526969914
62.7807460785,324.123413086,80.6306044106
27.75123806,7.40635967255,274.694712206
54.5785671234,182.129898071,70.0331644055
21.477314949,1.74697804451,1129.39810357
29.8772439957,13.2099199295,126.172786475
32.3903787613,107.435203552,69.8512427116
33.017414093,22.8868808746,44.2634943306
35.5667217255,18.8696689606,88.4861986704
22.1517897129,139.554000854,84.1267254416
39.9312496185,46.3400001526,13.8298457336
30.7364637375,26.8631210327,14.4188112024
17.5510700226,1.1374399662,1443.03264736
43.5680049896,60.5946006775,28.0991961289
33.0667008877,104.013298035,68.2091602589
50.5799972534,128.24319458,60.5593127814
22.7213581085,9.21100997925,146.67607743
35.0887611389,22.9467411041,52.9139191474
42.7615642548,50.1333808899,14.704407531
29.229961586,62.7390022278,53.4102224325
13.1245944977,1.98146808147,562.367192305
25.8341299057,11.3924207687,126.765938777
29.1518409729,10.4041004181,180.195690174
21.9512546539,1.64191794395,1236.92762996
27.8248746872,16.9476108551,64.1816945473
18.2046712875,5.57420969009,226.587485933
18.7025924683,1.75228393078,967.326598147
18.6943250656,0.848640024662,2102.85686773
18.3984615326,5.64828014374,225.735641016
31.1312397003,103.967399597,70.0567294932
10.983983326,0.650175988674,1589.38618425
20.7898218155,0.865823984146,2301.16030465
24.9832775116,10.8189496994,130.921468403
26.5569343567,6.13174009323,333.106001769
13.0866559029,1.42256009579,819.936946187
19.1184688568,3.56383991241,436.457004991
63.8714729309,220.640594482,71.0518034631
23.4538398743,2.19702386856,967.527768355
15.9277041435,0.481792002916,3205.92953953
97.1576797485,210.303512573,53.8012092334
20.875545311,3.32643413544,527.565268423
40.6771362305,55.6368026733,26.8880771792
37.2889556885,51.1107025146,27.0427643256
34.4249229431,39.1758003235,12.1270716645
42.5325370789,112.632301331,62.2377092749
148.064167023,368.846008301,59.8574571256
17.5278011322,2.55439996719,586.180760935
41.9445278168,66.4048995972,36.8351912717
33.8533878326,14.7445192337,129.599807875
33.0918869019,21.5618305206,53.474385536
19.4512964249,3.23228597641,501.781419306
22.5114299774,3.18368005753,607.088324538
48.9854225159,104.217498779,52.9969313315
34.5167869568,32.0148696899,7.81486006683
35.4894954681,18.0580406189,96.5301563836
22.3861318588,25.2155895233,11.2210648967
33.8072719574,26.8901996613,25.7233950781
15.7336210251,2.54949998856,517.125753901
18.0657934189,39.5249023438,54.2926298419
40.8632823944,71.1560974121,42.5723390116
30.3609048843,17.1768798828,76.7544809737
13.3134628296,0.732159972191,1718.38168368
60.8623332977,160.862991333,62.1651115689
12.4077812672,0.855711996555,1349.995012
19.601591301,3.47078990936,464.758795918
28.009103775,16.8020000458,66.7010099912
28.3583808899,17.0818710327,66.0144889022
42.6842384338,48.2173995972,11.4754449837
32.6669704437,16.667470932,95.9923648704
26.2416635513,13.684129715,91.7671353453
25.4057964325,4.28794002533,492.494211263
29.5091417313,19.1940898895,53.7407707326
23.2445343018,3.39732003212,584.202079345
98.3846847534,120.606193542,18.4248487879
28.9947174072,108.723495483,73.3316912979
19.0103748322,3.18585205078,496.712418817
14.4239506721,0.586784005165,2358.13630658
162.574667358,442.763000488,63.2817857005
40.4711444855,49.7849006653,18.7079939005
12.6983337402,1.33321595192,852.458881245
28.8234174728,14.7951793671,94.8162760162
25.8229478836,9.53701972961,170.765381804
25.6886981964,12.6010904312,103.860914551
32.0064537048,19.9214401245,60.6633531752
38.3687824249,43.0433006287,10.8600366038
18.8399143219,1.33411204815,1312.16881656
32.7285694122,23.8775005341,37.0686574399
24.6656808853,12.8500499725,91.950077533
22.5915424347,9.50588989258,137.65836434
36.6035121918,164.467498779,77.7442276052
11.0390007019,0.167231991887,6501.01011615
43.6421379089,177.236709595,75.3763551531
32.7421243668,18.6142807007,75.897875901
37.4206142426,39.0488014221,4.1696213975
10.3924613953,0.759872019291,1267.65943888
34.935062027,19.726518631,77.0969458955
37.9903461456,46.1304969788,17.6459205217
38.7727336884,76.6389007568,49.408546697
32.3099475861,14.6799402237,120.095907025
13.6598896027,1.06870400906,1178.17332834
43.545067215,86.0512008667,49.3963282599
37.061415863,40.7900009155,9.14092907282
46.7083999634,88.53099823,47.2406265633
31.4886850357,23.7278289795,32.7078219542
40.4804851532,61.822101593,34.5210141517
34.8969882965,37.4308013916,6.76932633257
27.0581529617,7.41491031647,264.915444785
39.9976612091,42.7971000671,6.54118819649
24.8456800461,2.8245139122,779.644456299
44.5579006195,94.908203125,53.0515812623
39.0496906281,53.5847015381,27.1252997457
29.916668129,23.8222293854,25.5829907646
23.4803262711,6.51155996323,260.594487399
26.2093870163,3.85440015793,579.986144209
26.9203386307,8.49077987671,217.053780943
61.8761772156,141.589996338,56.2990473791
18.0997741699,4.65499973297,288.824386857
30.4028512955,27.4491004944,10.760829127
13.2061171532,0.452191978693,2820.46692012
40.3776966095,63.002696991,35.9111616836
17.6387020111,1.03968000412,1596.55104852
40.2851898193,104.450294495,61.431233857
32.1124298096,13.083199501,145.447834125
39.3269603729,30.1060619354,30.6280457978
20.7241256714,2.12784409523,873.949441025
23.1735905647,68.4395980835,66.1400837912
32.0236394882,34.7353401184,7.8067484612
39.5482269287,53.0247993469,25.4156028579
29.4513315201,18.3366985321,60.6141447356
13.4836708069,1.45120000839,829.139383194
19.8560935974,1.35340797901,1367.1181126
22.2393104553,1.51343810558,1369.45622509
26.2212739944,13.0745000839,100.552784628
21.4161331177,7.50591945648,185.323247096
23.8544214249,10.0334405899,137.749167009
18.1320993423,2.57280397415,604.760235312
24.0621419907,8.36810016632,187.546056003
18.325135994,1.76069998741,940.78696683
22.2335472107,45.5620994568,51.2016621803
25.8383308411,5.13775968552,402.910459473
23.3395465851,7.9584903717,193.266002659
36.0114803314,38.939201355,7.51869817994
30.4462910652,131.092498779,76.7749555858
21.0045398712,2.35519599915,791.838296211
31.9824882507,23.2031402588,37.8368957565
12.5624126434,0.270431995392,4545.31300197
34.6753101349,25.7721004486,34.5459218741
90.1518760681,108.141601562,16.6353422129
28.3968425751,5.83523988724,386.643961925
33.520652771,20.7027797699,61.9137774906
33.0593894958,20.3800601959,62.2143859146
14.9626441956,0.730943977833,1947.03023068
44.6053546906,76.0996017456,41.3855609394
19.0046264648,2.58742809296,634.49872932
35.4432781219,39.4692001343,10.2001611348
10.4530402184,0.223935991526,4567.86966541
34.8448558807,25.0469493866,39.1181630262
17.4172010422,0.925696015358,1781.52490161
25.8766159058,1.92559802532,1243.82231211
128.865157318,334.71697998,61.500262901
26.8749019623,13.1554298401,104.287524535
35.7948440552,28.4364013672,25.8768421256
28.0770129681,120.049797058,76.6121945592
28.9519828796,11.2949399948,156.327018054
20.9593616486,7.12188959122,194.294953328
22.1680301666,5.71948766708,287.587690663
36.5918369293,45.7960014343,20.0981837207
26.6956190109,7.09238004684,276.398597292
12.800121212,0.613312005997,1987.04885716
39.9806049347,51.3229522705,22.0999510629
26.7819408417,9.41846084595,184.355812268
32.3660381317,21.3921089172,51.2989591486
27.8707826614,6.77481031418,311.388383865
27.4645763397,12.9863204956,111.488514772
155.728694153,298.79800415,47.8816150076
34.707245636,39.4318008423,11.9815861954
25.4551456451,6.0263299942,322.398801088
39.1536525726,47.222202301,17.0863478094
15.0869480133,0.329439997673,4479.57385863
45.0033555031,162.169204712,72.2491359669
87.925668335,289.116699219,69.5881737124
22.5098152161,9.39383029938,139.623396407
21.4577877045,2.36445212364,807.51626941
29.812424469,10.2430095673,191.051416805
50.7316371918,155.669403076,67.410656051
27.1654533386,52.3334007263,48.0915572816
32.7077560425,21.2161712646,54.1642723114
35.1296421051,37.3205986023,5.87063600062
26.0135692596,11.4739198685,126.719112194
61.6856018066,146.182800293,57.8024215687
178.477288818,545.54498291,67.2845879974
27.1529685974,4.51411008835,501.513212261
37.4645811081,140.194198608,73.276653756
22.6228803635,2.20956397057,923.861751225
32.2618528366,75.3743057251,57.1978109433
36.5327404022,45.6805992126,20.0256979289
13.8118642807,1.28307199478,976.468377213
20.7775751114,3.0397799015,583.522353086
29.4301610947,83.7263031006,64.8495633931
23.9114318848,5.51823997498,333.316274631
24.9238515854,4.0202498436,519.957777626
144.886489868,417.684204102,65.3119537571
23.7790435791,9.12998008728,160.450114368
42.1019538879,51.9919128418,19.0221101962
30.5172943115,24.9509487152,22.3091540921
31.3137306213,29.7643699646,5.20542063743
164.210800171,451.92300415,63.6639873025
123.453312683,343.125,64.0208924785
27.810496521,1.61581206322,1621.14673198
33.9851177216,22.1272411346,53.5894941207
19.2376354218,2.60125017166,639.553451311
22.7583311081,3.95231580734,475.822687696
33.4656673431,26.9286003113,24.2755544525
35.8279003143,48.4883117676,26.110233563
41.092565918,105.457099915,61.0338555192
33.9733791351,34.1839790344,0.616077780413
13.8432675362,0.8987839818,1440.22187939
29.4554084778,10.8239994049,172.130544135
38.4025241852,47.9641189575,19.9348908729
26.700935936,8.16541004181,227.000552321
30.713457489,20.0546989441,53.1484345621
45.1900875092,88.9027023315,49.1690507442
136.099385834,373.506988525,63.5617565361
22.4529584885,7.1432299614,214.325012772
31.3807180405,26.5221996307,18.3186857703
14.1305690765,1.86057400703,659.473636798
30.312610054,24.6312789917,23.0655138299
20.3706632614,4.85682964325,319.423054908
43.0470031738,54.8501014709,21.5188267307
29.4817060471,22.8941307068,28.7740793684
20.017070961,4.53341007233,341.545561545
43.2448730469,68.3235015869,36.705713199
17.8492193222,1.65170800686,980.652224732
20.2187650681,5.94023036957,240.370049816
25.3653327942,2.79755997658,806.69487005
25.8910274506,9.22399997711,180.69197219
27.3540420532,8.50827980042,221.499089062
23.3714895248,1.15993595123,1914.89483105
48.8439861298,228.282501221,78.6037099346
20.7330726624,2.69503998756,669.304825087
19.3336698532,4.6151342392,318.918905739
16.9567365646,1.86377596855,809.805515832
37.7287971497,50.5352020264,25.3415527458
33.9850330353,25.3553009033,34.0352187689
39.4468467712,18.3791904449,114.627770953
12.5028725624,0.591583967209,2013.45696561
96.8316642761,246.529006958,60.7219996255
22.1833799362,2.13200187683,940.4953287
40.896377182,48.0297393799,14.8519694047
19.1635116577,5.21413993835,267.529676692
38.3417413712,110.430900574,65.2798798416
30.801843071,19.2878608704,59.6954855596
41.3279857635,28.090089798,47.1265704766
28.7532625198,8.81859016418,226.052826864
28.7299091339,20.2095394135,42.1601380722
26.0242557526,10.7726392746,141.577343204
23.2213085175,5.18931007385,347.483541877
20.9604171753,7.38185977936,183.944938021
27.6562828064,12.3586502075,123.780771702
37.6402019501,45.1184005737,16.5746093136
38.0209312439,78.2651977539,51.4203856439
16.5677515984,0.250496000051,6513.97850463
20.2725162506,3.68880200386,449.569107515
37.4122676849,73.7329025269,49.259738322
10.3996952057,0.375039994717,2672.95631191
34.4855228424,29.4687690735,17.0239678366
33.5953140259,19.9472198486,68.4210345141
19.4166517258,2.08690810204,830.402814903
61.7670410156,144.445999146,57.2386626275
29.6488672256,24.6564998627,20.2476725844
29.1291635513,14.106470108,106.495057433
28.5302120209,18.346830368,55.5048553268
33.2528457642,25.2400608063,31.7462981543
43.0475151062,74.8079986572,42.4559995203
16.5704055786,1.42537593842,1062.528785
47.1099824905,166.848098755,71.7647471909
29.6036142349,36.4729003906,18.8339454283
33.5101158142,27.2530994415,22.9589166036
30.0183309555,18.5720100403,61.6321060047
42.0722957611,70.1941986084,40.0630015084
37.396282196,43.7277984619,14.4793849418
25.5751777649,10.6013393402,141.244779967
27.1421253204,7.32230043411,270.677570043
24.5025579453,5.12198400497,378.380212071
12.9963544846,1.08112001419,1102.11949774
26.3273513794,3.05622005463,761.435070408
38.2363918304,44.2252006531,13.5416204657
36.2274875641,40.5673980713,10.698025295
28.7772954941,90.7970962524,68.3059297248
16.92641716,0.886784017086,1808.74179438
19.3460899353,3.15391993523,513.398257807
49.6274337769,72.4665985107,31.5168163033
41.4174289703,61.4785003662,32.6310356895
28.3344974518,15.2751398087,85.4941938779
17.0723290443,4.17369031906,309.046377168
33.1843238831,26.4980602264,25.2330306425
17.9974144936,43.9612998962,59.0607772381
36.6750202179,26.7582015991,37.060856209
33.3909736633,32.082901001,4.07716453794
25.1209468842,6.23938989639,302.618642228
7.59977535009,0.272320002317,2690.751794
14.6300329208,0.562336027622,2501.65314015
19.663942337,3.58617997169,448.325585783
25.7975574493,9.3734703064,175.218852848
13.0687409401,1.55699193478,739.358293913
46.81340065,64.99949646,27.9788256839
49.3137451172,126.475204468,61.0091596019
31.8651042938,106.601104736,70.1080918696
39.8023628235,47.655002594,16.4781016537
48.2961372375,42.0821990967,14.7661915828
25.1076032639,12.65583992,98.3874908538
27.0252571106,3.9975001812,576.053930847
46.0958492279,149.579910278,69.183128174
42.4352125168,148.646896362,71.4523386931
27.3808597565,1.58694005013,1625.38715337
29.8636281967,13.3948507309,122.948570288
22.4783252716,5.00749015808,348.894047956
6.20620369911,0.45593598485,1261.20067407
32.3727783203,21.839509964,48.2303328861
17.8944040298,5.30356025696,237.403614984
35.5664318085,26.3316993713,35.0707803051
46.8839717865,65.431098938,28.3460425586
41.1176044464,73.1347961426,43.7783290375
29.482617569,11.8683204651,148.414404175
18.2830600739,2.83034014702,545.966884691
40.5082199097,148.001495361,72.6298576844
18.6513210297,4.92749023438,278.515636612
25.0696687698,5.47461986542,357.925287712
40.4943553925,51.4612998962,21.3110522391
22.5912216187,10.6057300568,113.009585363
48.5129116058,104.330200195,53.5006052754
42.3145633698,66.263999939,36.142455317
21.4067909241,4.67967987061,357.441353169
35.5882808685,45.521900177,21.8216271066
25.9141792297,10.799489975,139.957435858
38.2111427307,102.479598999,62.7134150563
43.2160266876,20.306848526,112.815034456
42.2458633423,82.9029998779,49.0418158517
17.4272720337,2.34802794456,642.208885292
32.5706291199,18.0851898193,80.0955889611
25.385411644,9.21698951721,175.419773415
33.280638504,25.8489990234,28.7502021794
72.8609443665,221.460494995,67.0998006357
39.0900318146,48.2915992737,19.0541783612
36.7481464386,38.2122993469,3.83162733818
23.9093149185,5.9484500885,301.941927104
67.9478973389,195.407501221,65.22759008
39.0015335083,47.9680519104,18.6926882477
23.2142950058,2.42585396767,856.953522974
24.2826471329,3.03206014633,700.862976358
23.0279785156,7.72838973999,197.966061371
25.8403308868,10.2369203568,152.422896597
41.1143882751,111.382598877,63.0872428102
18.4260648727,0.875519990921,2004.58528233
21.69427948,2.41055989265,799.968490561
42.0491359711,45.5692024231,7.72466109752
18.9205896378,2.34412407875,707.149664528
25.9464942932,12.6698503494,104.789271993
30.4814374924,12.3219203949,147.375705373
28.9236713409,2.32652401924,1143.21395789
33.9428813934,26.6977996826,27.1373738546
10.803608036,0.742367982864,1355.29013716
32.6201084137,25.5076599121,27.8835789959
10.6487895012,0.311199992895,3321.84760421
26.7402606964,13.9509906769,91.6728447158
25.5706670761,13.7092199326,86.5216781254
28.80983181,4.98799991608,477.582844722
22.5071121216,10.6493701935,111.346884489
32.1204509735,15.9732809067,101.088625193
32.7785564423,9.73389053345,236.746713245
14.7077366829,1.79903995991,717.532517935
50.8310020447,113.44039917,55.1914464189
25.5417627335,11.6819801331,118.642408586
19.3776748657,5.97305011749,224.418420816
43.8497478485,43.5439987183,0.702161352308
32.6024330139,20.4230194092,59.635714782
24.566828537,4.17906999588,487.853961795
40.4710350037,55.4702301025,27.0400809067
24.4858259201,4.63647985458,428.112419078
25.8274597168,5.26422023773,390.622704796
34.8189144135,30.3676280975,14.6579979892
20.6929616928,6.48090028763,219.291468383
40.0829540253,55.4965019226,27.7739089192
15.0251368523,1.11411201954,1248.61994025
15.1783912659,0.603456020355,2415.24398695
26.463734436,6.26454973221,322.436337283
18.7424142838,3.00767993927,523.151886577
38.1852931976,39.9588012695,4.43834153066
15.2788383484,0.524383962154,2813.67384418
19.1793539047,1.95689797401,880.089619357
19.1574674606,1.24316799641,1441.02000019
25.4916318893,13.0989494324,94.6082166433
41.8549800873,77.0311050415,45.6648323236
32.3184246063,17.9150409698,80.3982734994
21.9192651749,2.46038389206,790.888013273
21.0358528137,2.57091212273,718.225276071
41.1268993378,84.4273986816,51.2872598469
43.4267320633,123.363998413,64.7978886694
22.2455665588,8.98086929321,147.699480223
16.1998054504,0.39798399806,3970.46653368
30.685285759,24.1747188568,26.9313034858
40.4523159027,57.2371025085,29.3250109985
27.4849348068,8.74624061584,214.248555626
34.456162262,36.1845016479,4.77646314658
16.3574515104,47.0611991882,65.2421702112
16.2508111954,2.87522983551,465.200423099
22.0272220612,5.73373174667,284.16903745
22.611067009,2.98204803467,658.239530219
26.3286136627,12.3617296219,112.984869173
25.8698703766,13.1050004959,97.4045738087
30.6242776871,23.1954193115,32.0272648482
25.7932086945,15.1951408386,69.7464272848
21.492090416,8.2137298584,161.660546262
41.6557918549,78.8908004761,47.198163026
33.9149524689,11.0468797684,207.009338202
16.236999321,0.504256010056,3119.99123405
29.6465456009,9.3273897171,217.843968142
32.133962059,20.8686599731,53.9819140298
9.5449555397,0.514847993851,1753.93662862
30.9240653992,13.745880127,124.969700838
36.2568370819,42.6844024658,15.0583468729
39.5370265961,26.9692192078,46.6005607781
18.8124969482,0.583072006702,3126.44488708
30.4857629776,16.0349502563,90.1207206148
43.9281070709,53.9608688354,18.5926616473
25.3676603317,1.43462002277,1668.24942696
39.5853183746,26.6240005493,48.6828333755
32.1704040527,25.5435600281,25.943306326
30.6128484726,15.7456598282,94.4208677606
25.5136579514,69.4539031982,63.2653360337
13.3438386917,0.440192013979,2931.3677368
35.6117404938,32.4742012024,9.66163654597
41.8009300232,40.6483001709,2.83561636636
10.7152683258,0.513791978359,1985.52658997
39.3072166443,33.6960601807,16.6522627083
20.8589611053,1.04390394688,1898.16862152
41.2745155334,53.1422996521,22.3320861091
13.7220131874,1.8422100544,644.866914316
29.8584609985,3.5189101696,748.51444224
24.4688186646,100.275100708,75.5983105559
14.3300913811,0.982015967369,1359.25238054
32.5167383194,18.8956813812,72.0855557593
91.463860321,243.715896606,62.4711142791
23.5432592392,6.10397005081,285.704042504
40.1779087067,61.9847984314,35.1810286983
26.672026062,7.80518007278,241.722110359
35.3898447037,131.422195435,73.0716378716
29.5142223358,13.5075502396,118.501666197
36.3647533417,36.7709007263,1.10453477239
16.2935567856,3.61951994896,350.157949544
18.6241956711,1.89235198498,884.182425835
29.2961795807,8.10021972656,261.671418426
37.4446086884,125.079490662,70.0633505219
15.4052909851,2.7784678936,454.452726288
23.8465709686,10.926199913,118.251278198
27.1743173599,9.5232000351,185.348593538
25.968829155,7.32420015335,254.561980984
35.4601345062,38.9642982483,8.99326793912
19.910968399,7.19456005096,176.750326052
14.5519186974,1.22230398655,1090.53188548
27.6849060059,3.13820981979,782.187858544
30.4197408676,4.9277100563,517.320023297
30.1699035645,110.473197937,72.6902958112
29.7296562195,85.5173034668,65.2355078864
97.2222625732,292.79598999,66.7952205983
33.2640480042,19.0533008575,74.5841744318
22.8233453751,2.01235389709,1034.16161084
30.4317501068,14.666809082,107.487190544
35.0598468781,27.1779003143,29.0013079471
31.5572360992,21.0392894745,49.9919288506
15.5411891937,1.57593798637,886.154869551
16.1448923111,3.04488992691,430.229095259
23.3691841125,2.37510180473,883.923470816
33.7352241516,14.5947589874,131.146154456
44.361914444,68.9181976318,35.631058315
22.2592218399,4.58265972137,385.727136494
28.1034826279,5.77816963196,386.373443805
29.4500349045,2.94400191307,900.340209486
38.9058498383,49.2957000732,21.0765852185
22.9101913452,45.7000999451,49.8683999099
24.5110572815,4.53136014938,440.920528792
29.4479387283,71.7422027588,58.9531160239
25.0953109741,2.4127061367,940.131269712
38.550497818,45.715801239,15.6735816213
15.9416448593,0.768895983696,1973.31618286
28.0269569397,20.5429801941,36.4308229619
34.4925933838,49.1776008606,29.8611709799
22.6820549011,2.72291207314,733.007247091
43.909590435,172.722198486,74.5779113398
33.1247005463,25.0389995575,32.2924283385
29.450002861,20.6796798706,42.4103421586
24.7623281479,4.7034201622,426.474933005
23.833197403,9.7415304184,144.655576478
22.5126712799,8.65235042572,160.19139508
47.2835430145,92.5510025024,48.910825668
21.262210083,7.82937955856,171.569540395
36.0162109375,36.0467987061,0.0848557143843
23.9332626343,5.51453018188,334.003656611
19.2308582306,3.70802998543,418.627365641
16.0886135101,1.46825802326,995.762001994
26.6769571304,14.6319303513,82.3201484016
42.1833950043,56.3090019226,25.085876922
18.7245300293,2.97679805756,529.015797083
49.7786823273,121.506309509,59.0320185608
49.4766525269,71.6192016602,30.9170566273
31.2349830627,22.8024101257,36.9810598551
35.0519069672,35.081161499,0.0833910013532
26.3722227097,4.28550004959,515.382625236
52.7872356415,203.769805908,74.0946724633
42.7933422089,61.8579978943,30.8200335194
25.2241083145,8.19609928131,207.757476438
48.539056778,99.1169967651,51.0285235004
32.9861598969,27.3729000092,20.5066320551
17.6185407639,2.75453209877,539.620092709
40.7710582733,51.954498291,21.5254508956
41.1269756317,150.102203369,72.6006849276
16.0111158371,2.75727820396,480.68554033
15.2267560959,2.68632984161,466.823770485
43.2017559052,72.2800979614,40.2300811377
15.6843209267,0.458208024502,3322.96950031
44.40050354,79.4032974243,44.0822925744
30.9557249069,19.3006801605,60.3867047662
59.8973651886,150.616210938,60.231793898
16.9887865067,0.61561602354,2659.6400771
34.8773021698,29.3817977905,18.7037716972
21.4553216934,1.66909193993,1185.4487629
36.3950649261,53.7209815979,32.2516755212
30.5465696335,13.5066900253,126.158811494
28.0062673569,4.299680233,551.356980966
30.6048675537,25.8884010315,18.2184543436
17.3315006256,4.08723020554,324.040236396
23.5646263123,3.41401982307,590.231092186
16.2330869675,1.97861993313,720.424716019
27.5707874298,14.1414394379,94.9645052114
27.2994447708,5.3576002121,409.546134278
123.648016357,363.930999756,66.0243242702
150.826556396,236.070007324,36.109394791
35.3132209778,24.9854011536,41.3354172732
39.600585556,50.4069976807,21.4383173406
14.5754711151,1.09132802486,1235.57196214
28.6451471329,10.0214700699,185.837775627
16.1948141098,3.75593996048,331.178727035
13.6093734741,1.22368001938,1012.167663
27.4130264282,15.9141998291,72.2551351787
41.8842803955,77.6616973877,46.0682913143
28.2551525116,8.11843013763,248.037145514
24.7914592743,8.09759998322,206.158112597
32.3719575882,25.1663398743,28.631965355
36.6128910065,32.0705986023,14.1634163444
26.3442411423,7.38216972351,256.863119231
45.4923763275,70.0680999756,35.0740546078
28.2371665955,20.646780014,36.7630525257
42.2903278351,119.140403748,64.5037900621
22.488442421,1.82429003716,1132.72297513
11.7715902328,0.987103998661,1092.53799486
40.8283180237,49.4193992615,17.3840260428
41.1480232239,93.8118057251,56.1376919399
32.8143989563,18.1997203827,80.3016654449
31.8200746536,4.38736009598,625.266993306
26.8411319733,10.4440898895,156.998285702
30.2059709549,18.3788604736,64.351707214
34.5976039886,25.547000885,35.4272626536
32.8610782623,25.2506389618,30.1395909706
16.0588821411,1.97369194031,713.646841898
19.9909864426,4.11078977585,386.30524869
46.3547424316,109.038597107,57.4877670279
33.0060386658,28.9319992065,14.0814308411
26.2067054749,10.3087701797,154.217574142
24.319519043,5.61705970764,332.958172225
20.6388408661,1.90749204159,981.988308004
50.6299694061,123.409408569,58.9739793804
49.5034702301,106.589096069,53.5567219766
35.4568786621,41.4403419495,14.4387401403
22.6581119537,4.41036987305,413.746298065
36.2133953094,37.0930023193,2.3713556598
36.3936000824,40.4799003601,10.0946401581
13.3913216591,0.488512009382,2641.24717548
35.2694221497,32.070400238,9.97499840313
24.9957542419,1.74285197258,1334.18687503
51.9950660706,187.666397095,72.2938859191
24.2021434784,2.01216006279,1102.79414774
36.5843147278,42.4562988281,13.830654726
21.7830308914,6.65747976303,227.196351574
23.5083908081,6.53861999512,259.531381632
27.3305995941,5.65269994736,383.496379582
69.3585273743,177.288497925,60.8781572487
32.5421279907,18.7084503174,73.9434717395
18.7200841904,4.78620624542,291.125731539
13.3317109108,0.381760001183,3392.17070136
17.2342323303,4.32492780685,298.48601179
27.3047603607,8.07402038574,238.180473373
35.7579339981,112.465904236,68.2055337206
29.0253061295,15.7777900696,83.9630645449
26.5677791595,11.1197099686,138.92510897
36.3622890472,46.7616996765,22.2391630356
32.8062553406,55.8103981018,41.2183814193
13.5327511787,1.7535020113,671.755669029
12.9064097404,0.297055989504,4244.77344221
41.0136386871,56.5698013306,27.4990582918
34.2977958679,25.6265087128,33.8371771682
25.2302034378,8.43356990814,199.163980528
40.9622131348,54.3436012268,24.62366827
31.3623418808,28.5160007477,9.98155792708
25.2523311615,3.47229003906,627.252933292
25.6839727402,17.0751686096,50.4170958857
18.207929039,0.482719987631,3671.94429598
35.1529510498,39.4818992615,10.9643869536
21.5507368088,5.13629007339,319.577876265
18.7562175751,5.35920000076,249.981668391
35.0483880997,172.99848938,79.7406392245
28.9548013687,17.1224594116,69.1042196255
45.7198173523,94.238899231,51.4851958953
37.0955810547,53.3439025879,30.4595665951
28.8344470978,27.6103000641,4.43366073838
34.1132135391,86.7077026367,60.6572282487
21.77251091,6.20568990707,250.847548557
37.0716693878,42.6843032837,13.1491753738
21.6949184418,4.23833990097,411.87301983
18.9320047379,5.63773012161,235.808992794
19.7233722687,1.70879793167,1054.22496148
27.3848846436,113.777198792,75.9311312509
26.6780752182,17.9415206909,48.6946155668
31.3477975845,25.8887004852,21.086794613
41.4537483215,58.3409004211,28.9456487262
65.1469158173,194.068908691,66.4310392342
15.9667901993,2.4748840332,545.153065157
27.051227951,8.41971969604,221.284186738
30.2087285995,13.9473295212,116.591488383
35.6689342499,37.1740989685,4.04896086359
32.8063606262,28.4418010712,15.3455807673
35.4628910065,35.8600997925,1.10766224386
48.3811180115,77.4113006592,37.5012206235
37.8337871552,41.5586967468,8.96300866788
23.0572853088,8.82351970673,161.31618759
21.1355382919,4.65600013733,353.941960235
23.112893343,31.8770999908,27.4937389235
25.8973117828,13.1216201782,97.3636748442
27.0938520432,15.8126106262,71.3433201108
31.1539291382,22.8829994202,36.1444300467
37.3856542587,126.85849762,70.5296413246
38.3054523468,44.1955032349,13.3272628592
75.8063114166,178.735610962,57.5874606025
46.180317688,80.7587966919,42.8169814563
18.6176708221,1.45193600655,1182.2652471
34.0393024445,33.9687995911,0.207551795301
16.749795723,0.212415993214,7785.37410463
23.4156459808,11.2048597336,108.977591309
37.9452537537,66.0129013062,42.5184274545
39.0144683838,43.7827796936,10.8908373182
33.1303237915,23.2243309021,42.6535125217
20.7634050369,4.89753389359,323.956331657
17.8540578842,3.52652382851,406.279235657
21.0483963013,5.52028036118,281.292161342
35.7111469269,42.3949012756,15.765467421
35.2740036011,47.3064804077,25.4351554014
22.5359495163,3.56966400146,531.318508046
15.1901384354,0.933888018131,1526.54816642
27.3491729736,15.0687398911,81.4960850832
29.3623842239,21.2321987152,38.2917738185
30.1541137695,12.3510198593,144.142703299
28.9466939926,18.5703086853,55.8762133853
21.9957586288,6.19974994659,254.784609352
30.3982276917,23.8641090393,27.3805263024
33.0100280762,25.1585998535,31.2077312266
21.0286848068,7.60291051865,176.587298446
34.1280738831,30.966999054,10.2078823447
36.8231590271,42.0675010681,12.466492917
30.0949438095,7.74630022049,288.50732547
31.52885952,22.8450393677,38.0118414879
23.4078454971,6.46552991867,262.040633816
37.6285293579,46.4759788513,19.0366071078
31.2287305832,102.139900208,69.4255325101
27.4882247925,8.76327037811,213.675415757
9.21042480469,0.113984003663,7980.45384325
31.8789211273,11.6439599991,173.780750963
32.5753372192,46.8941001892,30.5342525226
34.8057905197,83.884803772,58.5076331414
23.746238327,1.30691206455,1716.97292198
26.1655799866,4.01913976669,551.02438595
28.4681848526,19.1810913086,48.4179622243
9.85295391083,0.191936001182,5033.45794961
40.1228279114,57.5523033142,30.284583586
19.7647516251,1.73376190662,1039.99226477
21.7927968979,3.48781180382,524.827201801
26.2454751968,2.17043614388,1109.22586324
34.5396507263,12.3656892776,179.318442756
30.6293395996,13.0158405304,135.323562302
33.9426403046,33.7333030701,0.620565481128
38.275428009,43.8864974976,12.7854119341
14.4208340645,0.499743998051,2785.64427402
19.5437360764,6.24947023392,212.726284706
42.0221687317,64.8887939453,35.239713706
34.238489151,17.9121303558,91.1469404858
25.618636322,6.63842964172,285.914104761
30.594578743,15.531039238,96.9899005095
38.6500499725,68.3041000366,43.4147438414
13.4974833488,0.815871953964,1554.36295282
30.3037031174,12.5788097382,140.910735977
38.9571327209,32.3881988525,20.2818745751
25.2403018951,4.73906993866,432.600324997
13.8502813339,2.25900602341,513.113962088
18.3549947739,21.1574401855,13.2456733287
15.8097032547,2.07568001747,661.663797966
38.7540718079,56.3308982849,31.2028158829
34.6923664093,41.4402885437,16.2834825035
21.190378952,8.23865032196,157.206922541
48.65740242,113.328399658,57.0651288055
41.7473518372,123.154502869,66.1016439799
33.0679027557,20.9036197662,58.1922323767
27.7789001465,17.6563110352,57.3312799665
31.0814813614,13.9331798553,123.075289949
18.848050499,1.99849808216,843.110762387
37.0240650177,161.059906006,77.012239771
10.5783771515,0.400384008884,2542.05785365
29.1192655563,3.30652999878,780.659348837
30.8959669113,1.02432000637,2916.2416744
16.8171555519,4.80780982971,249.788285052
47.7800662994,89.2516021729,46.4658727281
28.1434553146,17.7675590515,58.3979838369
23.2859918594,8.37625980377,177.999875899
33.7374835968,31.6927394867,6.45177458063
25.2120649338,7.75660991669,225.039742936
29.0416982651,20.1588993073,44.0639085619
20.546346283,6.55772018433,213.315385613
79.2535457611,241.039993286,67.1201676201
21.1676588058,29.2045993805,27.5194344217
30.6603464127,17.9397106171,70.9076978281
22.2858865738,1.0105919838,2105.23088755
46.6738933563,140.274002075,66.726625985
20.6515508652,8.01523017883,157.653871497
19.2924873352,4.18566608429,360.917974504
15.0370855331,1.82671999931,723.174079158
9.62578890324,0.263072013855,3558.99388619
25.6499780655,17.5729084015,45.9631922017
38.7857089996,61.3643989563,36.794444891
41.2503498077,22.466960907,83.6044936319
48.3578369141,130.272201538,62.8793891996
21.619317627,2.48563599586,769.770057358
32.9177043915,20.4939899445,60.6212576501
22.5089757919,8.68515014648,159.16622525
21.1697120667,4.00988388062,427.938281929
15.1541451454,0.3061439991,4850.005615
17.8773199081,4.21448993683,324.187035112
33.8142066956,25.6102199554,32.034034672
28.9114395142,116.479804993,75.1790110603
23.1261716843,9.97600078583,131.818061974
20.7902532578,1.40402793884,1380.75780279
19.7344795227,5.00870609283,294.003544168
32.2347949982,22.3377399445,44.3064297387
31.3727628708,22.6343803406,38.6066788608
20.8579972744,1.3389480114,1457.78992887
27.7481758118,2.45753192902,1029.10743841
42.9231697083,97.9415054321,56.174688638
44.3494213104,108.619697571,59.1700011119
27.9322612762,7.99232006073,249.488772522
29.4391803741,17.0642795563,72.5193277399
25.5743478775,9.62662029266,165.662788185
23.8543136597,10.7274198532,122.367670755
37.4862754822,47.132598877,20.4663515796
20.0257024765,3.97944998741,403.227896816
38.1375682831,33.1476402283,15.0536449064
36.1965118408,49.2190208435,26.4582853935
16.4456634521,1.43059003353,1049.57206933
12.0818394661,0.297215998173,3965.00307533
32.1798194885,13.5082902908,138.222741707
12.3646766663,0.188608005643,6455.75388972
21.9963502884,2.50541186333,777.95346587
35.6745853424,43.6399002075,18.2523672768
33.1058609009,24.809299469,33.4413369561
27.1166107178,14.836400032,82.7708248578
48.0088317871,98.3859024048,51.2035458194
28.0426668167,16.8093090057,66.8281950623
42.8811912537,100.453399658,57.3123543856
29.2397842407,22.8567504883,27.9262520528
34.0681156158,27.979801178,21.7596772727
24.6356212616,5.01660394669,391.081646536
29.3909477234,14.6076402664,101.202570623
31.2850193024,27.2835693359,14.6661527939
43.9781589508,34.2539787292,28.3884692591
38.7478275299,58.237197876,33.4655015298
21.6729984283,7.7092795372,181.128714088
21.1178634644,2.76748991013,663.069212541
12.929837513,0.854816019535,1412.5871787
31.6958440781,17.6576690674,79.5018581281
25.653327179,2.66102409363,864.039643248
29.4695015907,91.4467010498,67.7741227924
18.8051877975,2.35462784767,698.647982361
36.4930908203,40.1894989014,9.1974475475
29.9672480106,130.30380249,77.0020157218
38.6522155762,40.9039001465,5.50481631886
35.35548172,35.5709991455,0.605879594935
53.3098972321,163.090698242,67.3127297837
31.2298324585,8.50450992584,267.214956897
12.285327816,0.424927979708,2791.15530224
17.7374936104,2.62108802795,576.722545035
19.3928167343,5.61558008194,245.339509923
15.3231579781,0.549471974373,2688.70601099
32.8846668243,34.3193397522,4.1803628456
41.5160817146,154.533996582,73.1346612183
24.9219999313,3.67131996155,578.829418094
14.5099164009,1.85897791386,680.531941383
48.0163070679,125.692604065,61.7986217844
23.7241695404,7.00204992294,238.817486329
30.9042446136,86.1320953369,64.119943335
264.801869202,919.025024414,71.1866530108
45.0772655487,107.711395264,58.1499567076
30.1768987656,24.9930000305,20.7414025076
25.619295311,6.68524980545,283.22121172
33.6814781189,22.0703601837,52.6095534397
39.2395633698,22.0804595947,77.7117147467
27.3302671432,9.15413951874,198.556375368
25.3762046814,0.265119999647,9471.5920018
39.3201576233,50.4694023132,22.0910971379
46.9744598389,77.0187988281,39.0090983583
40.9041358948,50.3760032654,18.8023399171
157.897337341,418.79598999,62.2973139392
31.5992521286,17.180721283,83.922732976
21.4049131393,3.74891996384,470.962126314
40.4224052429,43.6738014221,7.44472904425
46.2017391205,95.9216995239,51.8339027042
29.1969034195,16.3277301788,78.8178950761
30.970567894,17.0320510864,81.8369833253
28.4921390533,19.1467895508,48.8089633919
22.3048555374,9.30774021149,139.63771045
39.7576591492,48.1768989563,17.475678156
39.9096744537,43.3874015808,8.01552294068
11.1508859634,0.236384004354,4617.27602462
30.4830245972,12.146270752,150.966121369
24.9956682205,10.3646001816,141.163844071
18.855803299,3.74828004837,403.052148069
15.4066297531,1.58288002014,873.328967267
38.9837322235,54.8235015869,28.8922978374
27.5332923889,54.2312011719,49.2297942993
31.4531642914,20.0771007538,56.6618839897
58.3204563141,165.421295166,64.7442874537
37.62460289,36.1721076965,4.01551163584
31.9895702362,18.6674594879,71.3654193647
31.0671380997,18.9897613525,63.5994129832
18.8224805832,1.32614409924,1319.33901407
31.9809253693,190.508300781,83.2128441448
11.653337574,1.06297600269,996.293570549
33.0142457962,42.8835029602,23.0141114478
38.1615661621,38.0591011047,0.269226162465
26.670041275,7.82918977737,240.648803176
30.1867326736,21.5189189911,40.2799679954
27.9521133423,14.4909687042,92.8933386913
23.745175457,57.2126998901,58.4966703152
24.3732349396,2.06527996063,1080.14193737
14.6623322487,1.68106007576,772.207511207
14.0534481049,1.91913795471,632.279202251
28.7036746979,60.5387992859,52.5863164839
238.44937439,694.478027344,65.6649505094
14.7163320541,1.23017597198,1096.27861292
176.533387756,494.688018799,64.3141978282
19.6325435638,2.90403199196,576.044327962
59.825497818,162.731002808,63.2365702996
14.2602312088,1.75280201435,713.567709989
30.055201149,13.5900506973,121.155916327
32.6850791931,26.8705997467,21.6388152897
25.4578903198,7.83557987213,224.901165393
32.1871166229,12.2230701447,163.330867303
19.8140258789,1.71274006367,1056.86123652
33.6961273193,30.6030025482,10.1072591366
44.7737411499,92.5554962158,51.6249785475
20.3301906586,5.5884103775,263.792013922
10.1259774208,0.200415998697,4952.47958577
115.067028809,394.128601074,70.8046996602
25.750097084,138.20980835,81.3688352574
45.3702709198,21.1392192841,114.626047964
23.6879241943,3.18182587624,644.475817211
29.3641843796,8.52175998688,244.578871322
41.5130741119,59.3467979431,30.0500186181
22.5180791855,9.10307025909,147.36795987
33.6270000458,41.0381774902,18.0592265488
31.8622161865,24.4001808167,30.581885544
27.2792228699,14.8462791443,83.74451002
14.365389061,0.730112016201,1867.55959938
26.4326602936,2.227039814,1086.89662068
14.8409416199,0.413599997759,3488.23542077
163.400653076,439.257995605,62.8007561135
34.4711948395,35.6156997681,3.21348432304
14.9788477898,0.652352035046,2196.12954127
29.2779495239,12.1702699661,140.56943359
19.3959501266,15.4693193436,25.3833455492
26.103096199,43.9939002991,40.6665559962
24.8178077698,6.13224983215,304.709665279
24.8360935211,44.2193984985,43.8343931297
16.5065386772,2.54480004311,548.637943949
29.6427680969,17.8022594452,66.5112689105
21.5805332184,110.507102966,80.4713609903
32.9470413208,26.419500351,24.7072839499
28.278080368,18.1893596649,55.4649580248
20.9260692596,8.79203987122,138.011537324
31.6663352966,19.9582901001,58.6625664714
23.589128685,10.7183094025,120.082550328
25.6489250183,46.1058006287,44.3694184493
23.0950738907,7.04303979874,227.913437247
16.9333766937,3.19776010513,429.538681358
15.0659713268,48.6021995544,69.0014619401
40.7277561188,57.881603241,29.6360953424
29.3333946228,22.550201416,30.0804107318
33.5972496033,21.058719635,59.5407991824
34.1821922302,34.6908988953,1.46639805032
20.4689588547,5.70994997025,258.478777596
52.5325611115,165.23739624,68.2078256455
14.7956352234,0.392735987902,3667.32351482
24.0971733093,7.39035987854,226.062244672
32.7978990555,29.2902011871,11.9756701087
29.2435943604,4.34902000427,572.418023638
51.1380001068,101.047996521,49.3923661354
93.999420929,208.531997681,54.923262629
27.1485595703,6.54928016663,314.527381324
29.2211250305,9.81462001801,197.730579247
31.8610179901,27.0307006836,17.8697450838
23.7244262695,5.40419006348,339.000590114
43.0605173111,121.306106567,64.5025971655
41.4639583588,80.3300018311,48.3829734674
49.5895978928,154.030502319,67.8053391075
34.1918308258,41.6918983459,17.9892684615
59.0669639587,79.30909729,25.5230913262
49.7670688629,100.652198792,50.5554081675
47.8054317474,158.179504395,69.7777332592
23.7552509308,10.3751993179,128.961875361
15.69268713,0.76892799139,1940.85262933
27.1416721344,7.06186008453,284.341686319
11.5220649719,0.77683198452,1383.21196881
35.6318500519,38.8270988464,8.22942967537
11.9811505318,0.431807994843,2674.64768482
20.2583566666,5.3109703064,281.443606306
30.4310739517,20.6774101257,47.1706261407
25.7258272171,10.9067497253,135.870702684
25.5948007584,13.1042299271,95.3170915103
25.2470495224,213.543807983,88.1771099987
25.6067848206,12.4991998672,104.867392253
209.087677002,721.54699707,71.0223065371
29.8562530518,17.1591587067,73.9960190482
34.8642196655,18.6403903961,87.0358877934
72.346786499,138.67729187,47.8308340728
38.7344936371,48.3068008423,19.8156512919
36.1862014771,38.6878967285,6.46635114082
19.8035522461,1.86893200874,959.618656722
18.1219293594,1.64329397678,1002.78073281
44.3643352509,84.9406967163,47.7702244437
81.3276931763,247.088012695,67.0855367328
30.6371871948,14.5302400589,110.851211478
17.776971817,0.821439981461,2064.12303007
16.7640029907,3.28410005569,410.459569027
21.6079780579,7.3193898201,195.215565627
30.2164546967,13.2849597931,127.448597265
31.7271314621,9.01862049103,251.79583722
48.600177002,123.336807251,60.5955609804
28.4669633865,94.1756973267,69.772495246
24.9249246597,35.8956985474,30.5629207164
18.2723577499,2.26921415329,705.22844102
39.7428375244,29.93060112,32.78329214
27.1128026962,5.86886024475,361.977310168
22.8099752426,4.90780639648,364.769255343
25.3564628601,8.94048023224,183.614103509
46.0147212982,84.3973007202,45.4784443275
30.7727416992,129.015899658,76.1481012955
17.8667037964,1.03641605377,1623.89299947
20.4282598495,5.92640018463,244.699298278
30.9597724915,97.1168060303,68.1210968967
118.062094116,317.12399292,62.7709991196
29.0046592712,18.4789791107,56.9602903789
104.651078033,338.7578125,69.107405299
103.351900482,262.906982422,60.6887958889
44.4486339569,54.2982978821,18.139912869
29.406744194,19.3317699432,52.1161501527
45.2026828766,104.636398315,56.8002305084
22.6277900696,5.8949098587,283.853029341
19.0047891617,5.52039003372,244.265333529
30.1515752792,9.19682979584,227.84748602
33.6816608429,17.049539566,97.5517327751
30.5615756989,19.6218395233,55.752857231
32.9910923004,30.3202991486,8.80859762883
47.6946037292,97.9930038452,51.3285623894
38.9120018005,56.7140007019,31.3890726823
42.2363494873,89.4152984619,52.7638444273
41.9031093597,64.7511978149,35.2859703391
34.2068523407,31.2607002258,9.42445976445
21.7074859619,2.58675599098,739.177952524
44.1018718719,52.072479248,15.3067560662
31.8832727432,2.16665410995,1371.54419327
25.038558197,2.8472700119,779.388259363
44.9485023499,104.352996826,56.926486333
19.1027647018,3.740639925,410.681730528
15.8108451843,0.685792028904,2205.48687036
20.3220436096,6.94137001038,192.767041366
30.5378831863,24.0250282288,27.1086256198
27.365814209,18.375169754,48.9282252916
46.1876712799,88.3475952148,47.7205110478
32.8082355499,21.5897407532,51.9621561232
19.522041893,5.45637989044,257.783773949
32.3326654434,34.2595596313,5.62439858732
42.9205856323,86.5320968628,50.3992308191
22.2485197067,4.44666004181,400.342268074
29.7755046844,13.3802804947,122.532739103
30.1357378006,15.2936296463,97.0476498879
32.9855434418,17.62018013,87.203213579
12.7581770897,0.254399985075,4915.00701186
24.5311306,1.9759979248,1141.45528151
17.937921524,2.60540986061,588.487511897
26.1593019485,12.8894996643,102.950483959
18.6781257629,5.4807600975,240.794441476
21.3846046448,2.11283397675,912.128964232
25.364899826,69.6016998291,63.5570684504
26.6545221329,2.03298997879,1211.09953374
32.629618454,15.8045692444,106.456866678
43.6666202545,37.3451004028,16.9273071527
32.449993515,10.448800087,210.56191376
26.1418457031,17.7148895264,47.5699053286
23.6661848068,9.75625991821,142.57435744
25.0211807251,13.7221803665,82.3411444595
32.9527671814,24.4335289001,34.8669990163
44.3674865723,46.7341995239,5.06419918554
106.712216187,255.105987549,58.1694584232
20.9873794556,4.21702003479,397.682706803
22.678452301,0.943455994129,2303.7636564
48.4474254608,122.985107422,60.6070796079
43.8251480103,56.4710693359,22.3936282319
44.4788907051,94.8154983521,53.0890081493
18.7347024918,32.9393005371,43.1235570086
27.238702774,5.68991994858,378.718558788
29.7572675705,20.6584701538,44.0439071671
27.8674171448,11.5905303955,140.432630724
22.3708005905,9.90004062653,125.966755435
98.308241272,265.471984863,62.9685063294
40.4751922607,52.2325019836,22.5095664125
48.3806793213,149.678100586,67.6768484288
28.4075733185,6.63664007187,328.041494052
70.5456668854,207.406799316,65.9868108867
66.628194809,160.962203979,58.6063105737
18.6188224792,1.94714009762,856.213808242
37.4718580246,103.167800903,63.6787275715
35.8495334625,39.2049980164,8.55876730929
33.3844013214,22.197599411,50.3964491982
41.7600986481,56.0999984741,25.5613194583
42.1917053223,19.2211399078,119.506780163
38.1818813324,44.1558990479,13.5293762425
27.3172512054,11.8003797531,131.49467879
33.2694442749,26.3262996674,26.3734162996
43.3762062073,50.2700996399,13.7137055267
38.3058444977,50.1260986328,23.5810375384
42.2818042755,75.4841003418,43.9858141197
21.0591369629,0.893087983131,2258.01369637
18.3174259186,2.30198192596,695.724141531
19.4089120865,4.37301969528,343.833173389
41.2401981354,99.9287033081,58.7303779894
48.801738739,80.3924026489,39.295583748
24.7614086151,9.795129776,152.793063302
21.4295343399,1.76099407673,1116.8998535
36.6883243561,37.7405014038,2.78792546096
44.6916538239,83.0294952393,46.1737618721
36.7209915161,37.2010307312,1.29039224358
19.07585392,4.0352640152,372.728769373
94.6750663757,261.367004395,63.776963127
44.5536009789,108.423698425,58.9078756527
26.5640523911,12.2569799423,116.72591875
21.513800621,5.40006399155,298.398994062
30.0509960175,14.4111595154,108.525871811
20.2750238419,2.97677016258,581.108138502
28.926684761,15.7694406509,83.4350716766
30.6183532715,240.861404419,87.2879786011
23.6676239014,10.522600174,124.921820749
25.9264873505,9.82989025116,163.751544402
33.1308456421,123.620193481,73.1994873094
33.0835357666,21.1725406647,56.2568058816
50.431269455,88.7518997192,43.1772507242
23.578046608,12.4227199554,89.7977793312
19.3266803741,4.37133026123,342.123546362
30.2323459625,9.41699028015,221.040428663
9.1878469944,0.479647994041,1815.53954328
18.336249733,0.90307199955,1930.43054619
53.7580337524,245.620101929,78.1133411597
40.9021530151,50.0592002869,18.2924361941
36.6798137665,35.1394996643,4.38342639163
190.785466003,509.912963867,62.5846998365
42.8108966827,97.4346008301,56.061916077
33.2923694611,32.9600028992,1.00839360635
19.0274196625,5.74979019165,230.923721184
45.0772655487,134.291397095,66.4332440321
33.3936130524,123.640403748,72.9913426031
12.905807972,0.971520006657,1228.41401963
16.876914978,3.04738998413,453.815398289
33.0216957092,23.352689743,41.4042496714
21.70246315,2.90220594406,647.791975081
39.6310577393,77.0387039185,48.5569516055
63.0134029388,264.699188232,76.1943346485
59.1046943665,194.685897827,69.6409986413
11.3075961113,0.405248016119,2690.29030656
30.2405921936,21.2413005829,42.3669519463
28.3218398571,121.531196594,76.6958273671
20.4411579132,4.48223972321,356.047850528
28.2628190994,5.47042989731,416.647130664
27.3250576019,14.8762207031,83.6827924729
22.826981926,4.96572971344,359.690382748
56.8072834015,153.298904419,62.9434511507
19.3010881424,3.54288005829,444.785254506
29.170104599,10.2297906876,185.148596779
40.8888755798,51.5898017883,20.7423285951
14.801559639,1.19078397751,1143.00964059
28.4581890106,11.7589998245,142.011986013
26.7744655609,8.40592002869,218.519156375
37.660716629,43.5506973267,13.5244233943
28.0817440033,12.2595500946,129.060151364
7.89087181091,0.425760000944,1753.3614697
180.545573425,616.807006836,70.7290008991
42.5750518799,60.7082977295,29.869468471
20.7056129456,6.99574995041,195.974171352
41.4135322571,66.8059997559,38.0092620297
40.1529193878,63.1730995178,36.4398459245
17.8610851288,5.26607990265,239.172315251
23.7288143158,9.00115013123,163.619803801
33.4545219421,32.9931983948,1.39823833338
26.7841697693,12.2914295197,117.909314181
37.694757843,49.3401985168,23.6023385067
34.7967906952,44.5469017029,21.8872932459
21.0008153915,1.32204794884,1488.50633292
18.2735805511,2.55296397209,615.779021988
30.1550344467,7.06316995621,326.933439712
26.9691360474,12.4208803177,117.127412531
37.7434906006,38.7541999817,2.60799960154
31.3362398148,4.67209005356,570.711383033
40.2522968292,46.4032096863,13.2553607792
13.841520977,1.90432405472,626.846932523
27.5316991806,3.54931020737,675.691544894
173.068438721,474.348022461,63.5144597372
109.363700867,336.467803955,67.4965332251
48.9831886292,66.3523025513,26.1771080343
17.247555542,1.82956600189,842.712945264
32.0247623444,25.4652996063,25.7584353589
22.4747325897,1.82230591774,1133.31282475
37.880424118,14.870139122,154.741558282
28.7788406372,18.8910102844,52.3414587357
26.7098125458,7.47125959396,257.50079635
39.0274829865,50.7050971985,23.0304542487
54.5558177948,162.801101685,66.4892821791
27.7848510742,10.5754499435,162.729729917
43.7925260544,217.948303223,79.9069203995
38.0411540985,45.6772994995,16.717593826
15.2936739922,0.314336001873,4765.39050603
27.9779943466,1.82579398155,1432.37411391
25.6640138626,6.13360023499,318.416800564
28.9740991592,15.8239994049,83.10225132
16.8135873795,3.0107820034,458.445857603
45.928830719,235.624694824,80.5076328043
25.6584993362,9.65573978424,165.733127752
63.5147247314,178.522506714,64.422007118
25.0837869644,11.0023708344,127.98528919
43.7269176483,80.2850036621,45.5353856215
20.6184616089,7.46716976166,176.121506099
27.6294462204,10.2173099518,170.418009738
79.5317710876,248.285614014,67.9676281674
19.6982387543,1.23084795475,1500.37953333
16.9953676224,2.44463801384,595.20998717
50.7211963654,135.172302246,62.4766349892
17.1033060074,3.61257600784,373.437955914
31.3506855011,19.653301239,59.5186738341
41.3871871948,80.5010986328,48.58804675
18.2075017929,1.55545604229,1070.55714195
19.0209457397,2.49858999252,661.26718656
31.4591501236,15.8952999115,97.9147943024
30.1829423904,20.1540794373,49.7609577476
34.7058204651,33.417301178,3.85584485188
32.5178722382,20.650018692,57.4713937219
63.9682533264,199.694610596,67.9669605827
8.6015417099,0.498176008463,1626.606975
18.4599181175,22.3759002686,17.5008920492
30.6918880463,10.5586500168,190.680039564
18.4118965149,1.7750120163,937.282922361
23.1581203461,2.99663996696,672.802892619
27.146792984,17.4781494141,55.3184627325
155.971322632,456.618011475,65.8420564427
20.463517952,1.74300801754,1074.03464276
20.1187624931,66.5453948975,69.7668598644
18.4641414642,4.2077460289,338.813116034
33.0223884583,29.9426994324,10.2852751564
20.4704393387,4.30611419678,375.380781912
31.9680999756,17.3171901703,84.6032737484
17.4663074493,3.42236995697,410.35708205
25.6445486069,2.66175603867,863.444742281
30.4275844574,10.5206804276,189.21688732
46.4904438019,132.93460083,65.0275823513
39.8576488495,27.2686100006,46.1667787562
28.8592645645,9.26035022736,211.643338059
41.4383674622,58.3031005859,28.925962692
28.9444591522,8.6373796463,235.106946059
33.677973938,20.3138389587,65.7883278803
25.6289440155,54.5363998413,53.0058014646
29.9705612183,7.4514503479,302.211110844
41.764384079,43.9061012268,4.87794882256
15.4025375366,2.00361609459,668.736964043
43.9755859375,79.9555969238,44.999990458
19.2921308517,6.11017990112,215.737525964
23.8108877182,6.56137990952,262.894513754
36.5455875397,43.382900238,15.7603863754
32.0156826019,20.6151199341,55.3019468444
13.0127561569,1.24259209633,947.226696143
28.8547634125,82.9712982178,65.2231988262
16.194365406,1.95117199421,729.981439571
19.0611234665,3.72128009796,412.219531041
31.6101488113,23.5075206757,34.4682378354
35.5901119232,38.7579498291,8.17338873664
32.2341033936,23.9989299774,34.3147524656
25.3908508301,9.85840034485,157.555485088
41.0584243774,164.660705566,75.0648315054
11.76665802,0.344000011683,3320.54000593
25.6140693665,7.53949022293,239.732111974
23.5490236282,3.2166697979,632.093286157
26.5344854355,4.26959991455,521.474750949
20.8970874786,5.31551980972,293.13347004
62.1047431946,163.224807739,61.9514067409
31.4706985474,9.91957950592,217.258393146
26.6533002853,13.1678705215,102.411621847
37.2185352325,37.507900238,0.771477485161
47.5463050842,121.882202148,60.9899523916
31.4435857773,23.3111400604,34.8865207612
15.9356307983,2.65216016769,500.854767086
20.055884552,4.47583961487,348.092118524
13.9495067596,0.803263962269,1636.60308627
22.0937080383,5.79874992371,281.008119492
23.7161172867,15.3269805908,54.7344380464
26.1941804886,5.90150976181,343.855581805
16.4407922745,2.81334781647,484.385342553
45.0328884125,86.1725997925,47.7410586185
18.3289209366,4.42274999619,314.423626757
11.5727977753,0.314976006746,3574.18391477
25.1778964996,14.0800600052,78.8195255585
40.8563240051,46.2419013977,11.6465310244
33.2309906006,32.0602989197,3.65153077281
51.0444820404,132.19619751,61.3873295889
145.094678497,445.405883789,67.4241666358
42.3058029175,65.992401123,35.8929176731
42.3190574646,56.0102996826,24.4441509787
41.4632259369,66.9277954102,38.0478235047
47.3810623169,139.646408081,66.0706902755
27.4423746109,14.0902795792,94.7610369029
41.0192367554,86.9773025513,52.8391482005
17.4436033249,3.29334998131,429.661391103
38.2147514343,50.5186004639,24.3550868721
33.6605327606,22.3387584686,50.6822002122
29.8734638214,15.312130928,95.0967109791
29.6873544693,20.0085296631,48.373493551
43.2617507935,79.2567977905,45.4157220586
29.792284584,15.5325803757,91.8051210004
32.2102024078,10.6510105133,202.414520834
30.8380689621,12.5919694901,144.902665834
171.899629211,444.358001709,61.3150593552
40.3466796875,60.3276977539,33.1208032302
28.0302474976,13.8032302856,103.070201087
28.6101463318,11.6933794022,144.669614727
44.9225334167,54.9998016357,18.3223719346
18.5064647675,5.22688007355,254.063313239
33.0047668457,24.8460197449,32.8372398662
15.8586143494,0.789632022381,1908.35501852
26.093771553,6.37446022034,309.348723674
11.9851319313,0.323199987411,3608.27116278
17.8626991272,2.39308595657,646.429482741
33.4357545853,17.1920108795,94.4842567841
23.5485501289,85.2111968994,72.3644884877
24.4723611832,11.1842498779,118.810930105
33.8144916534,26.8482990265,25.9464952326
32.8545097351,17.6924800873,85.6975934014
31.4209875107,25.1646900177,24.8614129106
82.0412372589,222.040206909,63.0511796035
41.8715999603,57.0545005798,26.6112234183
30.0469223022,20.9146499634,43.6644761201
167.389822388,533.057983398,68.5981961436
17.0034110069,4.25279998779,299.816851386
31.1475790024,16.3049907684,91.0309514721
21.4180065155,7.75110006332,176.322152217
38.403515625,48.4824028015,20.7887534324
78.6335830688,326.973693848,75.9510980399
16.8557985306,3.65813994408,360.775114902
11.6995223045,0.218815997243,5246.73993307
45.5892421722,99.1667022705,54.0276714578
47.6417375565,157.481903076,69.747801731
17.2931840897,3.43545389175,403.374070342
33.3873054504,35.8054084778,6.75345745279
25.804668808,12.8640003204,100.59599009
16.3550191879,3.40156006813,380.809359833
50.1993434906,124.109603882,59.5524101919
24.0668338776,12.8603000641,87.1405313844
49.0597019196,163.574996948,70.0078234236
14.8908735275,0.899199962616,1556.01358392
27.4525964737,17.2770214081,58.8965819123
86.1056465149,243.509902954,64.6397762595
16.892082119,4.0853099823,313.483485762
21.7716506958,4.49897003174,383.9252216
29.6699531555,19.0459098816,55.781232506
31.209551239,19.7134399414,58.3161098813
21.3164001465,7.23069000244,194.804508827
25.6786178589,9.40095996857,173.148890589
43.577388382,127.38079834,65.7896724232
30.1028688431,21.7252388,38.5617397357
41.7702770233,149.534591675,72.0664786953
20.9871669769,7.74630022049,170.931494772
16.1822990417,2.81203007698,475.466783738
24.8660665512,3.12957000732,694.552174676
25.9407369614,7.92098999023,227.493621294
15.5849876404,1.99683606625,680.484081985
38.0606197357,41.8477973938,9.04988528415
16.3528178215,0.752800047398,2072.26578001
14.7297859192,2.10460591316,599.883328611
15.8711795807,0.953471958637,1564.56700031
28.1567045212,5.74114990234,390.436672097
28.3031414032,20.366809845,38.9669841209
33.4288795471,31.7232990265,5.37642859655
26.9538898468,4.10124015808,557.213155238
33.9347808838,28.8378982544,17.6742513772
24.7204616547,4.03538990021,512.591652008
36.2016513824,44.4306983948,18.5210840919
22.3373614311,68.9049987793,67.5823788885
99.8162841797,263.959991455,62.1850706884
35.2826747894,31.0502986908,13.6307097744
11.4802278519,0.599071979523,1816.33530599
23.9217193604,7.6681599617,211.961663291
30.9265562057,8.4876203537,264.372520412
20.9390293121,1.48006606102,1314.73612993
29.9940465927,9.44496059418,217.566667363
40.855216217,27.6749992371,47.6249949172
39.2956684113,43.0966186523,8.81960200115
23.3719305038,2.09190583229,1017.2553823
16.8516484261,2.45878815651,585.363982311
25.5720485687,4.80153989792,432.580153709
41.227072525,16.1075897217,155.948116617
33.8189029694,29.5016994476,14.6337451827
12.1622251511,0.97769600153,1143.96797492
31.4915988922,25.1330013275,25.2997940112
26.6493061066,11.287779808,136.089882685
40.0485607147,42.9016609192,6.65032575275
46.4487766266,94.3998031616,50.7956848733
27.83207798,10.7095003128,159.882134246
26.0433847427,10.2472000122,154.151228743
39.6055088043,138.45489502,71.3946489225
31.7796216965,23.4021511078,35.7978655471
19.6335933685,3.23837018013,506.280081536
43.0595470428,62.4828987122,31.085868405
25.8547359467,5.51898002625,368.469460366
24.132705307,7.59240961075,217.853047244
17.2072658539,2.49091410637,590.801252837
43.133246994,123.971801758,65.2072113316
29.0983884811,2.56060385704,1036.38774702
31.9295289993,100.165893555,68.1233523046
32.79880867,21.10820961,55.3841338326
17.1580974579,1.15875196457,1380.73944921
44.9073925018,115.925804138,61.2619529917
34.5225830078,30.2619991302,14.0789901527
31.2542409897,26.5177001953,17.8618083751
17.3187429428,1.88633406162,818.116429913
18.8628423691,1.58880400658,1087.23532236
178.856617737,480.868988037,62.8055411793
18.8293110371,28.8397979736,34.7106694219
16.8136039734,1.37340593338,1124.2268338
20.1185115814,3.27094602585,515.067060796
26.7376300812,8.95213031769,198.673378652
29.5035654068,20.7045307159,42.4981121841
35.8457374573,36.9986991882,3.11622234363
27.766835022,8.1035194397,242.651550707
44.9404014587,64.4156036377,30.23367178
25.2064186096,3.92786979675,541.732539873
25.4437850952,14.1311397552,80.0547269074
66.0768386841,210.241104126,68.5709229131
23.9275074005,3.1260201931,665.430353052
139.652185059,370.569000244,62.3141209959
32.6079065323,143.930404663,77.3446711217
24.7844181061,15.75274086,57.3340050876
31.7543544769,16.7604904175,89.4595783654
25.896868515,4.78061008453,441.706352476
31.6967309952,22.0193996429,43.9491153672
15.2680316925,0.581439971924,2525.89990881
30.4704246521,21.5923995972,41.1164355077
63.7745292664,197.67350769,67.7374424062
19.9540859222,1.22127997875,1533.86662104
37.5206531525,40.6087989807,7.6046224113
36.2988853455,30.8099002838,17.8156534461
18.3916955948,1.52771604061,1103.86872337
76.4980873108,202.257202148,62.1778178981
16.4275514603,1.52768206596,975.325280454
14.046668911,0.327264010906,4192.15203715
42.4383737564,168.80380249,74.8593496531
29.2669916153,9.03157997131,224.051735225
16.2495946884,2.30118608475,606.139968259
17.4605367661,2.69318008423,548.324145433
32.6919498444,24.8323192596,31.6508115997
39.2422607422,46.8725013733,16.2787144009
35.77305336,36.8740005493,2.98570042016
17.3447631836,4.40704011917,293.569441498
20.3206352234,4.14553022385,390.18181333
20.6003036499,1.23558402061,1567.25235243
9.779408741,0.706752002239,1283.71150135
24.7774431229,11.568860054,114.173591928
17.0985988617,1.66560399532,926.570475918
36.813866806,36.4048995972,1.1233850756
23.3556116104,1.78585803509,1207.80897202
29.5637956619,10.4934997559,181.734372228
15.0061077118,1.44223999977,940.472301016
31.5379915237,16.1126003265,95.73495826
29.811133194,13.9074602127,114.353539309
40.6168743134,48.9003982544,16.9395838004
30.906524086,54.1601982117,42.9349871188
29.2515499115,26.7989196777,9.15197427082
19.040609169,5.51787996292,245.071101527
43.4221672058,61.2280044556,29.0811980695
25.6456323624,2.39302802086,971.681239786
32.146894455,29.2350006104,9.96030026958
10.740404892,0.31852799654,3271.88724653
13.3868789673,1.33135998249,905.504081792
35.4136676788,32.6401290894,8.49732726818
40.3676128387,31.0108699799,30.1724616722
19.8702451706,2.18912005424,807.681839197
34.0350963593,34.3675994873,0.967490115725
46.4357723236,76.8168029785,39.5499805731
28.611856842,14.829240799,92.9421555018
23.8484571457,2.00707197189,1088.22132338
38.1092782974,145.786499023,73.8595284524
48.0824951172,274.944793701,82.511945591
36.9878959656,38.5106773376,3.95417966482
19.8420984268,9.99781990051,98.4642514495
25.1051876068,9.19180965424,173.125625434
25.3760572433,9.43578052521,168.934373532
25.4837358475,10.1194601059,151.829006496
18.6464982986,4.61152029037,304.346010091
15.4395314217,1.14572799206,1247.57390312
27.5205263138,10.7532100677,155.928472897
26.3221590042,1.89743995667,1287.24595272
40.4519824982,87.7073974609,53.8784826945
40.2374198914,52.8839988708,23.9138099416
37.9518856049,48.0754814148,21.0577107332
39.6782756805,60.6551017761,34.5837785798
32.8992595673,28.2149982452,16.6020259201
14.9824132919,0.170080006123,8709.03854221
26.6712881088,14.9327297211,78.6095952115
33.1848186493,25.0946998596,32.2383564455
37.9438625336,30.1280994415,25.9417727534
40.2785461426,44.1365966797,8.74116000631
27.4208044052,12.6798696518,116.254623732
59.3382419586,129.611694336,54.2184505321
32.4232839584,30.8648300171,5.04928729717
32.3359149933,23.6726303101,36.5962065464
32.2017995834,25.565700531,25.9570397626
16.3710103989,1.83721399307,791.078037757
20.6094760895,6.34704017639,224.710030451
11.1207395554,0.270175993443,4016.10943432
27.4967260361,3.79887986183,623.811413789
16.8709768295,1.26076602936,1238.15287188
27.4377977371,17.8687400818,53.5519438502
35.6575309753,40.1091995239,11.0988715841
20.6112571716,4.41775798798,366.554691944
19.7038534164,3.28434991837,499.931612228
19.5924282074,5.01763010025,290.471752918
37.1367614746,44.9916992188,17.458637661
22.7171375275,10.6063995361,114.183309332
89.9734786987,252.712997437,64.396972213
44.5429405212,78.5522994995,43.2951793836
28.2420051575,17.0302715302,65.8341448489
19.973985672,2.60322809219,667.277586313
17.0501434326,3.50504994392,386.445092235
33.6967952728,37.3185005188,9.70485200537
21.4447786331,3.86611008644,454.686187244
22.0365095139,0.721215963364,2955.46613404
160.267539978,436.660003662,63.2969498846
10.8380273819,0.522655963898,1973.64464017
39.6088783264,53.8517990112,26.4483656003
37.3048088074,60.1148986816,37.9441542355
14.5941526413,1.32617604733,1000.46872515
29.2321098328,14.9600000381,95.4018031967
38.274684906,60.3073997498,36.5340156186
41.5639575958,63.8885955811,34.9430720494
9.92370634079,0.131584003568,7441.72701219
28.8558261871,7.15327978134,303.392947979
29.575853157,11.7807703018,151.051946514
26.8517406464,12.5294303894,114.309348564
28.243897438,10.7844495773,161.89465893
24.3313034058,3.22108983994,655.374876668
144.074269104,446.901000977,67.7614798828
29.487377739,15.7861099243,86.7931864172
35.1231647491,33.4289970398,5.06795853712
23.1736881256,9.86775016785,134.842671647
20.8788677216,7.07725000381,195.013850158
17.1168855667,0.415136009455,4023.19942787
25.6109634399,12.6864299774,101.876836001
34.1697879791,34.600692749,1.24536457412
14.5936383247,0.607168018818,2303.55846692
22.7491563797,2.48207998276,816.535991496
21.2691345215,10.0952997208,110.68353699
17.1274143219,0.447872012854,3724.17606601
33.6902820587,19.8635101318,69.6089051487
29.849023056,4.55290031433,555.604581591
24.4120576859,14.5052099228,68.29854801
30.6472229004,20.8830909729,46.7561623907
35.6527610779,36.051158905,1.10509020861
21.9766319275,3.86930990219,467.972906875
28.6968460083,16.1324214935,77.8830662205
27.8344314575,8.11420917511,243.033200856
36.2946784973,31.347700119,15.7809930538
35.4575153351,14.1315202713,150.910833756
229.543504333,649.341003418,64.6497752144
30.0124259949,14.7819509506,103.034268583
15.5514930725,1.85247802734,739.496762874
45.0772655487,107.506904602,58.070353048
18.3000470161,55.1593017578,66.8232801487
20.2560159683,39.1916007996,48.3154156629
30.7700183868,17.1503009796,79.4138681497
33.819190979,21.71434021,55.7458833748
16.4908478737,61.7892990112,73.3111588292
25.818390274,11.7844495773,119.088639691
17.9237560272,2.87004995346,524.510246089
21.217376709,2.39750409126,784.977706036
34.114491272,17.6161994934,93.6540925569
18.0280345917,4.32879781723,316.467466323
28.9618719101,18.8850708008,53.3585561612
10.1080407917,0.460063993931,2097.09451839
18.2732261658,2.99848985672,509.414306499
30.785918045,18.5860385895,65.6400200443
109.284358978,276.92300415,60.5361933316
22.3127239227,5.66201019287,294.077777374
92.4176727295,253.104690552,63.4863848125
28.9260295868,36.4606018066,20.6649694369
30.6158029556,111.022994995,72.423908257
31.2011678696,17.7866897583,75.4186320982
44.5640758514,65.4692993164,31.9313383269
83.5196334839,215.512008667,61.2459491234
49.8430450439,131.627487183,62.1332549069
133.064923859,443.978973389,70.0290032109
35.8750400543,43.8218002319,18.134262252
34.9563148499,30.8689994812,13.240841742
41.5878959656,55.1612014771,24.6066168757
42.5779254913,67.6346969604,37.0472148101
31.2176586151,16.8867588043,84.8647154664
29.0775472641,14.6079406738,99.0530213214
33.7804286957,5.20880031586,548.52608369
40.8435512543,48.1251983643,15.1306329272
24.0966028214,6.5525097847,267.74615549
26.5038351059,15.6884803772,68.9381920279
38.3094970703,47.1823806763,18.8055021361
13.5962434769,0.366656005383,3608.17422251
15.2683545113,36.950302124,58.6786747778
26.0089893341,3.65847015381,610.925284084
136.440045166,455.748016357,70.0623940711
38.6356246948,48.2129974365,19.8647112831
19.6253444672,2.95545983315,564.036920653
168.401138306,471.539978027,64.2869860133
19.6006614685,3.31036806107,492.099159578
24.3430856705,8.77126979828,177.532058987
94.2045127869,243.208007812,61.2658671751
41.9470962524,57.745098114,27.358169572
100.893164825,250.140197754,59.6653533773
18.0464002609,2.49101018906,624.461117831
17.125966835,3.51830005646,386.768227843
23.9748195648,3.28294014931,630.285002907
17.138716507,2.67628407478,540.392276307
97.2711647034,281.464996338,65.4411148921
29.9155305862,15.7046003342,90.4889646963
26.8276342392,8.04098987579,233.63596589
40.5055517197,50.8830986023,20.3948799654
14.929782486,0.906816005707,1546.39600448
10.8520396233,0.144000008702,7436.13817184
31.6096420288,25.2688808441,25.0931619165
17.5577157974,1.91033601761,819.090444591
11.4165741682,0.776319980621,1370.60161444
33.5631792068,84.7040023804,60.3759229037
25.3934343338,5.30899000168,378.31008018
77.463640976,202.199508667,61.6895008862
21.0304439545,0.73871999979,2746.87621297
39.6817810059,118.116600037,66.4045688806
42.3033191681,120.649902344,64.9371293749
19.4602384567,1.65225601196,1077.79801168
34.2415491104,58.1081008911,41.0726756075
26.6371135712,115.454101562,76.9283956043
34.1326000214,36.4296989441,6.30556658252
30.3271434784,102.101799011,70.2971507142
207.567048645,613.300964355,66.1557602696
21.3862002373,3.64079785347,487.404220119
13.4658356667,0.45039999485,2889.75040422
39.9816619873,39.54529953,1.10344961971
297.961517334,900.606994629,66.9154782151
31.5481752396,12.4313592911,153.778967375
42.7995872498,83.1887969971,48.551260753
39.2369998932,23.2984409332,68.410409974
41.6430843353,38.1935005188,9.03186083933
11.1700502396,0.179263994098,6131.06179006
38.2447208405,44.6377029419,14.3219334332
36.6426212311,55.9293022156,34.4840364898
16.5144198418,2.52210998535,554.785871262
