84.354053,
95.965671,
68.708848,
98.963068,
99.945423,
99.361993,
78.35181,
98.138553,
87.457188,
99.82395,
99.732566,
99.55804,
91.365896,
74.696697,
96.434683,
76.639574,
62.081122,
99.907649,
95.087725,
98.162183,
63.867096,
99.198431,
77.032334,
99.464842,
97.977911,
94.701967,
20.850219,
95.117188,
99.864514,
99.527137,
85.449425,
96.435243,
99.813053,
93.589734,
99.865086,
69.911715,
89.711719,
98.802774,
99.835913,
99.42303,
66.531575,
95.253164,
96.524875,
99.860578,
99.521686,
93.526499,
85.563796,
88.697448,
77.30999,
99.123439,
98.33815,
70.977583,
99.931042,
92.452204,
82.210618,
99.036444,
99.273239,
98.248838,
87.884816,
83.793979,
99.134104,
99.767952,
82.919902,
98.817222,
89.247121,
98.557356,
91.494806,
99.89816,
89.358349,
97.11501,
99.920647,
99.955928,
98.165141,
89.359374,
97.740903,
61.90233,
95.305661,
57.376277,
99.814646,
98.662356,
99.91906,
98.251689,
84.935009,
99.752927,
99.957936,
99.424151,
98.754555,
92.206711,
92.275893,
99.9534,
99.077334,
99.720877,
98.832218,
98.936267,
71.601586,
94.252923,
99.672478,
53.846324,
72.608079,
99.920876,
99.691033,
84.944305,
99.50218,
87.999924,
99.121151,
98.776268,
96.945248,
75.826899,
97.990718,
99.559352,
98.133033,
56.262549,
68.769896,
97.448877,
97.503399,
99.73675,
97.083569,
97.814939,
96.624983,
97.641174,
98.878844,
99.914824,
99.540876,
98.062062,
99.713599,
97.521966,
85.092493,
94.278884,
69.291174,
70.089709,
95.844452,
74.289056,
77.760436,
99.949971,
31.467432,
66.369714,
85.365099,
99.235644,
57.403035,
9.656499,
88.802059,
99.378834,
99.315126,
99.381046,
98.713607,
98.010805,
97.323621,
96.568881,
88.215077,
97.457242,
95.715022,
99.835143,
90.035618,
98.20932,
93.334869,
95.54616,
97.335629,
98.681014,
96.348107,
98.732131,
88.936315,
98.127651,
95.186293,
96.207796,
99.520825,
99.934366,
96.291885,
87.711825,
99.100786,
96.729193,
92.051917,
46.656245,
92.435756,
78.992519,
30.467459,
99.720783,
95.651557,
93.298278,
73.220281,
99.428395,
99.861866,
99.900863,
96.292914,
92.386535,
98.631535,
95.289508,
99.738915,
99.914585,
98.012902,
87.783352,
71.830723,
67.05485,
96.763224,
74.092977,
99.734095,
99.119788,
99.45819,
92.113547,
99.278314,
99.803365,
94.143188,
95.09819,
97.420199,
96.976006,
99.517961,
98.198278,
96.52315,
99.192383,
97.480039,
92.838424,
99.166753,
98.522067,
98.483872,
56.397056,
98.707894,
95.487051,
99.731416,
89.889545,
99.441444,
99.604368,
99.616776,
82.620554,
99.512356,
87.642746,
96.575318,
68.987062,
92.292631,
81.168707,
97.219483,
92.35937,
93.883905,
97.303365,
99.87129,
87.210862,
99.719456,
99.464774,
99.386845,
99.627814,
98.37627,
99.634446,
98.157549,
99.298034,
68.362081,
94.155177,
98.734704,
99.738171,
99.908056,
96.723742,
99.661072,
99.54384,
99.984657,
69.412396,
99.243111,
97.91031,
94.302804,
99.695836,
99.840542,
86.459216,
99.296548,
37.216271,
71.480283,
99.171778,
98.866736,
99.780994,
81.363589,
71.237701,
86.79273,
92.947535,
99.079466,
99.849893,
98.038555,
98.981411,
97.929036,
99.628407,
98.713781,
99.34174,
67.165836,
90.02204,
99.698838,
90.418896,
99.893946,
99.530799,
99.734107,
99.732448,
99.805635,
96.678253,
99.920456,
99.987529,
85.817899,
93.556702,
99.036113,
68.956596,
86.14447,
98.861207,
45.071275,
95.846652,
84.843143,
99.790303,
60.946064,
98.937792,
97.433545,
99.745794,
79.909826,
99.659795,
99.703072,
88.680518,
99.1252,
99.157913,
70.158161,
90.819101,
93.636134,
93.467221,
70.367605,
83.41381,
94.063812,
9.469972,
98.415197,
98.830392,
89.10184,
95.820654,
97.035912,
98.191154,
92.460044,
98.147565,
91.973589,
98.534937,
95.725438,
94.929529,
99.813917,
70.439818,
99.7256,
96.644635,
94.941874,
95.854976,
78.250997,
78.911317,
99.375971,
99.397495,
80.61834,
96.108293,
99.535466,
69.215484,
97.939283,
14.114497,
33.81599,
99.545326,
94.340492,
92.40278,
99.528621,
73.404533,
96.236,
98.299758,
98.782363,
99.92865,
57.624779,
99.149848,
99.92522,
69.809072,
97.331789,
96.81321,
63.56964,
97.874281,
97.416748,
93.777986,
93.528789,
99.288254,
99.815218,
99.972259,
71.41807,
28.912771,
86.507878,
99.775097,
80.373703,
98.866236,
99.629028,
67.865306,
99.091475,
99.809853,
67.936121,
69.91743,
92.027469,
88.184699,
99.695004,
99.256079,
99.387139,
99.804727,
89.987541,
96.219355,
98.835799,
99.767535,
95.150141,
96.4946,
99.650056,
69.158931,
92.587475,
97.795766,
95.360224,
91.802307,
99.726584,
96.974438,
99.914645,
99.163941,
69.345675,
99.362197,
96.966732,
98.762861,
93.875248,
82.880727,
99.861586,
92.784502,
99.900233,
69.676262,
89.616508,
99.577996,
99.444288,
99.950628,
99.911347,
99.532607,
98.201815,
98.517625,
96.452342,
90.77706,
94.156271,
96.717877,
97.507028,
99.807673,
98.472847,
68.185712,
99.861729,
99.607898,
13.617485,
99.293444,
99.847484,
72.019189,
98.877567,
68.162157,
98.070064,
94.679153,
98.259756,
99.344038,
99.192247,
99.123281,
99.788947,
40.644267,
73.67193,
69.924339,
99.004758,
66.26747,
99.787375,
92.187678,
88.371476,
98.989256,
98.909815,
55.124755,
90.682127,
98.005766,
99.355353,
38.406359,
96.36255,
96.678182,
98.98664,
97.784604,
88.796873,
98.336176,
99.588259,
99.70305,
99.257808,
95.059742,
98.530043,
88.575966,
65.847777,
99.574476,
97.608805,
97.988484,
85.69946,
98.919848,
56.809562,
83.116568,
94.050709,
99.725332,
85.374602,
99.625291,
99.703485,
99.525198,
92.458417,
67.589123,
99.701384,
96.156262,
99.494813,
99.952536,
98.791048,
98.915831,
99.843735,
99.570161,
97.478163,
99.431938,
78.334703,
65.14083,
99.937516,
96.854145,
55.619258,
99.763976,
98.309905,
19.103787,
98.600923,
99.876667,
54.911298,
85.636276,
37.967889,
99.265464,
99.571861,
96.461033,
93.371445,
99.768566,
96.349807,
99.16062,
99.673031,
53.131586,
97.624136,
91.269232,
99.286593,
94.520647,
87.761078,
96.943601,
86.704011,
99.932998,
97.329266,
98.676783,
96.56127,
68.912186,
23.379322,
99.639825,
69.495426,
98.670283,
96.047227,
99.442261,
99.719121,
63.11293,
99.31832,
98.364909,
61.558387,
99.546201,
99.311092,
99.844545,
99.891959,
97.174298,
99.391372,
80.611812,
34.151619,
93.580569,
68.289437,
88.858673,
99.730749,
91.738961,
99.831142,
73.198964,
99.764001,
99.8923,
95.336751,
99.665736,
98.867232,
70.850392,
97.166682,
92.546589,
98.351533,
99.793924,
98.538674,
95.711943,
86.00333,
99.903531,
97.738311,
99.626606,
66.692711,
99.725428,
97.323726,
98.249963,
96.816688,
99.712332,
69.189856,
96.44616,
98.996844,
84.458816,
97.058071,
99.77032,
99.539744,
93.897562,
97.849174,
99.744341,
98.557531,
99.071305,
98.187795,
98.76901,
93.39732,
99.745181,
99.036793,
66.689703,
41.298059,
95.03864,
94.197315,
99.24321,
87.6325,
94.880255,
65.521697,
83.972957,
74.502638,
96.390477,
99.684297,
95.958716,
99.786719,
77.435199,
97.838665,
99.905526,
98.644092,
99.725985,
67.841824,
99.330819,
99.778424,
99.705513,
98.384132,
99.391439,
90.482856,
99.844339,
82.782304,
96.001186,
99.382589,
96.519731,
95.600457,
79.039655,
99.902553,
95.558058,
98.95365,
99.372948,
89.928671,
64.448452,
99.974162,
99.935787,
97.619401,
94.972455,
41.758163,
93.205428,
67.735519,
86.531865,
99.931447,
97.814101,
98.968262,
98.648347,
65.516101,
99.723566,
60.365478,
80.748607,
97.255086,
88.197264,
96.57143,
97.372438,
99.743281,
99.076457,
97.164716,
91.853628,
22.396598,
98.025148,
83.122243,
77.502599,
94.027205,
89.369779,
98.323835,
99.951224,
98.907466,
98.47332,
98.487251,
97.939426,
94.868892,
92.060518,
97.966978,
98.437208,
98.90443,
98.972365,
65.849091,
97.291363,
97.545067,
68.185138,
73.786064,
16.160152,
99.841437,
95.839205,
15.999709,
96.016983,
69.5823,
99.883506,
99.093993,
99.375011,
99.448709,
86.462455,
96.697708,
69.5539,
85.279592,
99.844082,
58.958994,
98.721903,
99.825134,
99.933445,
95.295043,
27.105062,
86.787845,
97.626553,
99.594438,
98.897998,
98.994632,
99.779401,
46.897107,
90.191573,
98.951193,
87.715196,
96.401928,
93.553258,
68.930498,
96.515252,
98.069452,
99.145942,
98.944766,
89.485258,
98.069841,
99.050043,
99.69781,
84.478975,
97.053776,
97.504465,
99.14657,
91.39658,
96.005099,
76.043198,
99.978889,
99.746278,
97.914703,
98.442497,
99.559788,
94.857407,
99.798486,
87.713882,
98.947104,
90.888707,
98.421743,
92.055728,
86.368746,
69.776285,
98.397058,
99.446206,
97.874737,
77.115732,
88.830342,
68.38497,
99.827224,
99.514411,
98.580758,
97.884553,
99.85264,
92.107291,
64.301929,
89.875389,
77.301007,
97.810143,
99.792091,
99.848337,
99.639617,
66.869241,
98.852832,
90.161663,
99.701583,
99.319316,
94.062985,
99.165156,
76.194666,
99.621853,
29.04117,
99.117385,
99.819981,
80.748207,
98.126574,
99.341648,
96.797488,
98.63493,
92.784154,
86.256334,
98.872043,
82.687764,
99.695874,
99.928473,
99.726276,
99.714421,
91.798575,
98.316233,
95.254091,
66.82355,
97.771697,
99.211527,
96.306552,
99.731393,
70.318982,
99.885483,
98.009218,
98.536911,
97.475927,
69.073289,
96.773978,
98.061482,
72.334066,
9.536778,
97.943137,
99.266199,
99.939313,
68.102828,
98.109364,
15.842812,
96.516787,
99.663554,
96.461854,
98.627223,
96.805816,
64.894465,
99.307432,
94.793962,
97.111132,
96.038787,
82.631295,
70.167441,
99.837175,
99.497553,
83.211483,
96.856066,
95.590454,
85.814312,
88.351021,
99.835647,
99.08293,
3.545982,
75.35945,
68.910031,
92.849295,
76.270359,
99.89272,
97.194466,
87.663832,
81.386126,
73.863423,
98.478095,
99.716157,
91.516418,
99.779663,
96.279181,
99.883757,
94.164436,
98.929761,
68.813399,
60.433489,
98.437276,
63.730193,
98.238487,
86.09616,
99.645926,
96.947973,
99.403766,
99.225234,
76.157763,
95.755155,
95.850512,
98.772129,
99.62758,
87.775692,
98.090772,
81.335812,
99.530255,
65.244948,
45.225161,
99.088113,
92.569465,
70.633892,
95.46971,
84.354313,
99.812452,
71.63775,
99.203446,
97.498948,
90.139774,
99.709043,
99.594571,
94.300628,
99.499392,
95.28054,
88.72277,
99.181589,
96.458124,
96.788129,
99.369411,
97.288158,
99.707818,
80.688775,
99.947359,
99.937163,
96.354545,
98.61193,
94.335,
75.072177,
99.229189,
69.496323,
91.385301,
95.50735,
89.791882,
94.637437,
60.909395,
72.397551,
96.970805,
93.928318,
96.691853,
98.57211,
79.16994,
87.965923,
94.892093,
78.810043,
99.852368,
88.384882,
68.219364,
65.232918,
69.308413,
91.877386,
86.576668,
97.585863,
97.500763,
73.243602,
98.444065,
68.16448,
99.309287,
86.812968,
97.816247,
56.013447,
98.523476,
98.387831,
97.809342,
99.963401,
99.120182,
80.337144,
98.340303,
70.576655,
99.917884,
89.559898,
99.749707,
91.550486,
99.934099,
97.688332,
94.298891,
93.987998,
81.861931,
93.811699,
99.241511,
68.727743,
95.633433,
99.809624,
75.176882,
99.836623,
72.308161,
97.321552,
95.135747,
98.55536,
99.642835,
59.250423,
99.973068,
83.914421,
86.881069,
91.814822,
38.121676,
99.453402,
99.952096,
72.345721,
69.521614,
99.880381,
95.414043,
93.058451,
97.013972,
71.062595,
98.518579,
96.811852,
97.582677,
74.601781,
83.949136,
75.065595,
98.697591,
99.961614,
84.729745,
99.499292,
84.317038,
98.41819,
98.946043,
98.473078,
64.589033,
10.172315,
99.044809,
97.765614,
63.967356,
89.248061,
98.762825,
93.105414,
99.058587,
98.855181,
67.067392,
98.425402,
92.592084,
96.407937,
99.478283,
94.731052,
89.803546,
97.755595,
84.650235,
84.464371,
99.585926,
99.267417,
99.634178,
91.425884,
90.410827,
99.04236,
96.662415,
94.314447,
99.87092,
99.63451,
97.817008,
99.868075,
87.616837,
6.036999,
99.251355,
78.781613,
97.719551,
58.149155,
98.624235,
98.386062,
99.374338,
67.74234,
98.051301,
99.325079,
99.689274,
58.614959,
93.119715,
77.54184,
96.514895,
98.131623,
96.369401,
58.534245,
99.880732,
99.226585,
70.312293,
97.712272,
89.607761,
99.065678,
96.9216,
99.608635,
99.133884,
99.534711,
98.580758,
99.225451,
93.082667,
98.447961,
89.121132,
99.878605,
86.478955,
99.70811,
98.719444,
69.691907,
98.99794,
67.968084,
99.845238,
96.36183,
83.810602,
96.891287,
68.164033,
70.128973,
93.713491,
98.808269,
98.917565,
87.075207,
82.277023,
74.719581,
99.818314,
98.569606,
88.726926,
64.329431,
97.995631,
68.477493,
99.346478,
97.731413,
99.138932,
89.748403,
96.746298,
96.228468,
98.644479,
92.8869,
98.327417,
69.10133,
68.41395,
82.707992,
99.200304,
98.66106,
99.156149,
93.409386,
94.204515,
97.678116,
93.836773,
96.174761,
99.92775,
96.151459,
98.667263,
99.858438,
99.908839,
99.663091,
97.71984,
99.956848,
98.345535,
94.934378,
98.752023,
99.557223,
16.099687,
88.084567,
99.892137,
99.189999,
98.989105,
99.77894,
97.997564,
70.58628,
99.810058,
99.76233,
87.85599,
90.602994,
99.869118,
99.797397,
88.736407,
56.75221,
96.225837,
98.512632,
86.566599,
98.569912,
96.58569,
99.878167,
92.539919,
96.2465,
99.385933,
99.214403,
70.475,
98.331312,
98.92883,
96.537202,
73.40979,
97.853469,
99.444638,
99.060416,
82.898223,
99.433308,
97.266838,
99.576873,
99.551682,
71.511861,
94.388462,
66.438401,
69.069949,
98.490097,
82.059965,
99.664446,
99.977253,
98.331187,
98.294998,
24.328358,
75.376349,
98.493444,
93.884297,
99.69084,
99.58594,
99.806249,
95.53474,
65.784804,
82.748916,
99.758341,
99.900465,
35.459257,
16.121455,
99.920915,
99.61776,
98.200623,
98.454568,
98.709348,
69.448199,
99.747142,
99.728402,
99.917048,
98.871967,
99.977046,
92.148599,
96.218252,
93.109536,
98.694138,
99.61005,
96.018218,
66.077273,
85.186208,
94.734735,
97.79652,
76.632404,
87.562592,
68.536243,
99.951839,
99.911168,
98.523,
91.620529,
98.862666,
70.911248,
91.992963,
88.93431,
45.933653,
98.884714,
59.428585,
96.764382,
96.781638,
96.509244,
68.209715,
99.129798,
64.002991,
95.230671,
83.686368,
83.98343,
97.51244,
99.899011,
58.346201,
99.038243,
69.112832,
99.932053,
98.880925,
69.344858,
99.647898,
99.845403,
57.329899,
88.231366,
99.136117,
94.693301,
92.126855,
99.982602,
99.093646,
99.89665,
99.601726,
83.031349,
85.683424,
97.953289,
87.586294,
68.086836,
99.966834,
99.620632,
98.810992,
59.934347,
63.915224,
99.270523,
99.858162,
98.957014,
73.243855,
96.955423,
88.575941,
97.327766,
99.457692,
99.244718,
99.318266,
82.977239,
99.304105,
71.115159,
97.411103,
99.061688,
99.814076,
99.684991,
97.906716,
98.461623,
80.99446,
98.300384,
98.62094,
99.26613,
93.801689,
99.168369,
82.418987,
97.652618,
99.53115,
94.930749,
99.888425,
67.98335,
85.066059,
56.712677,
99.468406,
99.907207,
98.319943,
99.295257,
97.444279,
97.315368,
94.789149,
99.397715,
96.60502,
90.725709,
99.573685,
99.7476,
98.620329,
99.43431,
95.615179,
99.238473,
95.476609,
92.685034,
99.849802,
99.206178,
91.115665,
98.658756,
31.080572,
77.620538,
97.885966,
68.720542,
85.624193,
99.259725,
99.278217,
96.271006,
85.41704,
97.476012,
44.661002,
70.095622,
99.938038,
97.87534,
99.941338,
98.31534,
98.269041,
81.915316,
99.864091,
97.945555,
99.963907,
98.192186,
99.725296,
97.308576,
99.083446,
99.430725,
99.752304,
95.549417,
68.566559,
84.124591,
69.777696,
92.164557,
85.764987,
97.32632,
85.033101,
99.315632,
72.215132,
99.773045,
65.627641,
70.93553,
91.446864,
99.770764,
90.510062,
99.439488,
66.300088,
98.833576,
93.63984,
67.923709,
93.537623,
97.836097,
99.469901,
96.954489,
79.81342,
97.658548,
97.482723,
74.095355,
99.581908,
99.843066,
86.528819,
98.990558,
98.857084,
99.429288,
68.984637,
98.741654,
86.039455,
86.358867,
90.062469,
98.897416,
98.661507,
99.758432,
95.179003,
88.861043,
99.538212,
98.287261,
67.758598,
98.727207,
97.868258,
98.912644,
75.759931,
71.237075,
99.421842,
99.243382,
98.376947,
95.842991,
88.199283,
97.021573,
99.649236,
99.702324,
98.870739,
21.485529,
83.246508,
93.725748,
91.613463,
70.735691,
99.627967,
96.379196,
99.929538,
80.782569,
70.525469,
99.891601,
95.247915,
98.218204,
70.039469,
96.450786,
89.472592,
93.956209,
63.206787,
99.576855,
96.172277,
95.207104,
97.920624,
94.796715,
85.300339,
88.659959,
99.943562,
97.277236,
98.868311,
69.908033,
96.957199,
99.517548,
70.82602,
98.486205,
90.469488,
89.85466,
98.546625,
66.456279,
93.585705,
99.151524,
98.426251,
99.78563,
76.342419,
80.662508,
99.610457,
99.564999,
99.798027,
75.082024,
99.916733,
56.705722,
94.156687,
75.797297,
97.077971,
97.038088,
97.502925,
88.913987,
99.367665,
99.488185,
82.981434,
67.25425,
99.748268,
99.906942,
97.65229,
97.597623,
95.555014,
64.872987,
87.409752,
98.122456,
99.702246,
99.699651,
99.391197,
99.9486,
60.264613,
92.949468,
99.359702,
94.879584,
97.910136,
97.104587,
98.42801,
99.681922,
71.486064,
98.591455,
99.769762,
97.579206,
93.919474,
72.004687,
85.973869,
99.727802,
96.059022,
98.680681,
72.771008,
95.878941,
85.943148,
99.313505,
98.727178,
96.120527,
98.360062,
99.600729,
99.717126,
66.607331,
99.297986,
95.565276,
98.724872,
70.412267,
97.299341,
99.602611,
77.856969,
99.003296,
37.856826,
99.476266,
97.766509,
97.311645,
91.389421,
94.955428,
97.911957,
99.261041,
98.521828,
98.216887,
99.668199,
99.29886,
97.2916,
96.811859,
97.043467,
68.486013,
98.839878,
62.890604,
99.762616,
99.937965,
99.769171,
98.753905,
99.899452,
96.093039,
95.600847,
98.830175,
96.962362,
92.443779,
98.57469,
98.937718,
73.216267,
84.455488,
97.532089,
99.015647,
97.635544,
98.686604,
99.575187,
68.419288,
98.214322,
99.395755,
92.633155,
54.680326,
99.143181,
96.317578,
67.348169,
98.841372,
99.167707,
64.356395,
98.045975,
69.704698,
94.266535,
97.95386,
99.625815,
99.437552,
69.173204,
68.440451,
99.745401,
93.374885,
86.2247,
89.060235,
99.787807,
34.93318,
96.0848,
90.180985,
85.099549,
99.493312,
99.500536,
97.919964,
99.7369,
40.598653,
70.910943,
87.456512,
99.801234,
66.886177,
99.031247,
98.503556,
62.95811,
91.645667,
99.951,
95.018642,
94.112162,
68.794338,
96.721334,
88.646866,
98.620392,
98.761934,
99.943062,
99.27127,
68.896744,
99.374447,
94.771359,
63.746171,
99.378181,
96.196498,
99.262758,
90.837764,
96.556849,
97.347147,
96.366438,
99.083421,
96.59905,
99.883121,
98.547024,
97.679055,
97.99254,
96.97711,
98.904497,
96.557836,
70.279879,
28.148588,
99.61208,
89.320919,
75.557482,
73.614982,
81.022499,
86.936352,
96.286289,
95.425734,
95.160442,
98.706784,
85.600262,
87.04876,
98.195694,
98.977836,
82.522395,
37.801866,
99.107824,
97.299761,
99.33669,
98.459136,
69.302494,
99.63003,
81.699823,
99.702763,
77.143631,
76.293555,
65.399702,
68.854615,
99.933856,
84.193784,
99.624467,
98.802832,
73.414876,
99.906566,
77.029717,
94.780446,
90.05126,
98.502984,
94.857198,
95.981043,
98.895505,
99.521997,
88.239604,
99.967267,
98.324211,
89.127932,
93.883765,
98.523164,
92.332663,
94.514476,
65.678062,
98.231643,
98.550071,
99.838059,
98.03338,
98.620799,
99.903471,
41.1258,
90.174001,
97.745791,
98.913945,
83.039998,
71.535153,
99.529994,
98.58345,
70.646355,
70.56901,
99.893746,
91.874436,
86.479909,
72.839812,
99.172796,
98.502057,
98.768769,
88.640804,
97.246728,
96.606618,
60.186072,
89.370778,
98.840035,
99.259224,
99.441366,
98.95251,
98.442416,
99.963155,
59.432677,
94.099781,
99.249043,
98.84623,
64.589013,
68.576158,
99.96203,
97.748547,
73.328228,
92.727939,
68.631312,
91.177627,
99.80848,
27.99598,
67.437986,
99.169441,
98.828932,
99.974637,
99.852871,
93.852562,
99.846388,
94.141892,
98.298041,
98.140453,
58.663899,
82.103572,
85.580238,
99.652031,
96.334202,
98.274621,
99.73342,
89.700885,
96.839467,
97.108144,
78.922369,
98.794135,
98.168821,
90.842903,
98.973586,
99.420396,
99.17636,
98.632679,
61.139307,
86.53351,
99.374665,
63.692823,
98.358885,
87.930711,
73.930615,
97.252817,
95.170078,
99.755048,
99.086478,
99.490615,
98.893467,
99.965361,
99.722159,
86.019098,
64.673528,
77.523507,
98.409739,
99.770518,
68.18626,
98.751053,
99.892783,
67.663686,
99.681712,
99.960434,
98.948982,
92.405037,
10.424098,
90.725962,
90.284214,
99.868824,
98.089325,
95.936009,
96.351027,
98.757563,
94.990926,
99.010136,
98.224401,
92.996211,
96.163877,
64.218484,
99.74722,
97.994944,
92.574047,
84.589852,
99.082316,
96.950746,
97.657615,
99.828217,
72.826935,
82.827443,
99.950883,
98.024205,
61.3529,
98.129114,
88.812435,
62.952756,
99.5803,
92.554318,
82.194602,
99.75595,
99.687701,
93.66927,
19.072806,
99.113152,
99.884649,
91.923561,
98.92773,
98.804041,
99.701301,
61.948119,
99.055562,
98.731088,
99.075355,
91.089933,
96.666889,
97.317382,
94.517059,
99.519842,
21.149123,
99.934561,
99.734589,
87.14214,
84.352337,
99.742837,
78.626883,
96.00199,
99.835838,
98.818489,
94.577033,
99.322533,
99.681649,
99.954461,
97.030778,
95.169711,
95.375181,
99.957135,
98.900438,
97.701561,
59.165939,
91.575313,
96.805224,
97.697695,
38.299027,
97.326818,
98.779292,
99.246908,
99.211548,
97.680054,
97.587325,
98.583679,
96.248111,
99.162623,
98.018794,
92.148739,
96.676855,
79.913845,
99.664395,
97.239213,
99.76491,
99.266107,
97.708291,
99.835521,
63.424932,
99.776735,
39.75525,
99.64239,
99.39974,
63.359201,
99.450158,
99.219226,
94.200129,
98.843318,
98.475379,
83.290032,
97.721305,
99.976934,
99.721783,
93.970558,
82.818481,
90.998804,
87.465902,
86.692938,
99.4384,
97.848715,
92.077865,
99.555282,
78.903975,
99.910186,
97.742138,
63.016085,
95.5616,
99.169379,
67.534235,
70.26959,
99.759715,
99.86984,
68.516594,
98.951968,
55.815317,
99.971726,
86.433672,
99.628178,
70.655444,
99.944838,
96.358783,
68.386083,
78.528207,
98.021337,
88.947548,
99.83359,
97.909439,
99.808783,
9.74095,
99.712388,
99.5569,
63.277269,
99.551412,
78.232821,
99.810593,
99.340212,
90.097585,
63.357346,
99.671555,
94.979005,
22.65971,
99.946355,
98.12539,
87.998144,
97.649258,
73.421985,
83.550842,
17.173943,
94.490794,
87.178729,
99.895818,
97.847287,
68.008516,
99.856682,
66.760548,
95.240972,
98.490898,
99.667824,
91.589215,
98.637515,
83.780121,
99.544861,
87.513299,
99.170065,
98.324643,
99.815388,
99.736879,
97.511389,
99.984477,
66.922521,
68.951002,
99.165488,
93.321774,
55.994301,
22.450071,
99.353294,
98.762972,
98.318087,
63.866044,
97.620813,
99.145595,
65.980673,
98.623471,
90.793086,
93.744769,
98.430156,
93.731983,
99.733319,
99.67043,
92.053782,
99.18437,
99.95324,
69.07702,
63.413428,
68.692509,
85.650339,
99.101909,
99.261131,
99.842793,
99.495871,
98.925423,
69.983602,
99.77363,
97.728009,
99.227901,
99.062493,
99.089271,
77.155646,
96.856744,
99.825712,
55.477827,
68.094402,
68.825181,
66.528997,
99.578025,
80.639579,
62.076309,
98.836073,
96.974562,
99.144206,
98.942918,
99.502544,
96.445224,
99.286832,
70.483169,
99.732741,
84.31085,
95.900226,
83.048541,
98.504124,
99.763919,
98.758803,
87.636236,
87.567273,
98.843527,
98.812492,
93.974988,
99.866104,
98.871039,
97.573917,
93.912647,
99.393056,
99.031856,
60.238593,
66.980629,
99.005739,
99.832144,
96.484566,
96.729195,
99.402718,
87.139383,
96.073466,
99.247867,
99.900561,
99.486655,
99.223201,
80.893874,
64.483724,
86.401336,
76.251098,
95.088969,
68.735274,
99.509659,
98.537721,
99.880612,
54.515972,
66.132597,
99.597124,
79.965636,
99.331926,
99.787716,
99.988244,
96.969882,
97.951521,
74.684607,
80.107985,
98.32867,
98.587583,
98.050667,
99.301111,
82.029239,
99.904539,
25.871659,
83.415,
75.409945,
97.094793,
98.519725,
96.177347,
99.911085,
99.35686,
79.74759,
6.277358,
84.584983,
70.782728,
99.822877,
97.201525,
99.661984,
98.56024,
92.896053,
94.126387,
69.242151,
96.034984,
99.754518,
87.16413,
93.384543,
57.927633,
94.709837,
97.314316,
99.667265,
99.394541,
74.257423,
65.341527,
99.520736,
98.945025,
92.23589,
93.645449,
68.663279,
96.824199,
99.903544,
56.63585,
96.434437,
93.762647,
85.428903,
12.953184,
99.472826,
85.115161,
99.479255,
75.285833,
98.663761,
98.212834,
99.82811,
98.087288,
99.342607,
65.100267,
96.328971,
99.551061,
71.048756,
97.745568,
98.308603,
99.958133,
96.536746,
95.617971,
92.171946,
87.755075,
99.95281,
69.869583,
68.692403,
99.192113,
99.678464,
98.966032,
99.963832,
99.967311,
41.447464,
99.640336,
98.066556,
99.81103,
99.155447,
55.875471,
98.622514,
82.0669,
99.077879,
97.306499,
70.881061,
61.631746,
99.537458,
68.789367,
98.718083,
71.182496,
90.46306,
92.339456,
99.960463,
94.443099,
99.328445,
99.921167,
67.48875,
95.655423,
67.094807,
97.461383,
71.122456,
82.070907,
96.137978,
64.734952,
73.39417,
63.936585,
49.591264,
99.141646,
99.840838,
85.755775,
98.722965,
99.69808,
99.734779,
96.636856,
98.963979,
99.318719,
99.773199,
90.303013,
38.533938,
67.146673,
97.964787,
99.345621,
98.769103,
99.886291,
97.693695,
79.917679,
95.505969,
23.023893,
99.164912,
61.439326,
99.680054,
97.861883,
95.149143,
94.318032,
67.338567,
65.891774,
97.430561,
99.582828,
81.523184,
97.646877,
95.671122,
96.982725,
98.905841,
79.50683,
94.448636,
91.939238,
99.515015,
98.095371,
70.497649,
89.396094,
98.981953,
99.806437,
60.862063,
6.82369,
98.495966,
90.86535,
99.952472,
68.771765,
70.828402,
79.098072,
99.350567,
90.339116,
99.841889,
99.121873,
90.136901,
98.854077,
94.941108,
95.142337,
99.000105,
62.166546,
91.98142,
97.804942,
61.415803,
99.635767,
99.851583,
92.709886,
93.312575,
98.521377,
99.870885,
99.188954,
73.614824,
86.438048,
75.940327,
98.838819,
99.878805,
98.501724,
95.547931,
95.769214,
99.406614,
89.975072,
72.497579,
69.345486,
74.430936,
96.705835,
62.343424,
66.805986,
99.753272,
99.357972,
63.935778,
99.167586,
99.719062,
94.31,
76.3598,
69.141694,
68.045903,
91.397621,
91.608968,
98.524937,
99.419565,
99.241794,
98.648808,
95.050649,
99.589957,
99.329784,
73.978988,
99.648059,
98.387704,
33.602497,
63.698767,
98.128293,
63.270483,
96.314224,
67.571036,
97.270493,
97.50965,
79.015917,
99.585623,
84.82721,
47.815849,
99.930264,
99.054303,
98.278392,
99.067706,
63.572401,
99.457731,
74.050987,
87.735191,
99.407502,
93.868915,
99.422532,
37.826905,
69.689118,
97.189604,
71.618225,
99.334752,
96.472788,
85.385061,
98.453825,
87.773995,
98.428025,
96.124867,
97.37052,
97.43824,
14.0772,
87.317151,
99.969163,
96.990649,
97.725838,
72.688551,
64.526327,
95.49202,
70.127991,
94.769036,
98.932197,
68.319134,
97.608061,
87.67113,
62.390456,
95.349889,
85.715233,
99.773517,
99.641766,
99.436724,
98.544131,
94.367166,
70.85913,
99.422401,
93.20979,
96.707138,
69.18629,
99.472452,
99.064375,
98.846665,
87.831179,
98.864075,
99.239796,
99.01441,
99.969579,
99.020745,
99.317243,
98.316942,
98.529207,
99.66282,
99.070148,
98.175633,
99.487616,
98.985361,
86.213677,
99.709898,
99.657492,
99.83231,
96.658709,
99.775896,
96.767931,
97.502581,
95.388681,
98.009806,
95.871089,
98.629702,
80.709652,
74.673297,
84.564489,
98.183694,
97.523423,
63.71191,
99.929644,
99.814721,
99.596395,
99.810894,
99.662965,
92.269189,
99.528258,
99.863988,
97.254184,
89.705172,
88.202039,
96.206905,
97.435837,
99.719777,
93.121495,
96.088857,
94.759888,
95.69482,
68.937514,
96.588144,
97.095793,
95.41937,
99.703183,
96.880921,
79.425517,
70.092862,
99.63559,
99.942876,
84.188671,
98.293439,
96.655861,
99.524375,
99.469902,
95.558589,
38.257278,
99.428498,
96.443218,
96.952089,
92.742705,
99.902502,
97.289062,
86.683691,
68.099439,
85.996437,
56.761862,
74.044702,
78.835078,
99.889299,
99.923209,
99.816362,
61.919122,
24.737157,
20.514543,
99.03426,
95.026233,
99.212743,
99.95245,
83.874519,
88.009958,
49.310765,
99.703761,
97.862615,
67.614173,
99.723846,
99.408937,
95.613029,
98.887146,
97.262686,
91.489872,
99.764835,
98.961747,
80.679967,
68.284775,
99.729931,
95.831027,
99.56999,
97.143592,
98.240116,
99.824508,
99.080377,
99.371669,
98.247318,
75.34673,
68.343836,
96.087997,
93.180184,
99.918696,
99.809466,
96.33258,
83.479142,
95.743855,
60.538801,
66.996275,
98.277893,
85.27434,
99.056346,
97.246339,
84.2355,
99.594523,
91.12102,
96.821448,
90.983545,
99.850773,
82.986853,
87.485363,
98.932061,
55.703298,
82.129099,
83.918882,
99.34509,
99.12096,
98.938774,
70.660721,
99.483989,
90.886433,
99.978922,
97.619913,
83.157556,
41.14778,
99.872853,
94.943791,
98.50562,
86.758934,
70.68289,
98.051735,
94.507753,
93.883958,
98.327688,
97.384342,
60.661192,
77.513612,
99.694596,
90.97365,
97.035511,
63.610121,
99.785944,
73.121427,
99.767212,
80.517433,
67.041311,
85.215329,
67.553827,
99.864507,
98.342501,
66.514154,
99.479407,
99.841758,
99.802866,
98.987853,
95.439668,
99.834791,
99.941383,
99.68273,
65.905211,
56.005544,
82.555216,
99.602686,
74.2492,
96.023205,
99.684919,
86.497858,
97.375303,
69.348281,
98.992078,
62.328186,
99.792173,
99.419388,
98.729338,
99.978274,
98.476558,
99.24797,
99.403254,
97.342478,
68.353374,
96.596721,
99.700414,
99.128679,
99.903238,
96.583116,
3.219055,
98.070778,
92.98637,
99.584278,
99.596977,
90.927123,
85.760387,
78.316657,
17.910944,
99.772774,
94.147502,
99.527446,
63.253503,
90.526124,
99.853865,
91.684171,
99.520021,
84.790069,
99.750448,
99.96031,
72.695277,
99.946622,
72.303255,
94.863805,
91.13937,
97.372523,
99.799688,
92.615924,
98.578118,
73.389262,
99.900218,
88.722603,
96.032121,
97.551839,
65.230891,
69.322231,
83.101037,
89.70081,
99.72779,
99.691697,
79.002409,
99.560732,
95.5366,
75.488519,
78.862704,
51.884317,
75.582953,
80.298474,
99.866711,
86.054621,
63.859287,
15.870098,
67.501254,
96.15501,
99.970498,
99.555371,
28.019137,
99.8801,
85.619905,
98.14194,
98.493142,
97.212064,
97.335326,
70.166796,
93.804061,
88.541308,
94.938266,
99.686005,
69.125679,
94.377456,
69.360222,
99.924848,
99.848501,
99.002671,
6.542936,
57.758933,
65.705128,
98.679928,
69.594745,
78.496256,
97.951188,
91.327225,
99.449308,
99.731383,
66.234401,
97.999032,
86.706887,
83.437014,
96.947256,
99.327474,
97.660888,
98.441406,
79.847806,
96.378743,
66.853664,
99.730088,
99.157163,
99.754626,
69.369016,
98.698627,
96.938151,
69.044977,
70.067873,
97.82247,
96.001297,
70.295862,
99.688062,
90.764462,
97.633078,
99.747038,
95.171934,
99.817912,
99.886782,
98.473831,
79.530909,
9.896836,
95.730153,
99.845156,
32.256148,
99.954047,
88.029246,
96.15202,
99.606731,
62.542474,
96.732353,
99.006281,
99.02427,
69.494243,
99.123744,
98.860116,
95.389705,
99.965605,
15.865456,
99.555604,
88.646938,
77.818809,
98.945056,
98.019768,
99.751894,
96.19561,
99.815632,
72.153061,
73.724266,
71.822314,
99.619904,
90.89626,
97.617603,
98.806991,
74.837482,
98.775581,
85.792763,
67.986631,
98.450413,
93.661323,
99.780797,
87.554643,
92.907508,
66.998742,
87.682165,
84.214082,
98.437425,
89.656645,
95.446963,
97.543449,
96.051031,
14.087172,
98.27333,
98.757723,
99.948806,
99.837436,
92.098854,
69.653711,
99.304555,
99.229324,
94.964644,
96.754444,
68.755,
99.553136,
97.043053,
72.217286,
90.311219,
99.859641,
94.921826,
26.427083,
90.014931,
97.998961,
99.024768,
98.376482,
99.571073,
74.095561,
98.943849,
93.809882,
99.225755,
96.647285,
95.336072,
88.82871,
98.008803,
97.593353,
95.69309,
96.776124,
97.12496,
96.495218,
99.453444,
69.518934,
93.061066,
99.718018,
98.270339,
98.1512,
98.626263,
62.512118,
84.650972,
97.412585,
67.927908,
94.163352,
93.664927,
34.7479,
80.302002,
12.882025,
98.026867,
81.765411,
6.298078,
93.832559,
99.657494,
97.933468,
94.037591,
93.999074,
94.387331,
99.809545,
91.694,
96.56602,
98.888118,
99.945469,
67.997563,
94.898883,
95.409034,
80.940042,
95.617792,
97.992999,
98.051652,
92.771733,
65.251262,
99.947849,
87.098546,
98.094872,
99.456742,
80.195397,
99.747049,
99.972055,
88.027497,
98.015864,
71.405172,
99.518696,
87.917915,
99.304191,
89.644149,
93.779485,
99.771611,
92.989363,
63.249184,
99.624137,
99.792216,
98.657961,
98.546861,
58.175881,
96.613935,
99.898611,
93.608623,
99.917624,
96.562862,
67.988809,
96.435165,
99.71831,
73.995824,
98.374387,
99.973286,
97.940297,
97.850354,
96.490319,
99.825329,
80.795389,
65.8598,
98.241185,
89.553984,
97.472112,
99.639206,
38.105932,
99.492683,
99.713326,
98.563876,
97.525705,
90.55577,
99.965753,
99.570305,
66.642856,
98.280064,
99.515563,
98.918662,
13.858358,
94.041233,
99.980547,
98.072726,
99.542325,
89.431849,
94.256554,
64.109347,
83.653134,
99.313104,
69.155771,
99.670868,
96.246583,
77.180659,
83.258294,
75.376523,
71.207839,
96.312907,
99.184656,
40.075616,
97.478145,
99.877694,
65.24923,
90.51174,
96.738882,
97.950727,
98.98538,
95.302044,
94.837814,
79.595763,
90.446386,
95.984033,
97.799544,
87.795138,
85.57243,
96.002386,
95.482488,
99.857599,
99.737376,
97.29337,
99.886414,
99.845675,
69.729673,
97.060758,
88.273727,
93.622889,
99.398368,
98.81498,
96.364629,
95.441845,
78.744279,
99.284201,
91.518495,
96.630307,
89.475624,
67.725559,
88.261758,
99.675363,
92.878326,
95.244318,
96.48324,
89.112815,
89.459278,
59.94868,
99.189829,
99.707097,
86.557495,
99.793933,
91.669297,
99.327895,
91.3591,
99.495644,
99.912493,
99.816821,
83.395867,
98.699867,
99.217163,
87.43935,
99.303732,
99.895709,
99.91907,
93.834211,
99.590959,
98.020428,
99.954465,
99.653847,
91.305528,
99.24468,
80.5301,
95.25723,
70.815133,
97.872152,
98.404866,
90.495901,
95.811047,
99.913667,
24.945436,
96.227576,
97.871948,
76.275962,
62.006898,
99.588873,
90.841719,
99.424274,
99.037687,
99.751699,
98.225838,
69.256898,
93.186769,
10.421053,
99.924296,
99.471414,
87.587213,
95.16347,
94.875203,
99.541164,
99.471932,
99.769283,
86.411152,
99.7736,
95.558807,
99.599886,
99.949516,
99.436575,
99.905539,
92.594109,
99.343134,
98.283587,
91.318215,
89.609947,
63.997521,
96.413988,
64.110516,
99.678265,
99.326169,
96.929176,
97.450509,
99.702322,
99.956463,
70.231799,
97.752845,
60.486821,
97.278658,
99.572909,
99.059343,
95.385777,
86.418036,
98.782164,
90.746634,
96.5334,
99.804133,
84.230901,
97.399541,
20.657212,
98.023035,
99.582995,
99.507527,
92.810674,
97.978111,
98.969351,
98.543946,
99.492825,
98.227759,
96.532445,
95.543232,
96.593999,
99.95691,
99.600525,
67.262578,
98.761241,
72.573656,
87.876691,
98.828389,
99.77531,
94.892093,
99.187662,
96.401681,
98.991786,
93.109076,
99.357704,
71.900102,
96.071418,
95.973548,
97.229849,
99.287391,
88.65985,
94.539936,
99.59737,
99.813095,
98.022469,
98.059957,
97.984656,
99.464627,
68.731436,
96.788379,
95.859439,
99.189789,
93.508007,
67.009852,
99.702277,
97.126306,
68.479749,
98.72644,
99.541078,
62.186208,
83.586955,
72.556925,
96.618762,
99.774074,
99.877646,
98.885825,
97.952902,
99.540345,
64.193653,
96.273786,
98.929254,
97.722605,
64.232581,
99.562217,
73.039233,
98.766627,
99.973288,
76.234906,
58.475582,
97.511665,
99.402239,
23.950951,
99.670126,
99.090604,
85.337125,
91.756508,
57.889868,
99.627564,
85.678154,
99.940275,
90.334493,
69.795695,
63.473592,
98.291718,
98.71321,
99.950844,
98.653085,
95.965694,
70.541108,
99.449148,
93.659537,
88.655893,
82.724107,
99.302764,
99.715447,
97.894592,
96.563943,
99.552453,
98.953083,
99.095042,
70.077578,
77.505735,
99.86107,
84.495357,
98.929448,
93.586747,
98.064784,
99.847952,
63.504145,
98.801336,
91.73601,
91.624021,
94.147848,
99.721176,
31.728599,
99.272357,
96.19354,
87.263158,
40.5858,
99.689183,
96.981697,
89.284694,
94.897392,
67.549011,
89.033688,
99.8583,
61.418157,
18.99775,
88.790424,
99.907152,
96.345333,
99.782598,
70.260542,
99.754326,
99.426428,
87.822047,
99.455566,
97.309867,
98.35115,
99.73469,
87.7318,
99.544474,
84.380859,
98.466911,
99.403005,
99.488567,
99.027743,
67.859083,
98.317142,
99.946862,
76.240246,
52.29033,
77.617372,
94.069295,
96.766794,
99.829928,
99.926681,
95.747812,
71.042096,
98.578881,
99.96615,
96.943723,
97.606232,
99.252588,
98.577084,
98.240865,
96.469516,
99.830891,
99.844656,
79.868544,
98.514136,
99.837547,
99.505167,
98.867351,
97.368287,
70.919623,
64.662241,
99.583313,
93.308538,
91.835242,
80.189677,
99.02711,
99.572946,
98.054141,
99.8469,
98.337286,
90.460848,
86.027621,
58.026235,
96.47804,
58.374441,
82.191235,
92.242759,
70.686502,
97.665185,
74.124448,
97.111355,
80.039731,
98.480552,
56.823234,
99.137129,
99.581737,
87.752241,
96.174645,
18.833079,
96.228012,
65.911713,
94.280177,
99.819668,
66.234036,
99.876377,
99.348895,
62.685965,
97.339174,
89.572827,
98.978563,
99.588931,
96.532057,
99.960769,
83.267299,
91.670687,
97.156584,
93.337262,
99.550167,
99.960079,
99.372966,
96.528563,
81.411986,
97.713085,
99.811825,
98.708622,
86.957228,
93.61163,
99.334645,
97.825392,
99.794121,
99.974563,
36.690845,
99.867661,
99.156483,
99.911587,
91.115733,
99.124934,
97.280996,
91.87663,
86.101354,
74.021138,
99.582609,
50.507894,
98.695317,
98.082317,
99.580689,
98.447276,
99.568771,
97.637631,
88.142761,
99.204249,
90.794114,
99.975371,
93.671897,
98.55977,
95.734257,
95.099633,
95.374428,
99.03975,
99.345376,
97.308899,
96.180017,
88.438102,
98.40328,
52.313003,
99.647795,
99.881716,
97.291387,
93.305806,
95.210637,
69.60185,
99.893275,
94.517737,
99.784987,
93.63475,
99.669087,
99.218352,
96.536872,
64.116079,
97.165877,
40.29687,
84.556079,
99.833348,
86.06949,
92.965909,
77.597495,
90.630355,
99.949772,
99.005421,
98.904858,
83.757162,
95.4926,
96.816176,
99.95113,
96.628437,
97.70317,
99.883398,
99.78303,
99.656941,
71.574033,
99.89872,
99.153612,
87.233606,
99.893236,
16.357376,
86.525763,
97.831895,
99.072104,
99.468148,
98.790532,
98.779695,
74.58625,
97.418234,
73.583926,
96.75318,
94.926884,
80.340189,
49.247711,
71.000735,
99.384891,
98.923783,
87.196448,
93.607541,
66.821637,
70.613349,
99.531658,
89.060738,
99.861909,
81.528435,
96.55434,
99.842178,
98.224276,
98.830589,
95.075329,
89.486747,
90.521706,
88.342118,
99.428286,
94.13444,
96.630496,
63.30128,
57.644332,
99.939815,
98.675241,
99.312423,
99.727691,
99.96927,
90.617484,
92.0205,
56.89538,
99.32324,
98.730137,
50.375298,
92.355412,
98.419124,
96.603544,
97.830419,
94.786915,
92.950424,
79.433435,
99.853382,
82.386108,
28.153968,
99.881863,
99.788373,
58.708906,
97.30462,
75.04252,
98.586136,
99.866252,
99.07812,
83.798024,
99.978133,
93.461719,
68.694859,
73.273867,
84.56747,
99.210851,
98.185884,
98.947224,
98.556536,
63.097964,
73.468105,
99.560854,
98.895234,
97.293782,
97.697114,
98.013146,
83.845971,
69.232465,
99.862588,
94.786208,
99.282089,
95.464935,
99.331191,
95.800184,
99.514494,
83.798706,
98.621076,
93.231689,
87.021807,
99.757297,
95.239189,
86.222083,
98.205753,
99.195788,
69.173277,
93.869254,
99.855096,
86.7052,
91.128826,
98.683647,
98.755146,
93.829622,
93.604689,
33.648112,
86.961329,
99.919269,
99.943223,
91.476123,
91.075429,
98.385185,
94.6634,
99.700691,
98.155198,
99.923753,
73.763358,
99.928838,
99.676306,
98.765673,
98.545432,
24.327201,
70.633492,
85.205505,
98.815987,
92.379568,
98.453895,
96.777259,
88.924467,
99.854277,
99.931384,
90.223583,
98.44294,
99.957555,
68.866961,
99.19073,
74.292075,
96.274328,
97.789113,
99.279434,
89.885734,
99.096877,
99.943337,
89.489867,
97.296504,
99.893222,
67.293281,
17.230685,
99.945738,
93.944054,
97.40414,
68.899627,
83.363714,
96.76405,
99.839042,
55.605216,
69.534735,
3.198993,
90.448867,
99.375647,
99.735395,
99.84524,
98.564063,
91.918733,
63.673386,
98.398193,
87.947369,
93.487296,
97.31359,
98.578118,
65.92088,
98.526122,
66.066994,
96.468194,
99.037114,
96.186813,
71.067582,
99.976798,
73.150655,
98.060948,
63.371908,
98.91107,
99.836425,
86.66903,
99.856584,
82.126281,
64.794794,
99.000664,
98.207199,
80.968839,
99.844822,
82.022325,
98.892821,
96.622622,
93.711895,
95.778932,
88.171275,
91.471612,
98.825777,
93.850045,
99.581722,
99.268273,
98.967801,
98.453561,
56.037037,
70.779322,
99.197753,
99.873511,
82.989038,
99.51991,
99.703912,
70.0574,
94.032032,
99.618017,
99.00041,
99.235761,
98.676224,
99.603693,
90.613386,
95.575617,
99.963746,
99.271012,
95.520333,
99.347509,
79.639946,
99.270977,
86.505168,
91.614145,
97.073621,
91.102613,
98.643753,
96.992534,
99.374022,
50.85408,
95.965987,
99.797676,
64.843117,
98.416737,
99.802832,
99.97376,
91.841049,
99.528094,
70.269534,
99.513166,
55.305791,
78.957943,
91.059661,
98.235832,
82.433758,
99.913062,
96.351992,
96.773817,
79.078909,
72.106728,
85.386772,
41.189558,
95.972469,
97.53788,
97.244046,
77.758911,
99.141506,
95.161735,
99.836861,
55.445615,
99.616025,
99.630376,
98.858263,
99.044743,
85.873749,
99.301804,
93.580173,
99.496542,
87.579749,
98.944496,
99.686949,
95.723372,
99.852926,
50.947465,
97.995622,
99.830448,
99.276096,
67.328987,
84.029557,
98.524937,
69.493068,
99.694654,
73.085344,
97.464687,
67.931189,
89.44629,
98.424687,
83.339292,
94.625314,
81.930567,
97.72369,
64.071724,
99.380816,
98.318058,
86.220386,
99.823954,
75.920894,
98.682483,
99.175488,
38.534044,
85.288738,
99.853332,
99.612193,
99.941056,
88.666727,
61.09234,
31.384425,
95.294661,
99.141413,
91.72871,
98.381271,
93.192835,
99.942426,
82.850633,
88.707743,
99.666061,
95.790365,
95.741003,
99.426174,
98.932723,
57.977457,
99.316763,
99.503174,
80.441968,
73.378748,
89.497207,
77.1329,
97.337801,
89.069273,
94.731248,
73.761338,
68.967379,
70.087398,
96.167025,
93.200533,
52.458878,
99.469815,
68.318287,
97.822308,
69.069875,
99.947398,
97.901465,
97.193921,
75.795944,
94.755526,
87.90047,
98.801698,
85.545585,
85.614643,
88.013153,
99.753497,
99.770924,
98.215718,
83.233577,
89.364845,
99.271781,
86.780949,
98.370509,
94.727126,
90.037484,
99.762163,
73.224057,
97.326917,
88.081763,
99.783001,
62.924258,
99.85212,
99.885487,
95.656799,
99.328774,
99.954239,
99.581291,
99.943726,
99.198646,
99.88598,
16.837477,
99.827286,
95.08089,
69.979595,
95.894826,
99.938803,
99.581864,
99.959883,
99.474726,
94.729487,
98.62589,
99.733999,
99.685444,
99.41539,
98.709907,
91.141996,
99.914499,
96.098637,
94.025529,
98.436205,
87.787397,
89.991047,
97.347831,
98.808453,
88.465315,
96.681636,
85.424076,
61.820561,
95.518473,
89.273308,
69.916758,
99.546279,
99.922687,
84.850602,
99.664058,
97.686996,
99.946955,
78.845143,
99.269162,
98.64188,
96.619557,
99.773547,
99.889945,
99.520599,
98.915349,
96.23585,
96.632482,
95.796641,
95.221548,
98.58515,
95.160059,
99.955101,
91.789074,
99.471304,
95.620272,
87.230924,
84.022629,
99.624142,
97.710203,
98.392211,
99.939264,
98.510701,
98.461544,
90.440628,
92.426169,
99.762107,
96.520958,
86.650236,
91.63054,
99.624666,
95.272548,
96.622672,
70.676474,
85.321672,
86.727101,
96.343396,
99.944044,
98.052401,
95.046286,
94.511052,
94.081138,
86.180855,
72.277528,
91.375626,
95.5648,
64.056583,
99.365336,
93.539764,
99.577261,
98.12163,
96.798462,
99.673218,
95.959208,
99.262911,
96.178135,
99.278358,
67.971059,
95.251897,
94.53816,
37.694985,
66.022945,
94.579316,
99.868845,
99.828697,
89.812988,
99.680653,
98.445045,
42.708075,
99.655567,
74.229707,
99.189931,
99.069822,
98.997335,
95.687746,
97.359275,
99.924883,
64.201001,
97.429422,
69.754582,
69.706275,
68.523676,
84.222912,
99.352381,
98.92031,
98.364071,
96.150696,
98.814915,
98.373794,
94.604748,
81.463163,
99.964581,
97.905511,
80.031137,
88.004625,
97.44247,
99.682171,
98.713826,
73.796588,
98.210648,
98.655243,
90.704688,
99.880798,
99.808022,
99.624347,
99.647455,
98.904605,
79.98581,
98.401651,
95.283148,
94.417705,
95.598239,
62.931667,
93.077748,
58.042011,
68.483577,
99.616617,
99.646818,
67.304804,
98.978124,
99.81197,
86.03484,
88.854093,
99.017895,
99.438444,
65.487883,
64.210587,
96.797051,
89.697927,
99.267307,
99.534574,
99.495463,
99.026912,
99.890024,
99.967895,
99.376998,
88.428495,
97.949559,
99.784463,
99.636314,
98.474268,
99.924187,
88.477333,
91.051673,
99.731499,
97.517383,
99.754358,
99.682372,
99.560511,
94.8258,
88.541785,
9.521505,
97.21925,
98.258213,
98.187857,
96.868709,
99.63678,
97.223429,
99.490058,
86.369488,
99.83194,
94.847201,
97.57038,
98.694472,
99.871727,
98.992667,
94.374406,
86.44825,
98.185412,
99.634973,
98.895053,
96.520144,
99.015943,
99.857656,
68.229769,
99.929158,
68.787439,
85.5899,
23.617592,
98.346045,
61.30415,
97.857542,
9.50323,
69.014247,
98.876247,
83.754511,
91.93582,
98.875756,
84.756333,
94.287376,
99.697349,
95.451113,
99.67073,
90.783337,
95.833596,
88.212607,
99.982591,
99.656001,
99.57748,
96.704081,
99.81587,
99.473886,
99.663551,
99.888292,
98.496928,
86.788595,
97.603556,
99.801609,
98.932986,
67.055204,
99.694458,
99.957459,
98.765717,
99.543818,
98.512723,
98.138982,
97.942797,
91.169459,
99.710381,
97.937577,
91.713361,
93.777861,
81.791492,
98.886871,
99.007033,
6.350468,
71.77254,
25.158574,
95.067118,
69.432389,
92.3858,
98.933404,
91.08973,
95.824339,
98.850525,
95.406159,
98.14199,
88.779173,
99.627617,
63.077503,
99.739816,
70.51191,
99.817954,
99.831595,
85.975425,
99.871229,
99.729749,
99.641601,
99.792469,
90.884873,
99.538089,
98.706203,
94.359247,
99.958471,
86.381177,
81.866605,
99.448362,
98.826125,
71.909568,
99.588611,
76.794191,
97.139163,
99.079258,
98.47613,
99.591884,
99.439856,
98.756507,
94.688844,
99.962877,
94.425919,
99.707353,
98.674502,
99.905263,
99.178542,
65.712888,
96.306933,
99.920429,
70.164964,
99.88867,
96.388259,
98.601824,
59.516148,
99.980355,
43.901419,
98.420831,
93.16771,
99.856504,
97.890548,
96.447259,
99.243045,
64.64042,
99.584767,
30.118637,
99.97554,
99.070014,
13.777243,
66.594313,
99.051421,
99.94579,
98.567212,
64.676284,
99.621989,
71.414495,
99.672237,
72.15908,
97.258836,
99.461985,
87.978858,
87.11548,
82.604823,
87.941976,
63.551866,
99.887493,
98.528123,
99.054178,
94.320896,
96.741411,
99.564353,
96.358314,
79.320439,
73.839229,
64.090263,
79.905857,
63.524838,
97.814314,
99.704479,
88.457587,
79.438804,
94.771809,
99.583948,
99.932873,
98.248917,
63.213643,
99.078846,
94.049861,
97.936926,
99.394277,
82.055425,
99.983665,
99.818805,
92.861789,
96.731897,
99.872343,
72.572403,
89.98342,
68.929147,
96.949076,
99.886816,
90.891248,
99.740529,
99.957796,
95.810546,
95.142865,
94.670194,
65.326095,
90.092001,
97.803144,
92.156836,
36.668242,
99.178965,
86.534657,
99.963923,
86.306208,
93.459254,
98.513682,
98.984651,
99.449714,
95.51564,
98.430896,
96.412607,
99.728966,
98.823154,
94.539401,
90.983451,
98.857485,
74.03888,
96.746867,
98.89365,
99.650944,
87.898415,
89.379025,
81.346893,
99.94333,
99.942245,
98.051559,
12.624399,
93.173388,
47.547904,
93.000734,
99.834122,
99.938838,
86.549372,
69.089487,
68.805927,
99.85444,
92.29489,
69.20164,
95.952064,
88.692083,
94.076067,
99.619815,
99.12428,
90.173357,
95.403138,
99.765299,
72.186267,
99.903091,
73.090962,
95.932107,
98.696358,
63.608479,
83.621277,
97.92024,
70.503959,
96.698394,
92.360342,
68.985913,
95.334507,
70.219525,
63.990271,
9.700961,
95.838135,
92.557037,
77.886724,
68.82314,
99.254987,
50.190217,
94.329408,
99.438477,
90.097856,
97.448793,
94.1452,
96.965405,
93.971903,
97.437183,
88.582473,
98.093783,
97.070597,
99.759432,
93.895049,
97.09161,
90.14897,
96.472585,
99.930438,
84.522724,
98.859452,
68.947634,
94.38403,
96.942035,
69.865511,
97.464162,
82.505177,
99.634277,
98.966704,
23.985117,
98.259638,
99.491302,
97.719887,
97.270889,
89.624845,
99.580245,
83.782202,
98.272731,
99.463548,
38.546149,
19.10588,
98.845729,
96.961179,
99.891786,
99.493576,
70.062426,
79.926234,
98.879024,
95.197115,
99.81929,
98.199313,
99.960462,
98.836711,
96.811346,
99.417202,
96.481461,
98.288112,
98.263114,
73.822067,
90.712832,
99.880255,
88.077847,
82.904295,
98.680881,
97.471761,
98.972602,
92.489868,
92.842423,
98.619116,
99.606649,
95.709872,
98.505556,
99.695918,
96.772338,
98.641781,
99.859729,
98.039365,
66.979399,
93.416005,
97.093468,
98.704457,
85.688689,
99.324148,
98.884613,
89.490857,
99.538704,
97.466851,
98.455259,
96.801669,
17.649906,
95.220427,
95.42878,
88.911207,
69.155823,
98.199539,
92.653344,
99.311921,
90.160108,
89.658338,
97.601466,
95.963593,
92.954769,
97.895329,
66.739706,
86.470115,
99.719564,
62.44497,
96.346223,
99.841848,
98.821019,
97.994389,
97.936117,
67.853253,
67.677068,
99.927363,
99.36215,
87.326721,
83.567603,
99.64799,
99.959346,
99.821029,
97.130098,
99.326929,
96.565185,
83.492295,
93.156798,
90.082183,
83.676757,
66.726334,
99.758897,
74.133735,
99.293154,
98.403737,
17.399372,
87.614211,
69.543538,
99.485635,
99.935177,
75.893657,
99.296947,
98.166641,
99.665932,
90.063808,
98.779441,
92.042833,
96.762971,
69.054208,
99.886003,
99.839953,
98.598389,
96.92955,
68.464143,
96.590583,
96.376037,
96.63801,
99.594887,
99.169632,
99.698333,
99.129492,
96.556836,
69.140479,
94.712581,
99.697226,
41.000288,
99.282822,
74.914084,
63.492849,
83.280682,
67.378712,
97.223759,
75.027225,
99.829055,
77.662857,
93.990053,
70.589586,
92.888308,
92.514934,
99.193351,
96.419615,
57.405788,
73.768244,
95.865493,
51.460132,
99.72937,
99.801612,
97.212167,
96.413187,
99.820909,
43.051796,
98.675128,
94.820066,
92.42545,
98.740767,
95.179964,
99.64307,
97.465734,
89.060287,
99.011391,
68.436679,
98.556855,
95.667898,
99.473032,
68.19495,
3.202853,
87.770632,
99.574766,
98.698235,
99.373155,
99.676464,
99.636739,
82.857303,
99.833929,
85.365558,
92.709469,
87.52793,
96.918936,
99.336841,
93.132817,
98.678502,
99.439074,
87.641644,
85.410615,
99.848232,
99.37231,
99.678641,
99.887546,
88.697343,
99.939523,
99.324801,
97.970275,
99.717116,
99.572032,
68.334398,
97.873872,
99.299889,
88.115008,
99.948497,
99.577345,
90.259801,
99.960755,
71.133279,
93.646018,
68.931527,
84.978882,
89.664139,
99.940481,
95.875907,
99.424418,
99.291726,
65.927386,
99.978034,
95.409455,
99.904738,
98.843052,
97.23595,
98.117955,
76.490815,
99.656197,
91.095991,
9.707469,
97.01092,
98.647022,
81.902862,
99.895834,
99.941803,
93.827171,
99.906557,
99.834063,
96.664335,
63.916084,
80.807898,
84.893205,
90.754673,
99.804155,
95.366406,
99.210139,
98.281134,
99.446131,
89.33855,
99.969845,
99.6872,
99.858067,
76.330223,
95.482975,
89.635201,
99.556441,
99.842278,
99.284621,
99.687022,
99.939288,
99.503097,
98.337803,
99.946251,
99.874258,
68.773838,
89.62205,
66.77761,
96.868723,
49.001275,
44.638686,
95.576691,
69.294517,
83.541604,
97.15287,
99.579952,
93.092901,
83.994618,
99.797349,
96.893243,
96.321577,
99.501858,
92.53359,
97.805887,
99.17097,
66.974134,
70.540279,
95.92918,
99.258792,
68.676111,
99.932296,
92.070505,
99.001639,
97.804329,
99.949173,
72.466857,
62.125623,
81.510688,
68.671853,
83.581885,
99.92917,
76.189116,
76.096371,
96.818599,
84.283977,
93.393482,
99.832241,
97.015312,
85.371833,
98.361726,
97.51898,
72.013935,
90.38314,
98.915439,
28.688134,
95.60699,
96.703911,
81.694418,
96.045544,
95.596549,
89.315192,
99.705674,
98.960429,
75.773571,
99.290009,
63.42894,
99.76989,
95.638911,
34.099069,
99.113603,
98.777548,
97.152519,
97.683972,
68.388262,
80.42365,
99.648957,
99.118563,
70.194974,
99.944952,
98.709697,
96.371044,
98.364014,
99.053558,
99.776931,
97.788358,
99.958686,
96.069048,
99.702708,
96.891713,
99.860513,
99.983665,
85.488779,
99.020426,
15.858389,
98.233738,
99.383954,
99.194308,
66.944524,
99.643082,
97.615873,
99.626802,
91.70205,
92.215878,
90.511394,
94.054995,
99.535653,
99.693526,
99.424774,
99.760908,
99.797088,
96.327755,
94.833032,
98.118113,
97.891378,
90.055467,
99.739119,
89.884449,
80.100838,
98.245719,
99.630947,
99.866897,
93.114119,
95.827815,
87.335208,
9.109842,
99.844563,
99.7001,
99.941282,
97.450366,
99.957638,
82.838825,
94.806782,
92.904085,
98.715927,
95.93174,
99.715555,
99.746931,
79.713008,
98.139726,
83.386651,
82.131393,
54.216078,
99.705802,
27.762056,
99.633618,
49.303335,
99.374643,
98.376487,
64.967584,
98.247599,
98.935734,
85.568155,
98.213651,
99.838139,
99.961985,
99.9174,
97.097966,
75.760741,
98.695289,
89.69721,
99.7765,
97.657545,
83.764284,
83.453177,
91.261142,
39.400843,
99.933797,
48.168503,
99.291546,
68.581373,
95.22199,
99.935781,
92.979173,
99.793654,
99.204604,
94.367332,
99.631905,
99.654171,
91.555559,
99.837666,
66.502875,
95.075717,
97.267663,
99.667892,
99.269426,
80.047726,
99.819458,
95.142331,
99.856041,
85.302912,
69.728032,
99.400776,
99.853638,
99.744543,
86.088963,
87.593585,
98.102796,
70.182175,
85.964427,
99.469936,
83.844025,
95.57572,
96.700895,
69.110104,
98.171848,
98.389584,
99.544673,
98.893299,
98.510906,
98.359519,
96.571358,
98.480243,
99.808621,
97.399428,
74.230212,
89.198786,
97.585197,
98.272653,
99.458695,
99.912454,
99.73781,
99.825556,
85.820142,
99.704916,
99.340045,
69.584342,
95.680967,
99.519816,
74.813294,
98.573272,
97.661869,
98.309074,
99.680494,
88.23875,
97.953183,
99.922062,
76.25092,
99.34083,
99.608083,
88.28275,
99.980881,
99.777645,
95.521153,
68.702116,
99.396848,
98.585154,
98.406833,
98.926925,
89.815839,
99.788447,
94.517508,
92.052779,
98.587461,
99.948681,
86.132387,
66.870835,
47.752167,
96.586162,
96.11157,
75.141769,
99.979325,
99.836263,
99.913816,
99.392882,
99.769672,
80.323009,
99.135225,
94.906549,
36.890818,
99.408632,
98.17171,
98.302866,
85.940961,
60.224391,
95.478151,
99.107392,
81.008069,
99.068161,
99.798041,
97.735941,
99.632253,
99.390981,
96.609996,
92.686032,
83.262534,
99.723481,
98.111803,
62.333733,
99.611493,
99.344802,
99.055062,
90.075019,
92.305087,
99.752147,
84.307825,
98.776415,
64.831757,
99.326103,
99.651428,
98.938119,
98.020972,
88.517952,
90.860948,
99.936756,
27.940362,
63.303107,
98.708277,
43.298452,
96.142069,
87.646805,
97.702435,
98.382872,
98.187064,
98.047127,
99.676235,
44.083427,
87.669091,
99.486505,
84.322332,
99.662176,
67.967942,
98.138069,
97.69535,
99.544934,
99.382173,
61.260506,
99.609217,
57.182063,
99.62339,
81.189573,
98.304567,
98.881713,
96.484689,
99.526274,
99.651588,
99.420071,
88.349232,
98.731247,
90.057658,
95.604022,
99.801236,
94.398422,
91.16545,
83.661396,
70.863277,
38.678334,
76.993419,
98.684012,
98.452096,
70.695627,
87.125751,
95.749685,
99.959521,
99.623513,
99.52522,
99.520686,
95.009899,
77.740712,
96.75154,
61.26154,
99.72887,
86.066461,
64.108288,
98.920957,
94.152916,
94.308259,
99.450062,
44.50587,
99.790612,
73.651158,
99.401693,
66.426475,
51.942461,
76.643393,
90.183155,
90.771611,
79.233107,
96.550841,
99.936258,
99.015839,
70.57692,
18.137295,
99.620148,
97.766696,
90.229424,
96.975283,
99.6852,
99.390232,
28.413006,
58.121885,
69.022028,
75.015368,
56.454558,
87.721777,
99.832897,
66.42546,
98.932397,
96.299298,
95.751138,
99.562453,
98.919802,
14.036831,
98.559412,
99.610858,
99.863224,
78.121985,
94.482142,
99.320062,
78.387712,
89.755571,
96.930811,
20.998282,
80.066522,
99.941888,
98.627414,
37.033287,
67.505014,
93.013646,
99.796289,
99.396758,
95.79626,
98.77697,
99.974725,
98.687319,
99.481085,
99.205554,
98.446179,
98.705839,
94.637204,
89.879255,
99.843194,
99.54509,
98.34422,
97.858901,
98.87052,
99.563402,
96.47224,
41.718776,
98.373363,
98.620474,
99.958688,
99.024502,
89.820449,
98.419461,
99.849038,
87.349279,
89.6253,
99.341789,
89.436994,
94.042707,
99.895601,
94.817757,
68.945314,
99.963125,
95.029832,
99.969801,
66.14696,
99.018223,
28.753062,
86.529271,
99.939534,
99.957881,
99.790438,
67.841128,
99.969226,
98.650618,
77.354473,
68.91989,
97.342978,
99.739555,
95.036918,
95.588448,
97.767818,
99.164544,
99.325268,
93.996851,
99.829042,
71.881626,
88.607082,
99.957862,
95.092081,
99.590619,
94.249955,
90.069172,
99.958093,
97.520551,
99.948594,
99.939534,
62.268496,
99.903872,
87.275231,
32.420948,
95.634006,
97.637138,
81.312259,
92.497791,
99.760919,
99.922893,
99.770972,
92.688397,
78.707147,
85.867299,
67.339544,
99.725412,
93.256101,
99.96922,
99.702292,
98.814473,
64.125811,
99.17021,
99.608323,
98.608197,
99.935469,
98.909532,
61.451784,
99.943682,
68.044989,
94.032366,
99.46543,
96.086515,
94.132539,
99.036716,
97.455397,
96.447572,
91.11051,
99.668736,
99.697493,
63.709909,
96.118801,
67.628994,
98.998493,
83.977671,
99.815457,
99.442445,
98.379176,
99.952179,
78.504368,
98.339373,
99.724593,
97.687584,
69.398411,
99.766233,
99.565344,
98.51611,
99.235563,
99.891003,
99.630815,
99.931143,
99.709617,
93.467959,
97.99354,
85.458061,
86.618639,
95.736916,
85.962242,
98.710953,
68.70005,
98.814666,
87.148285,
87.926263,
68.300208,
91.037803,
99.832425,
99.778222,
98.522967,
80.559355,
98.347729,
99.385269,
98.089759,
99.910564,
98.69489,
66.700163,
99.903803,
98.732783,
42.440482,
98.383249,
99.583524,
97.197142,
99.376074,
99.278348,
97.533555,
74.816335,
99.192113,
69.323836,
99.831458,
99.383742,
99.753432,
95.973687,
69.02299,
95.523647,
98.820734,
98.354845,
97.047193,
99.542672,
70.578255,
64.39718,
81.299294,
69.77107,
95.067312,
99.938521,
99.39924,
98.489043,
99.705664,
99.505768,
97.33247,
69.264969,
99.579144,
98.07875,
98.875199,
99.949732,
99.90161,
99.135865,
56.493027,
97.476873,
99.625408,
98.20014,
99.154328,
47.503132,
99.719763,
64.828965,
67.889034,
99.612875,
80.282886,
47.834631,
87.155294,
99.959111,
61.551034,
63.603728,
95.010203,
94.247964,
70.072837,
82.79636,
99.204548,
97.028781,
94.931325,
52.673743,
67.066756,
95.69394,
99.62744,
58.944625,
22.084048,
94.450303,
96.468196,
93.270464,
96.460151,
86.052903,
95.723265,
99.070558,
63.331305,
99.952796,
57.766803,
99.935231,
95.648089,
96.793079,
97.015684,
99.557818,
93.874438,
86.48083,
55.823818,
88.363428,
98.804117,
61.154655,
69.919856,
87.89851,
62.688838,
97.323885,
90.478823,
98.664605,
98.858575,
69.271082,
99.54397,
90.940151,
99.490242,
80.922839,
99.424418,
70.790274,
99.322783,
98.479397,
96.38176,
95.620402,
86.953201,
89.325999,
99.60552,
97.444186,
99.904758,
98.222017,
99.89285,
99.897681,
89.118659,
99.674431,
95.137162,
99.749834,
97.298428,
67.472393,
53.378747,
97.180673,
97.8562,
97.803449,
99.856951,
93.057139,
98.563541,
99.813577,
99.637267,
99.113199,
56.893759,
96.228604,
89.346102,
67.332384,
78.206684,
81.687723,
96.747871,
99.653202,
99.923997,
98.290775,
99.281369,
99.73049,
96.66504,
90.642642,
59.178179,
98.986282,
96.644498,
89.951787,
99.656097,
98.023065,
99.949518,
6.328702,
99.796742,
96.92878,
62.293446,
92.531384,
93.142995,
99.585523,
96.88002,
99.756428,
99.782517,
98.878901,
99.502301,
88.151151,
88.642392,
99.485737,
71.851919,
98.309737,
98.623806,
96.576228,
99.768824,
67.089841,
74.979876,
77.12887,
98.293323,
87.456113,
99.347323,
99.430141,
79.145925,
94.578865,
99.556365,
94.886263,
66.647543,
97.891408,
96.904055,
99.688102,
90.98231,
68.272239,
97.446725,
96.653574,
99.742858,
63.237168,
76.050546,
94.93335,
99.885677,
96.361559,
96.098305,
69.092543,
95.387988,
99.832182,
99.881394,
98.644602,
93.068034,
93.631316,
61.176966,
15.720586,
82.153755,
95.382242,
99.872625,
99.900075,
90.25933,
99.904233,
99.883706,
93.629763,
93.34358,
95.173493,
87.525012,
99.690755,
9.587317,
98.864937,
99.851677,
99.058459,
98.024727,
81.340371,
96.823755,
95.223699,
87.390818,
99.006184,
95.824542,
98.754625,
99.881574,
96.449194,
99.79624,
80.422048,
98.993617,
97.114634,
84.9608,
94.717176,
99.746321,
89.725397,
90.732656,
61.162957,
89.910749,
70.109882,
99.882216,
78.34555,
68.165956,
97.979908,
99.019945,
99.84442,
99.070336,
71.184953,
31.712272,
99.885497,
53.71474,
63.90629,
98.845464,
9.563458,
99.188503,
75.855906,
95.6518,
98.865086,
99.069846,
63.971845,
99.952965,
99.496223,
99.895139,
96.982351,
84.135244,
99.327762,
92.981556,
99.370427,
99.777644,
94.838744,
99.492799,
99.898376,
98.297333,
97.730177,
97.939492,
99.865071,
98.273424,
99.60564,
96.692275,
93.8552,
98.963222,
99.483311,
69.933753,
90.007101,
84.658418,
78.789829,
99.981447,
98.568231,
99.925557,
91.011647,
99.582345,
99.963696,
99.936243,
99.196547,
99.948043,
97.671423,
85.307626,
96.398158,
91.485026,
99.515973,
94.033918,
98.937557,
86.261356,
99.863725,
96.112719,
99.739916,
98.586495,
93.341318,
80.519226,
98.837491,
95.058005,
67.764262,
88.481975,
93.843505,
99.96632,
99.780597,
96.652223,
73.372457,
99.512205,
99.049201,
99.081136,
95.511372,
86.024038,
99.506209,
99.742326,
96.365356,
99.844378,
78.591148,
99.341254,
94.488366,
97.072049,
99.954133,
99.49778,
82.226289,
68.113574,
74.936789,
84.872726,
99.887373,
99.975007,
66.962791,
98.875748,
99.512993,
97.930433,
94.92541,
87.605421,
98.886866,
99.413255,
83.987328,
97.733042,
99.189787,
93.121584,
90.553659,
99.302742,
99.764066,
98.23768,
77.62274,
93.686153,
72.052945,
99.152358,
64.859342,
95.724032,
87.094745,
98.670319,
98.038974,
90.970775,
50.143888,
89.634406,
63.632135,
96.881526,
17.209312,
99.432059,
62.597415,
87.303219,
98.724885,
85.045805,
69.445046,
90.776602,
99.601447,
98.024641,
96.918978,
99.936786,
86.296831,
98.510721,
99.438177,
99.936468,
67.551551,
98.436942,
99.752315,
73.998035,
91.012343,
99.323931,
96.403523,
89.164361,
97.750316,
99.844772,
72.281663,
96.809085,
99.022803,
30.760009,
98.682945,
97.972438,
99.637856,
94.13905,
99.969803,
95.830287,
78.52674,
64.812772,
99.259992,
92.099051,
40.276394,
96.670112,
99.904868,
67.410052,
68.162561,
99.608535,
99.937374,
99.850473,
62.0417,
99.701807,
76.806538,
98.467611,
99.286407,
99.93246,
99.977971,
74.935884,
99.900096,
99.428844,
99.77188,
92.616171,
99.657768,
70.211456,
99.877347,
98.759538,
99.485672,
99.828478,
92.007365,
98.427616,
63.799963,
97.921667,
97.476015,
80.873946,
73.326431,
78.913358,
99.731212,
99.82778,
99.771927,
98.347269,
99.42644,
98.765898,
97.825354,
92.885595,
95.328081,
99.938311,
99.951722,
97.761395,
97.802211,
99.716704,
82.331193,
99.638669,
99.520791,
93.355356,
87.247235,
29.540476,
97.558398,
62.176925,
92.564614,
67.47579,
99.315886,
94.642265,
90.18886,
99.888935,
98.822933,
96.960267,
51.999189,
73.832265,
99.286607,
21.638817,
97.334445,
99.76545,
99.060735,
98.576562,
97.448181,
96.254276,
78.400951,
96.782942,
99.789088,
91.483155,
98.200378,
99.976217,
90.270459,
95.539936,
66.993711,
99.322675,
99.940326,
97.026474,
98.476058,
86.720094,
98.290383,
25.036396,
93.122843,
84.314048,
73.852644,
80.632149,
91.064138,
78.836966,
62.964405,
93.347711,
99.594528,
99.705689,
97.552773,
91.059394,
91.405976,
88.488727,
63.450901,
78.643084,
96.183286,
98.609396,
29.51574,
9.342364,
94.542402,
99.807976,
94.181157,
86.790758,
98.216149,
78.386615,
99.639857,
98.286344,
63.947075,
89.149834,
99.510458,
96.759236,
98.229821,
29.207629,
91.467827,
99.899262,
96.588245,
91.226434,
98.160979,
99.067041,
96.301495,
99.333264,
65.138701,
98.285851,
98.5521,
98.872015,
95.735316,
99.84547,
99.045497,
67.809765,
85.906972,
6.792678,
99.409093,
98.596145,
96.592613,
99.641174,
96.495032,
82.427284,
82.645977,
99.91157,
98.531437,
93.103616,
99.96457,
97.388499,
84.463091,
92.102114,
99.980536,
99.930459,
94.617533,
99.956403,
63.158547,
99.789251,
76.981931,
99.894935,
99.927116,
99.533945,
74.532844,
99.796692,
84.253144,
99.282617,
99.552889,
99.726411,
85.264729,
98.771486,
99.502322,
83.297631,
95.474998,
74.671959,
99.97063,
99.849963,
68.934562,
99.26306,
22.184993,
97.615038,
98.595024,
92.57737,
96.129687,
97.206895,
98.282362,
98.818759,
79.20641,
99.661264,
99.894475,
99.721698,
62.483441,
97.372885,
99.478984,
68.544172,
99.723356,
75.305665,
99.319213,
91.592148,
82.655416,
96.293571,
68.174153,
94.380209,
97.343727,
99.207467,
99.420052,
85.932312,
97.893828,
98.564823,
6.455024,
85.311879,
98.097565,
89.060781,
96.441183,
99.965227,
98.601578,
76.663454,
95.344854,
96.679137,
89.714336,
56.568438,
99.948726,
99.815689,
85.391675,
66.504205,
95.375839,
99.752616,
89.128805,
67.515029,
99.895156,
96.860652,
96.202007,
99.729978,
99.955278,
89.380353,
84.038565,
99.661477,
99.414337,
93.603879,
92.711809,
99.720257,
97.709056,
97.926252,
99.220131,
91.14038,
99.881045,
89.99298,
99.821,
97.717405,
85.975642,
99.888145,
98.613259,
91.537311,
96.848006,
56.078276,
99.553974,
91.429984,
80.320464,
98.05114,
97.670933,
99.766161,
60.1852,
98.294283,
98.273339,
95.071429,
98.834544,
89.603642,
99.778357,
99.531604,
87.877376,
81.572319,
69.310854,
99.978519,
99.482109,
57.875131,
19.545162,
99.919479,
75.721243,
99.96675,
88.924457,
99.219443,
90.362801,
88.449951,
97.071785,
22.045087,
95.175327,
99.447385,
99.796841,
99.065141,
99.864636,
98.450234,
85.758123,
25.219488,
99.466153,
97.19345,
94.396548,
96.264941,
99.913161,
98.28953,
88.585447,
97.767056,
68.721349,
97.489829,
99.945515,
97.018167,
99.732465,
99.717825,
82.43514,
96.262814,
87.512729,
98.801348,
99.033648,
38.38413,
99.623829,
99.336044,
99.006249,
96.619486,
97.723811,
96.559828,
99.660856,
99.576175,
98.691694,
99.943577,
98.055909,
94.756091,
96.120786,
99.614981,
99.112543,
96.032849,
90.173267,
96.109366,
94.753437,
98.103859,
90.897315,
99.963403,
98.821667,
95.845891,
98.161636,
99.792621,
99.037861,
82.486421,
90.842343,
99.35362,
93.590184,
99.83332,
99.029926,
84.748771,
99.838812,
86.444943,
99.848265,
97.472478,
99.373033,
94.750682,
98.011657,
99.846447,
66.889001,
64.844683,
90.025398,
97.565389,
97.891019,
60.549154,
99.956771,
99.702633,
97.418471,
83.335883,
96.913487,
99.919483,
73.38185,
99.821774,
88.464043,
87.740032,
92.002905,
68.130554,
82.060293,
51.288216,
77.026119,
99.022792,
99.457985,
82.518774,
52.496088,
99.691407,
97.30697,
82.584179,
96.58776,
34.359415,
99.63831,
18.650292,
99.940954,
75.701241,
95.786869,
99.761822,
85.207409,
99.936857,
94.934296,
98.720596,
95.332066,
98.130598,
99.076152,
99.885839,
62.954416,
72.927514,
99.867009,
99.385294,
42.040445,
99.939244,
99.940495,
98.359421,
99.719375,
98.979729,
99.765165,
98.549897,
98.141248,
50.839697,
97.36521,
98.220244,
96.776836,
89.449771,
96.661376,
99.942631,
99.623515,
99.941314,
70.690179,
94.919132,
86.86187,
95.859761,
97.971976,
81.217923,
96.891209,
86.209894,
98.804563,
97.319707,
97.506107,
91.637769,
98.626344,
66.446547,
95.446872,
98.802862,
99.912693,
69.382761,
99.890317,
66.302286,
99.026757,
98.492865,
98.715698,
99.976268,
69.646431,
77.672456,
62.510878,
97.855791,
79.094146,
72.783155,
69.90128,
99.972557,
6.117216,
66.504104,
63.79983,
99.366765,
68.225028,
99.651573,
99.225432,
67.740417,
76.403067,
94.643777,
95.028717,
91.733063,
93.308672,
75.189858,
78.554743,
81.566219,
99.906282,
90.269767,
99.582023,
99.334338,
67.986188,
99.883633,
99.78463,
99.973857,
99.843308,
98.882677,
69.965705,
99.801657,
97.545879,
97.054575,
99.897625,
66.434577,
99.110852,
99.902545,
99.684536,
67.807366,
10.060916,
68.569686,
99.928414,
60.938351,
95.067848,
97.683391,
69.416117,
68.825179,
61.217253,
97.01235,
85.308127,
89.525767,
74.524142,
98.355796,
23.904946,
98.177892,
98.900498,
82.420095,
99.487968,
99.726832,
49.864459,
99.495826,
72.422149,
97.802424,
99.947048,
92.489738,
98.304033,
70.034415,
86.365732,
83.471366,
98.935005,
68.490223,
12.647964,
81.54108,
99.730276,
99.325328,
79.274182,
94.886044,
99.325313,
98.987456,
92.943175,
99.562903,
98.695464,
96.990437,
99.299092,
94.462944,
99.906583,
92.200307,
95.276279,
99.766071,
18.958216,
95.730091,
99.060375,
96.802502,
97.977944,
32.276508,
98.944066,
98.398808,
99.907642,
87.554928,
99.418144,
94.161771,
94.423819,
99.927439,
99.681475,
93.765327,
99.017137,
95.633867,
99.757722,
86.56499,
62.455102,
99.958996,
91.639519,
99.650473,
94.765848,
98.685149,
77.987701,
99.147041,
92.791817,
98.73328,
99.982207,
99.770466,
99.16488,
98.696602,
98.644186,
82.254213,
78.668332,
50.086986,
93.854264,
98.796321,
89.86786,
99.943842,
97.016889,
99.943886,
65.493897,
60.75215,
98.325124,
99.458384,
98.632576,
74.975654,
67.585733,
99.426586,
98.565889,
91.971038,
99.784772,
99.790039,
98.453138,
98.541717,
67.83335,
98.559377,
83.002197,
62.575351,
88.847653,
97.095023,
99.545713,
95.597276,
98.276218,
92.584262,
99.338865,
99.881191,
61.036819,
96.913692,
91.642783,
93.078226,
86.038861,
6.330791,
99.551199,
69.335433,
74.65077,
98.693952,
68.490254,
99.592,
67.898659,
78.218312,
99.659197,
99.38889,
99.021575,
66.931311,
61.828407,
99.082988,
73.976633,
94.646821,
78.269154,
95.88949,
15.843985,
96.639966,
99.511323,
99.688537,
98.122405,
69.087582,
91.273431,
87.854298,
98.58296,
99.451556,
99.98519,
99.77831,
99.565291,
98.500429,
76.481615,
85.708071,
87.821372,
65.858614,
98.895424,
99.885859,
75.678525,
75.850564,
99.454377,
99.518559,
62.448561,
9.56757,
96.495621,
98.530307,
99.420569,
68.037491,
99.902242,
81.80485,
94.987739,
63.880838,
97.784601,
94.998592,
97.332303,
88.805778,
98.587613,
17.496417,
99.893,
98.141808,
99.461066,
92.787029,
99.31362,
99.236252,
99.76313,
15.96049,
99.483968,
62.993932,
91.980883,
99.326636,
89.912726,
97.965171,
59.032929,
99.823606,
97.892071,
97.504383,
67.370308,
99.483037,
67.07223,
88.956693,
97.135534,
98.958276,
89.977651,
99.762335,
96.556997,
91.027411,
96.319159,
33.750664,
91.407678,
91.145196,
92.068419,
99.427719,
99.795641,
83.99393,
99.832049,
99.28073,
99.922318,
99.299842,
97.991264,
99.84283,
99.918844,
98.276591,
61.691256,
99.930425,
96.338631,
99.797694,
98.098798,
97.08127,
97.777581,
71.938273,
9.692912,
99.369638,
32.478942,
96.440882,
9.652323,
99.254335,
89.243906,
71.123733,
98.229251,
92.91466,
99.091633,
99.771857,
99.447002,
80.628197,
98.359546,
94.222536,
98.834134,
99.306591,
76.463962,
99.945754,
99.554467,
74.212162,
96.105351,
61.68914,
99.85017,
99.657509,
94.628998,
90.550983,
99.487399,
97.982389,
99.3812,
94.021489,
95.421339,
82.974403,
89.276003,
75.710709,
66.202145,
99.544669,
99.333774,
19.263183,
73.974672,
68.602002,
99.226543,
99.729542,
83.410185,
99.09086,
86.293319,
99.984295,
97.061548,
99.842557,
99.362412,
64.895254,
91.993891,
93.190044,
94.93059,
95.608846,
97.819314,
99.851246,
99.749987,
92.17039,
99.923864,
99.371684,
99.875981,
12.582863,
99.472234,
99.343914,
99.903148,
93.581027,
97.357121,
55.913264,
98.756227,
99.206497,
95.061578,
97.756241,
87.791192,
97.912152,
99.777199,
99.970219,
99.831163,
99.957276,
99.629139,
96.555301,
93.341784,
91.291467,
98.811212,
99.036621,
84.762236,
99.18352,
97.213618,
97.321112,
70.447999,
99.365765,
40.005784,
99.431436,
99.938601,
29.044182,
92.62567,
98.273284,
68.224641,
99.97741,
97.169417,
64.016899,
93.861451,
98.817132,
88.487686,
98.265398,
99.167742,
99.939162,
99.543621,
99.573852,
73.851843,
97.805958,
75.48535,
96.874762,
94.575103,
81.877871,
99.958578,
99.724777,
94.147717,
96.249596,
99.077184,
96.650081,
97.54148,
99.522976,
99.570485,
93.172294,
81.392617,
73.282337,
99.852294,
97.609926,
67.895124,
99.901257,
97.944874,
99.389772,
99.288739,
99.888905,
98.935479,
76.529698,
99.825503,
72.54805,
83.265756,
64.323198,
72.677718,
99.418958,
93.893847,
99.318667,
95.943916,
98.717417,
36.011876,
98.156964,
99.178606,
99.934319,
99.55705,
73.214552,
99.804287,
99.742479,
66.371738,
63.027788,
86.192585,
99.041201,
99.119521,
90.389262,
97.929302,
72.770196,
98.198224,
99.829602,
96.997236,
92.998249,
97.870958,
38.856337,
93.502289,
85.059285,
66.496062,
99.092632,
98.835362,
86.785131,
90.676587,
99.451017,
69.54015,
70.59754,
98.057301,
45.244617,
99.942026,
93.875454,
98.616547,
84.237479,
94.925597,
99.550439,
99.644668,
76.897709,
73.134686,
62.762604,
93.172612,
97.474856,
95.569845,
99.488627,
96.8325,
94.780184,
94.551279,
98.385878,
97.665314,
68.911888,
78.156782,
99.118052,
94.875225,
99.631718,
99.594864,
99.90981,
6.843286,
98.963791,
90.804225,
98.491538,
99.926637,
67.283966,
93.224483,
99.91327,
98.33013,
99.963057,
66.779576,
99.544998,
74.087513,
89.515409,
97.948623,
98.257666,
34.54586,
97.635421,
96.523449,
94.320389,
68.435877,
99.494188,
98.910005,
85.652695,
94.807925,
99.296407,
97.093154,
99.472029,
99.425198,
99.905171,
98.429273,
69.500456,
95.629007,
98.901318,
99.431328,
32.93301,
99.637171,
97.271892,
79.447131,
93.744985,
99.62986,
85.843966,
99.916812,
98.174769,
98.031708,
93.770688,
99.360266,
98.648767,
86.426625,
99.783898,
86.393135,
85.700184,
99.896418,
83.070187,
86.246048,
99.724833,
99.86476,
99.463392,
99.703137,
97.874653,
95.218782,
94.37528,
99.916547,
99.012557,
85.695483,
39.25947,
69.404738,
40.938106,
99.60453,
67.168651,
96.923413,
99.812825,
99.061025,
73.24381,
97.573642,
67.841581,
95.697045,
42.810394,
99.413804,
73.539824,
99.323096,
98.647284,
95.369096,
66.096318,
98.000406,
87.451694,
99.89052,
98.238709,
99.961042,
76.223438,
62.764586,
83.247491,
73.560435,
95.081099,
98.491054,
99.922928,
83.774114,
99.978725,
91.956776,
99.554704,
99.129222,
99.731378,
99.79065,
99.511618,
79.629015,
99.662429,
9.530675,
86.819732,
85.363799,
62.71461,
83.452842,
99.710019,
97.456939,
90.163697,
84.899176,
99.320514,
98.098009,
96.816164,
99.718365,
99.532641,
99.901756,
90.970641,
73.696713,
93.284631,
98.089124,
99.796961,
99.968938,
24.227347,
95.384169,
64.352635,
29.002544,
97.893301,
99.44268,
92.92386,
99.406485,
99.712227,
62.197517,
68.354885,
95.70573,
98.825894,
99.068853,
88.264733,
99.971344,
67.703309,
99.471767,
97.75978,
99.0909,
97.155011,
97.305184,
99.328388,
99.549198,
97.246956,
66.520883,
89.225009,
91.029115,
74.687976,
99.755465,
94.955873,
78.439586,
89.607528,
27.068629,
98.480012,
97.01554,
99.887232,
99.675306,
98.368263,
64.095732,
99.627953,
97.897998,
99.773705,
98.785341,
78.808323,
98.603237,
82.637571,
99.837015,
93.109747,
60.429402,
95.412941,
70.75199,
97.929916,
97.526921,
96.977981,
98.249724,
98.282119,
72.557227,
94.936973,
97.117593,
99.761215,
91.401217,
99.955428,
97.24189,
89.543558,
91.292024,
93.540169,
37.732799,
99.803687,
92.823661,
62.116888,
99.482043,
99.373188,
99.408824,
99.608096,
49.577996,
95.470636,
68.1668,
99.448775,
98.837983,
98.795034,
99.016508,
45.483394,
27.248517,
19.290101,
99.894935,
74.758468,
90.931808,
95.333959,
98.923411,
99.952086,
95.098851,
70.781291,
97.960412,
73.519299,
99.688209,
99.16283,
97.170187,
85.941754,
98.273674,
81.708524,
83.212738,
96.215652,
99.351214,
99.593684,
90.506335,
84.607457,
76.015669,
98.515516,
58.510149,
99.505347,
38.106341,
76.221473,
98.179166,
99.942268,
98.798826,
99.895933,
78.98887,
6.82508,
71.507204,
98.290344,
96.439234,
70.100149,
95.026397,
99.556393,
95.739302,
95.823529,
98.549808,
99.62819,
67.842428,
99.877855,
86.024815,
89.354884,
59.879557,
87.572502,
62.058728,
99.45005,
99.602636,
99.13379,
86.005296,
54.541207,
81.00183,
99.563502,
95.108324,
99.975742,
99.043612,
99.943858,
98.341417,
85.753045,
98.734034,
98.21856,
28.69372,
99.815696,
88.30262,
84.2496,
99.77956,
98.658378,
82.661623,
96.073566,
92.344351,
99.865737,
98.98073,
99.128452,
95.352393,
97.18893,
73.895615,
99.65064,
94.962026,
97.565151,
73.325062,
87.55762,
90.396759,
94.802947,
99.925118,
74.540584,
90.991085,
59.53945,
94.802363,
96.943263,
95.38179,
64.834726,
99.954393,
93.569361,
98.870972,
89.372691,
68.702978,
12.866051,
67.332545,
93.547622,
98.811244,
98.617678,
99.459453,
99.399742,
77.749774,
99.170017,
96.425118,
99.125132,
94.844423,
97.772373,
99.207343,
99.846466,
92.348616,
97.669954,
90.440438,
37.267856,
87.034255,
99.183374,
99.600114,
99.85256,
99.671754,
97.471717,
99.716204,
99.686699,
99.711283,
92.333901,
77.38843,
86.61705,
85.071449,
76.896922,
83.417633,
79.909917,
99.676473,
84.042309,
75.037133,
88.735377,
88.711463,
67.95634,
79.790525,
99.825404,
76.922544,
99.140925,
94.626668,
93.142364,
99.01975,
99.970753,
87.274257,
96.712341,
70.264418,
9.698797,
98.821665,
85.060901,
99.104225,
63.59583,
99.00831,
99.152033,
99.475282,
99.660008,
98.585128,
90.43741,
99.399165,
97.641966,
71.100153,
99.750188,
95.625039,
76.370528,
96.505229,
69.02849,
64.160503,
97.347829,
86.383695,
99.34872,
99.611896,
66.130225,
89.083408,
74.133853,
21.88832,
91.114592,
97.696128,
98.960923,
99.510996,
99.863196,
99.462182,
99.818725,
93.769644,
99.970704,
99.550852,
98.636725,
96.17114,
68.440884,
99.906132,
89.835315,
99.510212,
87.866495,
95.893178,
98.73339,
98.819715,
99.360846,
99.113914,
93.685234,
76.560987,
93.144575,
98.856506,
92.138687,
99.790022,
98.338708,
99.351934,
90.475888,
99.470273,
97.742271,
70.324016,
98.995062,
85.37104,
89.630881,
99.387296,
99.933436,
51.248733,
96.379899,
69.041173,
90.313058,
99.636566,
99.14476,
95.127368,
99.750137,
99.495623,
96.46407,
68.749605,
99.673726,
67.192191,
99.860642,
98.934809,
99.871424,
98.54844,
95.934856,
99.944569,
64.157578,
99.320355,
94.436009,
99.584978,
76.127928,
88.534116,
88.16063,
95.373425,
90.176875,
95.04055,
99.470072,
98.232649,
98.22802,
99.751236,
99.262145,
98.162905,
99.512589,
98.742257,
72.315361,
98.861641,
83.352029,
98.35947,
81.104354,
73.197296,
75.784999,
89.978684,
92.705962,
98.480882,
91.034814,
83.056794,
92.885772,
96.023809,
97.089718,
99.281451,
99.795823,
99.9765,
78.677544,
56.14501,
99.851371,
98.735951,
99.210256,
92.565585,
99.63606,
99.504254,
67.084441,
61.839912,
70.124672,
99.939879,
99.114927,
74.215565,
90.959188,
63.686021,
99.197963,
84.242292,
97.905734,
99.220568,
73.883898,
77.93137,
98.511122,
91.915689,
98.675726,
99.178092,
88.572416,
78.333749,
85.704688,
98.38284,
75.140704,
58.570553,
74.224476,
73.430207,
99.277852,
67.774904,
97.558497,
93.249242,
92.623596,
99.725489,
67.318092,
99.036452,
98.451107,
97.303337,
98.32825,
99.924425,
99.602775,
96.667281,
99.623846,
98.409676,
94.949713,
97.347996,
94.650938,
97.149781,
99.680514,
96.189418,
92.228742,
96.004891,
96.350901,
99.888558,
85.833371,
20.9991,
83.146781,
97.675912,
79.497813,
94.422255,
99.79286,
95.928727,
97.908982,
99.571365,
88.951757,
52.485209,
97.399225,
98.265068,
99.63158,
68.670531,
55.226221,
98.55146,
97.695358,
76.38762,
90.543592,
71.600258,
99.569978,
99.445066,
82.978644,
96.102351,
88.912327,
98.448276,
99.960491,
66.211992,
99.844891,
95.317935,
94.609529,
97.866972,
99.665734,
99.268414,
99.438399,
97.203775,
99.186181,
98.097458,
95.02754,
72.832503,
97.848259,
99.483449,
71.120459,
99.911442,
95.69391,
80.424034,
99.702628,
86.880107,
69.503362,
98.727048,
99.47439,
99.258404,
96.790024,
99.404786,
73.717305,
99.925578,
96.412098,
67.868231,
85.004957,
57.187815,
99.961301,
52.701722,
97.664785,
91.556131,
98.081813,
82.560965,
96.471457,
99.932139,
95.868874,
99.574169,
95.547399,
92.771748,
90.855387,
99.892088,
95.962033,
99.885751,
97.689938,
99.062114,
99.605379,
99.3202,
88.40601,
92.496477,
66.887402,
98.781403,
95.600903,
73.267546,
40.796935,
96.201752,
98.847855,
99.605395,
99.371767,
98.336775,
87.306922,
96.273508,
96.026747,
73.771572,
79.969064,
98.756295,
99.91231,
99.864851,
86.62575,
97.742986,
90.487458,
68.159512,
99.427441,
68.829538,
94.613948,
90.421499,
99.945577,
99.677987,
96.922167,
76.232702,
61.282219,
67.869443,
98.433562,
98.277125,
99.124124,
99.517715,
99.660413,
99.627412,
99.394191,
96.655971,
99.885791,
96.748813,
94.604149,
99.158505,
98.463255,
85.849881,
99.959394,
39.545806,
62.200906,
25.043608,
90.263581,
96.787969,
99.043627,
98.699615,
98.346103,
99.752823,
68.210005,
77.415162,
99.834985,
98.583028,
98.556718,
67.51846,
99.082318,
82.241171,
98.549977,
97.692585,
81.875213,
99.808306,
96.990576,
99.859753,
78.082393,
66.92696,
77.427893,
97.324561,
94.284053,
99.878686,
99.801736,
99.972217,
98.957756,
97.237956,
14.080573,
68.43004,
79.037235,
99.686248,
86.107573,
99.732699,
98.482368,
67.783183,
96.979884,
99.932803,
87.863955,
99.974652,
99.7227,
96.502154,
84.333637,
97.964094,
98.722988,
64.17036,
99.737081,
98.241502,
68.983151,
97.538722,
76.980064,
97.866417,
97.805411,
92.975347,
67.427169,
58.26236,
83.866499,
99.836628,
99.011468,
82.372041,
98.415562,
96.20151,
90.493792,
70.804294,
99.872862,
99.780951,
66.690326,
99.344563,
97.40446,
99.721484,
73.794806,
68.294819,
94.212558,
99.395528,
90.043073,
99.553556,
98.516606,
96.722762,
95.961599,
98.876642,
95.390398,
99.922635,
99.810099,
99.221152,
95.529081,
94.5898,
81.417467,
68.50087,
85.869656,
94.05794,
90.572879,
99.700513,
99.90067,
92.91872,
99.19889,
98.576924,
98.37352,
94.648735,
44.586668,
98.379455,
99.549396,
98.228407,
65.054879,
31.523731,
99.409386,
99.103373,
95.699169,
97.377678,
98.958386,
92.503516,
98.490614,
98.036728,
82.000057,
98.498047,
98.888484,
99.880092,
98.298515,
98.689534,
99.500532,
99.348385,
94.546754,
98.331912,
3.102366,
90.463078,
99.327093,
99.346911,
98.598446,
92.508888,
99.940849,
90.107131,
99.95177,
83.727007,
81.948024,
76.220153,
71.291658,
78.153543,
98.473697,
99.846227,
96.155847,
77.453761,
91.917847,
76.322745,
69.668984,
68.670697,
72.213443,
98.771209,
99.71898,
98.157755,
70.470209,
38.456752,
92.366503,
98.651925,
90.99416,
78.723333,
91.16829,
99.003171,
99.450889,
92.335969,
69.696083,
99.06586,
94.318171,
77.161572,
95.499756,
96.979248,
99.390442,
62.689086,
99.628644,
99.501874,
99.025924,
93.199862,
82.999048,
86.919504,
75.617608,
99.549196,
98.758844,
99.920853,
10.134939,
96.906836,
99.686834,
59.354656,
68.795041,
99.02384,
67.468099,
60.810664,
99.622703,
99.851586,
68.635036,
93.592455,
71.130224,
90.015359,
85.631332,
99.826007,
99.080759,
99.850161,
99.130444,
98.602869,
99.914175,
97.79696,
97.946279,
71.396871,
99.651873,
94.208628,
97.776156,
98.323212,
84.00373,
97.160269,
89.008458,
92.159142,
86.641477,
63.971787,
23.992661,
98.746091,
33.982714,
96.060856,
53.133242,
68.867741,
99.541573,
80.49104,
97.498873,
99.942738,
37.801743,
99.896886,
84.987327,
34.533358,
91.638148,
99.677835,
36.692852,
89.87367,
98.698498,
99.860666,
99.945434,
99.593261,
99.68962,
80.661097,
99.730552,
15.494748,
99.10921,
96.784439,
99.30501,
99.972727,
35.861411,
99.745059,
35.10945,
56.273868,
98.666521,
97.012537,
99.884622,
9.160298,
41.274159,
98.618413,
75.630819,
72.82593,
97.39831,
99.085061,
98.61056,
99.902377,
99.371403,
93.290852,
87.361039,
99.750771,
90.789758,
92.590288,
98.987131,
97.13205,
34.1297,
99.968051,
90.68981,
99.004875,
99.89781,
98.222776,
99.346116,
12.56906,
96.018657,
46.496923,
77.473666,
96.351027,
98.420293,
66.905493,
99.815312,
99.869609,
77.55987,
97.940332,
40.591985,
98.957182,
65.357535,
75.043961,
87.36097,
78.319568,
98.866007,
62.858816,
98.749304,
98.652709,
99.726579,
95.039928,
16.406244,
61.694805,
98.942643,
95.42019,
99.243492,
99.833437,
98.724564,
99.326736,
99.727462,
99.692099,
66.449373,
75.171052,
95.484128,
79.457552,
96.596665,
99.652484,
89.901502,
97.216057,
67.631962,
97.603734,
71.815436,
72.968949,
95.161003,
99.010946,
88.893676,
38.330973,
98.661687,
92.675104,
91.454787,
99.31159,
98.318685,
99.596227,
98.287366,
97.722315,
79.684842,
99.673153,
65.310856,
98.416804,
99.983472,
99.926865,
99.465154,
99.786198,
97.422069,
69.876056,
95.320014,
99.728487,
99.082314,
99.82174,
99.623324,
67.522816,
99.561567,
98.919379,
62.560372,
79.078336,
64.211495,
34.847311,
98.490902,
99.21783,
99.414435,
95.936552,
99.800564,
94.034242,
99.600717,
66.515649,
96.840727,
98.15855,
99.806141,
66.172718,
99.765959,
98.05156,
99.4782,
99.964965,
95.036012,
81.80788,
39.184345,
81.815501,
99.950608,
83.721602,
99.840494,
99.395164,
99.796021,
88.131961,
98.91983,
99.737951,
98.185046,
94.51884,
99.863926,
95.471466,
97.548478,
96.201262,
99.145648,
26.731481,
78.046286,
99.691326,
96.446167,
28.521317,
81.683307,
96.39987,
98.139919,
98.699744,
97.965096,
68.535122,
54.144507,
88.832151,
99.125526,
62.046816,
63.522318,
99.229409,
97.940425,
97.723494,
99.634437,
68.515167,
95.641089,
72.640279,
34.413621,
99.405961,
67.531872,
98.334534,
98.1036,
97.854562,
97.988817,
99.079829,
90.347694,
66.662027,
91.214971,
63.341691,
99.807166,
73.82113,
98.986223,
99.074385,
99.489193,
99.191777,
99.024262,
98.382844,
98.822265,
99.678647,
96.20937,
99.569722,
96.657461,
91.758583,
80.009353,
99.532451,
98.688846,
99.477432,
99.34203,
99.620422,
99.545068,
98.385751,
68.601855,
64.780735,
87.572282,
69.478697,
73.980353,
87.145169,
92.000793,
98.066169,
99.131749,
98.811128,
99.965903,
59.293938,
97.260787,
60.439651,
99.684958,
94.90223,
93.562474,
99.225493,
99.553268,
98.892237,
99.146016,
93.78755,
75.328996,
90.205098,
65.648668,
99.906511,
66.917599,
99.895257,
98.987061,
94.024311,
97.993899,
95.207548,
97.240845,
91.038223,
98.201303,
98.103165,
99.331009,
39.63916,
98.391465,
69.745045,
76.149465,
34.813739,
99.310935,
73.425062,
65.244902,
99.590595,
98.66563,
6.480504,
99.367082,
99.27466,
99.240262,
93.478142,
74.672621,
95.526335,
99.294973,
72.975781,
80.652595,
60.143714,
98.17692,
96.1153,
98.974775,
99.549108,
98.355061,
86.871901,
99.363856,
95.873483,
51.971202,
75.970776,
31.227797,
99.798671,
89.005349,
99.917621,
97.902666,
99.550801,
87.845382,
98.5395,
95.757371,
99.518377,
92.823857,
82.32928,
93.570418,
99.666571,
99.816022,
86.70182,
66.985609,
35.316021,
83.348428,
99.700238,
64.313451,
98.959215,
94.611172,
99.390209,
98.570262,
86.987011,
96.302529,
22.425859,
93.914541,
78.204359,
97.930471,
88.514934,
97.000968,
92.327371,
92.099615,
99.977942,
99.694915,
95.873987,
78.740022,
98.776516,
94.610286,
99.760043,
98.879579,
97.76373,
98.825578,
97.782518,
68.012439,
98.111386,
96.248324,
77.634268,
99.537971,
98.791064,
94.880205,
63.679111,
97.08759,
80.959042,
95.927342,
73.841457,
91.261179,
96.19869,
68.519632,
90.9718,
99.686914,
99.350119,
95.75206,
98.058635,
88.449523,
83.498133,
99.5905,
87.971568,
99.526023,
94.349439,
98.876263,
95.190238,
98.976399,
26.782115,
99.784613,
94.894175,
18.58491,
85.486744,
84.287684,
96.993479,
82.362245,
91.474388,
99.119652,
92.994935,
98.883077,
70.353376,
99.81526,
67.13574,
60.151197,
74.667563,
99.968175,
99.776606,
50.198662,
80.472615,
99.479993,
95.124448,
99.909559,
88.472181,
70.431157,
99.856296,
94.79673,
35.013951,
98.979843,
68.798334,
16.05797,
93.113461,
99.707318,
99.538434,
97.287994,
97.990254,
89.144035,
99.900377,
98.349139,
98.813099,
96.846056,
98.804891,
92.095012,
99.668625,
41.009476,
98.68571,
97.901658,
41.48739,
88.93828,
99.595244,
99.967544,
95.335966,
98.756217,
96.49907,
74.457153,
94.953181,
95.500045,
99.071426,
99.684981,
98.997096,
99.786363,
95.19445,
67.650934,
74.032612,
93.047089,
91.48727,
99.796577,
94.52886,
83.379995,
99.860679,
99.776503,
92.903855,
99.971361,
96.651279,
95.603509,
40.649364,
99.746191,
98.313696,
99.670439,
90.678641,
66.867257,
97.960752,
99.700611,
78.982702,
95.654801,
92.033849,
66.978191,
99.708313,
90.801573,
80.624519,
97.01401,
99.397301,
99.937617,
66.224425,
99.922098,
99.930807,
99.784671,
99.685512,
61.481891,
99.641038,
90.045054,
99.585308,
86.656132,
99.754029,
99.40582,
61.272705,
66.800845,
99.611479,
99.381775,
88.115045,
99.524932,
94.229736,
62.642681,
52.62554,
99.744468,
93.519776,
98.603249,
99.664027,
67.036532,
83.32656,
74.183623,
99.628201,
99.447264,
95.918508,
94.137531,
98.898566,
98.522341,
96.211321,
57.433357,
99.895545,
97.29073,
98.81914,
99.98616,
6.316637,
91.921997,
99.562738,
79.765509,
82.06521,
98.013038,
98.804303,
85.58062,
41.424535,
98.219847,
96.399613,
98.093675,
98.328606,
68.352044,
66.818099,
28.898013,
87.370145,
98.935095,
99.343242,
98.123115,
88.338164,
99.325965,
99.957342,
90.897124,
37.270087,
99.757688,
97.237457,
72.15256,
71.351147,
89.883859,
98.52618,
66.154278,
64.458162,
61.170346,
83.739895,
99.242478,
34.484864,
99.887377,
95.449642,
97.99228,
86.541128,
97.08716,
99.784086,
94.63193,
65.51523,
81.19454,
94.059966,
96.888183,
66.544679,
79.699045,
96.834101,
81.760571,
70.062354,
95.881637,
43.08149,
21.05429,
99.957367,
96.342137,
97.608014,
99.285,
94.07917,
62.950545,
99.869967,
22.16379,
69.181671,
99.162778,
99.708261,
85.024752,
99.580522,
18.444439,
78.859079,
98.450911,
75.342466,
96.773433,
89.144385,
88.499055,
99.858117,
94.841805,
67.114978,
68.816175,
88.09114,
99.915853,
99.378457,
82.795558,
99.552228,
99.743451,
99.168505,
90.811199,
77.008665,
99.516995,
97.546683,
49.221937,
93.16015,
99.785062,
40.696015,
61.564459,
87.16842,
90.590753,
99.874917,
97.813177,
99.352427,
41.563922,
99.967834,
98.45753,
94.941266,
99.412447,
64.445287,
97.505662,
99.284787,
87.739706,
89.884612,
99.347639,
97.677532,
85.118009,
99.352857,
99.497678,
99.396796,
99.245302,
92.652989,
99.756263,
97.237391,
98.142714,
97.036491,
33.011221,
96.507412,
99.732153,
98.643758,
99.707115,
98.619525,
98.476527,
61.792244,
97.751812,
98.501838,
99.708593,
97.731763,
66.814266,
57.564158,
90.358378,
88.375213,
3.160973,
99.388698,
99.547811,
67.651855,
95.97181,
38.317758,
98.969424,
20.592826,
96.985215,
97.735379,
99.889838,
60.401321,
69.356992,
63.512998,
97.385461,
96.65996,
99.609073,
93.457731,
98.492754,
94.157705,
93.924102,
95.344635,
94.946923,
98.717708,
96.0954,
78.129229,
95.04223,
99.656242,
91.5112,
91.650262,
99.696263,
98.084238,
99.114975,
42.596765,
99.942634,
53.815993,
86.769591,
84.343191,
18.062948,
68.703369,
74.839943,
68.068235,
97.323278,
99.465427,
75.60622,
85.25295,
73.537579,
75.369643,
89.76584,
84.377163,
98.786832,
98.552144,
98.174055,
97.275909,
30.425639,
99.318372,
99.92165,
99.776817,
9.751891,
50.014264,
96.246874,
92.502306,
99.371574,
61.887972,
37.443009,
62.444115,
98.224251,
71.117325,
97.758995,
94.955601,
97.951764,
97.481631,
98.750466,
96.150033,
51.757058,
99.445932,
98.898745,
97.032125,
70.299294,
99.865408,
90.329982,
67.550243,
98.714681,
99.937308,
97.478645,
76.007716,
69.39653,
84.937178,
90.243301,
69.427981,
89.955124,
98.575884,
99.92381,
94.946738,
29.447079,
99.96638,
87.87772,
97.215827,
92.511852,
89.219097,
89.022432,
60.908225,
65.802093,
99.515313,
97.449867,
95.319829,
84.928772,
99.980469,
97.861429,
99.711317,
98.958425,
99.572964,
13.628748,
99.05246,
99.74489,
39.241216,
36.270994,
98.241672,
94.677668,
97.807299,
6.964252,
99.939172,
99.48166,
99.90833,
68.183835,
86.519481,
97.64944,
98.536353,
86.205146,
22.156737,
91.365415,
33.749369,
68.83746,
98.467343,
96.380645,
99.338874,
98.944125,
97.63619,
93.569434,
59.661903,
89.739488,
6.284789,
99.644474,
58.993854,
99.939408,
99.148241,
85.370135,
82.72706,
99.733953,
99.951265,
98.956185,
99.324896,
99.233003,
98.393187,
99.583329,
99.971309,
99.714983,
91.703232,
70.085924,
82.471252,
99.40265,
88.901281,
95.352548,
63.395585,
50.533057,
63.594993,
99.607695,
57.562283,
65.071905,
99.532596,
83.217048,
99.729844,
98.917751,
81.326008,
89.727557,
89.657735,
99.143991,
66.540615,
98.567254,
99.539335,
90.178226,
91.193701,
99.085325,
87.140349,
99.602066,
99.885674,
34.188637,
92.518979,
94.11276,
99.048453,
95.84061,
58.599199,
99.009897,
97.021643,
83.66249,
75.889585,
99.430483,
98.601127,
98.056082,
82.53008,
97.451321,
89.195351,
95.678148,
96.862463,
99.281316,
99.687388,
95.629796,
96.980049,
72.205705,
69.516615,
99.0688,
99.953182,
94.786253,
99.505282,
99.52193,
72.283552,
93.804787,
99.911849,
99.749342,
98.96299,
98.578484,
64.058381,
74.447949,
98.108907,
70.515056,
99.663833,
99.762036,
99.025067,
99.843318,
94.902231,
98.493499,
99.923764,
67.890565,
99.873678,
61.550211,
98.765097,
99.695579,
96.306848,
92.443795,
97.413588,
81.705369,
95.727261,
99.896444,
82.966794,
84.843039,
98.739978,
68.506305,
43.739673,
99.738685,
98.760885,
98.884672,
98.458194,
64.938716,
96.993005,
99.033192,
99.711616,
99.496539,
98.218819,
77.735438,
67.064785,
94.401034,
96.859623,
99.628439,
87.479489,
72.863991,
98.144891,
95.390004,
99.94977,
97.209285,
62.499363,
98.559012,
86.088769,
97.614448,
65.200936,
99.975574,
97.901819,
99.330042,
66.166064,
89.683467,
99.284375,
78.334621,
57.633979,
74.866358,
99.682811,
99.86969,
99.089258,
61.735124,
98.181952,
99.284913,
97.393791,
95.534661,
89.447649,
99.001172,
78.840715,
99.749415,
97.802749,
71.827124,
96.962912,
48.676287,
91.748046,
99.873303,
99.503338,
98.962967,
67.837968,
99.715704,
98.35095,
99.904629,
90.047715,
99.647511,
99.749138,
94.080228,
90.472146,
66.217494,
98.275347,
93.109047,
67.580562,
72.561847,
90.646683,
98.011969,
84.184941,
13.582174,
96.782902,
96.569271,
98.708264,
95.077717,
98.978483,
90.569496,
81.707941,
99.702223,
93.675152,
85.947858,
89.407699,
99.924605,
99.720781,
99.19632,
99.116378,
99.606906,
99.200566,
98.230806,
96.733738,
99.647557,
99.966773,
96.055135,
66.631833,
95.845852,
67.641994,
63.658006,
96.058431,
61.19683,
96.734748,
99.415745,
99.125254,
99.55307,
95.396438,
98.152592,
99.973554,
24.775799,
90.762448,
96.246231,
15.488964,
98.735416,
98.121911,
99.837346,
80.2194,
86.767401,
99.748403,
99.064434,
99.304096,
63.304318,
99.566211,
99.606499,
99.316526,
87.266637,
94.65012,
98.589953,
98.125342,
98.049307,
85.926969,
69.294038,
92.574681,
99.861628,
99.713998,
99.860901,
99.317167,
98.422072,
55.678308,
97.626647,
22.371639,
96.834544,
99.569068,
91.461777,
97.085011,
53.648168,
58.213923,
99.760441,
62.31288,
96.520108,
71.784592,
34.156395,
77.240393,
97.863026,
98.189056,
97.890785,
66.043191,
72.823906,
99.796833,
69.391015,
92.150183,
58.10766,
99.620352,
94.430067,
99.914251,
34.613174,
93.581282,
99.248117,
97.197718,
81.898753,
58.187664,
98.47078,
99.065979,
33.671367,
78.705357,
88.033938,
97.408236,
96.280207,
66.760584,
39.387677,
38.408099,
68.369504,
99.290273,
60.132187,
91.250527,
99.90741,
99.040161,
98.463189,
99.039204,
93.613502,
43.254396,
89.619551,
98.311657,
99.831376,
68.830285,
98.790783,
86.246978,
81.960229,
98.700056,
99.043723,
99.653251,
98.969056,
75.591174,
99.576835,
68.712359,
85.000464,
98.874137,
95.933353,
96.111593,
68.970927,
95.852723,
99.478771,
97.878685,
88.729242,
99.297449,
99.671077,
89.198336,
33.462773,
66.964935,
98.326661,
97.100713,
99.764038,
63.325161,
24.01152,
94.234837,
62.100816,
99.799777,
98.377128,
97.502551,
96.285959,
71.165546,
96.577291,
28.197276,
99.274348,
85.17768,
89.422609,
91.610753,
99.928157,
94.930998,
90.021949,
80.855573,
98.27956,
78.261077,
89.913748,
98.737733,
73.870298,
75.206299,
97.7539,
99.867606,
87.125886,
83.414952,
99.816698,
57.947517,
92.198566,
99.146689,
98.816599,
99.577294,
99.684402,
99.777207,
34.448919,
85.588273,
99.343273,
99.715925,
67.065434,
74.20724,
99.937837,
99.707094,
93.265417,
60.462534,
37.883301,
57.990351,
97.613313,
65.18508,
99.88056,
99.836731,
99.945437,
71.752987,
98.883899,
99.20451,
78.228269,
92.503,
98.599778,
99.777099,
91.328108,
96.692232,
99.379052,
83.630404,
99.888396,
92.938635,
43.660069,
99.735245,
33.739449,
97.261813,
74.331615,
99.813758,
99.367679,
98.397371,
88.871079,
91.572445,
95.218285,
67.707981,
89.474944,
98.411631,
99.095516,
99.798803,
94.332296,
91.03096,
32.397322,
92.59101,
99.831435,
92.400115,
99.785659,
35.953567,
80.808187,
69.319699,
75.741683,
96.881649,
89.834242,
64.095194,
46.62656,
99.340099,
72.629675,
96.274457,
68.303221,
89.794565,
99.915481,
75.787193,
66.302766,
99.725802,
99.841442,
85.120443,
98.750751,
98.4373,
96.589127,
99.078732,
77.976861,
68.89304,
98.095391,
99.103574,
61.058005,
90.683236,
95.052341,
86.442379,
99.277716,
85.156528,
99.403736,
91.208611,
98.610085,
99.68131,
81.552223,
32.356777,
99.037393,
62.371776,
39.921852,
93.00445,
99.757792,
86.641044,
9.791582,
97.753411,
95.296862,
99.819192,
94.987424,
54.132028,
39.039165,
74.341931,
68.773437,
82.296253,
99.656784,
97.589568,
38.08842,
83.881956,
99.870819,
97.438997,
84.506027,
76.928235,
99.918353,
97.324968,
99.979796,
29.405983,
96.973746,
99.192561,
95.494601,
89.352521,
77.848961,
94.105536,
97.429258,
64.860186,
96.634801,
99.169085,
90.838011,
90.260469,
33.559211,
99.512019,
99.317006,
96.639701,
31.329922,
99.136147,
79.92191,
97.273138,
99.947557,
99.968198,
99.390408,
98.121947,
99.980447,
99.290392,
88.343673,
99.437514,
99.903601,
96.897596,
66.419945,
97.461612,
99.957798,
98.921103,
96.752213,
99.478009,
97.49743,
98.079083,
99.591875,
33.353914,
43.9548,
61.767356,
94.394251,
86.046685,
99.820395,
99.087192,
37.754583,
91.174832,
56.641534,
99.670189,
96.342321,
99.099492,
66.753928,
43.362935,
91.843151,
8.259951,
88.00667,
98.20487,
77.561737,
96.459704,
99.7476,
99.533004,
94.212102,
99.833634,
99.714365,
55.158544,
77.594351,
99.689905,
54.333834,
94.114135,
87.732819,
99.305527,
98.567841,
77.597331,
29.609838,
17.532692,
98.811961,
99.738969,
78.20425,
99.944535,
99.730947,
78.933727,
93.162685,
97.804484,
99.64741,
89.13225,
87.017632,
98.68736,
98.490462,
99.627097,
98.118919,
97.891015,
98.50259,
99.206546,
95.211094,
18.439007,
88.044163,
64.339519,
96.708582,
99.935963,
73.242358,
79.363183,
98.707831,
99.760803,
92.085459,
27.201166,
80.100778,
96.941581,
99.350891,
89.960078,
55.733623,
97.648261,
90.517755,
99.694201,
94.40805,
98.54875,
92.627956,
97.033376,
62.069444,
95.216631,
95.895524,
99.843034,
96.041814,
98.786411,
35.211913,
73.291352,
96.513992,
87.26136,
96.809878,
93.372324,
99.815736,
99.982915,
87.831,
99.2975,
98.923818,
99.545664,
99.546957,
99.339848,
95.531229,
98.489381,
94.070767,
62.6489,
92.915551,
39.292918,
77.882299,
76.097158,
68.784633,
13.430336,
99.731866,
98.583876,
99.431594,
99.325011,
53.111827,
99.527107,
99.189672,
96.688819,
99.593626,
99.242868,
69.486777,
99.247454,
99.164659,
99.62999,
99.849613,
97.135911,
8.548063,
99.372267,
65.637621,
98.682298,
93.29759,
92.272347,
99.982094,
99.666599,
99.760739,
85.370209,
95.901986,
27.052761,
99.796101,
99.374928,
38.474934,
67.227303,
62.789339,
94.380174,
99.907555,
93.787638,
90.885709,
99.642092,
98.572681,
62.7455,
99.14452,
22.685506,
98.974623,
99.626354,
67.453221,
9.40098,
83.993365,
83.314802,
99.386851,
86.897407,
92.814884,
99.710178,
85.372778,
99.213193,
99.458146,
94.532262,
68.610803,
63.204022,
99.292941,
99.293772,
99.536563,
62.441732,
90.331415,
92.743558,
99.524824,
43.64875,
71.129392,
43.619,
99.830534,
98.177994,
54.361267,
99.025097,
99.073788,
86.629561,
94.616488,
99.488259,
99.553981,
97.701041,
93.438376,
98.967283,
22.899847,
90.651475,
99.958202,
98.949809,
91.458523,
99.363389,
99.8391,
69.790322,
99.907434,
98.971176,
92.921355,
22.474977,
95.526876,
99.817169,
71.724318,
50.416716,
43.721793,
94.108383,
91.286194,
61.339679,
96.750421,
32.344475,
92.851643,
88.391165,
99.750971,
98.458943,
73.531887,
64.39558,
99.606153,
93.645146,
57.901452,
97.393592,
97.27237,
98.185469,
99.887004,
99.952296,
98.456692,
32.124804,
97.032652,
88.210228,
99.358362,
84.692518,
92.785461,
96.457975,
99.154467,
75.49341,
99.802518,
67.803165,
64.310333,
87.792477,
95.943689,
97.259303,
65.767883,
95.907785,
99.535594,
88.217541,
98.47,
9.369285,
99.906133,
73.226867,
95.166822,
99.562151,
99.67716,
99.384861,
69.504964,
94.162351,
94.439916,
99.048729,
99.963792,
36.140039,
98.112286,
92.70526,
92.542946,
98.509397,
97.633786,
96.75971,
98.971875,
99.846442,
84.491022,
99.911435,
99.604562,
63.274067,
84.995914,
90.930963,
57.982175,
99.194672,
99.840733,
99.837317,
97.716095,
34.552356,
99.178429,
99.406746,
97.318609,
75.863913,
98.108637,
99.97196,
94.17433,
30.277261,
84.020972,
99.141944,
88.235825,
68.562893,
98.388028,
92.405286,
61.270648,
91.168783,
91.090395,
96.113357,
92.573449,
99.621508,
93.302405,
99.795852,
89.722458,
99.919713,
90.131495,
69.134984,
93.799449,
98.101144,
99.629588,
54.693635,
63.48644,
69.080338,
38.830618,
99.97384,
99.887069,
92.933203,
94.801864,
71.928048,
32.200709,
99.329146,
99.917424,
99.890809,
98.857214,
77.533188,
74.973209,
76.248869,
99.631147,
98.757605,
99.010867,
81.949896,
81.577638,
