1.764480397105216980e-02
3.477760031819343567e-02
2.131200022995471954e-02
1.249280106276273727e-02
1.689919643104076385e-02
9.894398041069507599e-03
1.111360080540180206e-02
1.470720116049051285e-02
2.100800164043903351e-02
1.158079784363508224e-02
2.023039758205413818e-02
1.833279989659786224e-02
1.115840207785367966e-02
1.412799768149852753e-02
1.025279983878135681e-02
4.817599803209304810e-02
1.027840003371238708e-02
1.215389966964721680e-01
1.266240142285823822e-02
2.205759845674037933e-02
1.112960092723369598e-02
2.777600102126598358e-02
1.598400063812732697e-02
9.881601668894290924e-03
1.024320255964994431e-02
1.315519772469997406e-02
1.789760403335094452e-02
1.326719764620065689e-02
1.353599969297647476e-02
1.391359977424144745e-02
1.411520317196846008e-02
1.359680108726024628e-02
1.227839849889278412e-02
1.103359926491975784e-02
1.130559947341680527e-02
1.685439608991146088e-02
1.371520292013883591e-02
1.455359812825918198e-02
1.541440375149250031e-02
1.283200271427631378e-02
1.303679961711168289e-02
1.229439862072467804e-02
2.033279836177825928e-02
9.376001544296741486e-03
1.777919940650463104e-02
1.069759950041770935e-02
1.795199885964393616e-02
1.264319755136966705e-02
1.094079948961734772e-02
1.103040110319852829e-02
1.207039691507816315e-02
1.207679882645606995e-02
1.488959975540637970e-02
1.394880097359418869e-02
2.557760104537010193e-02
1.096539944410324097e-01
1.089279912412166595e-02
1.030720025300979614e-02
1.487679779529571533e-02
1.142400130629539490e-02
1.356479804962873459e-02
1.525440346449613571e-02
1.397120021283626556e-02
2.357440069317817688e-02
1.170880254358053207e-02
1.834880001842975616e-02
1.545279659330844879e-02
2.032000012695789337e-02
1.269119884818792343e-02
1.114239729940891266e-02
1.764800213277339935e-02
1.020159944891929626e-02
1.995839923620223999e-02
1.365120243281126022e-02
8.947202004492282867e-03
1.912000216543674469e-02
1.533760223537683487e-02
1.773440092802047729e-02
1.307200081646442413e-02
2.055680006742477417e-02
1.550719793885946274e-02
1.061440072953701019e-02
1.258880272507667542e-02
1.425279770046472549e-02
1.017600018531084061e-02
1.155519764870405197e-02
1.209919806569814682e-02
1.335040107369422913e-02
1.245759706944227219e-02
1.239039935171604156e-02
1.204480044543743134e-02
1.095039770007133484e-02
1.724160276353359222e-02
1.873919740319252014e-02
1.283519715070724487e-02
1.220799796283245087e-02
1.963839866220951080e-02
1.232000254094600677e-02
9.814398363232612610e-03
1.530239917337894440e-02
1.065279915928840637e-02
1.475839968770742416e-02
2.135040238499641418e-02
1.016640197485685349e-02
1.488959975540637970e-02
1.364159770309925079e-02
1.106239948421716690e-02
1.581120304763317108e-02
1.075520087033510208e-02
1.554239820688962936e-02
1.857599988579750061e-02
1.274880114942789078e-02
1.133760157972574234e-02
1.575360074639320374e-02
1.572479680180549622e-02
1.864320039749145508e-02
1.635839976370334625e-02
1.802880130708217621e-02
1.311999745666980743e-02
1.484800316393375397e-02
1.219840254634618759e-02
1.264639850705862045e-02
1.723839715123176575e-02
2.391680143773555756e-02
9.507199749350547791e-03
1.405759900808334351e-02
2.205759845674037933e-02
1.022400055080652237e-02
1.566719636321067810e-02
1.815360039472579956e-02
1.916480064392089844e-02
1.227200124412775040e-02
1.783359982073307037e-02
1.097280066460371017e-02
1.557440310716629028e-02
1.018879842013120651e-02
1.243199780583381653e-02
1.353279873728752136e-02
1.941760256886482239e-02
1.488959975540637970e-02
1.010240148752927780e-02
1.396800298243761063e-02
1.078719925135374069e-02
1.024640165269374847e-02
1.231040153652429581e-02
2.061760053038597107e-02
1.448639668524265289e-02
1.269760262221097946e-02
1.691840216517448425e-02
1.178240124136209488e-02
2.347199805080890656e-02
1.846079900860786438e-02
1.128959935158491135e-02
1.763519831001758575e-02
1.474879682064056396e-02
1.631039753556251526e-02
1.588160358369350433e-02
1.248960290104150772e-02
1.195839792490005493e-02
1.549760345369577408e-02
1.000959798693656921e-02
1.181120239198207855e-02
1.316800061613321304e-02
1.133119780570268631e-02
1.239039935171604156e-02
1.240959763526916504e-02
1.396800298243761063e-02
1.038719899952411652e-02
2.487680315971374512e-02
3.673920035362243652e-02
1.875199750065803528e-02
1.590719819068908691e-02
1.114560198038816452e-02
1.652800105512142181e-02
1.030720025300979614e-02
3.798399865627288818e-02
1.281279791146516800e-02
1.829440332949161530e-02
1.635839976370334625e-02
1.784640364348888397e-02
1.314880046993494034e-02
9.628798812627792358e-03
1.227520219981670380e-02
1.312959752976894379e-02
2.480639889836311340e-02
1.371840108186006546e-02
1.167040225118398666e-02
9.996800683438777924e-03
1.261760108172893524e-02
1.135679893195629120e-02
1.857599988579750061e-02
1.846079900860786438e-02
1.134399883449077606e-02
1.275519840419292450e-02
1.194879878312349319e-02
1.430399809032678604e-02
1.524800341576337814e-02
1.314240135252475739e-02
1.832959987223148346e-02
1.847680099308490753e-02
1.837440021336078644e-02
1.072640251368284225e-02
2.533759921789169312e-02
1.074559986591339111e-02
1.517120003700256348e-02
1.186880003660917282e-02
2.051840163767337799e-02
1.061759982258081436e-02
1.411520317196846008e-02
1.370880194008350372e-02
1.196160260587930679e-02
1.146239880472421646e-02
1.994239911437034607e-02
1.335040107369422913e-02
1.233919803053140640e-02
1.726399548351764679e-02
1.034559775143861771e-02
1.983679831027984619e-02
1.193599775433540344e-02
9.897601790726184845e-03
1.406720094382762909e-02
1.236480195075273514e-02
1.273920014500617981e-02
1.150720100849866867e-02
1.762240380048751831e-02
1.091840025037527084e-02
1.061440072953701019e-02
1.557759661227464676e-02
1.124799903482198715e-02
2.249280177056789398e-02
1.901759952306747437e-02
9.641598910093307495e-03
1.378879696130752563e-02
9.884801693260669708e-03
1.634880155324935913e-02
1.335359737277030945e-02
1.173440087586641312e-02
1.895999908447265625e-02
1.540159713476896286e-02
1.264639850705862045e-02
1.238080207258462906e-02
1.201599743217229843e-02
1.382080186158418655e-02
1.939519867300987244e-02
1.493439730256795883e-02
1.520959660410881042e-02
9.446398355066776276e-03
1.096319779753684998e-02
1.914560236036777496e-02
1.134399883449077606e-02
1.138239912688732147e-02
1.390080060809850693e-02
1.127680018544197083e-02
1.390080060809850693e-02
9.337599389255046844e-03
1.287040021270513535e-02
