0.074464,
0.081568,
0.116672,
0.084096,
0.074144,
0.136384,
0.207104,
0.082912,
0.114144,
0.099328,
0.090496,
0.121536,
0.093504,
0.090176,
0.096512,
0.120608,
0.115808,
0.18112,
0.079712,
0.102656,
0.083648,
0.073696,
0.07792,
0.078656,
0.083072,
0.078432,
0.087264,
0.075552,
0.091744,
0.074656,
0.10864,
0.074208,
0.08048,
0.149056,
0.09824,
0.147296,
0.118624,
0.073184,
0.072832,
0.105088,
0.077472,
0.113312,
0.072512,
0.08192,
0.150304,
0.108288,
0.087712,
0.075584,
0.081952,
0.092352,
0.094208,
0.091392,
0.091968,
0.072672,
0.093216,
0.077856,
0.104832,
0.083488,
0.149568,
0.074656,
0.073024,
0.097312,
0.087136,
0.103072,
0.117504,
0.128864,
0.072864,
0.099328,
0.079648,
0.101152,
0.07584,
0.092352,
0.078016,
0.109664,
0.104704,
0.094656,
0.07488,
0.073728,
0.09984,
0.115136,
0.083712,
0.078784,
0.14096,
0.091968,
0.092416,
0.109792,
0.094464,
0.106752,
0.073344,
0.091936,
0.131808,
0.0832,
0.085408,
0.087552,
0.104704,
0.0808,
0.116512,
0.152832,
0.093952,
0.074496,
0.133056,
0.080064,
0.105472,
0.083936,
0.081184,
0.134272,
0.310784,
0.088736,
0.120032,
0.10704,
0.105248,
0.079136,
0.073824,
0.112704,
0.11328,
0.119712,
0.111392,
0.100672,
0.075808,
0.083456,
0.088736,
0.088608,
0.085216,
0.14224,
0.09936,
0.093536,
0.08944,
0.087104,
0.097248,
0.075328,
0.0776,
0.137536,
0.076704,
0.121632,
0.072832,
0.09808,
0.125664,
0.07664,
0.075456,
0.087168,
0.076256,
0.11072,
0.127104,
0.076192,
0.094464,
0.145024,
0.098624,
0.135904,
0.119776,
0.087456,
0.093856,
0.121216,
0.123104,
0.074656,
0.135136,
0.118496,
0.073312,
0.10224,
0.126496,
0.075712,
0.073024,
0.115008,
0.087616,
0.107648,
0.13344,
0.132512,
0.101024,
0.078656,
0.157024,
0.08032,
0.106688,
0.1096,
0.108448,
0.099328,
0.102464,
0.089824,
0.092064,
0.081024,
0.089984,
0.19312,
0.099744,
0.078688,
0.152736,
0.100704,
0.177344,
0.091744,
0.102208,
0.087104,
0.091328,
0.078624,
0.079136,
0.09232,
0.090144,
0.074656,
0.092416,
0.078144,
0.090944,
0.107168,
0.09984,
0.109024,
0.1296,
0.101792,
0.07744,
0.10752,
0.106496,
0.133952,
0.08384,
0.097376,
0.088832,
0.158368,
0.085792,
0.074752,
0.08096,
0.07888,
0.08912,
0.075488,
0.119488,
0.142176,
0.085216,
0.081088,
0.145088,
0.074976,
0.106976,
0.082272,
0.075776,
0.087776,
0.114784,
0.093728,
0.096352,
0.133184,
0.084256,
0.095648,
0.078432,
0.110592,
0.087328,
0.078912,
0.147456,
0.077824,
0.089152,
0.089152,
0.076928,
0.129824,
0.098592,
0.081984,
0.091744,
0.07792,
0.094272,
0.094944,
0.112864,
0.113952,
0.113856,
0.08944,
0.100352,
0.078368,
0.09728,
0.116416,
0.123136,
0.1096,
0.142208,
0.095296,
0.12256,
0.09168,
0.104512,
0.101952,
0.111328,
0.085568,
0.106592,
0.085152,
0.080832,
0.090848,
0.123904,
0.105152,
0.077152,
0.121152,
0.079776,
0.103744,
0.14336,
0.099712,
0.108544,
0.07344,
0.074752,
0.144416,
0.095552,
0.189728,
0.222272,
0.120416,
0.071264,
0.116352,
0.107616,
0.09232,
0.113728,
0.084,
0.102464,
0.090816,
0.089664,
0.145824,
0.073344,
0.0728,
0.083328,
0.07504,
0.126208,
0.096096,
0.09168,
0.104448,
0.13952,
0.086944,
0.096256,
0.091616,
0.105472,
0.114464,
0.107776,
0.122656,
0.100384,
0.181216,
0.187392,
0.104096,
0.169952,
0.074592,
0.093696,
0.236768,
0.116992,
0.164864,
0.092448,
0.146624,
0.0864,
0.078784,
0.154464,
0.147968,
0.091104,
0.081152,
0.103744,
0.09728,
0.083488,
0.096128,
0.1064,
0.106496,
0.13408,
0.105408,
0.07792,
0.172032,
0.165888,
0.093152,
0.07632,
0.137408,
0.120032,
0.124448,
0.114272,
0.083712,
0.081824,
0.091392,
0.078784,
0.149408,
0.079904,
0.091264,
0.117632,
0.082304,
0.086848,
0.077792,
0.079232,
0.132864,
0.102112,
0.094912,
0.10416,
0.097216,
0.088448,
0.078912,
0.255136,
0.095424,
0.083968,
0.106432,
0.073408,
0.073824,
0.090304,
0.087104,
0.13472,
0.08736,
0.090816,
0.096896,
0.106624,
0.072768,
0.120288,
0.080192,
0.090912,
0.078336,
0.074944,
0.08944,
0.09568,
0.111552,
0.107296,
0.08768,
0.135392,
0.125792,
0.117696,
0.095968,
0.090208,
0.080896,
0.107712,
0.082336,
0.10432,
0.123552,
0.100768,
0.07488,
0.127584,
0.074656,
0.120416,
0.097888,
0.075776,
0.177664,
0.097184,
0.171936,
0.075136,
0.09056,
0.106304,
0.135264,
0.073536,
0.11072,
0.106304,
0.136192,
0.075744,
0.136448,
0.13904,
0.10224,
0.122016,
0.087328,
0.10608,
0.083168,
0.07456,
0.093248,
0.148672,
0.08064,
0.083872,
0.108544,
0.146368,
0.090976,
0.123808,
0.077856,
0.127008,
0.084352,
0.092928,
0.103424,
0.111104,
0.07936,
0.122816,
0.096096,
0.104608,
0.086016,
0.078432,
0.109152,
0.107552,
0.097632,
0.162112,
0.090624,
0.098016,
0.109536,
0.076864,
0.081312,
0.076544,
0.093504,
0.145664,
0.104608,
0.079872,
0.074496,
0.087136,
0.097216,
0.11952,
0.137216,
0.082496,
0.093664,
0.092768,
0.094016,
0.092192,
0.112608,
0.147776,
0.114784,
0.10128,
0.10032,
0.078816,
0.080736,
0.135264,
0.076128,
0.110336,
0.076704,
0.080992,
0.089888,
0.14864,
0.109984,
0.090848,
0.090528,
0.079296,
0.101952,
0.11104,
0.088064,
0.079008,
0.079936,
0.138144,
0.07456,
0.1008,
0.089728,
0.183296,
0.140224,
0.098752,
0.093696,
0.09968,
0.135104,
0.12672,
0.089216,
0.09536,
0.07616,
0.228512,
0.076608,
0.080096,
0.153376,
0.109952,
0.081216,
0.079904,
0.080672,
0.088064,
0.079872,
0.080064,
0.081472,
0.083392,
0.128,
0.13984,
0.106304,
0.164128,
0.074752,
0.119456,
0.13312,
0.076384,
0.081056,
0.085504,
0.167264,
0.102752,
0.11552,
0.099968,
0.095168,
0.0952,
0.14656,
0.093376,
0.160544,
0.087168,
0.091264,
0.099872,
0.118784,
0.1024,
0.093568,
0.077952,
0.104544,
0.118848,
0.130016,
0.086016,
0.192672,
0.116864,
0.10688,
0.079424,
0.085696,
0.13168,
0.093888,
0.088608,
0.115968,
0.114336,
0.128032,
0.092384,
0.124384,
0.08192,
0.126336,
0.09728,
0.101408,
0.098368,
0.090176,
0.144384,
0.108512,
0.077568,
0.156096,
0.130112,
0.099232,
0.122976,
0.106528,
0.078688,
0.094016,
0.090496,
0.115328,
0.07696,
0.076832,
0.085952,
0.07664,
0.097184,
0.083264,
0.079488,
0.086336,
0.110496,
0.074592,
0.118848,
0.09296,
0.09504,
0.123552,
0.133536,
0.094304,
0.075904,
0.081984,
0.075456,
0.079936,
0.122112,
0.075232,
0.114656,
0.110592,
0.185312,
0.076832,
0.080256,
0.091136,
0.074688,
0.095584,
0.102976,
0.089504,
0.12144,
0.09632,
0.087808,
0.157696,
0.076128,
0.263936,
0.09936,
0.097152,
0.074912,
0.104192,
0.131936,
0.102752,
0.088896,
0.091552,
0.091136,
0.132992,
0.11184,
0.157952,
0.081952,
0.154624,
0.091136,
0.10848,
0.121856,
0.101984,
0.075168,
0.126368,
0.100512,
0.094976,
0.123904,
0.099776,
0.094272,
0.114528,
0.075904,
0.102656,
0.096896,
0.154048,
0.14336,
0.0728,
0.151552,
0.114656,
0.088256,
0.101824,
0.093152,
0.07488,
0.07968,
0.090304,
0.181568,
0.103328,
0.119744,
0.124576,
0.112896,
0.090784,
0.12,
0.104704,
0.120864,
0.091424,
0.102464,
0.105376,
0.08256,
0.081824,
0.0808,
0.118784,
0.129984,
0.121056,
0.08704,
0.107488,
0.090016,
0.089184,
0.073248,
0.138272,
0.104768,
0.089088,
0.083872,
0.13056,
0.184992,
0.109568,
0.0888,
0.10032,
0.088224,
0.101472,
0.09216,
0.081504,
0.096448,
0.093056,
0.444992,
0.110016,
0.161792,
0.12496,
0.089856,
0.086016,
0.110848,
0.072544,
0.154848,
0.126656,
0.081056,
0.097056,
0.1008,
0.081696,
0.127776,
0.084864,
0.080608,
0.07712,
0.075776,
0.132096,
0.07376,
0.077824,
0.098592,
0.10864,
0.105888,
0.134144,
0.1504,
0.077088,
0.079872,
0.129024,
0.148576,
0.076416,
0.0888,
0.11392,
0.10528,
0.092672,
0.081952,
0.122368,
0.07696,
0.072576,
0.105984,
0.130304,
0.07744,
0.084096,
0.098304,
0.07568,
0.092928,
0.1848,
0.08176,
0.077504,
0.075776,
0.104864,
0.106624,
0.082912,
0.112288,
0.099008,
0.140736,
0.098048,
0.08912,
0.080032,
0.095648,
0.078016,
0.139296,
0.090848,
0.090112,
0.129984,
0.158368,
0.072768,
0.07968,
0.075552,
0.094752,
0.093312,
0.095584,
0.080896,
0.09392,
0.07552,
0.0744,
0.104448,
0.094208,
0.132832,
0.097152,
0.16896,
0.1256,
0.079968,
0.0944,
0.11056,
0.102912,
0.218112,
0.12768,
0.076832,
0.096064,
0.088288,
0.091904,
0.100128,
0.079264,
0.140416,
0.076384,
0.095456,
0.075488,
0.075552,
0.072704,
0.120096,
0.095872,
0.081952,
0.085056,
0.086848,
0.100768,
0.118944,
0.1712,
0.077024,
0.103232,
0.107424,
0.077824,
0.10592,
0.114176,
0.114528,
0.1064,
0.09264,
0.07504,
0.09456,
0.080384,
0.113632,
0.0744,
0.102752,
0.077248,
0.105216,
0.092416,
0.101472,
0.072544,
0.103808,
0.08112,
0.150336,
0.154528,
0.080544,
0.113504,
0.094016,
0.076224,
0.099552,
0.118816,
0.07296,
0.07312,
0.111424,
0.106528,
0.086848,
0.083104,
0.112064,
0.07568,
0.095904,
0.14704,
0.113536,
0.074176,
0.16944,
0.094976,
0.077248,
0.167744,
0.143456,
0.099104,
0.101184,
0.078016,
0.135904,
0.111808,
0.106176,
0.082944,
0.077312,
0.086048,
0.137696,
0.076352,
0.122176,
0.089184,
0.077504,
0.079712,
0.177504,
0.088544,
0.185952,
0.081888,
0.107584,
0.155232,
0.110304,
0.111456,
0.197472,
0.07984,
0.101248,
0.08384,
0.102464,
0.101472,
0.077024,
0.103456,
0.082464,
0.129152,
0.075552,
0.078592,
0.155936,
0.13136,
0.092736,
0.078272,
0.09088,
0.08272,
0.089696,
0.09168,
0.077664,
0.105024,
0.1168,
0.080512,
0.0768,
0.104192,
0.103584,
0.095712,
0.074656,
0.077504,
0.096768,
0.084672,
0.0768,
0.110976,
0.146016,
0.103104,
0.107968,
0.077888,
0.08112,
0.150624,
0.074816,
0.081888,
0.105856,
0.12576,
0.114336,
0.076032,
0.089472,
0.146848,
0.12864,
0.141152,
0.089376,
0.151648,
0.115392,
0.100416,
0.10512,
0.079168,
0.085248,
0.08608,
0.151744,
0.100192,
0.077312,
0.104608,
0.120864,
0.194368,
0.111072,
0.181536,
0.149728,
0.176736,
0.106752,
0.129312,
0.08176,
0.09296,
0.204032,
0.140192,
0.087648,
0.093728,
0.080352,
0.105024,
0.085088,
0.085568,
0.100672,
0.140832,
0.151648,
0.081728,
0.09536,
0.11968,
0.124992,
0.134592,
0.077472,
0.13728,
0.080064,
0.082528,
0.17872,
0.136896,
0.128384,
0.1344,
0.099488,
0.076096,
0.116736,
0.077408,
0.091328,
0.110912,
0.075904,
0.08784,
0.094336,
0.091168,
0.094848,
0.15696,
0.080576,
0.091296,
0.08944,
0.110656,
0.087008,
0.088128,
0.077632,
0.103232,
1.095742,
0.100512,
0.081728,
0.073408,
0.085888,
0.09952,
0.150368,
0.09264,
0.115552,
0.080512,
0.080896,
0.093728,
0.158944,
0.103552,
0.074752,
0.124288,
0.110176,
0.10224,
0.098912,
0.087328,
0.07776,
0.111168,
0.077664,
0.10592,
0.122176,
0.08384,
0.098912,
0.115424,
0.076576,
0.08768,
0.07584,
0.094176,
0.115072,
0.083168,
0.154592,
0.075392,
0.105248,
0.094272,
0.117248,
0.073312,
0.079264,
0.09616,
0.083104,
0.112544,
0.096096,
0.096096,
0.112448,
0.077792,
0.114944,
0.09872,
0.094944,
0.076224,
0.102784,
0.107488,
0.107456,
0.13296,
0.103712,
0.111744,
0.091616,
0.088512,
0.109312,
0.094912,
0.158144,
0.094336,
0.12224,
0.093056,
0.110112,
0.101632,
0.094592,
0.09584,
0.103264,
0.107136,
0.081312,
0.079456,
0.093504,
0.090944,
0.087552,
0.071136,
0.082368,
0.124064,
0.07376,
0.119328,
0.160864,
0.089024,
0.093888,
0.07776,
0.125664,
0.090784,
0.129792,
0.138304,
0.076512,
0.075008,
0.096832,
0.187552,
0.078464,
0.103968,
0.077856,
0.11344,
0.073536,
0.10528,
0.109376,
0.090784,
0.09008,
0.089472,
0.098592,
0.10176,
0.11808,
0.079104,
0.09024,
0.104384,
0.132,
0.116864,
0.075904,
0.075616,
0.084288,
0.076096,
0.10736,
0.13792,
0.113472,
0.104576,
0.121056,
0.115616,
0.107808,
0.112288,
0.076448,
0.13328,
0.09344,
0.102912,
0.084608,
0.156864,
0.109184,
0.082592,
0.087936,
0.076736,
0.140672,
0.133984,
0.119968,
0.091264,
0.133792,
0.073888,
0.07984,
0.115008,
0.149728,
0.140256,
0.108928,
0.115424,
0.076384,
0.099648,
0.133984,
0.108416,
0.103264,
0.09104,
0.089632,
0.077696,
0.11408,
0.096096,
0.100896,
0.09424,
0.100288,
0.105376,
0.14992,
0.0936,
0.106176,
0.093472,
0.091392,
0.088896,
0.105856,
0.103392,
0.093888,
0.104,
0.153408,
0.086656,
0.106816,
0.112704,
0.072032,
0.155904,
0.125472,
0.116064,
0.08576,
0.090144,
0.098848,
0.075648,
0.259584,
0.089344,
0.126464,
0.09008,
0.196,
0.077376,
0.115168,
0.104896,
0.075168,
0.097952,
0.096832,
0.112768,
0.128256,
0.105984,
0.118368,
0.098816,
0.11888,
0.077536,
0.112992,
0.153952,
0.095296,
0.08272,
0.149056,
0.125088,
0.114624,
0.076192,
0.080256,
0.089728,
0.137728,
0.096352,
0.10736,
0.124736,
0.075392,
0.080032,
0.087488,
0.199904,
0.171488,
0.07488,
0.0912,
0.07472,
0.107712,
0.079136,
0.098208,
0.107488,
0.114464,
0.088064,
0.121536,
0.096832,
0.106432,
0.094304,
0.148064,
0.077248,
0.086592,
0.122048,
0.152096,
0.092032,
0.150464,
0.106816,
0.108224,
0.200896,
0.098752,
0.078528,
0.147424,
0.079584,
0.089856,
0.08992,
0.11424,
0.071584,
0.113184,
0.080736,
0.150816,
0.10304,
0.105984,
0.1048,
0.105312,
0.179488,
0.115936,
0.10304,
0.107744,
0.089216,
0.079456,
0.10016,
0.082688,
0.090272,
0.14144,
0.100832,
0.07584,
0.09344,
0.08976,
0.103936,
0.116832,
0.117088,
0.077056,
0.130304,
0.095744,
0.084384,
0.092832,
0.125664,
0.11904,
0.11744,
0.1368,
0.080992,
0.072352,
0.101856,
0.087936,
0.113824,
0.109792,
0.079552,
0.091808,
0.081056,
0.07952,
0.114784,
0.082816,
0.07488,
0.095744,
0.094592,
0.081344,
0.083392,
0.089568,
0.147328,
0.10368,
0.080576,
0.095648,
0.08336,
0.092288,
0.131328,
0.113984,
0.162304,
0.112512,
0.099008,
0.106176,
0.113408,
0.077952,
0.108064,
0.109184,
0.130464,
0.083904,
0.07728,
0.082336,
0.1576,
0.094528,
0.142624,
0.076224,
0.1248,
0.090144,
0.075616,
0.08896,
0.124864,
0.101152,
0.151872,
0.105376,
0.097824,
0.148704,
0.094464,
0.114048,
0.155168,
0.08096,
0.081888,
0.076896,
0.100576,
0.079552,
0.0776,
0.107296,
0.139072,
0.091936,
0.08288,
0.086208,
0.233472,
0.078496,
0.106304,
0.10192,
0.096,
0.077568,
0.091616,
0.079424,
0.07632,
0.102176,
0.1,
0.082304,
0.183136,
0.112512,
0.118304,
0.116416,
0.080096,
0.100864,
0.082464,
0.07872,
0.076768,
0.096096,
0.14608,
0.132736,
0.128416,
0.098528,
0.123904,
0.122656,
0.144096,
0.074784,
0.153184,
0.114208,
0.092704,
0.138464,
0.1048,
0.118272,
0.09216,
0.118048,
0.097408,
0.080704,
0.115424,
0.096928,
0.079648,
0.150912,
0.07648,
0.073504,
0.108032,
0.074464,
0.114464,
0.126688,
0.076096,
0.089632,
1.076926,
0.075936,
0.127648,
0.107968,
0.109664,
0.098304,
0.11072,
0.088768,
0.085024,
0.076128,
0.134144,
0.07904,
0.078464,
0.116928,
0.1088,
0.162016,
0.102496,
0.074976,
0.106048,
0.078592,
0.0976,
0.102944,
0.143808,
0.079968,
0.085696,
0.091488,
0.098048,
0.073376,
0.100064,
0.1096,
0.116256,
0.09088,
0.1928,
0.117664,
0.077888,
0.08784,
0.108224,
0.107488,
0.080896,
0.080032,
0.080608,
0.168288,
0.137632,
0.091072,
0.08096,
0.105728,
0.18208,
0.141312,
0.098368,
0.112928,
0.077312,
0.096736,
0.087488,
0.167264,
0.0792,
0.122272,
0.121376,
0.083072,
0.285632,
0.110336,
0.082496,
0.10496,
0.101728,
0.117184,
0.122624,
0.195264,
0.097248,
0.105504,
0.140768,
0.098368,
0.080256,
0.125504,
0.139584,
0.2296,
0.131168,
0.07632,
0.09568,
0.090208,
0.126144,
0.11552,
0.111008,
0.123104,
0.077408,
0.10992,
0.0976,
0.101888,
0.098592,
0.071232,
0.106208,
0.109696,
0.098176,
0.088064,
0.1352,
0.098144,
0.082016,
0.117792,
0.12256,
0.076704,
0.09632,
0.090688,
0.162624,
0.08832,
0.11296,
0.140704,
0.109568,
0.09264,
0.108544,
0.153536,
0.12816,
0.159808,
0.08896,
0.09696,
0.137856,
0.101696,
0.099136,
0.089088,
0.110144,
0.09744,
0.095296,
0.103296,
0.084896,
0.15344,
0.102624,
0.106592,
0.089184,
0.083968,
0.077632,
0.118944,
0.092608,
0.088032,
0.095008,
0.123168,
0.119872,
0.105888,
0.073824,
0.076192,
0.117888,
0.07376,
0.081856,
0.085024,
0.111616,
0.077728,
0.08768,
0.083808,
0.07632,
0.076416,
0.08752,
0.093664,
0.09824,
0.10656,
0.09152,
0.141504,
0.101952,
0.094528,
0.120032,
0.07424,
0.092832,
0.15136,
0.137664,
0.090976,
0.079776,
0.124832,
0.072992,
0.150752,
0.092576,
0.076384,
0.130592,
0.121376,
0.126656,
0.076608,
0.161664,
0.077312,
0.083712,
0.093216,
0.101216,
0.113344,
0.094048,
0.09984,
0.120032,
0.07504,
0.11968,
0.079648,
0.079104,
0.096672,
0.110816,
0.090688,
0.082464,
0.087456,
0.121312,
0.087456,
0.11376,
0.111744,
0.115072,
0.119392,
0.077376,
0.098112,
0.101088,
0.083872,
0.079936,
0.100704,
0.096192,
0.179808,
0.098624,
0.137088,
0.09776,
0.094112,
0.08896,
0.096896,
0.09216,
0.090592,
0.107104,
0.077984,
0.137312,
0.104064,
0.223008,
0.082464,
0.090496,
0.103072,
0.108096,
0.108608,
0.102752,
0.120832,
0.148704,
0.0936,
0.087488,
0.074176,
0.077216,
0.104928,
