4.541863632202148438e+01
5.193644714355468750e+01
4.798050308227539062e+01
5.374460983276367188e+01
4.838198471069335938e+01
5.465326690673828125e+01
6.290987396240234375e+01
6.879339599609375000e+01
6.461998748779296875e+01
6.770037078857421875e+01
4.503367233276367188e+01
9.674578857421875000e+01
5.644160079956054688e+01
5.768911361694335938e+01
5.005562210083007812e+01
6.254696273803710938e+01
5.772920608520507812e+01
5.158627700805664062e+01
4.658361053466796875e+01
5.563779449462890625e+01
6.014047241210937500e+01
5.380811309814453125e+01
1.148503417968750000e+02
5.041580963134765625e+01
6.089780426025390625e+01
8.042685699462890625e+01
4.678990936279296875e+01
5.257053756713867188e+01
5.877886962890625000e+01
5.909455490112304688e+01
5.596638107299804688e+01
5.937086868286132812e+01
5.202102661132812500e+01
1.020339050292968750e+02
5.212891769409179688e+01
6.583046722412109375e+01
6.570066833496093750e+01
6.123754119873046875e+01
5.264939498901367188e+01
5.665810012817382812e+01
6.107056808471679688e+01
5.259947204589843750e+01
6.250161361694335938e+01
5.288123703002929688e+01
7.732122802734375000e+01
6.271244049072265625e+01
7.148787689208984375e+01
6.227917480468750000e+01
5.349941635131835938e+01
9.354027557373046875e+01
6.311141967773437500e+01
6.687547302246093750e+01
5.428318786621093750e+01
6.041372680664062500e+01
5.735101318359375000e+01
5.120872879028320312e+01
7.615054321289062500e+01
6.222384262084960938e+01
8.657857513427734375e+01
4.633356857299804688e+01
5.202368164062500000e+01
7.868843078613281250e+01
5.844956970214843750e+01
5.315039062500000000e+01
5.004758834838867188e+01
5.575746917724609375e+01
1.292176055908203125e+02
5.127164459228515625e+01
1.176783828735351562e+02
6.620403289794921875e+01
7.571334075927734375e+01
6.217523193359375000e+01
5.298853683471679688e+01
6.488394927978515625e+01
6.223915481567382812e+01
6.214858627319335938e+01
6.192810821533203125e+01
7.186006164550781250e+01
5.336831283569335938e+01
8.200109100341796875e+01
8.576430511474609375e+01
5.454214096069335938e+01
5.382490921020507812e+01
7.608328247070312500e+01
5.798207473754882812e+01
4.502013397216796875e+01
5.298780441284179688e+01
6.218940353393554688e+01
5.794120025634765625e+01
5.461835479736328125e+01
6.853839874267578125e+01
4.831897354125976562e+01
4.679329299926757812e+01
6.009600830078125000e+01
5.641070938110351562e+01
5.896406173706054688e+01
6.379829406738281250e+01
6.810000610351562500e+01
4.328790664672851562e+01
6.062276840209960938e+01
5.924985122680664062e+01
5.668452835083007812e+01
5.259722900390625000e+01
5.201141357421875000e+01
5.897789764404296875e+01
4.693384933471679688e+01
6.096183776855468750e+01
6.416310882568359375e+01
7.048307037353515625e+01
5.896929168701171875e+01
6.491343688964843750e+01
4.276740264892578125e+01
5.384310913085937500e+01
9.833245086669921875e+01
5.109333419799804688e+01
6.115522003173828125e+01
5.406089401245117188e+01
5.673785781860351562e+01
6.026324844360351562e+01
5.386839294433593750e+01
5.737150192260742188e+01
4.917852401733398438e+01
5.502067565917968750e+01
6.146086120605468750e+01
5.050930404663085938e+01
7.273271942138671875e+01
4.787326431274414062e+01
5.934935379028320312e+01
9.289101409912109375e+01
5.324547958374023438e+01
5.809670639038085938e+01
8.881584930419921875e+01
5.359961318969726562e+01
5.467899322509765625e+01
8.484300994873046875e+01
5.826613616943359375e+01
7.731883239746093750e+01
5.309623336791992188e+01
4.757246398925781250e+01
4.971830749511718750e+01
5.391693496704101562e+01
6.977621459960937500e+01
5.019208526611328125e+01
5.933246231079101562e+01
9.663652038574218750e+01
6.369275665283203125e+01
6.698714447021484375e+01
6.549900817871093750e+01
9.969862365722656250e+01
5.114491271972656250e+01
7.186921691894531250e+01
5.897497177124023438e+01
5.484556579589843750e+01
5.429463958740234375e+01
4.768106460571289062e+01
6.000850296020507812e+01
5.795208740234375000e+01
5.223791885375976562e+01
5.379844284057617188e+01
5.170849990844726562e+01
5.692815399169921875e+01
8.853774261474609375e+01
5.695582199096679688e+01
6.055868530273437500e+01
5.531113433837890625e+01
4.453282165527343750e+01
6.567576599121093750e+01
5.387147521972656250e+01
7.226667022705078125e+01
5.581314086914062500e+01
7.366780090332031250e+01
5.377849960327148438e+01
5.254245758056640625e+01
7.720194244384765625e+01
6.509899139404296875e+01
4.737018966674804688e+01
6.018640136718750000e+01
5.791799545288085938e+01
5.092613601684570312e+01
8.104470825195312500e+01
7.619535827636718750e+01
6.360686492919921875e+01
5.401151275634765625e+01
4.776510620117187500e+01
5.346529388427734375e+01
7.051348876953125000e+01
5.979764175415039062e+01
4.853068161010742188e+01
6.541645050048828125e+01
5.631890106201171875e+01
8.318264007568359375e+01
5.418850708007812500e+01
4.991457748413085938e+01
6.285662078857421875e+01
5.553201293945312500e+01
4.914783859252929688e+01
6.293432617187500000e+01
6.268164443969726562e+01
6.873935699462890625e+01
6.684362030029296875e+01
4.688038253784179688e+01
6.213053894042968750e+01
6.557738494873046875e+01
6.002879333496093750e+01
6.470274353027343750e+01
9.188242340087890625e+01
5.136652755737304688e+01
9.189955139160156250e+01
5.287385940551757812e+01
4.359288787841796875e+01
5.399161148071289062e+01
5.481688690185546875e+01
5.155465316772460938e+01
5.635021972656250000e+01
4.971566772460937500e+01
5.815604782104492188e+01
9.217085266113281250e+01
5.286962509155273438e+01
1.134634857177734375e+02
7.354582977294921875e+01
5.636669540405273438e+01
6.783418273925781250e+01
5.025741577148437500e+01
5.602988052368164062e+01
6.870963287353515625e+01
5.742550277709960938e+01
4.764079284667968750e+01
4.829414367675781250e+01
5.717898559570312500e+01
6.096340942382812500e+01
5.412208938598632812e+01
1.067599411010742188e+02
6.695281219482421875e+01
6.086671447753906250e+01
6.964305114746093750e+01
6.042674636840820312e+01
6.768407440185546875e+01
6.143080139160156250e+01
6.351924133300781250e+01
4.706359481811523438e+01
5.030409622192382812e+01
7.093953704833984375e+01
5.433147048950195312e+01
5.924603652954101562e+01
4.857086944580078125e+01
6.020999526977539062e+01
8.816838836669921875e+01
5.664383697509765625e+01
5.343232727050781250e+01
6.453900146484375000e+01
6.206856155395507812e+01
4.920067977905273438e+01
5.377711486816406250e+01
5.047276687622070312e+01
5.322089385986328125e+01
5.297024536132812500e+01
