0.0310464,
0.119526,
0.0177152,
0.0266112,
1.07141,
0.0320544,
0.01736,
2.23689,
0.0743648,
0.0749728,
0.687325,
0.153712,
0.156506,
1.04106,
0.0379232,
0.341955,
0.0283872,
0.0725024,
0.144704,
1.90002,
0.108851,
9.1635,
0.0645312,
14.822,
0.034224,
0.0195552,
22.9664,
0.133485,
0.05352,
0.018576,
0.0542304,
0.13072,
1.48188,
0.225334,
0.0190528,
0.247869,
12.4375,
0.0758144,
0.360474,
0.09016,
1.71408,
0.75704,
2.75433,
0.0423712,
0.129987,
4.82918,
0.02776,
0.0155552,
0.363523,
0.0279232,
0.035808,
0.240624,
0.0862752,
0.0353664,
0.080928,
0.224768,
0.0208736,
2.20441,
1.60457,
20.5968,
0.0175904,
3.32835,
0.0242016,
0.640179,
0.0329568,
0.0443328,
0.0384384,
1.84275,
0.0178272,
0.754576,
0.0289408,
0.130445,
0.171315,
7.58456,
0.0258432,
0.0274112,
0.710592,
0.0490272,
0.216554,
0.176461,
0.0426592,
0.104467,
0.0209888,
1.77237,
2.47569,
0.0363648,
0.114144,
0.430237,
2.49275,
0.0879136,
0.0739424,
0.0355904,
14.2971,
8.48649,
0.137613,
0.139114,
6.73403,
0.346032,
0.023408,
2.46262,
0.0232,
0.146877,
0.383357,
0.939734,
0.0672,
0.541981,
0.259917,
0.721786,
10.3827,
0.0967872,
0.0313344,
0.39464,
0.243862,
0.0229088,
0.144333,
22.1842,
0.0189568,
0.179965,
0.0261632,
0.676877,
0.018608,
0.0303264,
0.521053,
0.0412736,
0.133155,
0.207715,
0.0471904,
0.02608,
0.0294208,
0.033904,
0.683309,
0.0287936,
0.0969664,
0.0453024,
0.0647488,
0.036512,
0.0552128,
0.0356128,
0.870019,
0.36823,
0.0256704,
5.97401,
15.0461,
0.200086,
0.040768,
0.120774,
4.91491,
0.354726,
0.0242272,
0.090464,
4.06307,
4.61016,
0.0196992,
0.398646,
2.24104,
0.0898688,
5.10859,
11.0897,
0.181661,
0.812982,
0.0174112,
0.0756992,
1.82858,
0.0200096,
0.480509,
0.029648,
0.102112,
0.0309504,
15.2288,
0.074096,
0.211514,
1.34448,
17.8166,
4.35791,
0.508029,
0.0543872,
0.0181568,
0.396816,
0.0200736,
0.0161344,
0.0627552,
0.637917,
0.017856,
1.17946,
0.290525,
3.74088,
0.100749,
0.0183552,
0.0263008,
2.23695,
0.0183904,
0.391936,
0.0172512,
0.262282,
0.101245,
0.0367136,
0.0182656,
0.115821,
0.0510784,
0.311702,
0.017184,
0.0295744,
0.190026,
0.0880032,
0.410643,
0.0295616,
0.0294368,
5.76393,
0.0463712,
0.230618,
0.628842,
2.9415,
0.036448,
0.0253376,
0.0528576,
0.0175584,
0.088768,
0.0331072,
0.607811,
0.0250208,
0.0200416,
0.52584,
0.028624,
13.9977,
0.195642,
0.0290752,
0.80473,
4.96286,
0.016784,
5.26153,
0.0848384,
0.021616,
0.0431104,
1.75394,
0.0397568,
0.0597824,
0.06984,
0.0624064,
0.0750016,
0.113091,
0.06976,
1.14007,
0.0979776,
1.06406,
0.0206048,
0.878877,
0.854285,
1.27639,
0.131168,
0.257219,
0.0632416,
4.35672,
1.74357,
0.0356768,
0.160758,
2.19306,
0.559811,
0.0553536,
0.066464,
0.585363,
0.0285344,
0.0596416,
0.0788,
0.19481,
2.93409,
0.0252096,
0.0537568,
2.01608,
0.629469,
0.0282048,
0.297133,
0.80728,
7.05478,
0.0529664,
0.0315936,
0.0340192,
0.0493088,
0.0446208,
0.0864,
0.0249984,
0.771302,
0.148118,
9.46397,
0.431603,
0.0844096,
3.32539,
4.37211,
0.152381,
1.551,
0.0264672,
0.062768,
1.33756,
0.0647424,
1.45437,
0.112896,
0.061824,
0.051808,
0.014128,
0.457584,
0.682573,
0.619341,
0.174022,
0.0219744,
0.41736,
0.149834,
0.0367744,
0.482896,
24.2493,
0.0502592,
0.14311,
0.342586,
0.110323,
0.0413216,
0.0755872,
0.0416768,
2.0655,
0.0255648,
0.072688,
0.766074,
0.087952,
0.0165248,
0.483942,
0.377456,
0.247395,
1.04301,
0.272771,
0.202438,
0.278074,
0.161613,
0.0262304,
0.019376,
0.0193472,
0.0195296,
0.10544,
0.0180576,
0.0201824,
0.24911,
0.0576512,
0.803914,
0.0282752,
0.0726784,
0.0663232,
0.0177312,
0.0200704,
3.62007,
0.0219232,
0.127853,
0.183731,
0.0788576,
0.197357,
23.0123,
0.173322,
0.590394,
0.0163968,
10.7452,
0.398195,
0.0208192,
0.0800576,
0.376352,
0.0206496,
0.705437,
0.110528,
0.189494,
0.092432,
0.15703,
0.0688512,
0.0785824,
0.0236416,
2.20902,
0.13016,
0.036848,
7.89545,
1.52582,
0.0370912,
0.144224,
14.5336,
0.209306,
0.034144,
0.0976736,
0.187626,
0.131955,
0.0397952,
0.0724896,
0.310186,
0.0196544,
0.656451,
0.157222,
0.169376,
0.041456,
9.60606,
0.277568,
14.4868,
0.0189184,
1.56377,
9.90602,
0.0288672,
0.0184928,
0.80191,
0.0224352,
0.4292,
1.15362,
3.78422,
0.118176,
2.3016,
0.0451072,
0.181523,
0.0361376,
0.307786,
1.85423,
1.13869,
0.0285152,
0.0662432,
0.0355008,
0.84183,
0.199955,
0.0185472,
0.39223,
0.161053,
0.184022,
19.4327,
1.21022,
0.0334848,
1.65613,
4.98542,
6.85719,
0.0154112,
0.269376,
0.01784,
0.0299136,
0.048688,
1.36971,
0.042464,
0.971709,
0.0274208,
0.0231872,
0.941475,
0.0668704,
1.75247,
1.36316,
12.1166,
0.02048,
0.0381056,
6.62007,
3.19562,
5.75018,
0.0927392,
4.8784,
0.0233664,
0.0230976,
0.755312,
0.172906,
0.147117,
0.0173792,
0.0165568,
0.0816352,
0.684253,
0.261581,
0.316166,
2.02722,
0.0843072,
0.426384,
0.096368,
0.0263648,
0.101971,
0.17656,
1.74528,
0.0221152,
0.0168512,
0.4004,
1.44147,
0.0460704,
0.096112,
0.30305,
0.188749,
0.023712,
0.0226496,
11.1464,
0.042816,
0.0172032,
0.0562304,
0.0171136,
1.76369,
4.44572,
0.166611,
0.992006,
0.0204896,
0.119728,
0.205658,
0.0194752,
0.0186912,
0.0184032,
0.017648,
2.9569,
0.0784576,
0.0175136,
0.158573,
3.16422,
2.13026,
0.215043,
0.05584,
5.31373,
0.104739,
0.316099,
0.356826,
0.0297088,
0.0444896,
0.0258528,
0.0305056,
0.150253,
1.46428,
0.0795808,
0.0952928,
1.4847,
0.0203136,
1.7552,
0.0935616,
0.226733,
1.60704,
0.0191136,
0.218787,
0.101571,
0.121594,
0.0328576,
2.7652,
0.09672,
0.046736,
0.13504,
0.369773,
0.0512672,
0.568224,
2.94854,
0.0988704,
0.0174784,
0.0178464,
2.38258,
0.0594368,
0.0210912,
0.032064,
0.681949,
0.0162432,
1.68442,
0.0963616,
5.28372,
0.240099,
0.0150144,
0.0276928,
0.0977696,
0.847181,
0.0189792,
0.052048,
0.025808,
0.0155328,
0.0254816,
0.233587,
0.0290592,
0.431734,
0.113507,
0.0236192,
0.540339,
1.56642,
21.1672,
0.0182048,
0.0431136,
1.48697,
0.0662144,
0.149901,
0.030704,
0.0261792,
0.0353216,
0.0176384,
0.023632,
0.0702912,
0.18368,
0.341318,
0.125306,
0.577446,
0.158435,
0.134826,
0.340013,
0.0675008,
0.146538,
1.2106,
2.51573,
0.166438,
0.0289664,
0.023744,
0.0176416,
0.0990816,
0.0167168,
0.89968,
0.109194,
2.88745,
0.01816,
0.027136,
0.317802,
2.31716,
0.0297792,
0.9972,
0.658259,
0.0167744,
0.0365728,
0.693866,
0.0159936,
0.37177,
0.0350624,
0.0272544,
0.174282,
2.455,
0.712336,
0.121834,
0.922848,
0.0201024,
0.0878368,
1.4959,
0.625213,
0.398691,
0.0193216,
0.02584,
8.98191,
0.22929,
20.0618,
8.45987,
1.13109,
0.358781,
0.033888,
0.308211,
0.0190016,
0.052688,
4.50094,
4.41642,
0.11496,
0.0926432,
0.172992,
0.0176768,
0.0270944,
0.162701,
1.09005,
3.25537,
3.04385,
0.239021,
7.43408,
1.60515,
0.576925,
4.70125,
0.0895328,
0.197274,
0.104198,
0.0577728,
0.193645,
0.930278,
0.0791072,
0.0344352,
0.192848,
0.0253376,
9.7001,
1.62151,
4.58252,
1.02451,
0.0462048,
0.968019,
0.688192,
9.15805,
0.134723,
0.0327264,
0.018736,
0.01872,
0.864992,
0.49839,
0.0235232,
0.3912,
0.225526,
0.0296064,
0.294013,
0.0538336,
1.27734,
0.052272,
0.023952,
2.79591,
0.0177728,
0.134221,
0.0189536,
0.105606,
0.104352,
0.993219,
0.406144,
8.25461,
10.5606,
0.111318,
4.31057,
0.463376,
0.435133,
0.0231296,
0.0839136,
0.217501,
0.068128,
7.97696,
0.393264,
0.0277504,
0.531738,
0.684643,
0.960899,
0.768966,
0.0174048,
15.4538,
1.60015,
44.5403,
1.2072,
18.8684,
3.73022,
0.101674,
0.0532864,
0.101856,
0.436694,
0.016752,
0.286621,
0.0196544,
0.88721,
0.057648,
0.0357824,
0.042608,
0.46383,
24.1868,
0.161741,
0.02408,
0.049088,
5.72558,
0.103235,
8.60945,
1.15881,
0.13352,
1.2009,
0.093872,
0.84264,
2.20292,
1.95004,
0.0993472,
0.706173,
1.02487,
3.62886,
0.243075,
0.0456384,
0.576774,
0.0219872,
0.0753728,
10.8205,
0.0212064,
0.461587,
4.06636,
0.030128,
0.110816,
35.8398,
1.20842,
0.396061,
0.569274,
0.235338,
0.0981312,
0.316394,
0.224733,
0.0176608,
0.371027,
0.0184416,
0.0265152,
0.0319744,
0.880752,
1.29455,
0.0258784,
0.0398368,
0.0465696,
0.309232,
0.170304,
0.184531,
0.0580576,
5.25779,
0.0287264,
0.590586,
0.0845888,
0.0188864,
0.0355872,
1.236,
0.38657,
0.113107,
0.038272,
2.41426,
0.664582,
0.061088,
0.461398,
0.0246208,
0.788394,
0.0179872,
1.67964,
0.0277152,
0.834758,
0.0294976,
0.0191488,
1.06189,
0.458506,
0.559798,
4.96615,
1.61636,
0.0995648,
0.52433,
0.01848,
0.257158,
0.0211104,
0.392643,
0.281066,
0.0165824,
0.217088,
0.170749,
0.016608,
1.46494,
8.11688,
0.347805,
0.0477376,
0.022912,
0.966,
0.0430336,
3.81333,
3.46249,
0.0248416,
0.0761792,
0.026272,
1.92938,
0.44544,
0.0277152,
3.3162,
1.40145,
0.0436192,
0.0184416,
0.0204064,
0.750154,
3.62808,
0.33657,
0.433699,
0.440838,
0.370109,
0.263216,
1.60576,
0.852006,
0.596035,
0.582506,
0.0355968,
24.9749,
0.190752,
0.0247264,
0.0357344,
1.46981,
0.0367072,
0.0674528,
0.119686,
0.318547,
0.0331104,
0.262704,
0.0759968,
0.0190976,
0.174,
0.0684192,
0.0491872,
0.0219904,
7.4881,
0.033552,
0.0351648,
0.553632,
0.297174,
0.0593248,
0.0292544,
0.032704,
0.983677,
1.05478,
0.184358,
3.95727,
0.0237536,
0.016592,
0.0184928,
0.105098,
0.333878,
0.29863,
0.282234,
2.65442,
0.0452448,
0.059952,
0.0282944,
0.01824,
3.02729,
0.759814,
0.0773312,
0.0201312,
0.737293,
2.4728,
0.0363744,
0.387578,
0.0593376,
1.04857,
0.0642304,
0.157811,
0.465808,
0.0305888,
0.718038,
0.124042,
0.278851,
0.273427,
0.0777696,
0.0182848,
0.951962,
1.63801,
14.2647,
0.123254,
0.0168768,
0.0386592,
0.0410848,
0.19593,
0.19648,
1.44967,
0.179946,
0.30912,
0.0168224,
24.575,
0.191002,
3.88423,
0.0181824,
0.235382,
0.185923,
0.14048,
0.291248,
0.0274496,
1.41323,
0.258035,
0.0998272,
0.577859,
0.224278,
13.4765,
0.0181728,
0.0839168,
0.796288,
6.14468,
0.132512,
0.227373,
0.0677408,
1.95251,
0.20855,
0.0875456,
0.0202336,
0.017584,
0.739603,
0.03456,
0.0178528,
2.20444,
0.106115,
0.0324032,
0.0564896,
3.74093,
1.35327,
0.0310048,
0.388531,
0.0265952,
0.092608,
3.00571,
0.162307,
0.017568,
7.11754,
21.3353,
0.0195456,
0.850637,
0.0324352,
0.233248,
0.135101,
0.0639328,
0.10863,
1.54764,
0.018144,
0.0456576,
8.42928,
0.903046,
0.21383,
0.0344992,
0.116656,
0.443914,
0.0351872,
0.01672,
0.025312,
0.01928,
1.36559,
0.214797,
0.0234656,
0.0862272,
0.062544,
2.74924,
0.039472,
0.197907,
0.694902,
0.256614,
0.039152,
0.162394,
0.0419584,
0.15553,
0.150262,
0.557123,
0.485213,
23.9904,
0.0177824,
0.35609,
2.52067,
0.044608,
0.24873,
0.0957024,
2.9104,
0.797229,
15.5275,
0.026336,
2.15728,
0.0402368,
15.4525,
0.0450208,
0.020016,
0.0257728,
0.411066,
0.880528,
0.293251,
0.0421792,
0.289062,
0.0622464,
0.0263008,
0.0177568,
0.0923392,
0.0179744,
0.0265632,
6.99349,
0.130109,
0.380106,
0.196,
0.0164032,
0.250947,
4.14509,
0.018336,
7.46539,
0.148294,
1.30942,
9.86724,
1.38503,
0.086848,
0.0244224,
0.0161696,
0.090928,
0.04192,
0.0234688,
0.536528,
0.185482,
3.73844,
0.0174368,
0.108384,
0.0193248,
0.11951,
0.038512,
1.17824,
0.178627,
0.373011,
0.0385472,
0.163149,
0.392621,
0.033104,
0.022688,
0.299027,
0.0165216,
0.418461,
0.017344,
0.0192032,
0.0294144,
1.26164,
0.123411,
1.69535,
0.0176736,
0.0457632,
0.0581888,
1.57563,
11.9721,
26.1169,
0.070704,
3.39898,
0.480509,
0.44672,
1.96946,
0.0422944,
0.121949,
0.0704448,
0.149226,
0.0918624,
0.151834,
0.081232,
0.201734,
0.0283232,
0.169405,
0.775222,
1.39562,
21.2954,
0.0633664,
3.37856,
0.0174432,
4.68807,
0.0434432,
0.126157,
0.20775,
0.57625,
2.53923,
2.94291,
0.128976,
0.0182848,
0.455741,
0.0332576,
0.0250496,
0.0216288,
0.0259296,
0.338576,
0.032144,
0.0508416,
0.0243776,
0.0534112,
1.1198,
2.42008,
0.028496,
0.0290144,
0.502,
0.040976,
11.3287,
0.111088,
7.25502,
0.0171808,
6.3323,
1.68742,
1.10488,
0.835222,
0.71585,
0.03336,
0.10312,
1.76836,
0.124813,
0.0695552,
0.434656,
0.0914528,
0.032544,
0.275242,
0.115965,
0.654378,
0.437552,
0.0194688,
5.27614,
0.0715616,
0.230842,
0.56783,
18.0535,
0.0177632,
0.0237632,
2.73168,
0.0911232,
2.59396,
0.142957,
0.258611,
6.17564,
19.5124,
0.614365,
0.03288,
5.86119,
0.0336224,
1.80027,
0.016544,
0.456166,
1.11889,
0.247341,
0.893056,
1.78926,
0.0160576,
1.72596,
0.060576,
0.105808,
0.761946,
0.272694,
0.37593,
0.753094,
0.020032,
2.85048,
0.0816384,
0.029888,
1.48417,
0.360374,
1.72648,
0.0588032,
0.651344,
0.58273,
0.0173152,
1.58848,
0.0260128,
0.0254016,
0.124202,
0.789565,
0.0285632,
0.179853,
0.0709216,
0.400653,
5.18101,
0.0358592,
0.503274,
20.4942,
0.0422304,
0.0428736,
0.304259,
0.398976,
0.0185056,
2.0677,
0.849683,
2.38921,
6.30895,
2.12012,
0.0405568,
0.042576,
0.178029,
0.791782,
0.0596416,
0.0803584,
1.06364,
0.0902528,
0.168064,
0.458406,
0.02232,
0.220461,
0.128723,
2.03141,
0.290851,
0.04752,
0.565843,
17.3213,
0.0287168,
0.616157,
13.12,
2.68062,
0.267699,
0.252176,
0.148707,
0.0226912,
0.033104,
0.0599936,
0.0461184,
0.0261472,
0.0233728,
0.04,
1.04832,
0.0934688,
0.0628,
0.877795,
0.091472,
0.0298816,
0.0261312,
0.0152768,
0.975542,
2.28642,
17.5803,
0.489523,
0.345261,
0.024416,
0.310528,
2.66235,
0.0852992,
1.8842,
0.0534016,
0.437338,
0.0843136,
0.364934,
8.01805,
0.755648,
0.337619,
0.0431168,
0.148976,
0.40361,
24.8699,
0.0615008,
0.0178848,
1.36363,
0.0636064,
0.101571,
0.9028,
10.6545,
0.137021,
15.9991,
0.758589,
0.496803,
0.0345984,
1.80771,
0.0728,
0.176915,
0.212182,
0.0196416,
0.0199552,
0.0260032,
1.3963,
0.036672,
0.0558688,
0.0392224,
5.90429,
0.0343936,
0.030848,
1.8779,
0.0292448,
1.97314,
0.016384,
2.76438,
3.52425,
2.35755,
19.6067,
0.418685,
1.5172,
0.0560128,
0.0236992,
2.03583,
0.186461,
6.52855,
0.263395,
0.049744,
3.00833,
0.416368,
2.27221,
8.13649,
0.244448,
0.0328224,
0.569939,
1.61107,
0.0257472,
2.37314,
0.0434112,
0.351901,
1.46348,
1.64716,
9.48408,
0.251776,
0.511162,
0.934141,
0.108211,
0.0449312,
0.224557,
0.0248992,
3.32865,
0.117469,
0.128989,
0.0200512,
1.03364,
0.063568,
0.0856448,
0.0172768,
0.189686,
0.0775936,
5.0406,
0.077968,
0.0356096,
0.0197824,
0.0293216,
0.102941,
0.0281216,
6.30216,
0.0196032,
0.137939,
0.124941,
0.333699,
0.0327616,
0.0174304,
0.024416,
0.0175424,
0.0956704,
0.0526592,
1.1693,
0.953149,
0.853578,
0.153158,
4.75361,
0.0245664,
0.237053,
0.457482,
0.0789056,
0.0416352,
0.184515,
0.757917,
0.0318496,
0.0188192,
2.37861,
0.0183072,
0.174736,
1.20695,
0.129574,
3.23952,
0.123258,
0.0409824,
0.367171,
0.263168,
0.573277,
0.215424,
16.9726,
0.890134,
0.486688,
0.0864608,
0.741936,
0.179398,
0.0828864,
0.141955,
0.386304,
0.0324,
0.0673568,
5.69002,
1.78781,
0.814394,
4.97659,
0.0237664,
0.581366,
0.593933,
0.520221,
20.303,
0.0197088,
9.67483,
0.684365,
2.17142,
31.9941,
0.0639776,
27.4336,
5.2506,
0.0168864,
4.02872,
0.70305,
1.60965,
0.59616,
0.0235648,
0.601021,
0.0160544,
0.0935232,
22.7235,
0.0289984,
0.0181664,
0.0216448,
0.17057,
1.36508,
0.216435,
0.0276928,
0.696128,
0.864221,
2.4104,
0.0578304,
0.296032,
1.89666,
14.4699,
0.221306,
0.117949,
0.04088,
0.0153984,
0.0450688,
0.341846,
0.13064,
0.0341536,
0.0200608,
0.0336064,
0.05248,
0.393501,
0.0768128,
0.184694,
0.0807712,
0.128256,
0.0452224,
0.032928,
9.58054,
0.0353408,
1.47751,
0.535418,
0.0645792,
0.0177184,
0.436118,
0.0225984,
16.858,
0.0273472,
0.0960416,
0.035696,
0.0244928,
0.0303648,
0.043856,
0.113507,
0.0449088,
24.2386,
0.11847,
0.155798,
0.133386,
2.40786,
0.0220608,
6.41182,
0.111616,
15.2332,
0.0419616,
0.163427,
0.132941,
0.0558784,
0.210154,
0.028368,
5.31289,
0.0421088,
0.026608,
0.0208896,
0.248374,
0.408451,
0.318992,
0.633581,
9.95625,
0.110624,
0.474243,
0.527325,
0.0189344,
0.0181184,
0.217162,
0.263459,
0.0597952,
0.051744,
0.908912,
0.0225792,
0.019376,
0.144266,
0.0167392,
0.353178,
0.22256,
0.0187616,
0.723053,
0.644858,
0.175526,
0.0368256,
0.0850944,
0.167734,
0.051808,
0.0176032,
0.29953,
0.105322,
0.673232,
0.379277,
0.380269,
2.98373,
1.57402,
0.0908256,
3.09433,
0.07096,
0.0436288,
0.199664,
0.0206336,
0.0183584,
1.20428,
0.0198912,
14.08,
0.0465056,
0.0238208,
0.208282,
0.019216,
0.0653568,
0.0235904,
0.0188992,
7.70241,
3.26708,
0.0176064,
0.836502,
0.177101,
0.234784,
0.0235232,
0.206544,
0.0182016,
0.102586,
9.14767,
1.36155,
0.083424,
0.167728,
0.365846,
0.0154624,
0.0782624,
0.0339616,
0.0428928,
0.127222,
0.335603,
0.022176,
0.0294944,
0.177133,
0.692259,
0.195661,
0.214592,
0.038832,
0.0173152,
0.134909,
0.503987,
0.273629,
0.0227904,
0.408029,
0.276496,
0.0505824,
0.0265568,
0.0188832,
0.0661856,
0.69839,
1.83785,
0.435581,
0.040768,
0.0384256,
5.05801,
0.033296,
0.689309,
0.994586,
0.499581,
0.0240768,
0.0200064,
0.416778,
0.188618,
0.130026,
0.0969856,
0.0713888,
0.0179744,
0.102326,
0.0759712,
0.0536608,
0.0920576,
0.087824,
0.0255072,
0.0377824,
0.0338528,
2.2923,
0.0318016,
0.467875,
0.118192,
0.0162592,
0.44065,
0.0979456,
1.70869,
0.025248,
0.756816,
1.353,
0.452736,
0.020752,
0.223302,
0.0157248,
0.0493984,
0.0152608,
0.0185792,
0.388755,
0.0396672,
1.16406,
0.199946,
0.729923,
0.0492288,
1.75373,
0.442643,
1.41804,
0.01896,
0.107539,
0.211418,
0.065696,
0.069072,
0.063392,
0.124349,
0.086336,
0.0920384,
0.850061,
1.43457,
0.108086,
0.104374,
2.10382,
0.019712,
0.213338,
1.59769,
0.0343392,
0.992973,
0.124448,
0.180195,
3.61174,
0.185738,
0.13272,
0.0360128,
0.0954048,
0.017968,
0.498138,
0.0604128,
1.94492,
0.0863648,
1.97793,
0.0300672,
12.4385,
0.345456,
0.030608,
0.223283,
0.0241856,
9.39871,
0.0170464,
3.83244,
2.44466,
0.0295968,
0.388973,
0.258653,
14.0455,
7.30207,
0.359789,
0.975357,
0.376352,
2.01156,
0.992365,
0.0932896,
0.4632,
0.03808,
0.0943456,
6.40889,
0.239533,
0.025568,
0.018192,
0.178701,
0.417232,
0.0562048,
0.0896384,
1.40085,
0.025424,
0.556979,
0.0551104,
13.4205,
0.0863296,
0.0226368,
0.0633152,
0.0584704,
0.0158752,
0.0236416,
0.0408224,
0.0299776,
0.01792,
2.94002,
0.169837,
2.01738,
0.0221536,
1.02673,
0.0488832,
0.494989,
0.033616,
0.0579776,
0.594438,
12.807,
0.314704,
0.0181472,
0.452371,
0.157776,
0.365373,
0.0183552,
0.16264,
0.0192256,
0.0438848,
0.593158,
6.18639,
0.421526,
1.05436,
6.66404,
0.0398912,
0.36151,
0.0172192,
0.271968,
0.721501,
0.374102,
0.631482,
0.0185696,
0.0196416,
0.72624,
0.0773376,
0.686525,
0.852784,
0.134534,
0.310381,
0.0180032,
0.0621792,
0.0193344,
0.294835,
2.11654,
1.25536,
0.180627,
0.0563872,
0.299901,
1.1629,
0.229005,
36.7581,
0.0457376,
0.111328,
0.159552,
0.0787072,
0.19583,
11.3146,
0.018544,
0.0352544,
1.61394,
6.24284,
0.0416736,
0.173376,
0.200522,
2.09297,
0.0162208,
0.294138,
0.712013,
0.0774784,
0.304256,
0.0808064,
0.0392256,
0.136154,
0.327565,
0.422973,
0.458982,
0.1016,
0.0931776,
4.16024,
0.0287296,
0.703354,
0.0161568,
16.2596,
0.125635,
0.127091,
0.0181536,
0.140624,
0.189056,
0.430048,
0.0224576,
0.122086,
0.375162,
0.0296352,
0.139808,
0.023776,
0.196358,
0.0536704,
0.0221952,
0.0571936,
0.855622,
0.465898,
3.04254,
4.28172,
0.0613568,
0.0193088,
0.0326528,
0.0308736,
0.249757,
0.391034,
0.765126,
0.316211,
0.667773,
0.232138,
17.5001,
0.873885,
0.111158,
0.10809,
4.7254,
0.0325408,
0.151965,
0.124595,
0.027936,
0.0185184,
0.0489248,
0.0226784,
0.016672,
0.0205088,
0.0186272,
3.39008,
4.30844,
1.59256,
0.0284864,
0.077408,
0.35345,
0.480538,
0.06272,
0.193139,
0.102822,
0.0743744,
1.03185,
0.025056,
0.56711,
0.763658,
17.0719,
0.028416,
4.62615,
0.038896,
0.226701,
0.0209152,
0.0165728,
0.502851,
0.300566,
0.102118,
0.140579,
0.0166048,
10.4546,
0.0149952,
0.016944,
0.519293,
0.0194016,
0.214768,
0.027504,
0.0794784,
0.0371072,
0.398285,
0.120298,
0.877638,
0.0716832,
0.0990336,
0.016704,
1.02147,
0.262109,
0.252342,
0.0176608,
0.0368928,
4.4007,
0.080432,
0.085904,
0.0271936,
0.0442752,
0.0300576,
2.02745,
0.992755,
0.442854,
1.22507,
0.442758,
0.0254368,
0.0265952,
11.4589,
0.0326112,
0.104774,
3.89507,
0.166093,
0.137325,
2.48135,
0.208899,
0.0179104,
0.237181,
5.56939,
1.06653,
1.19258,
13.1655,
1.09073,
0.0997952,
0.232442,
0.302406,
0.359754,
0.676525,
0.280102,
11.0601,
0.0837664,
0.0176832,
1.83285,
0.0448256,
0.0468288,
2.27516,
0.0438368,
0.0835136,
0.422966,
0.01776,
0.023712,
0.196038,
0.371456,
0.0630816,
7.34326,
0.0486112,
0.153062,
0.173472,
0.0415392,
0.152813,
0.0195648,
1.8647,
0.0415712,
0.0200128,
0.0280896,
0.0186432,
0.0714848,
0.0526048,
0.016016,
0.0243584,
0.113603,
1.96042,
0.019856,
1.33929,
4.1372,
0.0592672,
0.0797664,
0.0822624,
0.0795392,
0.0573632,
0.049184,
1.46488,
0.139536,
0.0369504,
6.94932,
0.0349792,
0.436262,
0.0219072,
0.0786368,
9.9189,
0.14287,
0.554995,
0.487341,
0.0801728,
0.761978,
7.65132,
4.91842,
0.185552,
0.0195616,
5.67452,
0.279619,
0.0875072,
0.0323904,
0.0199616,
0.086016,
0.0395488,
0.0328512,
2.68066,
0.0305664,
0.0447264,
0.02048,
0.660486,
0.0767168,
0.486874,
0.0417824,
0.0951456,
1.36014,
0.0825024,
0.583878,
0.0438976,
0.0167872,
0.265635,
0.0253632,
1.79512,
0.0204672,
0.0543488,
0.215939,
0.404797,
0.13809,
28.5826,
0.920362,
6.08006,
0.193955,
0.485834,
0.119878,
0.507715,
0.0155584,
2.09208,
1.19118,
0.338733,
0.912192,
0.0911552,
0.0178784,
0.263322,
0.201405,
0.0310112,
25.8953,
0.490016,
0.0704192,
0.0979264,
0.06336,
0.163453,
0.683786,
0.205616,
0.161392,
5.03697,
1.60579,
2.10005,
0.0505376,
0.0176352,
1.87516,
0.025968,
0.459267,
0.015792,
4.65192,
0.335802,
0.0269728,
0.0471776,
0.113379,
0.0693888,
0.0946304,
0.224294,
0.504522,
3.15093,
1.1778,
0.0179584,
1.54832,
0.0980384,
0.558886,
0.139142,
0.0262784,
14.9711,
0.693533,
0.0205632,
0.133725,
0.0318336,
0.909613,
0.0411168,
0.0485728,
1.98593,
1.73228,
0.0193216,
2.99894,
0.102451,
0.14464,
0.130509,
3.46494,
0.161424,
0.149626,
0.254928,
0.198371,
0.064256,
3.5109,
0.0180512,
0.0434656,
1.5227,
0.220074,
0.695824,
0.0384,
0.0716896,
0.0297376,
0.0176768,
0.0186816,
0.238816,
0.965011,
0.017904,
0.0593856,
0.632234,
0.428797,
0.267085,
0.255213,
0.0660096,
1.06866,
0.148854,
0.0992288,
0.0206336,
1.54189,
1.17797,
0.05744,
1.58644,
0.0886112,
0.0251712,
0.109248,
0.267222,
1.27977,
0.0399648,
4.84904,
0.0980832,
0.025904,
0.201571,
0.211642,
1.71002,
0.367222,
0.0469312,
0.199866,
0.167184,
0.0297024,
0.034128,
0.226214,
1.00551,
0.0331328,
0.0153248,
0.030672,
0.0360768,
0.230691,
0.065968,
0.0173728,
0.0376352,
1.06633,
0.577837,
4.5361,
0.019296,
0.0995776,
0.0190272,
0.0232768,
1.26895,
0.020016,
0.731901,
1.02278,
0.0998272,
0.354083,
0.704822,
0.0226816,
0.0385664,
0.0236224,
0.0292256,
0.902554,
0.0561632,
0.289962,
0.26031,
0.44817,
7.42214,
0.809786,
0.519046,
0.05704,
0.502298,
0.414906,
0.0371232,
0.019568,
0.152573,
0.046688,
0.0380128,
0.465894,
0.0198656,
0.0355136,
6.3723,
0.318442,
0.8188,
2.25897,
0.294582,
0.176096,
0.23112,
0.114486,
1.99977,
0.0293824,
0.0316192,
1.50317,
0.020384,
3.90343,
0.289891,
1.39919,
0.814077,
0.0150464,
0.0288352,
0.0235904,
3.33916,
0.082128,
0.0210656,
2.2269,
0.143024,
0.149565,
0.0738688,
0.144934,
0.0583904,
1.56212,
0.0901632,
1.74124,
0.549661,
0.0736192,
0.0503552,
2.77674,
0.0439584,
0.0160384,
0.0337568,
2.75434,
0.0258944,
0.449203,
0.022816,
0.0594656,
0.0181856,
0.118618,
0.0193504,
0.0287072,
0.0297568,
0.0208416,
0.459782,
0.66559,
1.31302,
0.143427,
1.97328,
0.784918,
0.210566,
0.0620704,
0.0204576,
0.0262144,
0.245779,
0.0185184,
0.0278176,
0.017888,
0.0311104,
0.0827328,
0.213408,
0.635971,
0.060592,
0.371725,
0.0190784,
0.040448,
0.0431552,
0.0286144,
0.0582752,
0.100221,
0.574749,
7.56102,
0.0719424,
0.0776224,
0.0672896,
0.0333952,
0.0738208,
0.729738,
1.3074,
0.0265664,
0.020208,
24.732,
0.349386,
6.85015,
0.77209,
0.0203008,
16.7325,
5.02457,
0.560832,
0.0362688,
0.393645,
0.0776224,
0.136131,
0.430637,
5.11879,
0.029888,
0.163178,
0.0754432,
0.0863552,
0.0215488,
0.114621,
0.0317056,
0.0507808,
0.139261,
0.0863232,
0.0664,
0.0202144,
0.15537,
0.0179968,
0.886592,
2.04322,
0.016768,
0.0210528,
2.57986,
0.0564064,
0.0187776,
0.159766,
0.338982,
0.0287168,
0.570835,
0.0687328,
0.0515808,
3.84783,
8.79375,
0.0595168,
2.05141,
0.237629,
3.00805,
0.877504,
0.501731,
0.0337664,
0.0171104,
0.376112,
0.068256,
0.0924832,
0.160326,
0.629859,
0.380704,
0.019152,
0.0464032,
0.0364448,
0.997955,
0.030112,
18.899,
0.327862,
0.081216,
0.0291744,
0.150269,
0.0269184,
0.134688,
0.0188032,
0.446893,
0.443594,
0.356563,
0.286141,
0.106112,
0.0367968,
0.023936,
0.114384,
14.3946,
8.92956,
0.390074,
0.0203424,
0.0482784,
0.47999,
0.300944,
0.346781,
1.14197,
0.0196896,
1.75961,
0.151965,
0.0213664,
0.127491,
0.430813,
0.0426816,
0.520909,
0.193274,
0.531213,
0.0341504,
0.253757,
0.0772096,
0.107968,
0.0193152,
0.352022,
0.125085,
0.0192384,
0.386653,
0.881898,
0.342838,
2.49098,
8.41026,
0.0457824,
0.0199904,
0.0174624,
0.484461,
1.83959,
0.0251808,
0.0361248,
12.4899,
0.0203648,
3.91251,
0.0198656,
0.0318528,
0.0809632,
0.0394144,
0.169533,
0.0442272,
2.48444,
1.52628,
0.148829,
5.98561,
0.0751168,
2.67473,
12.018,
9.09106,
0.256365,
6.03459,
0.0496704,
0.248042,
0.661075,
0.111437,
0.752291,
0.0566368,
0.25033,
0.0300928,
0.103229,
2.67007,
0.480157,
0.0185888,
8.74828,
0.032112,
0.0523168,
0.0282432,
6.15302,
0.0194944,
2.06508,
0.03816,
0.675318,
0.578109,
0.192992,
0.0784288,
0.578534,
1.33235,
1.53142,
1.67324,
0.0321696,
0.0453216,
0.216742,
23.9864,
0.417939,
0.170461,
0.0365216,
0.990755,
34.4775,
4.34967,
0.0403424,
0.3812,
0.032784,
4.97115,
0.695165,
0.0195744,
0.0592864,
0.0196,
0.023936,
0.0246368,
0.121062,
0.0279392,
0.0195968,
2.15979,
4.25684,
4.15787,
0.0290048,
0.0310336,
0.880902,
1.31493,
0.0250464,
0.0444928,
0.0840704,
0.178054,
0.0575648,
0.170758,
0.0630784,
0.115213,
0.0898944,
0.648205,
0.0135936,
0.0509056,
0.0564896,
1.11438,
0.0685728,
0.0156224,
0.0875936,
0.0241984,
0.0213632,
0.338768,
0.0315872,
1.89231,
0.0518656,
0.818656,
0.08632,
0.627094,
0.135635,
0.025712,
0.0327584,
0.972563,
0.0161568,
0.035648,
2.11744,
0.881165,
0.0609376,
0.33984,
0.0174688,
0.459469,
0.111011,
0.161258,
0.938314,
0.0195552,
0.372173,
3.07236,
1.46378,
0.0202272,
4.25236,
0.08488,
10.5255,
0.611965,
0.114659,
0.0895648,
1.42114,
0.042288,
0.0873216,
0.0211776,
0.0707296,
0.0619808,
0.0260256,
0.0979328,
1.36031,
0.219814,
0.0366944,
0.0583456,
2.74623,
0.018544,
0.156186,
0.0215392,
0.192947,
2.35644,
0.0204704,
0.361955,
0.0249344,
8.24054,
0.120506,
1.79848,
0.41616,
0.652685,
0.0272672,
0.0192288,
0.0758752,
0.0274624,
0.271798,
0.0331264,
1.52253,
0.340221,
0.0370944,
0.0808288,
0.255802,
1.49742,
1.88809,
0.138934,
0.0542048,
1.55512,
0.0455104,
0.525357,
0.0257216,
0.0250912,
1.48262,
0.402038,
0.713763,
12.1969,
0.0565056,
0.0710624,
0.179789,
0.0451968,
5.13043,
0.0287168,
0.0878272,
0.0713536,
0.0323072,
1.73624,
12.8316,
0.170051,
0.170368,
0.0315808,
0.022288,
0.509594,
0.415446,
0.226387,
0.0201696,
2.05714,
0.0236704,
0.0779712,
0.0918592,
0.0435808,
0.33801,
0.963002,
0.0393984,
0.826214,
0.0230496,
3.86501,
0.825622,
0.0317664,
0.0449728,
7.80756,
0.121382,
0.0352256,
0.0744384,
13.6711,
0.078256,
0.0222272,
5.19943,
0.974765,
0.0145024,
0.0623296,
2.19996,
0.555795,
0.700336,
0.018272,
0.018464,
1.29007,
0.83031,
9.65881,
0.64977,
1.0984,
0.388838,
0.060496,
0.223437,
0.285098,
0.243075,
1.09513,
0.0611616,
0.034208,
0.08936,
0.0215392,
0.0229856,
0.517357,
7.56018,
0.0815424,
0.721466,
0.0735168,
0.02184,
0.569158,
0.0217408,
18.8408,
0.0228384,
0.0688224,
0.710035,
1.73531,
1.50058,
0.0703904,
0.0200192,
0.0294848,
0.588544,
0.186461,
0.257805,
0.392822,
0.829898,
0.0188448,
0.0637568,
0.0221824,
0.019104,
0.139562,
0.0374848,
0.0775232,
0.560374,
1.27351,
0.0176416,
0.913725,
0.638605,
0.20665,
0.294154,
0.130742,
0.0261888,
0.0268256,
0.496576,
0.0258624,
0.173827,
2.37251,
0.0220896,
0.0358656,
2.53007,
0.842381,
0.069632,
0.0150016,
0.204477,
0.0276576,
0.463277,
3.55845,
0.0167104,
0.027472,
0.0161152,
0.2316,
0.246467,
13.5895,
0.752474,
0.0999168,
0.0194336,
4.18233,
0.829952,
0.561405,
0.0680864,
0.446154,
3.74892,
8.56698,
0.0264032,
0.250579,
0.0413696,
0.0215392,
0.451338,
0.0245248,
4.29352,
0.305482,
2.58933,
1.42494,
2.27516,
0.139338,
1.17105,
0.49561,
0.306973,
0.495424,
3.04993,
0.0554464,
1.60623,
0.0183616,
0.0607968,
0.0338752,
0.180621,
3.02152,
0.0225536,
0.0366848,
1.00223,
0.462819,
2.59719,
0.231456,
0.39736,
0.0202112,
4.30218,
0.0229696,
0.042864,
0.0599648,
0.141094,
0.0755136,
0.0706688,
0.0280864,
0.276016,
9.22813,
0.0638624,
0.43872,
0.283043,
0.138976,
0.827747,
0.368086,
0.169376,
0.108589,
0.227885,
0.015104,
0.0600032,
0.120922,
0.593901,
4.86724,
0.052144,
0.150272,
0.684016,
0.0710272,
0.0963776,
0.0175552,
9.42722,
0.89063,
0.28329,
0.216083,
1.11361,
4.77413,
0.0713184,
0.017216,
0.208893,
3.5686,
1.98719,
0.02344,
2.87848,
0.381389,
0.029376,
0.0173408,
7.37955,
0.592275,
0.350006,
0.583069,
1.95077,
0.071872,
1.14543,
1.24758,
0.0256448,
0.602758,
0.684941,
5.75713,
14.0266,
5.52295,
0.0284544,
0.147475,
1.13634,
0.169002,
0.0182848,
0.03632,
0.0189728,
4.61858,
0.0648544,
0.0179712,
0.0624384,
0.017056,
0.024944,
0.583632,
0.234682,
0.179078,
0.0245856,
28.7524,
0.570995,
1.17689,
0.0960512,
0.021776,
0.01936,
0.0367616,
0.0177376,
0.0316736,
0.766323,
0.408768,
0.691555,
0.0200736,
0.0631008,
0.0762464,
0.59839,
15.9536,
0.284726,
0.17119,
0.0194048,
0.122374,
2.98063,
0.178035,
0.315018,
0.0898688,
0.108234,
2.18694,
0.119709,
0.025488,
0.0369056,
2.25668,
1.63264,
0.0199936,
0.625421,
0.0300032,
0.0961856,
4.9649,
0.10656,
0.124314,
0.0767552,
0.416445,
0.111946,
0.0291296,
0.265363,
0.115411,
0.217949,
6.01485,
3.66607,
0.343805,
0.0554432,
0.389475,
0.0255744,
0.0623424,
0.127059,
0.735238,
38.6133,
0.428218,
1.96736,
1.47452,
0.108906,
0.0205728,
0.0184992,
0.951078,
0.579888,
0.0214592,
0.0702976,
0.0271392,
0.163926,
10.09,
1.65781,
0.0209152,
0.395824,
0.0584192,
0.516678,
0.0603072,
0.0670656,
0.183811,
0.269635,
0.0536608,
0.0273856,
0.04176,
0.666445,
0.636608,
0.023536,
0.0451168,
0.0899584,
0.414499,
0.029488,
0.265274,
0.200067,
0.790586,
0.402205,
0.624186,
0.162406,
0.227446,
0.150822,
0.305597,
0.0270368,
0.0839456,
0.0152128,
4.44,
0.0446688,
0.0234016,
29.491,
1.12884,
0.0232224,
1.96465,
0.362637,
1.2172,
0.020672,
0.0199488,
0.0653536,
0.0181504,
0.693808,
0.107472,
0.0222208,
0.048224,
1.51397,
0.198624,
0.545859,
0.154554,
0.794307,
0.0367776,
0.927978,
29.9059,
0.018112,
0.143382,
0.0781248,
0.0584736,
0.689379,
0.0204768,
0.107744,
0.141824,
0.79055,
0.469008,
6.32707,
0.466352,
0.0417376,
0.0772672,
0.876397,
5.39755,
0.0357344,
0.07584,
6.76588,
0.290419,
0.855107,
0.0380448,
2.93743,
5.0563,
0.04376,
0.21905,
19.556,
0.348403,
0.0198176,
0.0408992,
0.031008,
0.0401536,
0.0648096,
0.0193504,
0.0263904,
0.0469248,
0.0304448,
0.22736,
0.47969,
1.61628,
0.019776,
0.148643,
2.93596,
0.0599424,
0.0789632,
0.421824,
4.84503,
0.725434,
0.130698,
0.551376,
0.103085,
0.271827,
0.0204448,
0.202774,
0.0385312,
0.0479168,
1.57925,
0.0328576,
0.048192,
3.86383,
0.0201504,
0.0966592,
27.9599,
24.0725,
0.402778,
7.93303,
0.300083,
0.869018,
0.0559616,
1.18142,
0.045856,
0.0250368,
0.023472,
0.0193568,
8.32667,
0.580944,
0.0164448,
0.060416,
0.715725,
12.7116,
0.150493,
1.90101,
0.966534,
6.57852,
0.021856,
6.84055,
0.0171584,
0.294682,
0.86007,
0.0325952,
0.175203,
0.0537888,
0.562995,
0.416547,
0.0519168,
0.0564576,
0.0225728,
0.0201088,
7.48358,
0.0354176,
0.0983872,
0.0637856,
1.30456,
1.41713,
0.0250976,
12.2215,
12.5978,
0.140829,
0.125523,
0.0682208,
0.150467,
11.4598,
0.190845,
0.089168,
0.0163328,
0.229174,
2.00557,
0.326013,
0.3512,
0.0209984,
0.0661376,
3.8706,
1.38981,
0.156899,
0.0291552,
0.167808,
0.183254,
0.0424704,
0.115997,
0.0318272,
0.33008,
1.20059,
12.0588,
5.51332,
0.024512,
0.0690752,
0.352397,
0.0194304,
6.13679,
3.2814,
3.59207,
5.77198,
18.9836,
0.0286944,
0.145683,
0.0445696,
1.27597,
0.0412992,
0.0545568,
0.137331,
0.0840256,
0.129619,
0.116755,
0.020352,
13.372,
0.114272,
1.42644,
0.17473,
0.243322,
0.0195456,
0.0638528,
0.20041,
0.323478,
0.0456096,
0.222874,
0.165139,
0.294384,
0.063152,
0.0375104,
0.11279,
0.146659,
0.470128,
0.0209856,
0.043216,
2.09636,
2.31728,
0.0249216,
0.0903776,
0.0201856,
0.0196928,
0.722016,
0.239514,
0.0904,
10.4301,
0.0808736,
2.58791,
0.321414,
0.0213792,
0.119789,
1.08584,
0.288026,
0.0403072,
0.114096,
2.0708,
0.844877,
0.219274,
0.168806,
1.97917,
2.18618,
0.187206,
5.38162,
0.020096,
18.9913,
0.202166,
0.256211,
0.0423616,
0.131782,
0.171046,
0.27673,
34.5427,
0.412512,
1.03826,
0.680573,
0.0636736,
1.34583,
0.212208,
0.0441792,
0.0398592,
0.0511104,
0.0262976,
0.033456,
0.205264,
0.0732864,
0.293325,
0.030384,
0.994234,
0.12793,
0.0315936,
0.141859,
5.18295,
0.0698496,
6.71717,
0.0274496,
1.75189,
1.93031,
0.164624,
0.132864,
0.0151392,
1.17322,
0.617811,
1.21465,
0.280778,
0.879709,
0.041104,
0.0282816,
0.08544,
0.10448,
3.02052,
1.01307,
0.0174976,
0.077456,
0.0197856,
0.166486,
0.152125,
0.0165792,
0.016512,
0.813955,
0.141728,
0.0719936,
0.204499,
0.700573,
0.475574,
1.29823,
0.0221024,
0.649942,
0.02416,
0.216864,
10.2866,
1.49174,
0.025952,
0.0230624,
7.58156,
4.56689,
0.0192544,
0.198774,
9.32163,
0.453683,
0.53816,
0.0161952,
15.9902,
0.102195,
0.0429952,
2.16981,
0.0836768,
0.0647552,
1.75046,
1.44962,
0.0212032,
0.0343872,
0.030896,
0.016496,
1.49293,
1.13049,
0.0625088,
0.432358,
0.279312,
0.019648,
0.175389,
6.99021,
0.036112,
0.28961,
0.929062,
0.0406144,
0.19713,
0.0236064,
2.56339,
0.138048,
0.372048,
0.023248,
0.129501,
9.80687,
0.892845,
0.168611,
0.0215488,
1.85676,
2.79096,
0.616054,
0.0208256,
0.0946432,
0.431443,
3.19366,
0.0843744,
0.209482,
0.020432,
0.265526,
5.14521,
0.0374496,
0.227933,
0.0200512,
1.12767,
0.0941888,
0.285158,
0.0612352,
0.0439328,
0.1172,
0.545494,
0.0311232,
1.20441,
0.453987,
0.0287712,
0.0498272,
0.0269312,
0.0338848,
0.115024,
0.196355,
14.0548,
4.27459,
0.4268,
1.56163,
0.961174,
0.0288288,
0.0266592,
2.62195,
0.2112,
26.0043,
0.476314,
0.0373472,
0.360458,
0.0177856,
0.764246,
0.0712224,
0.17351,
0.0435552,
1.1839,
0.106003,
0.273283,
0.028784,
0.0886368,
0.0307776,
0.0597792,
0.723373,
0.0521824,
0.0155488,
5.69828,
0.0171904,
0.020496,
0.043456,
0.729008,
0.0266496,
0.0168576,
0.017888,
0.152746,
0.245466,
0.363037,
0.681632,
0.325613,
21.3523,
0.0366176,
0.102042,
0.209962,
0.175437,
0.613933,
0.0641984,
0.0384544,
0.638067,
0.24393,
1.4373,
0.435658,
1.53009,
27.5906,
0.0624576,
0.040528,
0.345245,
0.0301312,
0.0206432,
0.0485888,
5.24772,
0.0254304,
9.44602,
0.32089,
0.120662,
0.157408,
0.127181,
0.306701,
0.0635328,
0.132803,
0.149779,
0.274035,
0.043552,
0.043472,
0.0591264,
0.0314336,
0.222832,
0.742662,
0.0492768,
4.19057,
1.00707,
2.54839,
0.147238,
0.283194,
1.39637,
1.45864,
0.13279,
0.0576384,
0.0283168,
1.32686,
0.0174624,
0.154314,
0.410774,
1.17851,
0.425101,
4.13967,
0.133715,
0.024432,
0.596493,
1.13477,
0.123914,
0.0392032,
0.395104,
0.580659,
0.189875,
1.95237,
1.72862,
0.0326496,
0.0528448,
0.0213376,
0.0290464,
0.0317888,
28.5416,
0.0210848,
1.48962,
0.0152128,
0.186704,
0.0752192,
0.0669216,
16.6848,
1.69172,
0.0214816,
0.0362144,
0.0483904,
0.0505024,
0.198413,
0.809731,
0.0225344,
0.0210944,
0.0277824,
0.260243,
0.0206208,
0.0284672,
12.1257,
2.14699,
0.152298,
0.022208,
0.0230848,
0.314483,
0.491965,
0.194166,
0.19559,
0.0339232,
0.316467,
0.145936,
0.0415328,
0.438253,
10.7391,
2.30787,
0.222112,
0.0275072,
1.13526,
0.0200256,
5.40476,
0.0191584,
0.221901,
0.243293,
1.08941,
0.0438912,
0.644752,
0.0260032,
0.193043,
0.0891136,
0.686294,
0.600653,
0.0217792,
0.0714496,
0.0543008,
0.35761,
0.0240736,
0.0366208,
0.0201504,
0.0367168,
0.118032,
0.0979424,
0.249789,
0.0297696,
0.0287552,
0.0713056,
0.0642176,
4.44611,
0.091824,
0.528822,
0.424282,
4.36884,
0.17105,
0.198509,
1.45273,
0.0597184,
0.0259328,
0.551411,
0.0180576,
8.68373,
19.4172,
0.132163,
0.026672,
0.0306656,
6.10168,
0.398006,
0.120771,
0.0181472,
0.427802,
0.0259488,
0.0902688,
0.0221824,
0.0454912,
0.329098,
0.0245568,
0.136458,
0.286643,
2.94758,
0.0421312,
0.142822,
0.914739,
0.149386,
0.708224,
0.0941152,
0.0455296,
0.0392512,
0.707718,
0.793878,
0.0508384,
0.103011,
0.0579328,
0.0716448,
0.0196832,
0.013856,
0.116842,
1.90693,
0.320669,
0.126838,
0.0739808,
0.152112,
0.0179968,
0.0448096,
0.691821,
0.14848,
0.0256672,
2.41817,
2.01418,
0.0362784,
0.378326,
0.255078,
0.815085,
0.0206624,
0.0703328,
0.023744,
1.11444,
0.671098,
0.112326,
0.119174,
0.271802,
0.210102,
0.0947872,
4.4439,
0.310384,
3.14493,
0.0620672,
0.133174,
0.0975584,
0.163872,
1.48888,
0.0394144,
0.52257,
0.05952,
0.720282,
0.88432,
0.02584,
0.292157,
0.601014,
0.175206,
0.183818,
0.028304,
0.0196736,
0.0411776,
0.0359232,
0.036784,
0.144746,
0.505693,
0.0219424,
0.127046,
0.0177408,
2.75577,
0.0253216,
0.0201312,
0.0232224,
0.0209376,
0.0285504,
16.1356,
0.0165184,
0.0316992,
0.0627744,
5.33406,
1.21268,
0.0159296,
1.95778,
0.096432,
0.018016,
0.941066,
7.24931,
0.54111,
0.0402784,
0.04168,
0.684544,
0.0354784,
0.06288,
0.316262,
6.61701,
0.288115,
0.599203,
0.756083,
0.0463136,
0.0241888,
3.18757,
0.959763,
0.27064,
0.0341312,
0.04624,
0.0269792,
0.865312,
0.106886,
0.0276128,
2.57646,
0.189219,
0.0148896,
0.0290816,
0.0414048,
0.621274,
0.0255264,
0.610707,
0.187536,
0.0441344,
0.0303232,
0.0885952,
0.0255424,
0.20969,
0.19487,
0.0823968,
0.279949,
3.12109,
0.0495648,
0.0483552,
0.083712,
6.87162,
0.0249472,
0.0244896,
0.071056,
0.0624704,
0.99104,
1.27394,
0.502259,
1.62127,
0.0999136,
0.242045,
1.2691,
0.0456992,
0.0198912,
0.0208288,
0.95415,
0.338765,
0.0242944,
0.139395,
0.883235,
1.31648,
0.0190304,
0.0201536,
0.018272,
1.54936,
0.198909,
0.0604512,
0.066112,
0.0303904,
7.10284,
0.0362208,
0.122278,
3.69964,
0.384646,
0.206982,
0.468413,
1.4787,
0.724541,
0.0199712,
0.360822,
0.310512,
0.742253,
0.109891,
0.085616,
0.747139,
0.425395,
0.504032,
0.177258,
0.234502,
0.754202,
3.15581,
0.0480576,
0.141382,
0.031296,
0.0316,
0.058288,
0.151856,
0.036256,
0.22832,
0.20016,
0.910003,
0.0231872,
0.649453,
6.71309,
0.0664736,
0.0170368,
0.025056,
0.176045,
2.72034,
0.0241856,
2.37099,
0.0495744,
0.037168,
4.80145,
0.03064,
0.0362208,
1.0718,
0.0219584,
0.0196416,
0.0233664,
0.066304,
13.6599,
0.0178592,
5.87306,
10.0589,
5.53864,
7.53711,
0.0741376,
0.136125,
1.39933,
0.0347616,
0.0182176,
0.577043,
0.138346,
0.490115,
0.0864928,
0.162925,
2.37035,
0.268682,
0.041744,
0.396362,
0.12543,
0.0172064,
0.01888,
0.0184704,
0.651235,
0.0637344,
0.123834,
1.2371,
0.0222048,
0.220976,
0.0868896,
0.0191712,
3.30169,
0.281251,
0.26312,
3.27778,
4.17354,
2.16429,
0.0950496,
7.78733,
0.236915,
0.0378016,
0.0277056,
0.0640032,
0.24081,
0.0390784,
3.52384,
0.019648,
3.44133,
0.198042,
0.0284416,
0.731555,
1.27929,
0.0215488,
0.0613792,
1.29217,
2.89594,
13.6367,
0.09096,
0.022912,
0.0199008,
0.0502752,
0.0185984,
0.0293632,
0.15407,
0.333994,
0.0462816,
2.58051,
0.592374,
2.03919,
0.133555,
0.0303424,
0.646528,
1.1654,
0.38543,
0.0848832,
0.0287296,
0.0656032,
0.037632,
0.209923,
0.0633696,
0.0251392,
0.374288,
0.0225888,
2.26196,
0.215405,
4.19518,
0.0531936,
2.27301,
13.4968,
0.895027,
8.23025,
0.024592,
3.41617,
3.23381,
0.0339808,
0.153574,
0.183008,
0.0410624,
0.755632,
0.763155,
4.41059,
0.018848,
0.169248,
0.0896992,
0.02136,
0.57271,
0.177955,
0.0383712,
15.3473,
0.0458912,
0.292317,
0.0736096,
0.0589472,
0.0445824,
0.0297984,
0.158829,
1.14377,
2.81716,
0.0814016,
0.0196,
0.0254336,
0.0376608,
0.016944,
0.123286,
1.62994,
0.25455,
0.380189,
19.4322,
1.08785,
0.11361,
0.0260448,
0.0515424,
0.486275,
0.184592,
0.0215232,
12.3607,
0.509914,
0.018528,
0.136739,
0.0168992,
0.0184704,
0.829738,
20.4527,
9.91587,
0.161501,
0.186189,
0.456666,
0.0176,
2.42805,
0.0280928,
0.0276256,
7.08245,
0.0175872,
0.0423232,
0.0218432,
1.29496,
0.0964576,
0.107507,
2.0586,
2.50155,
0.0585184,
0.294637,
0.100704,
2.11237,
9.16239,
0.0540256,
0.737334,
0.111149,
2.34712,
0.656579,
2.44961,
0.0261248,
0.0428928,
2.50971,
0.108512,
0.11783,
15.6259,
0.418134,
0.100323,
13.2158,
0.34095,
6.77917,
0.064624,
24.0458,
3.46835,
1.12809,
1.79997,
0.0418464,
0.0352352,
0.336362,
0.0175936,
0.479555,
0.0191552,
0.360448,
0.182995,
0.839168,
33.1288,
0.0550176,
0.0309984,
0.0291936,
0.396704,
1.7636,
0.0214784,
2.06902,
0.0169472,
9.37671,
0.118067,
0.160858,
0.020496,
0.368253,
0.0368768,
1.48768,
1.22452,
0.48057,
0.116179,
0.619165,
0.826307,
0.0321696,
11.3537,
0.0964192,
0.0180288,
0.0204512,
1.07262,
0.0758112,
0.86089,
22.7734,
1.3079,
0.0240832,
0.166614,
0.114515,
7.39659,
1.39223,
0.308998,
0.126218,
10.3481,
3.49555,
1.18547,
1.61601,
0.111926,
0.0560256,
0.163347,
16.544,
0.107901,
0.0885056,
0.160339,
0.0223968,
0.0239712,
2.36689,
0.152832,
0.064944,
0.0212288,
0.114998,
0.406394,
0.0221856,
0.0814464,
0.683136,
0.586973,
0.025712,
0.0433568,
0.0401792,
0.234502,
0.959728,
0.129194,
0.0430784,
0.673142,
0.303482,
1.79035,
0.028656,
0.176026,
0.0863168,
0.182,
0.112058,
0.0199584,
1.60074,
0.0474016,
0.0322112,
1.64339,
0.285805,
4.01389,
0.107418,
5.85375,
33.8553,
0.136403,
0.202099,
0.019888,
0.0239872,
0.0254976,
2.95461,
12.4496,
3.54894,
0.0188,
0.436515,
0.0805536,
0.651149,
0.0181824,
0.0986432,
1.88121,
0.305584,
11.7025,
0.16575,
0.0359776,
1.87993,
0.0217024,
0.127155,
0.0340896,
0.017424,
2.39193,
1.59479,
0.041776,
31.984,
0.0188576,
0.0420992,
0.037968,
0.126723,
10.677,
0.0522592,
0.0640608,
0.0222752,
0.0837472,
0.101648,
1.90382,
0.182243,
0.677978,
0.466538,
0.15184,
0.0190048,
0.0230336,
0.546656,
0.0587488,
2.01254,
0.111373,
0.0642912,
0.703338,
0.0582848,
1.9817,
0.0675744,
0.0172992,
0.036208,
0.655405,
4.96957,
0.178621,
0.406611,
5.22827,
0.9184,
0.104957,
0.0461088,
1.32804,
0.017776,
0.027744,
0.178064,
0.198365,
0.205827,
0.0186656,
0.0534944,
0.260477,
0.06328,
0.180051,
0.432208,
0.689523,
0.279885,
0.0799392,
0.259136,
0.0429664,
0.0273248,
0.0408352,
0.617142,
0.948477,
0.0195008,
0.059856,
0.3032,
0.457482,
0.200618,
0.189613,
0.154608,
0.0186592,
0.0796192,
0.022736,
32.4986,
0.0516544,
2.21903,
0.094096,
0.668282,
0.275459,
0.0300544,
0.101168,
0.060208,
0.570893,
3.13048,
2.52528,
0.28255,
0.0551648,
0.0921824,
0.369827,
0.209427,
0.104848,
6.06865,
15.8806,
2.02834,
0.0208896,
0.0288672,
0.0324896,
4.26958,
0.0537056,
0.0710624,
0.0764992,
0.180874,
0.0192032,
0.279254,
0.149389,
0.373338,
0.0199264,
0.075344,
0.0408352,
0.426051,
0.166752,
0.479981,
5.06108,
0.0941984,
0.145869,
3.36803,
0.0976416,
0.0449952,
0.0323808,
0.354093,
0.211414,
0.0395296,
1.43967,
0.480525,
0.021152,
4.43514,
0.0194624,
0.0190752,
0.164646,
0.331008,
0.0582912,
0.196768,
0.788602,
0.0260064,
1.81321,
0.0284096,
1.89248,
30.5996,
0.0449728,
7.62046,
0.0354496,
4.76439,
5.89899,
0.037088,
0.409328,
0.200902,
0.44415,
0.0217152,
0.0236704,
5.54235,
0.0319584,
0.0381056,
0.82297,
0.0353728,
0.046384,
16.5552,
0.725216,
0.0588608,
0.911987,
0.138211,
2.17523,
0.0191104,
0.316522,
0.322099,
0.0309536,
0.0183392,
1.55222,
0.299648,
39.2735,
1.52982,
7.29322,
0.0317248,
0.0184736,
0.109693,
0.036656,
0.118266,
1.64738,
0.522906,
39.3611,
0.04888,
0.0206656,
0.669085,
0.262426,
1.39503,
0.0274848,
6.56287,
0.958611,
0.0205216,
0.092576,
0.0148288,
0.0225504,
0.985059,
1.5664,
0.0871072,
0.05616,
7.86769,
0.0237152,
0.0915168,
0.16192,
0.0166752,
0.0294784,
4.44797,
0.359936,
0.102765,
0.199859,
1.44444,
0.0175872,
0.12199,
0.0731488,
0.0626848,
1.10243,
0.0320128,
2.82984,
0.121645,
0.0458688,
0.500214,
1.19833,
24.1396,
2.29882,
0.0180928,
0.745165,
0.849968,
0.0199136,
0.524294,
0.140662,
0.0719424,
0.319984,
0.0185568,
0.138272,
0.0261152,
0.0310112,
0.18057,
0.0253376,
0.0241472,
0.921597,
0.126899,
0.931661,
2.08895,
0.0358272,
0.0176128,
0.91849,
0.0484896,
0.881517,
0.11033,
0.953178,
0.0328608,
0.0184224,
0.68559,
0.044672,
2.30819,
3.43163,
1.63756,
1.95302,
0.148157,
1.88668,
0.0195232,
0.0874816,
0.05712,
0.0745664,
0.538765,
0.0534656,
0.136282,
0.0274144,
0.0756992,
0.116282,
0.0160736,
13.3212,
0.0188448,
0.28559,
0.038384,
0.310032,
2.64637,
4.90368,
3.70411,
0.0401408,
5.01801,
0.22279,
0.0810176,
0.142054,
0.0191424,
2.26532,
0.0189312,
0.113002,
0.167488,
0.020656,
0.0431008,
0.014688,
0.0775488,
0.171056,
0.0292384,
0.0211072,
0.316685,
0.61855,
0.0449024,
0.0914784,
0.918637,
5.45958,
0.336064,
8.84396,
10.5542,
0.0378816,
0.0204832,
0.169459,
0.719011,
3.36986,
26.2603,
0.0462496,
0.03656,
0.163894,
0.904726,
0.344506,
5.74863,
0.659222,
0.0195872,
0.325261,
0.0186528,
17.7145,
1.20445,
0.599616,
0.164074,
0.0366496,
0.506285,
0.207459,
0.0260768,
0.0639648,
0.0410496,
11.0091,
0.0323008,
0.948768,
0.306579,
35.3574,
0.09368,
0.0409536,
3.99914,
0.319955,
4.71483,
0.0193952,
0.024192,
0.0900768,
0.0255584,
0.293955,
0.0190912,
0.578928,
0.049408,
0.0592544,
0.471901,
0.514064,
0.565277,
3.70688,
0.0822304,
0.0408064,
0.0339584,
0.0186816,
0.0673024,
2.33982,
1.98304,
0.373763,
0.156842,
1.8491,
0.77816,
0.761952,
0.0238336,
10.5496,
0.0440288,
1.6285,
0.0191456,
0.389706,
0.0501024,
1.68847,
0.0289216,
0.123206,
1.74554,
0.612534,
3.51188,
0.0393856,
0.0521408,
0.0186656,
0.109488,
10.48,
0.498192,
0.0185632,
9.35892,
0.0800992,
0.259325,
0.0195296,
0.086912,
0.0804704,
1.34119,
3.00954,
4.58863,
0.413642,
1.29023,
0.0349088,
0.12856,
0.675235,
0.0158144,
0.0220832,
0.0218816,
0.408506,
0.0185088,
0.10209,
0.2952,
0.0637248,
0.0197888,
0.640614,
0.0715328,
1.04474,
1.2993,
0.105728,
0.301923,
2.45288,
1.90328,
0.301885,
0.0243296,
0.562166,
1.8838,
1.50289,
0.0788672,
0.0716544,
0.019616,
1.25482,
0.0622048,
0.0390624,
0.0345984,
0.170995,
0.288314,
0.0221824,
9.065,
0.349651,
0.315648,
0.0239744,
0.019328,
0.382835,
0.030064,
0.0365152,
0.110739,
0.582883,
0.35671,
0.0188192,
0.506003,
0.245322,
0.0369664,
0.0557184,
0.0330176,
4.77861,
0.455002,
3.60966,
0.872659,
0.0933088,
0.0170592,
0.04472,
0.0194592,
0.251363,
0.157706,
0.0211072,
0.0503872,
0.19647,
2.09862,
0.090304,
0.0854272,
0.022736,
0.15719,
0.150064,
0.017856,
0.169421,
1.88489,
4.50129,
0.0439904,
6.43953,
0.882941,
0.0351264,
0.0393344,
0.119885,
1.63638,
1.58107,
0.0222048,
2.69212,
2.91056,
0.400794,
0.0202304,
0.0719008,
0.066656,
0.388512,
0.02168,
0.722234,
0.0239424,
0.49489,
0.190947,
1.90903,
0.0287296,
0.128058,
0.0226336,
0.243648,
0.219814,
0.290902,
1.91077,
3.53016,
1.8266,
0.0217152,
0.0848672,
0.10999,
0.0272608,
0.0317536,
0.0185632,
2.52076,
0.232064,
0.0300768,
0.0392064,
0.417645,
0.0182496,
0.223616,
0.0198624,
0.167424,
0.0377568,
8.25945,
0.144429,
0.022112,
0.440131,
0.0774688,
0.0177856,
0.0311968,
0.460362,
0.0339488,
0.245219,
0.0390336,
0.0947456,
0.102317,
0.141014,
0.149824,
0.0234368,
0.997114,
3.79487,
5.51543,
3.67261,
1.0928,
0.021872,
0.0452992,
9.45834,
0.072688,
0.0433856,
0.949024,
8.45328,
6.20529,
0.0492352,
0.0950176,
1.39842,
0.0287328,
0.237923,
3.79436,
3.15208,
0.23119,
0.02192,
0.113181,
0.264291,
0.088608,
0.121315,
0.347882,
0.554205,
1.16456,
0.0186048,
0.101322,
0.0299488,
0.0307104,
0.874931,
0.0180256,
0.17047,
0.0243904,
0.643152,
8.41377,
0.308118,
0.731222,
0.0337888,
2.01948,
0.0192832,
0.623498,
4.34015,
0.416963,
0.257843,
5.95715,
0.0966464,
0.677014,
0.0249696,
3.49493,
0.0444448,
0.106214,
0.0345216,
0.0197632,
0.164198,
3.3155,
2.67432,
0.246202,
0.404646,
0.0227872,
0.189648,
0.0976416,
0.0455424,
0.355571,
0.0503232,
0.0208096,
0.0627104,
0.0623168,
0.025488,
6.16159,
0.31024,
0.0299296,
1.0783,
0.107098,
0.0259552,
0.111939,
2.01099,
0.396982,
0.0314048,
1.27066,
1.64208,
0.130435,
0.0356128,
1.14739,
0.314582,
0.263648,
0.13799,
0.0215872,
1.20692,
0.0250368,
0.0148288,
0.060512,
0.025648,
1.51354,
0.0525536,
0.0410912,
0.881888,
0.023456,
0.0195104,
0.734976,
0.0315232,
0.0294528,
3.11725,
0.102198,
4.06948,
0.0845472,
0.83457,
0.30104,
0.030144,
0.178352,
20.1176,
0.0937792,
0.0404064,
0.318595,
0.0755232,
0.0617536,
0.0360608,
5.7627,
0.285533,
6.95979,
0.0849408,
0.265603,
0.0466976,
0.0182496,
0.679962,
0.229894,
1.37995,
0.171104,
0.0222336,
0.266285,
0.047216,
0.0312128,
0.0267904,
2.98036,
0.0920192,
1.31628,
2.06934,
1.43248,
2.99806,
0.126675,
0.092864,
0.0401408,
0.123302,
4.32747,
0.0201696,
0.265869,
0.114954,
0.0471872,
0.0313312,
0.0402528,
0.187821,
0.109987,
0.0545536,
1.11263,
0.719834,
0.466125,
8.13241,
0.381933,
0.310816,
1.01977,
0.0574208,
0.029744,
0.151171,
1.36637,
4.55131,
4.34197,
0.0233728,
0.053936,
0.0228544,
0.0265536,
23.5068,
0.0949824,
0.35944,
7.39745,
0.0252544,
2.35359,
3.46182,
0.0244256,
0.0321056,
0.964467,
0.15209,
0.404365,
0.0911296,
0.02408,
2.41406,
0.355226,
0.284464,
1.18925,
0.0176288,
1.04222,
0.275354,
0.0494432,
0.021568,
4.21363,
0.0170688,
0.0215776,
0.15257,
0.0637888,
0.0491584,
0.342214,
0.309965,
0.0199328,
0.40184,
0.0470816,
0.017504,
2.89051,
0.101165,
0.539075,
0.10439,
1.30441,
0.0992288,
11.9381,
0.060256,
0.335462,
10.4429,
0.0583264,
0.153398,
0.0223072,
0.0476096,
0.0237536,
7.3674,
2.1763,
0.0830784,
0.28543,
0.163558,
0.494214,
0.0192352,
0.459786,
6.76973,
0.152413,
0.0192448,
0.279414,
0.0180704,
1.17986,
0.0327712,
0.0316352,
0.0273088,
1.66236,
0.0644928,
1.135,
2.77354,
0.227446,
1.14725,
0.095696,
5.37483,
2.15133,
0.0614016,
0.172998,
0.072592,
0.729811,
1.46987,
0.262317,
0.135798,
0.382224,
0.791821,
8.29658,
0.212771,
0.0275232,
0.124515,
0.422384,
0.303789,
0.239018,
0.0164416,
1.8942,
0.019696,
17.1539,
0.072128,
0.0445376,
0.325699,
0.488115,
7.65768,
3.37224,
4.37863,
0.101827,
2.13731,
0.0339776,
0.0355072,
0.0174816,
0.128861,
0.247939,
0.0720352,
0.0244128,
0.531315,
0.95344,
0.94384,
1.66968,
0.0433408,
0.0806496,
20.9426,
0.0208448,
0.0254688,
7.20353,
0.0821088,
1.22009,
4.47401,
9.67111,
6.03273,
0.031792,
0.0255104,
7.63043,
0.026336,
0.216694,
0.088208,
0.028272,
1.47029,
0.241286,
0.0644544,
0.171501,
0.127242,
0.0741472,
0.01632,
0.416234,
0.024096,
0.55168,
21.0941,
0.428022,
0.0220288,
0.0573344,
1.75355,
1.79919,
0.644026,
0.0678912,
0.0384832,
0.0733792,
0.0333728,
1.67824,
0.0550752,
0.0242464,
0.341411,
0.264714,
0.0383552,
0.0816928,
1.93924,
0.219702,
2.25417,
2.3318,
0.810528,
2.26326,
0.0368384,
0.0643232,
0.0510208,
0.343136,
0.102426,
1.1274,
0.18465,
0.0230752,
0.141571,
0.128368,
0.0661216,
1.33572,
0.138803,
0.288867,
1.21358,
0.0556768,
2.08945,
0.33608,
0.0226528,
1.62621,
0.0402112,
0.0196576,
0.0207616,
0.128346,
1.49189,
1.41533,
3.39811,
0.27496,
0.0711072,
0.22655,
0.0234336,
1.10499,
0.0168544,
0.0834624,
0.0601344,
0.569773,
0.119754,
0.022992,
0.30511,
0.06488,
0.18104,
0.540669,
5.54616,
0.022128,
0.0701952,
0.0197728,
0.0983552,
0.0190112,
0.0756672,
2.54662,
0.168269,
5.6682,
0.845466,
4.97665,
0.0503168,
0.0211104,
0.112102,
0.020256,
0.0481792,
0.073696,
0.040656,
0.396637,
0.0249216,
0.0163936,
3.13516,
0.541712,
0.0491776,
1.69065,
0.164742,
0.480365,
0.314032,
0.183757,
0.0324704,
2.6994,
0.16281,
0.0526528,
17.569,
0.222483,
0.0192,
0.175101,
1.65794,
0.817904,
11.5137,
1.5403,
0.0192608,
0.0415648,
0.0416416,
0.0327232,
0.0809792,
0.0711648,
0.14424,
0.438624,
0.976941,
2.45332,
0.017072,
0.0193408,
0.319325,
0.707584,
0.443437,
0.0303904,
0.017744,
0.020656,
1.6204,
4.5179,
0.0476256,
0.545997,
0.0206176,
0.0750688,
0.279846,
0.279386,
12.6958,
0.167686,
1.11917,
0.044928,
0.02432,
0.980256,
0.023104,
2.32295,
1.2978,
22.8916,
0.0177952,
0.0500864,
2.35129,
0.105446,
0.0447744,
1.44215,
0.312272,
0.184285,
0.130442,
0.104909,
0.115354,
5.07632,
0.0497696,
0.224858,
0.0159296,
1.87614,
0.0958656,
1.32325,
0.148662,
0.0201184,
1.05017,
1.32686,
0.03744,
0.164557,
0.0606272,
1.24962,
0.0206144,
0.150294,
0.18024,
0.0209664,
4.5531,
0.035056,
0.0189088,
0.0257696,
0.0195072,
0.34255,
0.3968,
2.71309,
11.1503,
0.181235,
0.652925,
20.9662,
4.9849,
0.0281792,
0.0458976,
0.053312,
0.117427,
0.664678,
0.0627552,
0.0237984,
1.76323,
0.0394496,
0.01896,
6.19677,
0.0454464,
0.438608,
0.097232,
0.0995296,
0.0171168,
0.0172128,
0.336211,
0.119933,
0.0976736,
2.28736,
0.136864,
0.0458432,
0.02992,
0.0221472,
0.0242624,
4.90622,
2.64421,
1.2658,
0.146829,
1.45479,
0.758733,
1.03014,
0.325037,
0.101632,
0.193331,
0.0212992,
0.481606,
0.0452672,
0.0185376,
0.0358496,
0.0229088,
3.01049,
3.68031,
0.0415552,
0.216957,
0.0213216,
0.0183712,
0.202602,
0.025152,
0.220454,
0.0533792,
1.65341,
1.92043,
0.200269,
1.2875,
1.90792,
0.0264512,
0.332285,
0.26568,
3.44025,
0.520026,
0.0163136,
0.0552224,
0.0605856,
0.0322752,
12.0041,
0.787274,
0.122707,
0.174077,
0.218262,
0.0375744,
0.689763,
1.58501,
1.16988,
0.232941,
0.467056,
1.19829,
0.698454,
0.140442,
1.37254,
17.8987,
5.56626,
29.6626,
0.0170528,
0.660717,
3.10231,
0.0610976,
0.623651,
0.264966,
0.955658,
0.015312,
0.13632,
4.78462,
3.94858,
0.513024,
5.11581,
1.13284,
0.018176,
2.06859,
1.20059,
0.022272,
0.030448,
0.0455168,
0.234698,
0.63575,
0.955318,
0.10737,
0.117523,
0.101475,
0.0243744,
0.0273792,
3.99391,
0.0200768,
0.088336,
0.0251648,
1.21192,
2.45376,
0.0251616,
1.62275,
0.489414,
0.0373312,
0.143734,
0.0678624,
5.35483,
0.0227616,
0.018352,
1.21873,
0.13665,
0.0976224,
0.78823,
2.72559,
0.929018,
0.260883,
0.0729888,
0.0195264,
0.0926592,
0.0396512,
0.0560704,
0.0282464,
0.0517248,
0.0429216,
0.85345,
0.980755,
0.090176,
0.623494,
0.251664,
1.68733,
0.065376,
0.258998,
0.0308864,
0.0198336,
0.0278112,
0.240701,
0.03688,
24.1909,
0.0496288,
0.269475,
0.0234208,
2.37749,
0.255837,
0.0919232,
0.0188704,
0.0672704,
0.258848,
0.0244448,
0.18416,
0.033728,
0.304554,
0.517254,
0.251066,
0.382605,
0.0308224,
3.78733,
0.0820288,
0.17152,
0.0167008,
0.0378432,
0.0189856,
0.0466112,
0.0251136,
2.94773,
0.0780672,
1.08428,
0.0835712,
0.064496,
0.0514144,
16.2054,
1.46122,
0.0666976,
0.118426,
0.02,
0.0208736,
0.223075,
0.0165184,
14.6285,
0.0798976,
0.412899,
0.408301,
0.0207904,
0.33736,
0.0200704,
0.108214,
0.0227648,
0.510698,
3.05853,
0.0175392,
3.00831,
2.22438,
0.420301,
0.0179584,
45.8166,
1.14017,
0.0281728,
0.025136,
9.6435,
0.0302048,
0.0276416,
1.11524,
4.20462,
0.037104,
0.667037,
0.0390208,
0.0832128,
0.0368992,
0.526774,
6.05834,
0.526474,
0.0191296,
0.0193024,
12.5995,
0.61847,
0.026592,
0.154678,
0.104202,
6.70493,
0.025888,
0.0906848,
0.0523776,
0.073936,
1.60867,
14.9443,
0.305053,
0.044944,
0.380576,
0.0190176,
0.0334848,
5.50205,
0.0634304,
0.0356256,
0.110464,
0.392618,
0.0206432,
1.54952,
0.869197,
0.0194752,
1.1498,
1.20329,
0.775232,
0.508656,
0.0482848,
0.263914,
0.0239456,
0.132909,
0.0952288,
0.0864384,
0.020416,
0.0184608,
0.362218,
0.024832,
0.0872448,
0.09832,
0.0215584,
0.468752,
0.0303424,
0.0166528,
0.593888,
0.017728,
17.228,
0.0196544,
1.11529,
4.29184,
0.954253,
0.13913,
1.59283,
0.0588928,
0.325341,
0.443603,
1.45345,
0.846195,
0.0518464,
0.174022,
8.75815,
0.0292576,
0.0680096,
0.0204992,
0.25328,
0.467626,
0.446429,
1.66847,
0.163773,
5.7645,
0.0607072,
0.0830816,
0.0241216,
0.514778,
0.0201696,
0.0258272,
0.0203104,
15.6187,
0.176637,
0.0216,
0.543712,
0.0280352,
0.713942,
0.0775616,
0.0689408,
0.0229792,
0.0421824,
0.238477,
0.0283328,
0.771536,
16.987,
0.0193248,
0.160384,
0.025952,
0.0257696,
0.162138,
2.13991,
0.0222048,
10.4952,
0.12769,
0.16664,
0.23656,
0.0165184,
0.021984,
0.474822,
0.0333952,
0.237491,
0.0318752,
1.48392,
0.0342752,
0.148509,
1.06851,
5.72684,
0.875866,
0.030368,
7.84062,
0.227251,
0.0837696,
0.0321056,
0.0220384,
0.308928,
1.32126,
1.23513,
0.0216832,
1.95641,
0.0329504,
0.0215424,
0.425901,
0.0334496,
0.0165056,
0.424387,
0.0190304,
0.107443,
0.128362,
0.193238,
0.260733,
0.0366752,
1.35494,
0.0179936,
0.0872256,
0.0412864,
0.0167392,
0.0270432,
0.408592,
0.0188672,
0.465178,
3.88852,
0.0688448,
8.26068,
0.0405664,
1.06598,
0.0323072,
0.196202,
0.029056,
0.521098,
1.8032,
0.0701856,
0.58872,
1.73964,
0.0316128,
0.81527,
0.0174304,
0.0298432,
0.0347968,
0.822554,
0.26913,
0.286291,
0.322704,
0.378288,
0.0247808,
0.0462272,
0.0550784,
0.0407104,
0.54648,
0.321638,
0.0500256,
0.0297216,
0.0199616,
1.60533,
3.93579,
0.422029,
0.0304864,
0.706842,
0.021104,
0.0252384,
0.0215968,
0.10079,
3.73135,
0.121453,
0.019424,
0.0450688,
0.0176768,
0.0935232,
0.0277984,
0.0245376,
4.93431,
3.18113,
0.0213344,
0.0785344,
0.0775072,
2.27256,
0.110234,
0.19983,
6.45034,
0.113146,
0.0258976,
0.0465696,
0.107168,
0.0213312,
0.0375744,
0.0853984,
0.366886,
0.976477,
0.426464,
1.56749,
1.26308,
13.2118,
0.0203872,
0.389174,
0.269328,
0.0414272,
0.0696352,
1.21025,
0.0169888,
0.0459936,
0.757811,
0.0351872,
0.0937664,
0.0197056,
2.23308,
0.0581696,
0.0307328,
1.3319,
0.11183,
0.085856,
0.0198272,
0.299168,
0.0287296,
0.21961,
0.16696,
0.0374368,
6.20683,
0.236394,
4.05144,
12.1411,
5.71916,
0.0434176,
0.121264,
5.74567,
0.0227904,
0.160218,
0.227952,
3.35593,
1.17672,
0.0219552,
0.0232832,
3.2488,
1.56554,
0.983168,
0.243971,
0.165981,
0.0210176,
0.0520352,
0.0385088,
26.3892,
0.473411,
0.0234112,
0.020688,
0.028928,
0.0193728,
0.0184064,
1.9707,
1.42412,
0.018448,
0.0204128,
0.0244928,
5.83479,
0.01832,
20.0634,
1.27283,
0.0157152,
0.635891,
0.0205024,
0.0191232,
9.92841,
0.0329248,
0.0239328,
9.66031,
0.107104,
0.876854,
14.074,
0.139059,
0.903184,
0.0229664,
0.400301,
0.0839552,
0.0309088,
1.09158,
2.30878,
0.194896,
1.48409,
0.359802,
3.39847,
0.0715424,
0.184246,
0.554957,
8.0464,
0.500253,
3.73756,
0.629498,
0.0209376,
0.0571232,
0.0327136,
0.197485,
3.4166,
0.0223168,
5.84551,
1.05863,
0.219859,
3.00898,
1.16044,
0.069904,
0.025376,
0.167738,
2.7893,
1.21643,
0.019696,
0.0988736,
1.72304,
1.22813,
0.0216736,
0.147245,
1.161,
0.0471968,
0.451315,
1.10021,
0.13481,
0.425846,
0.108154,
6.54504,
0.938803,
0.0404992,
0.126627,
0.0438144,
0.035248,
0.0461088,
0.0306368,
0.0395136,
1.98428,
0.208528,
0.0191392,
0.0270848,
0.31048,
0.0742816,
0.224269,
2.79687,
0.898205,
0.01952,
0.0220736,
1.10901,
0.0269024,
0.0378944,
0.110598,
0.449709,
0.020176,
0.0694432,
0.0232288,
0.0534112,
0.0555104,
1.00344,
1.4146,
11.2519,
0.354653,
0.424378,
0.359555,
5.98746,
1.88679,
0.067184,
0.0250336,
0.0267424,
0.434752,
0.0331136,
0.01912,
0.0336224,
0.229082,
21.442,
0.0191808,
0.243142,
0.53296,
0.140755,
0.720163,
0.11135,
0.510966,
1.61167,
9.33603,
0.0219328,
0.32111,
0.026752,
0.358845,
0.185482,
0.0339168,
0.374656,
0.01992,
0.0453504,
0.0200224,
0.039104,
0.809152,
0.0291936,
3.86144,
0.0206752,
4.40795,
1.71105,
0.366102,
0.12319,
1.01332,
0.32753,
0.0602496,
0.797072,
0.0309376,
0.661181,
0.65007,
3.20532,
0.918304,
0.307744,
0.0433888,
0.0168608,
2.85217,
0.103162,
0.0237856,
0.0221984,
1.63692,
0.11743,
0.470086,
0.0524256,
0.060496,
0.0456704,
0.083936,
3.09465,
0.160515,
0.393603,
0.211603,
0.0734336,
0.0837888,
0.050016,
0.0449408,
0.196531,
0.0277408,
12.5121,
0.107584,
0.0189088,
0.0655296,
0.0444704,
12.9792,
0.119117,
0.0212416,
0.0414688,
0.0498368,
4.6444,
0.0883904,
0.26495,
1.27866,
0.0429792,
9.14167,
0.17265,
0.956154,
0.0829376,
0.0182272,
0.0411776,
0.942445,
0.0401504,
0.0281344,
0.16527,
0.0524992,
0.0184864,
0.188976,
7.21793,
0.371683,
0.136963,
0.0966656,
0.628304,
16.5781,
0.0713408,
1.16116,
0.0202592,
0.241578,
1.83435,
0.40423,
0.0627104,
0.172234,
6.8397,
0.769984,
0.0192256,
0.181786,
0.0513024,
0.308051,
0.0899776,
0.075936,
0.0948064,
3.89808,
0.483907,
0.942966,
0.0876736,
0.137456,
0.0363296,
0.0195808,
0.0990976,
0.5684,
4.53372,
0.467456,
0.024656,
1.40842,
0.34424,
1.11224,
3.60948,
0.281792,
1.50841,
0.04728,
0.0941952,
0.0836448,
8.72537,
0.0358688,
0.0201312,
2.09995,
0.0376736,
0.479379,
1.55952,
0.945306,
1.77662,
0.0222848,
0.0658688,
0.820784,
0.141178,
0.0332832,
0.0261216,
10.0717,
11.5146,
0.588877,
2.45305,
0.708298,
0.0194816,
0.0200384,
0.323059,
0.0183904,
2.37662,
20.9309,
0.369904,
0.0197536,
2.50171,
10.5653,
1.03442,
0.245222,
1.52922,
0.217875,
9.64744,
0.0246944,
0.197152,
0.0392416,
0.0227744,
0.0311808,
0.0326208,
0.0201344,
35.3741,
0.945792,
2.30233,
0.0690016,
1.50813,
0.423987,
0.684176,
1.7039,
3.75561,
0.0219168,
0.0297216,
0.0211584,
0.318979,
0.0184768,
1.38197,
0.0506976,
0.473718,
4.22959,
1.16202,
0.0175648,
0.12639,
4.0399,
2.33613,
2.24102,
0.03872,
0.14552,
0.80169,
0.0260448,
0.215859,
0.18855,
1.04766,
0.01944,
0.026896,
0.332643,
0.0652288,
0.210941,
0.0203296,
0.143082,
2.79984,
0.0200384,
0.0204192,
17.0773,
0.13704,
0.0668928,
0.0328352,
31.0387,
1.1393,
0.0439072,
0.033728,
0.158848,
0.025808,
0.0352128,
0.0602048,
0.0224768,
0.0203648,
0.326832,
0.0279264,
0.944,
0.035792,
0.0230208,
0.990528,
0.0326688,
0.033248,
0.337949,
2.13302,
0.0346432,
0.0225568,
0.202099,
0.344931,
0.779619,
1.26493,
0.201501,
0.0170592,
0.280787,
0.50167,
0.0923488,
0.0367872,
30.7395,
1.7862,
0.0975424,
0.0335744,
0.0885184,
0.0198912,
1.10407,
0.309683,
0.0236352,
0.299962,
5.68127,
0.0223232,
0.020336,
0.733821,
0.0315296,
0.419242,
0.663056,
7.40586,
0.0400704,
0.0832096,
0.0167264,
0.208112,
0.322931,
0.346307,
4.6809,
0.855376,
0.0850784,
5.54586,
0.551402,
0.107789,
0.0288288,
0.192758,
0.0618656,
0.0337472,
0.0766176,
0.0377312,
0.0203488,
0.459222,
0.40616,
2.86113,
0.202534,
1.6618,
12.4388,
0.0237728,
0.597699,
0.0375168,
0.136874,
0.0208736,
0.02568,
0.132371,
7.90424,
0.04168,
0.390237,
0.0166976,
0.330787,
0.87984,
0.0588192,
0.09856,
0.0192832,
12.1989,
0.147274,
0.561242,
0.0343072,
1.21553,
0.789171,
0.016,
0.0158048,
2.01802,
10.046,
0.763872,
0.0163424,
0.0731008,
1.35244,
0.0643616,
11.2789,
0.016592,
0.0720512,
0.0394592,
0.123046,
0.0578592,
0.0204736,
0.0255616,
0.0193152,
1.12219,
0.26447,
0.0237312,
0.229312,
0.264835,
0.0182496,
0.351379,
0.0317248,
0.012944,
0.0833792,
0.0178304,
8.29669,
0.135686,
0.357155,
0.874931,
0.0166208,
0.088784,
0.812963,
0.0279776,
0.125709,
1.57928,
0.32825,
3.97605,
1.78899,
0.0205952,
1.91054,
0.174803,
0.013488,
0.771808,
0.024112,
0.595523,
0.69487,
0.041088,
0.0193696,
0.650733,
0.119715,
0.110685,
0.107235,
0.0198176,
0.178854,
0.480592,
1.25572,
0.225776,
0.0363776,
0.0344896,
0.612051,
0.0251712,
0.0170688,
5.8616,
28.9036,
0.620659,
0.185437,
0.669283,
0.0158848,
0.0181952,
0.143891,
7.71776,
0.319443,
0.51775,
0.917235,
8.05605,
0.0195104,
0.248899,
0.0184384,
7.17559,
0.436742,
1.45986,
8.1425,
0.144086,
0.40537,
0.685878,
0.0168608,
3.45276,
0.0217376,
0.0233184,
0.153187,
1.70592,
0.665946,
3.09707,
0.0212032,
0.032304,
0.0466016,
0.105046,
0.026416,
0.32415,
15.2521,
2.3736,
0.713158,
0.016848,
0.132419,
0.02064,
0.0169792,
0.827469,
0.0197952,
0.0484576,
0.170275,
0.0438912,
0.022512,
0.403459,
6.62137,
0.427584,
0.408915,
0.0489888,
0.134413,
1.48516,
0.147978,
2.12525,
0.0257088,
0.785613,
0.0175168,
0.107046,
0.184458,
0.0227168,
0.0188416,
0.0301408,
0.0542272,
0.439699,
0.196032,
0.0413792,
0.223901,
0.0607264,
0.0308448,
0.0500832,
0.0215072,
0.366691,
0.940685,
0.0325344,
0.0535136,
4.01359,
0.526858,
0.447168,
0.02088,
1.38608,
0.309994,
0.0638944,
0.370083,
27.115,
0.0550048,
0.0214208,
0.502726,
0.205446,
5.20054,
0.509386,
0.31656,
0.0246784,
0.0190336,
5.57362,
0.127552,
3.45508,
0.123472,
0.101053,
4.94722,
0.0242912,
0.0326016,
4.91352,
6.04344,
0.153354,
0.0171488,
0.0786656,
0.362301,
0.0470336,
0.212192,
0.023808,
1.04889,
0.145347,
0.0276096,
8.83821,
0.524102,
0.234592,
17.8499,
0.0364512,
0.0255936,
0.593661,
0.0796224,
0.01848,
11.2718,
6.12971,
0.10136,
0.10423,
0.057568,
0.393184,
13.6915,
0.0669088,
0.198246,
0.74585,
0.0179424,
1.87032,
0.520147,
0.409072,
4.38447,
0.0741216,
0.0187264,
0.0220384,
0.031728,
0.0170112,
0.0211584,
2.43245,
0.0177056,
0.038432,
1.05857,
0.107891,
0.468579,
0.0490144,
0.711376,
1.12409,
0.266861,
0.901619,
0.0549088,
0.0351456,
0.134048,
0.061248,
0.251226,
0.018896,
0.017152,
0.202387,
0.350307,
0.114842,
0.0878272,
0.0543904,
0.855312,
0.86312,
1.13252,
0.49575,
0.111517,
0.0203616,
0.508438,
3.69484,
0.156566,
0.0164608,
0.832291,
0.0189504,
0.028064,
1.9319,
0.0171776,
4.98488,
0.0227616,
0.019968,
0.168816,
0.0296896,
5.97381,
0.179184,
0.638592,
0.202048,
0.020096,
0.316845,
0.415565,
0.0622496,
0.712026,
0.035584,
7.43883,
0.341498,
0.0267424,
0.0528288,
0.145635,
0.0898688,
0.179446,
0.0513824,
3.28228,
0.169722,
0.0161728,
0.34473,
0.016736,
0.0400576,
0.0359072,
0.063184,
0.17641,
0.0186816,
0.135814,
0.681923,
0.0588224,
0.0702368,
0.112653,
0.016944,
3.51351,
0.0374752,
0.0350464,
0.143229,
0.202934,
0.14104,
0.634669,
0.182298,
0.0554304,
0.0179424,
3.17464,
0.073504,
0.035376,
0.241261,
0.018736,
0.0231424,
2.99748,
0.0207648,
0.0246144,
0.541795,
0.0248704,
0.0225152,
0.317312,
0.768531,
0.935923,
0.132224,
0.0258688,
0.0174624,
0.686582,
0.0810976,
1.98399,
0.06216,
0.0170208,
0.977398,
0.0221856,
0.0347968,
0.142067,
0.0284768,
0.0329824,
0.12105,
1.27661,
15.6083,
0.743523,
4.38167,
1.0266,
0.56344,
0.036832,
0.799526,
0.02488,
0.0930048,
0.776986,
6.73166,
0.0303904,
0.723011,
0.0235936,
0.0501184,
1.22998,
0.033648,
0.02248,
0.19577,
0.619718,
0.01632,
2.24285,
0.386205,
0.384195,
0.034176,
0.0425696,
0.032448,
0.0191072,
1.367,
0.0315968,
0.0360832,
0.0304128,
6.41494,
2.52901,
0.01912,
0.0424224,
0.0173728,
0.667696,
0.0520992,
0.412797,
0.0385952,
0.0148096,
0.213574,
0.0420032,
0.757114,
0.0162912,
0.0192544,
0.191731,
0.0391904,
0.159245,
0.0938496,
0.0362912,
0.0267136,
0.0704512,
0.622531,
0.0280288,
0.132762,
0.363347,
2.00975,
0.0220864,
0.627206,
0.409923,
0.0186144,
0.685184,
0.622646,
0.0976512,
0.0240576,
0.0212,
0.122928,
0.24577,
0.18377,
16.682,
0.166,
0.0346112,
0.0210464,
0.0850944,
0.0170848,
0.11104,
0.06336,
7.40446,
2.21665,
2.05288,
0.0228224,
0.132602,
0.0379552,
0.03208,
0.0202592,
0.973363,
1.87504,
0.356522,
0.0206304,
0.0209056,
34.3736,
1.27079,
0.475296,
0.362186,
0.0242976,
9.40737,
0.065712,
0.517926,
0.0774688,
0.232246,
3.35442,
0.0340032,
0.0189568,
0.0480864,
0.0677792,
0.0463552,
0.0672352,
11.2454,
0.325888,
0.294624,
0.0328448,
0.0896128,
0.0166112,
0.856013,
0.144662,
0.0193056,
0.049792,
0.0188608,
0.550118,
0.553194,
0.110013,
0.169008,
0.214186,
0.0694816,
0.0390912,
0.0211584,
0.0171648,
0.0193952,
0.105197,
0.038832,
0.646163,
0.019488,
0.202582,
0.0228736,
0.0235904,
0.511997,
0.019248,
1.01353,
0.0752608,
0.0259808,
0.0377664,
0.913398,
0.778467,
0.0350752,
2.97331,
0.0215712,
0.0216096,
0.706998,
0.758496,
0.033264,
0.34409,
0.0475232,
0.0179616,
0.109802,
1.02191,
0.142371,
0.595437,
0.432755,
0.21248,
0.0180576,
0.0880896,
0.879248,
2.88169,
0.816419,
0.0351328,
11.6172,
0.287706,
0.430381,
2.97334,
0.0184448,
0.0209056,
1.89893,
0.0974272,
2.91603,
0.0266368,
0.016144,
4.27509,
0.0724352,
0.0195392,
0.13889,
0.0176192,
0.760333,
0.0195136,
0.104189,
5.45011,
1.33654,
1.41843,
0.126771,
0.01616,
1.20105,
0.0188064,
0.648202,
0.02336,
0.180858,
0.0234304,
3.26616,
0.025712,
0.0493312,
15.3384,
0.452058,
0.0196288,
0.0455392,
0.0538816,
9.9354,
0.953146,
0.0275104,
0.116045,
19.3367,
0.0194144,
0.152256,
1.66758,
0.02168,
0.122848,
1.32823,
0.124054,
0.155078,
0.021568,
0.018016,
0.0268416,
0.0482176,
0.0236672,
1.82261,
0.146918,
0.363242,
0.211875,
0.0412064,
0.0431104,
0.0204448,
0.0235808,
0.0243264,
3.35235,
0.0246144,
0.332826,
0.0207968,
0.0551456,
0.128746,
0.278819,
0.0807872,
0.123197,
1.12086,
0.233539,
0.452042,
0.056064,
0.0205792,
0.158256,
0.0175456,
12.6899,
0.103222,
0.0645888,
3.56276,
0.474214,
0.718218,
0.329504,
0.0290816,
0.0263424,
0.0907072,
1.52264,
0.0472608,
0.038464,
0.0189504,
2.56245,
0.0395904,
0.179696,
0.0222528,
20.9744,
0.0597088,
0.419744,
0.0229408,
0.137869,
0.747715,
0.0490752,
0.190566,
0.238682,
0.026432,
0.023312,
0.217437,
4.27004,
0.675683,
0.134634,
0.618611,
0.179997,
0.0189856,
26.5696,
0.442099,
0.19111,
1.98669,
0.0203328,
0.12679,
0.915472,
0.0343104,
0.042784,
0.0220864,
0.0185696,
0.0280448,
0.334678,
0.331827,
0.0941056,
0.193987,
0.0202496,
0.316182,
1.29644,
0.106592,
0.169955,
0.0163296,
1.23366,
0.0911744,
0.036224,
0.0338944,
2.11248,
0.0173408,
0.239139,
2.34139,
0.019264,
0.188858,
0.0319264,
3.23045,
0.0262176,
0.0267232,
0.316592,
0.0646144,
0.0325344,
8.12956,
0.0671008,
0.0203264,
0.605018,
0.0200416,
1.62149,
0.306512,
2.60248,
1.27209,
0.0511424,
0.138029,
4.05394,
0.0953472,
1.75426,
1.17456,
2.09115,
0.365382,
0.531002,
0.436006,
16.3266,
4.65873,
0.224029,
0.126714,
0.146611,
0.0273952,
0.107344,
0.0483488,
1.66106,
0.14256,
0.100298,
1.25552,
0.117933,
0.0765888,
0.0205312,
0.169424,
0.0265504,
0.0431424,
0.167872,
19.4244,
0.0196448,
0.0178112,
0.0145344,
0.177987,
0.0826368,
2.31145,
0.215974,
0.202128,
0.0299776,
0.0224384,
0.344342,
3.02129,
0.139066,
0.281642,
0.45969,
0.081072,
0.0253984,
1.05066,
8.32741,
0.049408,
0.0553248,
0.0689536,
0.023856,
0.0234688,
0.683242,
0.0341664,
0.0297952,
0.15135,
0.46895,
0.0561024,
0.987683,
0.0801696,
0.056672,
0.558451,
0.473107,
0.271789,
0.0344256,
10.3879,
0.0409888,
0.12832,
0.0170176,
0.0214848,
0.609994,
0.301434,
0.220195,
0.473898,
0.0202176,
0.0245824,
0.0218752,
0.279498,
2.12418,
1.30145,
0.0920832,
2.00855,
0.336432,
0.446458,
0.0254432,
0.326806,
3.32252,
0.0532704,
0.455654,
0.29064,
0.0336832,
0.0706752,
0.0754752,
0.575267,
1.28364,
0.0318528,
0.017696,
0.030464,
1.37057,
0.0537056,
0.0163008,
0.0171008,
0.0308704,
0.180858,
0.0191072,
1.89396,
0.024704,
0.0231168,
0.19192,
1.36504,
0.168989,
0.129248,
0.088368,
0.165427,
3.43648,
0.481846,
1.2883,
4.92836,
0.096368,
0.020048,
0.0581184,
0.247875,
0.33751,
0.0606944,
1.34467,
2.37946,
0.365632,
10.1914,
0.742627,
0.0868704,
0.168867,
0.0727552,
0.0469056,
0.0273344,
0.480259,
0.0262816,
0.038048,
0.141754,
2.01429,
0.15713,
0.0188064,
0.0198048,
0.0361504,
0.272909,
0.780595,
0.354195,
0.0289344,
0.0226496,
0.614403,
0.739018,
0.113427,
3.85519,
0.398432,
0.96072,
0.52823,
0.020832,
0.0235328,
0.0520896,
0.062112,
0.073616,
0.412986,
0.0168032,
0.08504,
0.613478,
0.117744,
0.152717,
0.018256,
0.875994,
0.082496,
0.02096,
1.59385,
0.0399136,
0.0187328,
0.0608544,
0.491229,
4.80476,
0.0182784,
0.024944,
0.0180672,
0.716595,
0.0285504,
0.022368,
0.510154,
0.0445376,
0.0603328,
0.137987,
0.0189216,
0.17848,
0.984691,
4.93758,
0.356125,
0.760502,
0.0249152,
0.585622,
0.0250976,
0.0926784,
0.881296,
0.0855264,
0.17879,
0.0295744,
0.160608,
0.38688,
0.0506528,
7.51214,
0.02912,
1.4121,
0.650022,
0.0956608,
0.95593,
0.0452416,
0.0273152,
6.92905,
0.134202,
0.0297792,
0.02968,
0.326845,
0.179917,
0.717574,
0.991613,
0.625661,
0.0652672,
0.0651488,
0.112518,
0.294221,
0.263507,
2.11165,
0.029504,
0.219162,
0.169418,
0.0384704,
0.0417696,
16.3065,
0.0198272,
0.0194528,
0.689718,
0.314762,
1.05457,
0.137552,
0.208646,
2.40628,
0.248538,
0.0320448,
1.2225,
0.0274976,
0.0823424,
0.0743168,
0.212195,
0.0750912,
0.0244288,
1.05426,
0.0661024,
1.75876,
0.115434,
0.0206368,
0.459034,
0.154909,
0.0947008,
0.30471,
0.032832,
0.122208,
0.643072,
0.156109,
0.0710496,
1.45749,
0.0206464,
0.0243648,
8.71565,
0.0481664,
1.26525,
1.61847,
0.02032,
0.186659,
0.203258,
0.0943968,
1.64256,
0.163722,
0.0514688,
0.0688,
0.0223296,
0.0185376,
0.041296,
0.182614,
4.54571,
0.0170112,
0.316,
0.0209984,
0.187747,
0.0189728,
0.311917,
0.598314,
0.0377888,
2.0373,
0.0737632,
0.505632,
4.43657,
0.102842,
0.0156992,
0.042112,
0.0267584,
0.021792,
0.164186,
1.38446,
0.017936,
0.552141,
0.139994,
2.77165,
0.0214304,
0.0350528,
0.0454336,
0.284394,
1.26103,
0.146816,
0.155171,
0.0263968,
0.0191936,
0.0836352,
0.870714,
0.287046,
0.0582368,
0.285456,
8.21998,
0.07368,
0.0187552,
0.0211136,
0.707834,
0.020272,
2.51858,
0.15479,
0.201421,
0.467277,
0.11056,
0.150067,
2.0978,
2.87243,
0.525062,
0.144138,
0.0778368,
0.178525,
0.164813,
0.0315552,
1.34504,
0.113552,
0.25137,
0.0167424,
0.02552,
0.016736,
1.18096,
1.83026,
0.288093,
1.34098,
0.156016,
0.0729216,
0.12832,
0.524666,
0.173734,
28.1055,
0.096096,
11.8554,
8.552,
0.359082,
0.0682912,
0.0531712,
0.030256,
1.62835,
0.0774432,
0.0419872,
0.0232288,
0.02696,
0.0460512,
0.129565,
0.924026,
0.216765,
0.0288416,
1.07808,
25.1263,
0.0238592,
0.0948224,
0.642288,
2.72574,
0.0461952,
0.602307,
0.104861,
0.298195,
0.221635,
0.438736,
0.0354176,
0.162602,
1.52465,
0.0218976,
0.233779,
4.24016,
0.235181,
0.0447744,
0.0259648,
0.486384,
0.0381216,
0.0474496,
0.159917,
0.40009,
0.0331008,
0.039776,
0.121872,
0.0379936,
0.0245056,
0.244992,
0.368253,
0.245024,
0.13193,
0.89696,
0.0392448,
0.0843904,
0.463821,
0.148237,
0.0190144,
0.0477184,
0.0251072,
0.0486112,
0.042656,
0.0244672,
0.0968512,
0.0279584,
0.0373696,
0.0837632,
0.317136,
0.806224,
1.78925,
0.0526464,
0.12064,
2.11316,
0.115286,
0.0366752,
0.137882,
22.0458,
0.431786,
0.0468992,
0.044896,
0.0212192,
0.111373,
0.0228096,
0.254285,
0.944282,
0.272454,
0.0980576,
0.022448,
0.0595072,
0.109498,
1.04721,
0.374442,
0.0320448,
0.035376,
0.994883,
0.0217088,
0.0405888,
0.032336,
0.302541,
0.0186528,
0.264685,
0.125824,
0.020032,
0.0322496,
0.44639,
0.061744,
1.02651,
0.019344,
1.51756,
0.300886,
0.0617088,
3.19473,
1.24044,
0.0591968,
0.524826,
0.10937,
1.32679,
1.05417,
0.143834,
1.34371,
0.546342,
0.0274976,
0.0205312,
0.0828736,
0.327344,
0.140614,
0.761514,
0.0648736,
0.0369152,
0.0828992,
0.0836256,
0.0267008,
0.5156,
0.0341824,
0.057808,
0.0194016,
0.249584,
0.0191296,
0.0952704,
0.0296768,
0.408365,
0.024352,
0.019664,
0.311661,
0.0228448,
3.31966,
0.863302,
0.226509,
0.165875,
0.485158,
0.132838,
0.219866,
1.1119,
1.06932,
0.473728,
0.487725,
0.430102,
0.103344,
0.0216928,
0.8824,
0.377123,
0.618957,
0.367568,
0.188608,
0.0251328,
0.332822,
1.08947,
0.271725,
0.0495904,
0.143677,
0.0353216,
0.070768,
4.41267,
0.786672,
21.8284,
0.0427712,
0.160429,
12.6234,
0.0294048,
0.179088,
0.0274912,
0.165344,
0.397962,
0.0167008,
1.02302,
0.232995,
0.038672,
0.162842,
0.0808928,
0.0811072,
0.206208,
0.0298752,
0.526506,
0.0725344,
0.0330496,
1.29126,
0.208298,
0.0394304,
0.0203808,
0.153379,
0.019184,
3.14293,
0.0163104,
0.154307,
0.0301056,
0.0226016,
0.104243,
2.18096,
0.148134,
0.0324736,
0.31647,
0.680458,
0.65384,
0.95281,
0.0588096,
0.141738,
0.0158304,
0.0211488,
0.786931,
1.65064,
1.08282,
2.49507,
0.0201888,
1.23873,
0.0207072,
2.21033,
27.4982,
0.103862,
0.0357472,
0.0276672,
0.165782,
0.879875,
0.04656,
0.0436544,
2.00492,
0.975325,
1.21299,
0.847114,
0.0259584,
0.167571,
0.026112,
0.494074,
0.232,
0.0181184,
0.0507872,
0.298928,
0.107802,
0.0359872,
0.0599296,
0.0197056,
0.0421664,
0.0204896,
0.0224736,
0.0278976,
2.34423,
1.88505,
0.0537248,
9.57982,
0.0885312,
0.0267648,
0.0407936,
0.93304,
0.0597184,
0.345709,
1.58306,
3.8352,
0.230909,
15.3819,
0.0351648,
2.54441,
0.0862336,
0.225133,
0.0242016,
0.0195936,
0.03304,
0.0932608,
0.02896,
0.04728,
0.109898,
0.059232,
0.115779,
0.308051,
0.034912,
0.199008,
0.0420352,
9.39593,
0.0230176,
3.07891,
0.801779,
0.0197472,
0.146458,
0.0213728,
3.02095,
0.0322528,
0.178102,
10.3571,
2.06153,
0.230259,
0.177251,
0.212131,
0.0169536,
2.20485,
0.327229,
0.147328,
0.278691,
0.377171,
0.0585408,
0.216474,
0.0420096,
0.454947,
0.293299,
1.38371,
0.219264,
0.0189632,
0.63001,
0.696717,
0.0190208,
0.0963744,
0.066464,
0.290301,
0.198131,
0.148698,
0.015616,
0.0142496,
1.2319,
0.920077,
16.682,
1.74333,
2.10751,
0.0380704,
6.98458,
0.083344,
0.52487,
0.061008,
0.0464736,
0.0821216,
0.0336096,
0.0682624,
0.220339,
0.050912,
0.261507,
1.2027,
13.029,
0.814166,
0.133043,
0.021664,
0.145629,
0.328083,
0.181059,
0.0147008,
0.575446,
3.96203,
0.0883392,
0.0475424,
0.020912,
2.65021,
0.102909,
0.022544,
0.0287552,
0.300448,
3.92817,
0.0212,
0.132848,
0.204451,
0.668957,
0.0234336,
0.0206656,
0.028416,
0.0209056,
0.15089,
2.27527,
0.0207072,
15.7936,
0.0500384,
0.0975744,
0.0646624,
0.0674272,
0.021104,
0.0470592,
0.586963,
0.135629,
1.47313,
0.0360512,
0.129402,
0.306432,
0.0376768,
0.81031,
2.55575,
2.19874,
0.111747,
0.2064,
0.0579456,
0.136138,
0.0518496,
0.220301,
0.0563488,
0.440493,
0.137808,
0.0870752,
0.429312,
0.359088,
0.0275648,
0.119824,
1.92148,
2.64179,
0.0488704,
0.0371104,
0.152848,
0.439677,
0.0434016,
0.878714,
0.0641312,
0.061952,
0.463814,
9.81803,
2.13851,
3.4416,
0.604816,
0.0702112,
0.118573,
0.0419488,
1.84624,
2.02645,
0.0995648,
0.152544,
1.62577,
0.0808224,
0.0271904,
0.0300512,
0.021552,
0.0531744,
23.8369,
0.337245,
0.346099,
0.0347648,
0.344653,
0.020672,
0.178749,
0.345846,
0.058688,
0.0855072,
0.25367,
8.0062,
0.759306,
0.270138,
4.62951,
1.66737,
0.0208832,
1.25109,
0.295661,
0.0182976,
0.0554176,
0.0918336,
0.420378,
0.224416,
0.0200576,
0.245312,
0.219789,
0.17584,
0.196829,
0.106166,
0.828803,
0.0306944,
0.0881408,
0.0505376,
0.128797,
2.72642,
0.0221664,
3.98746,
0.0690496,
3.59313,
1.70055,
0.0362912,
0.189254,
0.02096,
0.413734,
0.02224,
0.50913,
0.0910304,
13.6142,
0.021936,
1.82119,
0.988198,
9.47812,
0.0202912,
0.0706304,
0.337501,
1.11232,
1.74293,
0.0933536,
0.217405,
0.0340704,
10.9061,
0.581773,
0.317789,
0.265328,
7.3007,
1.34292,
0.0639712,
0.0141216,
0.252458,
0.132426,
0.560653,
0.117254,
0.0463456,
0.318342,
0.113715,
0.0197152,
0.40672,
0.055776,
0.0911232,
0.030576,
0.36033,
0.0294464,
0.112672,
0.0184608,
2.62895,
13.4234,
0.109734,
0.0218368,
0.228998,
0.19535,
0.060096,
0.0333152,
0.0631264,
8.79804,
3.84114,
0.0963584,
0.245034,
6.14182,
15.6462,
0.0200288,
0.025712,
0.367053,
0.0181888,
0.0215968,
0.045456,
0.0851488,
0.0394176,
0.0162848,
0.0189056,
0.300429,
0.0415872,
5.22339,
0.107024,
0.11087,
0.0335744,
22.0193,
14.2291,
0.443318,
0.437354,
0.858256,
0.01936,
3.67292,
0.124163,
0.382429,
0.512378,
0.0711936,
0.0207072,
0.0228768,
2.21052,
22.5208,
11.6065,
4.14286,
0.454298,
0.021424,
0.0510496,
0.739546,
0.352221,
0.0335136,
0.0460352,
0.024448,
0.0773472,
0.127482,
0.90711,
0.0838816,
0.0616608,
8.89833,
0.438422,
0.125987,
0.96273,
0.961779,
0.0807776,
0.134256,
0.138384,
0.0220896,
0.0856928,
0.039808,
0.0201856,
0.0241696,
0.05584,
0.0471072,
0.81201,
1.37501,
0.117098,
0.0213216,
5.60248,
1.62202,
0.0515072,
1.24736,
0.0197536,
0.0388512,
4.22308,
0.0441344,
0.0192288,
0.246797,
0.0234848,
18.9706,
0.150659,
0.0221312,
0.469587,
0.477014,
0.0347232,
1.48324,
9.98686,
0.0861344,
0.531818,
0.028864,
0.037584,
2.0384,
0.0251328,
0.144582,
0.180314,
1.49181,
8.5762,
0.0793888,
0.703626,
0.562803,
0.194858,
0.0333536,
0.102752,
0.125053,
0.107088,
0.198301,
2.93959,
0.189306,
0.219098,
0.0512224,
0.0185696,
5.7639,
0.123075,
0.164346,
0.015392,
1.34828,
0.0857312,
0.697286,
0.0175168,
0.091184,
0.0431232,
0.016816,
0.091248,
0.0205376,
1.03864,
0.574819,
0.0336704,
0.27167,
5.08279,
0.028912,
0.038976,
0.344848,
0.0450208,
0.105616,
0.104026,
0.0201024,
0.0838048,
0.357478,
0.0231424,
0.0316704,
0.11681,
6.32356,
0.0291488,
0.0364448,
14.6657,
0.134816,
7.86907,
0.558982,
0.0850656,
0.0181696,
0.02768,
0.77296,
0.0265024,
0.751072,
0.117101,
0.671904,
0.171203,
1.06461,
0.229971,
1.6804,
21.2834,
0.0218624,
0.0653216,
0.063152,
0.0799456,
0.544397,
36.0632,
0.21471,
0.0454144,
1.6111,
0.550387,
0.151338,
0.0479904,
0.0345856,
0.0627904,
0.34751,
0.119818,
0.0270464,
2.85727,
0.0890432,
4.12643,
0.0341888,
4.86506,
0.180957,
0.0279808,
0.24447,
0.154675,
0.0410624,
5.67174,
0.107152,
0.0519456,
0.0214208,
0.021568,
0.034144,
0.31096,
4.01858,
1.79398,
0.030928,
0.0218816,
0.388656,
0.58297,
0.25559,
0.144614,
0.0374016,
0.0269888,
0.0360064,
0.580778,
0.929939,
0.0204064,
0.376317,
0.0608256,
5.99566,
0.0297024,
0.14033,
0.282189,
8.54705,
0.0496256,
2.57536,
0.200499,
0.526784,
0.0402784,
0.0246016,
0.618621,
0.0452416,
1.6088,
0.302163,
0.146221,
0.165635,
0.182614,
0.686192,
0.114083,
0.0662208,
0.0961216,
1.06252,
2.13467,
0.0364928,
0.031552,
0.0389888,
0.268774,
0.0202496,
1.78799,
15.7765,
0.157648,
0.0285504,
1.19265,
0.633178,
1.42276,
0.0846592,
1.0092,
0.129027,
0.368051,
0.0978752,
0.080944,
1.0988,
0.0284416,
0.0884544,
0.178381,
12.2448,
0.0230432,
0.529539,
1.58203,
0.193949,
0.0989568,
0.101094,
1.40205,
1.70434,
0.0346304,
0.0923264,
0.0289632,
0.0526432,
0.23249,
0.0222176,
0.0539392,
0.0158368,
0.943085,
1.77827,
0.0279616,
0.290342,
0.0272928,
0.616966,
1.93094,
0.0313216,
0.140394,
0.47905,
2.73419,
0.0187072,
0.0392608,
0.545264,
0.0260832,
0.0259904,
8.61431,
0.209181,
0.0780544,
0.560256,
0.271808,
3.05914,
2.30179,
0.120262,
0.052544,
0.106602,
0.0226624,
0.143475,
1.15201,
0.074912,
0.0557792,
0.085168,
0.0641824,
0.0258016,
3.20177,
3.09713,
0.206486,
0.0276352,
0.143814,
0.0772096,
0.550093,
0.290531,
0.0261312,
1.66741,
2.17951,
0.838934,
0.0863808,
1.52888,
0.697984,
0.0229216,
0.401754,
0.140838,
0.0234112,
0.0633792,
2.36023,
0.071728,
0.133664,
0.571027,
0.148016,
0.860176,
13.8554,
0.272278,
0.156787,
0.642403,
0.0223904,
2.23244,
0.0308896,
0.0675744,
0.0822976,
0.0801856,
0.0335488,
0.214589,
7.60981,
0.348048,
0.0255584,
0.113386,
0.466538,
0.0164864,
0.234493,
0.0704352,
0.025296,
0.0592864,
1.66879,
0.0264192,
6.2044,
0.0270592,
0.141846,
0.0645344,
0.0464352,
0.0706752,
0.019328,
0.031872,
0.782192,
0.0304512,
0.154314,
0.0507264,
0.131533,
0.390429,
0.0197792,
0.401629,
0.0181632,
0.699142,
0.027824,
0.0178976,
0.92751,
0.36553,
0.017456,
0.07632,
0.0318912,
0.0756672,
0.0896864,
0.0207168,
0.170682,
1.19748,
2.74803,
1.39768,
0.221712,
0.312058,
0.0494304,
0.078768,
1.1304,
2.07918,
1.20662,
1.97341,
1.1878,
0.111203,
1.1305,
0.279395,
0.511344,
0.022544,
0.439421,
1.14367,
0.07864,
0.0253888,
0.019264,
0.028448,
7.52613,
0.278032,
0.563114,
0.0481984,
0.020512,
5.26283,
0.0243104,
0.154042,
3.29873,
0.222822,
0.116762,
0.091872,
0.0167136,
4.05364,
1.44949,
0.273494,
7.32179,
0.0187072,
0.164368,
0.0280064,
4.08932,
0.0201504,
0.0397696,
0.046064,
0.0575936,
0.287594,
0.155149,
0.501901,
0.0218464,
0.0284256,
0.626054,
17.4923,
0.347904,
0.0444096,
0.0312896,
1.45801,
0.0623552,
0.363827,
2.79879,
0.142563,
0.473987,
0.0515456,
0.144787,
0.649322,
0.0196224,
0.0366368,
0.019056,
0.0294208,
3.96775,
0.0189056,
0.0544064,
0.163619,
0.03048,
0.023664,
0.121098,
3.45622,
0.0164736,
8.39862,
0.0158336,
0.0183456,
0.0409312,
0.39159,
0.0366624,
0.0747808,
0.46201,
0.12223,
12.715,
14.9648,
0.0933632,
0.363315,
1.13666,
0.0294496,
2.36182,
0.0426752,
0.186512,
2.93463,
4.17088,
0.0206144,
0.230915,
14.9464,
0.0551424,
0.0823808,
1.11268,
0.0650688,
0.73072,
0.046208,
0.113062,
0.0433344,
0.171674,
4.14775,
1.25133,
0.0199776,
0.0177536,
0.0642304,
0.104022,
0.0204832,
0.242931,
0.0331936,
0.291219,
6.45284,
0.0898752,
0.698938,
0.106461,
0.0305504,
0.624781,
0.0248192,
0.017632,
1.76283,
0.172886,
0.666707,
0.0881792,
1.13109,
0.0527072,
2.12916,
0.361558,
0.0173952,
0.0370528,
0.0229056,
0.0213632,
0.0515168,
0.103136,
0.788838,
0.290877,
0.0663296,
1.33236,
0.02304,
37.2427,
0.712995,
0.0230656,
17.5511,
0.292134,
0.909677,
2.18068,
0.185718,
0.0532064,
0.0354688,
4.52413,
0.02144,
0.205789,
0.146835,
2.24452,
0.261664,
0.0218592,
0.0385632,
2.40715,
1.2835,
0.0303712,
1.31367,
2.47397,
0.0245952,
0.0211232,
0.0713696,
0.0185568,
0.897181,
0.111222,
0.0455488,
0.607293,
0.462166,
0.0211808,
0.777974,
0.0651104,
13.3975,
0.030352,
0.0753408,
0.0526496,
0.172554,
0.028192,
0.0187488,
0.774598,
1.58871,
0.0391552,
1.23582,
0.295795,
0.197754,
0.553398,
0.113549,
0.0232096,
0.083344,
0.0163648,
0.118528,
0.0290848,
0.0813632,
0.0923872,
5.13738,
2.41677,
0.0206304,
0.0175808,
0.110637,
15.7077,
0.019456,
3.0106,
0.718794,
0.0421856,
0.0341728,
2.38024,
0.0168064,
0.32879,
0.184003,
0.380918,
7.10513,
0.0251936,
0.681274,
1.18518,
0.0679104,
0.193533,
4.56809,
0.207651,
0.286035,
4.03846,
0.104371,
0.248877,
0.711747,
0.839037,
0.0853664,
0.286,
0.0205664,
5.00368,
0.126909,
0.264387,
0.0214368,
1.0768,
0.589526,
0.181664,
0.0266624,
0.179734,
0.0792256,
0.547635,
0.745549,
0.80369,
0.0922432,
0.0539968,
0.0609088,
0.0301664,
12.5987,
10.9324,
11.5542,
0.0966464,
0.160954,
0.0314592,
2.36717,
0.024288,
0.0261056,
0.530032,
0.127555,
0.0265984,
3.06181,
0.0710304,
0.0210816,
0.207686,
3.51168,
0.704371,
0.381523,
0.157661,
0.256675,
0.018928,
0.0586016,
0.181152,
3.35248,
0.0251264,
0.437798,
0.331811,
0.0366144,
1.39438,
1.30726,
0.0572576,
0.0883968,
2.57972,
0.0542848,
0.81719,
1.44167,
0.0199776,
0.0188,
0.444602,
0.0692448,
0.714909,
0.0726784,
13.4616,
0.0430208,
0.032512,
16.954,
0.104029,
0.0790176,
3.9116,
0.279098,
0.0773792,
0.443827,
0.656403,
0.0401504,
0.0192224,
1.08967,
0.48305,
0.0329952,
0.230621,
0.0377024,
0.0417536,
0.364928,
0.18751,
0.0351616,
0.0280096,
0.134595,
0.0844992,
1.89359,
2.28833,
0.407597,
0.0524512,
0.0347168,
0.389098,
0.106474,
0.124995,
0.161706,
5.7213,
0.0854624,
1.99426,
0.931882,
1.12184,
0.0371616,
0.0251968,
0.03176,
0.0511744,
0.588064,
0.139322,
1.07564,
0.0358784,
1.86796,
0.0341344,
0.648826,
0.0640416,
16.9146,
0.0194624,
0.431168,
0.271846,
0.834922,
0.0403136,
2.15353,
0.157011,
0.0351232,
0.036128,
0.128179,
0.0390432,
0.0226432,
0.179693,
0.01848,
0.0247936,
0.272989,
0.0565472,
0.339674,
0.562032,
0.253744,
0.302854,
0.69641,
0.031824,
0.209837,
0.173635,
8.54674,
0.972829,
1.13388,
16.2242,
4.20096,
0.0483104,
20.0451,
10.7767,
0.244534,
1.21308,
0.0755168,
0.0353056,
0.0550784,
0.422867,
0.0271392,
0.90897,
0.132557,
0.0205248,
0.0632,
2.02211,
0.0228448,
0.0716416,
0.235693,
0.0521056,
0.165171,
0.043712,
0.230506,
0.0184928,
0.243693,
0.286227,
0.194182,
0.74431,
0.0873568,
0.0213056,
0.0252992,
0.263088,
0.079936,
1.38589,
0.0338976,
0.0329696,
0.022064,
0.288157,
0.0632608,
0.522954,
0.0801344,
0.0215072,
0.0282144,
0.0736544,
0.0173792,
0.0421568,
0.275104,
2.92373,
3.37733,
0.0415968,
0.133725,
0.0202368,
0.197939,
1.85578,
0.0284896,
0.028464,
0.0582432,
1.58031,
0.0272192,
2.27133,
0.0998464,
0.912038,
2.44372,
0.0820288,
1.09683,
0.369302,
0.02672,
0.0629024,
0.514234,
0.0300384,
0.226118,
2.47951,
2.62817,
0.702259,
0.256454,
0.0272096,
0.0179456,
0.0542592,
1.13617,
0.0309952,
0.1208,
0.0377408,
0.0417984,
2.36284,
0.0551936,
0.186934,
0.0221472,
2.66301,
0.407507,
0.801808,
14.3565,
0.167235,
1.45191,
0.165347,
0.36321,
0.0472288,
0.0829888,
0.0502496,
2.89511,
0.0326592,
0.061632,
0.0370496,
0.157907,
0.0458496,
41.2975,
0.0452736,
0.976496,
0.400394,
7.2448,
0.0303808,
0.0209088,
0.038096,
0.0554048,
0.0186432,
0.0218304,
0.515667,
4.05029,
3.45579,
0.197606,
1.27815,
0.143706,
0.025984,
0.249837,
0.378195,
0.125072,
0.883789,
1.3423,
0.046864,
0.149245,
0.019824,
0.0231872,
0.0659136,
0.0306272,
0.112256,
0.0314528,
0.0339776,
3.45573,
0.0860608,
0.391443,
0.210822,
1.50377,
0.274736,
0.95201,
1.08984,
0.72072,
0.277517,
0.796675,
0.149536,
0.0278816,
0.076528,
0.070608,
3.19674,
0.335578,
0.455485,
1.09369,
1.22948,
0.124829,
2.02619,
0.0508512,
0.0324064,
15.0981,
0.0605312,
0.0633408,
0.0423296,
0.076576,
0.0191872,
0.109296,
0.0721056,
0.0510848,
0.030384,
0.0308096,
0.888426,
0.0708672,
0.274064,
3.95864,
0.784384,
0.127232,
0.13103,
0.233587,
0.387693,
0.0813984,
0.0230016,
0.0197504,
0.0275488,
0.141866,
0.466739,
0.0499008,
0.0222464,
0.513594,
2.92362,
0.266746,
0.054416,
0.0593088,
4.25412,
0.0790144,
0.0530848,
0.0248928,
2.99108,
0.0191136,
0.354109,
0.0166976,
0.0398112,
0.065088,
6.7317,
0.0356096,
0.021136,
0.121072,
0.992701,
0.0149344,
0.0503392,
0.278611,
0.0282432,
0.0182912,
0.0363328,
0.0311776,
4.4259,
0.0216128,
0.0274464,
0.0974656,
0.445997,
0.281718,
2.73702,
0.0221376,
0.451517,
0.0408544,
0.13655,
0.0291296,
0.0309344,
0.203286,
0.0751232,
1.36897,
0.045216,
0.0194592,
0.536925,
0.0483904,
0.0640448,
3.68666,
0.0715072,
0.0259264,
0.175466,
0.04856,
0.0596128,
0.05488,
0.970115,
0.969645,
0.854042,
0.0282112,
0.946509,
0.115283,
1.07244,
0.0440768,
0.0273952,
0.046288,
0.145626,
0.04456,
0.539187,
0.0250752,
0.0255616,
0.851622,
0.0167712,
0.0433088,
0.0589472,
0.0242912,
0.037168,
12.2318,
0.194989,
0.829206,
0.536704,
0.124378,
0.0794528,
0.0536416,
0.718672,
0.0819968,
8.08697,
0.53511,
0.0789632,
0.0537632,
0.0213248,
2.77228,
0.0310368,
0.059728,
0.0271904,
1.89085,
0.0613408,
0.0337088,
0.155786,
0.0213376,
0.285952,
0.0638464,
0.0456256,
0.019824,
0.261315,
0.0191584,
0.0618784,
0.061472,
0.0599776,
0.193075,
0.0708064,
10.7928,
3.36978,
0.035952,
1.92544,
0.315824,
1.66352,
0.126339,
0.21,
9.01851,
1.44375,
0.441498,
0.971053,
0.445264,
0.136122,
0.187606,
0.17367,
0.046096,
0.172541,
4.85099,
0.11336,
0.0268128,
0.0670784,
2.11338,
0.036992,
0.114166,
0.119344,
0.0207008,
0.495331,
0.371434,
0.0396064,
0.248637,
0.629914,
0.182675,
0.0298368,
0.392701,
0.114973,
0.0291872,
0.738579,
0.0447904,
0.031216,
0.0412864,
0.171741,
3.01612,
0.174646,
0.0533376,
0.0283264,
0.368749,
0.0260512,
0.0219808,
2.75565,
0.0366368,
0.762416,
0.05592,
0.130506,
0.0652992,
0.502653,
0.0284448,
0.384486,
0.517834,
0.0444832,
0.551146,
0.02344,
1.73959,
0.0167648,
0.0226464,
0.0300224,
0.0893248,
0.186048,
1.18883,
7.84467,
0.0186144,
0.278419,
0.831133,
0.317542,
0.0387744,
4.42062,
0.284064,
0.0259296,
0.0606592,
0.01848,
0.174048,
1.23244,
0.358467,
0.195725,
1.07689,
0.019056,
0.73753,
0.0704736,
0.0841536,
0.0303328,
0.0214016,
0.0483712,
0.367171,
0.744269,
0.0242816,
0.107731,
0.021152,
0.0928096,
0.267446,
0.0285696,
0.109174,
2.11217,
0.0200576,
0.603638,
0.337242,
0.307741,
0.154451,
3.35309,
0.106509,
0.0196384,
0.132122,
0.107373,
0.251811,
0.0292928,
0.0563296,
1.06611,
0.91841,
1.31428,
4.19653,
0.037536,
1.20106,
2.90071,
0.0255296,
0.0755168,
1.40857,
0.890179,
3.15931,
1.03589,
0.30328,
0.0185824,
0.0265504,
0.0494112,
0.192416,
0.0602912,
0.0443296,
0.41233,
0.345869,
0.0843584,
0.186,
0.0261472,
0.317632,
6.90749,
0.0679296,
0.108192,
0.0279872,
15.6843,
0.0250176,
0.034176,
1.72767,
0.882986,
0.23305,
0.02016,
0.0215872,
0.161347,
0.0274048,
0.01648,
1.18127,
0.288237,
0.154624,
0.0358912,
0.0377792,
0.114918,
0.0671296,
0.0189856,
0.507005,
0.0363936,
0.189869,
0.0262688,
0.0788384,
3.60709,
0.283498,
0.0195904,
0.111216,
0.0236672,
0.0207584,
0.251798,
0.0246208,
0.106826,
3.10128,
0.20264,
0.12185,
0.0430848,
2.5339,
0.0719424,
5.00186,
0.52359,
0.193565,
0.0560224,
0.0180192,
0.0942176,
0.181222,
0.0276288,
0.0291904,
5.28818,
0.710813,
0.924426,
1.49916,
0.0832256,
0.0189024,
2.20686,
0.0767008,
0.082992,
2.756,
7.15283,
0.735213,
0.0946208,
0.460118,
5.20867,
0.0226976,
0.0478176,
0.125312,
1.49042,
0.171021,
0.0855648,
0.137894,
2.27797,
3.99136,
0.0941728,
0.18081,
3.51552,
0.0299168,
0.613226,
1.67424,
0.0364512,
0.0362752,
0.18071,
17.5887,
0.642336,
0.0212736,
1.04683,
0.0189664,
0.14128,
0.451427,
0.0464256,
0.0737792,
0.14128,
0.0787328,
0.018368,
0.113398,
0.0576544,
7.7197,
2.6133,
1.77323,
23.2224,
1.12561,
0.541005,
0.773373,
0.0228704,
0.0949568,
0.0214688,
0.029984,
0.0725504,
0.0371264,
0.0392736,
0.0172992,
3.05369,
0.988237,
0.0272704,
0.0245312,
0.792646,
0.0359616,
0.204288,
0.0217184,
0.759642,
0.0195072,
0.555354,
0.713139,
0.343296,
1.55618,
0.0309632,
0.497398,
0.0456128,
0.230509,
9.8064,
0.0278784,
0.0383392,
0.27065,
0.442077,
1.14331,
0.581744,
0.0701632,
0.25775,
2.28994,
0.20561,
0.036512,
0.0211808,
0.250166,
0.269667,
0.076416,
0.172464,
4.94885,
0.0298368,
0.0620832,
0.193478,
0.0573376,
0.0531264,
0.0662304,
0.0388672,
12.8061,
0.219062,
0.218202,
0.01888,
0.0350016,
0.130128,
0.736003,
0.03304,
0.0350976,
0.216778,
0.0330688,
0.190931,
6.60345,
0.0477184,
0.023792,
0.148464,
0.0198432,
0.155645,
0.402307,
0.0421216,
1.09231,
0.0392672,
0.618854,
0.210854,
0.363606,
0.639437,
0.0926112,
22.4079,
0.198266,
0.982906,
0.092608,
0.0359712,
0.338032,
0.0902016,
32.8909,
11.182,
0.0582368,
0.026592,
0.110141,
23.7486,
12.8014,
0.253494,
0.0323168,
0.0808864,
0.439085,
0.163434,
0.138189,
1.08464,
0.048832,
0.155766,
0.0202208,
0.0665152,
10.3197,
0.0410112,
0.0499872,
0.144138,
0.317875,
0.0205536,
0.534013,
0.122653,
1.95801,
0.302288,
1.43565,
0.127875,
0.169334,
0.239565,
0.36255,
0.654435,
0.0730464,
0.659952,
8.21011,
4.27525,
0.311754,
0.065472,
2.62116,
0.417626,
0.297434,
0.0363616,
0.119456,
0.0189344,
0.0187392,
0.0170048,
5.401,
7.65507,
0.959251,
0.346064,
0.482547,
0.779216,
0.407366,
0.067872,
0.03224,
0.258675,
4.92915,
0.0162656,
1.48135,
0.47321,
0.0208,
8.0967,
11.8246,
0.0340768,
1.89485,
0.393578,
0.104339,
0.072944,
0.0362144,
0.181859,
0.155357,
0.0832512,
0.018432,
0.271094,
0.113456,
0.147194,
0.993562,
1.22453,
0.24305,
0.163923,
0.058464,
1.23388,
2.11516,
0.56825,
0.02112,
0.0192736,
0.0233696,
1.38811,
0.498173,
2.31032,
0.68104,
0.26527,
0.127523,
0.0925952,
0.117056,
0.117456,
0.0224928,
0.0390816,
0.108826,
19.7229,
1.34997,
0.0275424,
0.074544,
0.422662,
0.0577024,
0.0972608,
6.16863,
0.219318,
0.0194496,
0.018992,
0.040704,
0.032208,
1.31783,
0.11584,
0.0234496,
0.454979,
0.168115,
0.153555,
0.0400992,
0.0289536,
0.0328832,
0.229158,
0.061664,
0.229184,
0.0476512,
0.106349,
0.025184,
0.600256,
17.326,
0.0411456,
0.066848,
0.0207168,
0.148566,
0.0219104,
0.469149,
0.0589888,
0.0980448,
0.0921632,
0.035152,
0.0331872,
0.0822144,
0.0883488,
0.028464,
0.019136,
0.380192,
0.0290496,
0.0370304,
3.60364,
0.0400064,
