13.74
3.96157
2.42269
4.32806
11.4757
5.66855
1.75944
99.2301
4.27966
1.15538
0.6969
75.283
51.062
5.41973
4.78063
0.698721
1.45838
2.60142
6.62298
0.416403
5.74463
10.2422
1.2171
2.35969
2.86721
0.875605
0.302996
1.32054
0.717164
0.124136
85.9027
6.52048
3.63604
0.18803
21.6139
1.81814
0.528273
0.525938
0.542064
0.314254
0.510313
1.19351
1.60843
33.6365
636.227
4.10073
0.13661
2.10345
10.388
1.52813
1.0912
1.0685
5.24774
0.123501
0.768641
6.78047
5.47201
2.02347
0.45007
1.48737
0.257852
11.0572
24.9135
45.6302
8.68919
3.88477
0.358572
0.843171
0.582366
25.8659
6.8208
1.269
2.2565
0.910738
13.9439
4.98333
0.118475
3.85943
0.150654
3.50062
22.7745
0.528946
0.398777
3.09357
8.06088
16.563
39.3631
633.95
0.213637
0.059141
5.79701
4.00859
2.48124
11.5226
245.212
1.23658
2.25275
0.566131
0.386789
1.40413
0.759287
53.7212
174.827
132.934
1.96078
11.4041
1.37255
1.66257
14.4884
1.79299
1.52767
15.9775
2.30144
3.4056
2.15189
11.9449
0.307625
0.558889
1.25171
3.42659
188.985
1.48022
0.637657
0.165393
6.29014
1.15852
6.70918
30.9073
1.40174
1.82297
0.310148
1.358
0.331769
0.586827
0.601994
0.275859
3.19597
7.05055
2.41334
0.0749019
0.2805
0.171345
21.1624
0.493946
0.206647
12.1727
1.79853
4.42766
4.17696
68.5844
1.18105
4.66446
6.31677
5.02083
0.381006
0.48201
0.244914
1.18367
1.08247
34.8352
1.74026
7.52552
13.0654
0.16412
3.22564
13.2588
9.7801
0.770078
0.411557
0.254382
0.524183
3.82866
11.8565
2.1435
0.22492
3.60729
10.2366
0.502464
0.444129
14.5021
0.427435
7.29899
3.77741
1.63763
2.00177
13.6859
1.53036
1.1896
0.862647
0.68111
1.28211
1.72721
4.88923
7.15215
1.88687
1.46081
8.39193
0.462299
16.3043
0.55192
0.418377
2.3512
0.124574
19.6759
0.141475
7.36138
1.27227
0.114226
0.128265
0.0528398
1.3506
31.8229
5.51437
0.401417
280.651
4.78
42.9209
0.243931
114.647
1.67587
8.0036
6.45351
9.99207
0.735922
2.87066
0.58095
17.0792
2.43794
29.7159
1.06282
3.71816
1.24331
1.86581
0.368305
0.276158
142.354
1.62599
173.912
1.96599
74.7576
4.81623
1.09218
1.13032
0.54504
17.4017
30.2568
8.42501
1.63271
9.07558
2.34067
1.23034
0.305246
1.6062
1.62631
7.20134
7.0904
0.875667
1.62241
323.787
0.352768
2.09692
0.492642
1.4638
28.7323
0.0646785
2.55145
0.589668
1.87667
1.75731
0.771986
3.29596
2.99941
0.936481
0.397686
0.590258
0.588145
0.211169
116.764
7.66686
1.4976
11.7773
0.765827
27.0565
1.28135
3.76588
4.18548
1.66901
7.16445
0.119055
18.0993
53.1023
1.34262
0.796358
5.16907
1.38064
3.66543
4.99942
0.113197
0.103796
3.14414
0.85978
0.11838
0.643169
0.0877761
335.781
1.81352
3.1837
2.35522
0.30541
8.86276
3.19112
0.354658
1.31879
0.204179
8.47958
5.35066
0.0429006
0.699622
28.2749
1.96388
0.532311
1.68962
0.0951888
0.461794
1.6775
0.462608
2.56567
0.427251
0.847079
20.4157
0.0697028
1.6079
0.803751
3.97979
4.5438
0.319284
0.303157
5.19934
16.9367
4.74096
41.1998
2.50219
0.465786
5.12359
9.92576
24.6241
0.680792
0.122449
21.2342
0.260874
28.4921
0.57168
40.6572
93.1566
0.309914
7.40435
0.450654
0.132577
6.98229
2.10279
28.1632
0.377883
0.0870002
0.227329
0.1473
0.111008
73.5946
0.255715
0.771169
17.7174
1.19264
30.559
3.37192
0.147416
1.62713
0.308802
25.9123
1.26791
6.38456
1.51086
0.248516
1.96277
0.764376
0.599995
0.244893
13.2377
1.52232
0.983774
0.185062
0.683711
18.5416
7.38257
0.805753
391.048
20.5489
0.278577
0.429541
29.4752
1.94154
34.3324
0.652622
0.547647
1.74735
2.57154
0.763606
10.5095
4.64289
14.6153
16.6806
0.896241
33.583
35.9928
0.646367
0.116287
0.373674
0.897714
0.110268
44.2425
0.1248
1.40148
6.23169
9.65294
0.764131
4.00006
1.61746
0.375238
5.47346
141.251
23.4081
0.0530868
49.5413
2.08359
99.2209
11.2282
1.87893
1.87152
28.6069
1.57055
3.09063
0.347918
3.18123
3.58967
5.09149
0.729317
20.7591
112.422
32.6546
0.132762
0.895948
0.966888
2.07236
1.4158
8.30881
1.53912
16.9776
2.58329
0.743142
16.2983
76.3931
2.17435
0.637199
1.79227
16.2344
0.673106
0.535519
1.9117
34.3706
1.00448
1.44162
0.535942
1.05627
22.2396
1.94316
0.810791
0.514145
10.4047
4.48642
1.69039
93.1548
1.42951
4.68997
27.7405
0.429047
0.1459
1.32676
0.8093
1.017
0.835348
65.5659
25.8168
0.411726
0.138822
8.51594
3.62403
1.48694
0.416616
14.1177
2.44884
0.28396
0.223099
5.19176
4.09904
5.37108
5.20695
0.749529
2.28225
0.885109
12.8765
1.39748
113.226
6.47483
14.6858
8.27253
0.544156
0.170272
0.743765
0.910882
1.31185
0.288713
0.762378
7.66982
2.24941
0.815507
0.489787
1.32778
0.841186
2.1555
9.74411
24.1042
0.116534
4.12651
0.264399
0.20379
1.33673
0.570962
29.4803
0.319746
1.29236
2.04558
3.14958
94.1976
0.0827683
0.95098
38.4741
1.59592
0.0649754
8.12926
8.40392
5.26247
1.61197
0.96299
1.47323
3.50066
3.73719
2.68823
3.68297
0.851535
18.6807
1.28122
1.58461
35.9755
0.934924
9.84783
0.21118
1.71016
0.241949
3.44476
4.36125
12.5956
0.997186
0.143729
1.35139
9.09277
0.497048
3.38471
0.367629
1.75582
50.5295
1.20985
0.182487
12.0604
1.40484
13.6355
5.14907
23.8038
23.6403
0.214793
1.77729
7.38443
1.6638
2.54913
1.0317
1.68246
0.358705
0.146587
2.01335
0.164066
0.768807
21.9305
1.62377
13.1228
3.0397
6.46889
2.91169
1.82648
5.35871
10.3639
6.08869
0.166117
0.184346
3.40704
1.67848
2.22852
6.61914
136.667
2.25824
12.4072
0.96339
0.272477
0.227485
2.07213
8.80563
280.301
0.258191
0.158134
9.33938
1.48398
2.51058
0.850269
6.43431
0.346329
1.66262
1.68992
1.76542
7.94449
2.57422
8.6732
16.6684
0.0803956
0.43971
38.1361
1.10062
0.707782
6.4498
0.191487
3.29867
49.9529
1.00936
1.85787
4.58193
1.44332
22.5137
0.295675
34.9899
0.359782
7.91813
0.433579
0.584018
5.74127
8.50351
7.18729
0.327494
0.592903
0.590687
0.669121
0.528887
0.514585
6.02262
6.71541
6.17211
3.76133
4.96907
15.3063
24.4031
5.45685
1.36825
0.798172
6.0118
0.689774
1.78946
0.592736
2.48745
11.5863
0.0855069
0.26748
1.6354
3.53954
3.59912
7.53827
0.532237
0.163254
60.4238
3.84791
23.1443
101.042
234.119
0.152701
0.0606175
0.52647
0.498822
0.589454
1.87723
1.23925
0.86749
2.61853
1.90758
6.85088
138.171
0.754629
1.46633
1.66587
12.8903
0.161144
1.31336
11.2072
54.8842
0.673019
35.0275
1.54359
0.956989
1.90057
0.166468
11.452
10.7275
0.194406
1.89297
47.0891
1.12659
14.9849
0.691027
2.52867
4.84032
2.28397
3.14727
4.21722
3.16419
25.8588
0.402022
1.65191
0.171423
36.6157
0.202347
2.93448
1.61443
24.8299
0.327944
53.8365
15.4324
0.443661
25.3535
95.6718
0.465331
5.69551
0.64463
3.09993
0.165343
290.718
7.96774
0.187398
1.37886
0.193447
2.03874
0.217822
1.67195
12.8271
0.532926
2.16574
3.83403
14.5833
0.785678
0.0354788
0.412993
0.765674
11.4864
0.227059
1.86439
1.69511
2.98214
3.91923
0.556636
1.07224
9.41519
21.2766
0.189065
1.18515
0.943798
0.059847
10.2394
0.100652
0.32101
0.874556
0.739489
7.45803
7.0938
25.6264
2.6725
148.587
0.843491
1.02681
6.15198
0.716208
3.77038
0.364763
1.52479
1.1926
0.653554
4.57562
0.0938933
1.42697
0.346892
1.17064
1.27723
0.632522
1.28354
4.18793
0.461168
2.00864
0.13748
0.0997344
30.3974
12.2877
11.4058
63.5481
54.4505
12.1091
0.211799
9.58283
2.86841
18.3144
20.9341
64.178
0.391508
0.277554
8.13967
0.367987
1.21711
2.95645
5.08095
0.390678
0.131161
3.54847
0.504845
10.7507
3.23832
0.12225
1.80692
0.253704
7.36582
0.870359
0.129207
2.64282
1.30004
8.07332
23.6444
1.98483
2.60784
0.390395
1.69365
80.32
0.776888
0.608898
0.392146
0.292614
0.103198
1.53652
1.64194
2.12742
3.34238
0.99748
1.72544
45.8777
5.06253
1.78144
4.74042
1.2945
69.3894
1.61538
4.61132
23.9919
1.26038
5.09364
0.440727
0.333411
3.26342
0.164132
0.362758
2.08342
3.30316
1.09841
5.79976
1.81872
49.3238
1.93572
0.222516
0.6876
3.08836
1.38027
3.84197
11.2089
111.14
5.13025
1.40131
1.58466
3.57091
0.796843
0.101558
2.47641
1.38212
0.464227
0.883244
23.258
68.016
2.1383
15.9447
8.86105
126.93
2.36539
5.6157
0.281733
0.52395
2.38499
0.422736
302.807
0.105045
1.21736
2.22737
0.270759
0.0450933
1.75375
21.9673
10.7512
1.68117
0.518595
4.24994
0.449156
1.19935
27.2733
6.57139
3.38442
31.8633
10.0239
0.113776
0.178422
1.97806
1.76298
0.599923
10.457
0.675748
5.69973
0.149663
0.953309
3.07734
8.7226
1.13005
7.81371
43.7633
4.15862
1.68539
0.934959
43.3163
0.725069
0.481048
0.290304
1.33638
1.66963
6.16262
0.41809
2.1318
13.9407
1.71279
7.55066
1.68602
557.087
0.50539
0.833882
1.74028
0.195535
1.33495
18.8195
1.08454
9.22085
9.97092
1.79709
0.351396
48.8273
3.39162
13.2946
34.3562
1.74388
1.06158
3.03234
1.28107
1.70981
12.5743
0.218696
10.2586
4.73083
0.21174
4.66986
0.144513
2.59279
6.75848
0.480561
2.32016
7.73705
1.57274
1.48585
23.5787
146.92
103.213
1.4966
5.08152
0.26612
0.281749
1.0163
0.290621
3.32332
0.833524
47.9782
74.6434
3.31867
4.97361
32.3444
3.55569
38.9401
0.462177
2.20752
21.3143
1.21168
6.47349
7.4908
0.10064
4.81826
0.464442
10.2864
2.55846
0.313945
4.04822
1.32166
5.37743
23.2608
0.309925
22.3058
41.1444
1.6654
2.01271
0.535693
0.624509
0.541999
0.969982
168.111
2.17671
0.300049
11.707
5.05968
3.75035
0.900998
7.31409
2.61352
1.90083
59.9159
7.63322
12.7178
11.6699
1.60956
17.2881
0.646809
0.242514
1.15694
6.68156
53.067
3.16521
0.672066
3.37611
37.9053
0.498357
0.210262
15.0231
0.504421
1.08803
3.11097
0.992871
1.75471
1.54301
0.564172
8.58567
6.81452
3.02072
48.0641
0.454615
4.94165
0.440754
5.4479
0.423378
0.250116
9.66957
4.66476
142.341
1.77781
1.52645
1.99295
3.49349
1.72408
1.57173
1.33551
0.3029
16.8119
10.3985
0.100836
1.76223
9.59811
260.573
1.42723
0.953006
0.125532
1.51036
10.6112
0.740259
73.6114
1.43924
0.508623
7.92592
8.419
1.68483
3.55855
0.360566
0.146295
1.46476
1.9224
0.555109
0.219921
0.238566
121.874
1.48675
57.2382
15.9546
2.47301
0.296402
63.607
0.767421
0.147566
0.340166
34.9356
1.81329
36.8501
4.17635
4.45332
13.6055
1.59386
22.011
2.42227
2.74488
0.67135
4.26903
5.81201
1.28382
63.1475
70.8532
9.53043
8.96019
1.62275
2.01323
4.22726
0.867865
0.116287
0.0976255
2.1254
8.72755
1.41635
1.69571
6.443
3.62688
0.143829
7.31159
1.64578
0.13625
0.0697279
0.973399
11.689
0.788948
1.21378
7.2991
21.2103
1.93862
57.4192
5.43166
14.8
12.0287
3.0712
1.1229
2.05597
1.93405
1.44416
1.43008
3.8211
1.8456
0.106514
7.57333
0.958932
0.420949
0.367991
1.96462
30.5499
0.809974
6.95013
33.6889
1.43527
11.1224
1.54365
0.172578
0.647918
3.08158
0.586733
1.87603
0.861658
0.300435
27.9735
5.75264
42.0043
0.534166
0.94211
0.8184
8.49372
0.570541
15.1181
1.00315
0.300989
1.85712
9.46317
0.348114
9.29044
0.448821
0.607767
0.24035
0.50229
467.734
12.4595
0.160823
1.44873
0.290712
0.565635
0.0999449
0.789735
6.10737
22.5044
48.3314
99.4411
9.33628
11.7986
1.62646
3.53155
2.86932
20.5543
0.190396
3.57778
3.50362
9.24017
1.09034
31.2485
1.2222
12.164
1.86697
1.24622
0.681172
1.49238
33.927
1.46636
2.97145
3.113
1.45843
20.8668
1.99165
1.37033
0.136649
0.949775
5.05669
0.181073
2.72091
6.78885
0.192782
3.50607
6.89256
1.24318
1.62635
220.024
17.9064
1.2153
6.88299
9.65986
7.96589
19.6977
0.529617
3.60045
0.194805
0.103488
0.106902
0.40083
2.03072
0.613344
2.89161
7.90968
0.566769
0.719927
0.876937
3.50052
4.25536
6.52209
6.49073
23.4331
0.333646
25.0658
3.58632
1.60945
2.47714
0.177464
21.3171
207.225
2.31171
2.88097
6.81449
0.871471
1.69519
2.15711
15.6367
1.6389
0.981215
1.21045
18.8505
1.10622
0.133913
10.8278
0.312812
0.837635
0.414585
32.2354
122.424
0.0685964
3.17809
0.151812
101.426
16.7724
18.1
0.676094
13.731
4.03166
2.83223
14.2937
0.270244
9.57468
268.714
1.59366
0.167025
6.90935
86.2405
1.5182
72.0562
0.137246
4.90203
1.40053
5.82106
1.07334
3.35929
0.672372
4.26667
1.56374
1.06576
0.280776
8.44015
7.69372
4.04399
0.259864
145.613
1.77747
53.4058
9.12676
0.389267
1.40405
23.9602
0.679492
2.19375
0.114861
10.4953
0.0942922
3.18627
9.47723
0.461533
17.7304
1.65285
16.4081
1.55511
0.556625
4.38039
1.37265
7.65413
13.9425
1.79938
93.4421
0.63302
0.573845
0.111703
0.598646
13.1114
0.138166
0.17539
7.6225
1.75278
1.82862
33.7928
0.127397
6.31545
0.218298
0.766775
0.105625
1.36482
1.7323
0.92682
0.415709
27.2883
1.17808
2.78401
1.1555
1.33306
15.6346
17.8049
0.770733
4.04793
5.08152
1.76537
3.36454
1.00699
0.480875
0.423564
27.4361
2.20774
5.40688
2.6727
43.733
1.91066
0.220108
0.213358
285.64
2.06333
1.37086
0.54063
76.5793
2.0915
0.809867
1.30132
1.74257
0.416862
23.6095
13.5943
0.146223
10.326
11.1612
5.92348
5.21048
0.852326
0.59178
3.41574
8.64434
3.00723
0.883918
0.553459
0.444806
1.53667
0.605059
0.306144
0.154544
0.146854
15.3999
0.440676
2.03737
2.30244
1.80948
28.5388
19.1658
25.8147
11.7349
1.00925
5.42318
20.7677
151.09
2.09318
2.22068
0.739745
1.0905
19.7143
94.4059
1.24018
5.34587
3.03465
0.220465
0.288052
0.8336
11.2081
3.73675
1.82068
5.24764
10.6713
7.52346
3.55242
13.3438
0.505124
0.264892
2.30479
0.0734994
10.3908
6.70932
2.30808
6.80223
4.93766
0.940235
0.464209
0.373583
3.20451
8.74108
91.3595
48.2937
3.29023
7.02877
5.82974
0.787136
1.41811
13.142
3.01904
4.0161
11.4976
0.280926
2.55962
0.871486
0.211388
0.225624
8.31389
0.687856
106.067
40.6723
1.51612
7.268
28.2061
5.9536
1.33946
9.12899
38.7573
583.137
8.75118
0.402339
7.71297
0.335431
20.3258
0.145382
0.441082
12.2852
0.209422
212.465
0.754928
1.56444
38.0642
1.5299
4.24785
0.599348
414.985
81.6447
2.542
4.09521
3.52198
4.11905
3.86793
1.54984
5.06002
2.54915
3.91392
2.62942
16.884
0.501253
34.0821
4.43285
0.113833
20.697
0.270403
1.78252
0.323723
0.674351
0.682106
0.641111
29.3974
1.42214
48.9011
10.5291
3.061
1.96844
0.138993
166.878
6.37449
1.86729
0.246404
0.118098
0.399154
1.58668
0.59706
1.22527
0.325661
0.0903076
0.346233
101.012
5.85445
3.22923
4.1808
0.888056
3.15453
0.246947
1.99538
11.9395
0.676183
30.9892
37.6773
1.28844
182.562
25.6849
1.69275
9.01828
3.49442
0.974503
2.90588
6.10526
1.82626
0.749434
1.24439
0.412874
5.36788
0.124892
5.33089
0.299443
0.287542
14.6295
3.54397
3.56307
2.20967
0.084454
0.325267
3.60717
14.3688
0.438993
3.95404
0.875393
0.106508
10.6215
4.63821
45.6897
1.77884
4.01537
8.96956
0.539753
0.747802
4.98788
1.78864
0.798433
103.626
5.38407
0.28321
90.4314
0.304815
6.60943
11.4551
0.900556
0.182481
1.41053
7.35626
5.39726
1.21772
72.702
23.3067
1.48647
0.578455
0.262949
19.1438
2.56806
1.04816
1.88955
0.4289
2.19844
1.42499
0.357605
0.666836
2.30434
1.70186
4.20553
1.67564
0.421728
0.827124
30.1047
0.400945
1.68813
1.33716
7.53476
9.7964
17.1125
14.2814
6.8506
1.98918
7.06448
2.77496
0.256037
0.668555
1.86145
1.08835
3.96517
31.6932
13.2516
4.22991
3.13005
8.08602
4.28724
1.46474
0.328451
3.01568
0.137932
3.05771
0.17881
1.77728
6.83503
3.07954
0.982907
2.42368
0.105272
2.49089
2.28244
57.5722
27.7003
4.34633
0.162833
1.55331
1.79116
1.67315
0.730599
0.116582
0.794304
0.294178
6.28795
2.06291
4.95849
1.19779
5.70626
9.41281
0.255057
8.24977
2.8412
0.941715
0.988729
1.01715
63.9446
17.2905
48.3956
8.83953
1.42154
19.1426
0.217898
2.66671
4.49882
4.97459
2.26225
32.0386
0.73431
0.390075
0.11424
4.64489
3.15724
7.67188
9.01911
0.346689
0.443577
41.6945
0.31573
0.135547
15.9556
0.399566
2.46002
2.77926
0.279377
1.58345
0.293233
12.1144
0.0905003
0.538995
1.97147
0.873274
17.8756
8.30522
1.62378
0.16958
0.390176
2.25795
13.3225
3.72864
0.124571
0.362015
3.73258
7.06532
3.94146
2.31783
1.2864
2.39464
0.861454
1.89143
1.89495
3.33656
0.357902
0.520714
4.20696
1.89002
11.1858
0.37203
2.95773
0.198831
4.19431
1.99206
0.165113
1.45201
0.30164
14.0864
22.2217
0.566471
0.924405
2.64429
15.638
16.5152
1.7872
10.588
10.2258
8.76589
0.539047
0.364207
4.33952
21.8267
5.73755
40.7641
0.40792
10.1531
21.9333
13.6916
0.33266
0.44609
2.75385
143.782
6.61961
73.2384
214.381
0.746476
0.740834
0.639196
2.63966
0.63121
0.911507
120.593
0.706228
0.846504
6.80777
0.495065
0.555216
1.92059
1.21813
1.2708
6.8739
0.0687624
0.621321
0.541848
2.55724
1.26521
4.15862
0.112016
2.67934
103.668
0.309795
11.2107
0.299572
0.777891
6.96125
0.107628
4.23751
74.806
62.6499
1.51655
1.1643
0.519168
1.55889
0.591655
45.5629
3.84584
1.35298
17.4795
76.1186
6.26381
5.09857
