3.25911
1.22172
2.87495
6.18618
3.3547
6.43649
1.37031
249.835
12.2845
1.11461
0.840986
101.303
36.7963
9.46507
3.02454
0.697661
1.51074
2.30606
4.01246
1.31364
5.79698
6.70907
1.20916
2.0658
2.15599
2.85879
0.438623
1.34581
0.687309
0.198386
40.3894
12.1404
1.69636
0.247127
18.6595
1.59538
0.287798
0.227278
0.478379
0.645153
0.599193
0.919521
0.811186
70.3757
244.519
20.469
0.275911
13.5941
10.5649
1.68403
1.42765
0.424419
4.31957
0.0851393
0.706452
6.52537
4.56707
0.820613
1.32585
1.40777
0.103363
14.1495
50.9232
15.4894
12.9981
2.65271
0.252316
0.940869
0.817669
43.0203
9.19611
1.41283
3.04208
1.93255
22.5489
6.53871
0.209703
5.4567
0.173747
1.86014
14.2879
0.288096
0.235345
3.31905
6.98603
10.8882
18.8383
800.259
0.519089
0.562445
37.5317
4.53145
2.54233
5.75235
501.065
1.38749
1.56236
0.4277
0.387251
1.26683
0.237454
304.763
138.843
31.1442
2.40619
15.4284
1.21562
1.44561
26.7879
1.77194
1.29987
26.4853
1.63653
2.20752
1.75432
31.6045
0.268383
0.325644
1.53107
2.81305
239.412
0.584989
0.312836
0.765624
4.4385
1.19452
4.5352
6.50018
1.3358
2.25945
1.61765
1.18981
1.29562
0.793911
0.713327
1.03316
3.63236
4.07295
5.99967
0.45577
0.105176
0.221714
218.375
0.439618
0.0761691
11.5163
1.42592
3.78636
3.12297
217.953
1.15473
6.51157
9.12562
11.2354
0.650521
1.2509
0.219432
1.03896
1.37084
74.3645
1.5356
5.01376
26.6816
0.219345
2.0763
15.315
24.0972
0.609933
0.461711
0.411001
0.320827
4.6471
22.6199
1.63098
0.187491
2.75271
9.36233
0.51374
0.621912
24.2589
0.933736
11.0206
4.47565
1.35471
2.09342
7.5898
2.18436
0.715045
1.32387
0.615841
1.28242
1.28147
2.81928
7.04782
2.88546
1.35702
4.27677
0.807138
93.5908
1.30113
3.00182
2.17904
0.128784
22.6374
0.491561
3.51127
1.20152
0.194341
0.128173
0.190958
1.03912
6.88236
8.6053
0.414136
63.6581
8.62585
94.9354
0.276289
84.0991
1.3704
8.93087
7.42334
12.7752
0.200175
2.29042
0.562094
72.6485
2.41884
5.065
1.61376
2.61059
1.46427
2.342
0.689699
0.280414
47.0814
3.12421
184.845
1.4365
33.1441
5.3044
1.41394
1.08744
0.122106
21.6292
24.8485
12.7396
1.61635
35.0088
1.72139
1.12857
0.89036
1.4011
1.10664
3.21658
11.8491
0.881564
1.37525
119.964
0.613809
1.55388
0.435405
1.20312
52.6021
0.192602
2.6895
0.63835
1.71576
1.55586
0.452416
4.51519
2.84076
0.622097
0.913073
0.635415
0.495593
0.142986
93.396
8.4482
1.03648
18.1593
1.6084
6.80415
1.17439
3.02088
4.95955
1.40986
25.334
0.210654
4.69428
62.2262
1.30654
0.920284
9.92136
1.44283
3.41497
3.12744
0.355501
0.384181
2.5217
0.187356
0.436967
0.31841
0.0873559
164.349
1.49268
3.22039
2.13451
0.15289
6.57106
2.00809
1.1511
1.45247
0.279778
6.48077
3.70316
0.181951
0.753473
17.8942
3.20117
0.562726
1.52214
0.554354
1.32212
2.33156
0.228037
1.6078
0.461816
0.554038
67.7874
0.0683178
1.11696
1.07131
22.0052
3.94447
0.26704
0.429499
27.7852
12.6916
3.49642
59.6541
2.4769
0.282429
4.81941
12.8032
16.8253
0.213585
0.531673
10.8538
1.25147
198.2
0.219713
45.5547
24.1259
0.670245
4.74815
0.472906
0.203664
4.62279
1.9925
13.0309
0.256931
0.0859736
0.571722
0.0623421
0.20236
239.453
0.36807
0.699856
31.8161
0.982604
16.9834
2.94192
0.132524
2.01425
0.311366
8.74407
1.13607
7.76333
1.33269
0.280582
1.62724
0.891614
1.10312
1.30268
14.0996
1.37648
0.917925
0.21194
0.682945
24.7949
11.0809
0.119199
237.14
4.33533
0.577611
0.561123
10.3997
1.61006
77.187
0.672227
0.289683
2.13447
2.99675
1.05442
8.79893
5.42722
10.9969
11.131
0.211613
14.4863
30.8227
1.27017
0.179854
0.354107
0.677149
0.0829532
48.8517
0.332707
1.45585
6.48108
6.29879
0.264885
3.0153
0.195551
0.471772
2.99909
14.5324
14.398
0.0974079
68.9318
1.99268
117.376
13.1759
1.4645
2.03699
52.6511
1.23517
2.66452
0.264304
9.0957
5.77377
58.6389
0.609942
31.6727
35.0442
29.3527
0.445705
0.27638
0.870209
1.73457
1.06293
3.39036
1.33317
8.56289
2.58663
0.0668141
20.448
91.961
1.53317
0.199096
1.83233
7.16872
0.603045
0.685071
1.89342
81.267
1.15284
1.33555
0.275246
0.111239
18.5617
1.32104
0.929195
0.698406
10.3109
9.0774
0.156515
188.752
1.30452
8.92276
4.14994
0.557875
0.229186
2.10049
0.397119
1.07123
0.93642
607.163
44.0774
0.254165
0.182566
8.39138
3.03159
1.24093
0.479048
10.2205
1.2528
0.346096
0.62592
3.83759
4.36642
5.58055
9.47164
0.218846
4.15041
1.25255
28.3091
1.21682
129.757
8.14767
34.8728
10.881
1.26721
0.649838
0.240522
0.824144
1.25215
0.125352
0.680969
10.8831
2.73137
1.40544
1.36915
1.42361
0.11078
1.67844
16.6193
27.6501
0.643846
2.02703
0.549102
0.190413
0.882704
0.689519
7.26483
0.566803
1.25371
1.87758
1.58069
275.039
0.278639
0.691225
150.7
1.23598
0.158364
7.41389
10.136
4.68531
1.51865
0.887859
1.30475
7.62269
2.75955
2.54762
2.58516
0.653524
63.691
1.56312
0.968765
85.5549
0.280684
6.28668
0.186895
1.5261
0.384003
4.38807
2.08406
19.2597
0.966174
0.271843
1.32767
54.097
0.743562
1.99311
0.241754
1.80352
96.9347
1.19435
0.202779
33.7196
1.29816
9.9228
8.01798
27.6483
110.985
0.454063
1.49406
2.78688
1.93871
2.53136
0.588869
4.20384
0.242093
0.615628
1.65066
0.0811884
0.641962
5.77264
1.27502
10.8178
2.17973
8.36715
2.27617
1.33094
6.89723
5.2167
2.78965
0.234114
0.254695
3.31117
1.44165
2.68963
3.52019
122.861
2.49079
8.49266
1.37348
0.101472
0.273598
1.89864
7.34078
42.9125
0.371553
0.505875
5.42755
1.4324
32.5263
0.474113
20.4412
0.820832
1.92057
1.37021
6.67385
2.38562
3.24402
17.0553
11.2953
0.0730274
0.692082
90.5574
1.36797
1.21254
5.3943
0.250075
2.87156
15.2347
1.28952
1.81847
7.87222
1.20577
12.1611
0.359195
26.5817
0.267862
10.5406
0.341952
0.462955
5.95426
4.4814
11.3729
0.285409
0.656463
0.363783
0.688398
0.582105
0.338081
7.75984
9.79133
30.9387
3.81715
3.2626
12.2716
12.4323
4.10395
1.13574
0.961249
4.96665
0.63756
2.34842
0.249461
1.98883
18.1362
0.416699
0.230041
1.51463
3.39644
3.74973
2.34021
0.786608
0.251887
1014.37
4.28965
30.1972
72.1811
140.416
0.272143
0.159671
0.356291
1.14898
0.272647
1.43556
1.19892
0.760249
3.32651
1.92516
4.42081
14.826
0.221708
0.198218
1.30687
50.2327
0.145439
1.50551
34.3608
8.377
0.831989
14.4977
1.5352
0.911115
1.37757
0.430754
8.0055
17.7579
0.315864
1.84821
34.0427
1.55
9.13667
0.842902
2.81652
8.30406
2.2371
6.81651
4.62391
4.03639
3.12443
0.192678
1.58462
0.678891
47.6842
0.571601
3.30757
1.49505
30.3527
0.495488
186.814
27.0431
0.598834
7.23061
130.619
0.736525
9.63846
0.205494
3.20694
0.207671
224.361
1.38962
0.676726
1.48315
0.194589
1.24414
0.254054
1.09872
4.22241
0.455824
1.95865
1.95124
36.9068
0.471866
0.196035
0.203172
0.713283
4.17221
0.310055
1.5036
0.75942
3.27553
3.00852
0.528871
1.27358
22.4534
15.694
0.67795
1.23194
1.40555
0.0634913
8.31358
0.0928342
0.201945
0.460735
0.147339
3.81532
7.14716
26.2439
3.26246
25.431
0.221671
0.433628
5.80659
0.623673
4.23497
0.221772
1.46818
0.990492
0.451792
4.80661
0.52601
1.11593
0.345272
1.07544
1.262
0.267528
3.19532
2.65879
0.302153
2.43443
0.0718841
0.620737
33.6737
16.7185
5.65955
44.6008
28.8742
10.7748
0.200477
4.18096
3.33378
9.2963
23.1933
81.6539
0.912837
0.605426
8.6154
0.661663
1.20514
3.09435
122.97
0.296149
0.0640209
3.79636
0.370029
8.30619
3.00803
0.15743
1.50607
0.438742
3.03135
0.107609
0.295856
4.46865
0.626239
9.6931
16.7248
3.27269
2.6023
0.0764851
1.39474
143.205
1.27789
0.745733
0.821397
0.3191
0.452806
1.41396
1.07267
1.55537
3.58296
0.740968
1.37484
49.1553
6.96422
2.19922
5.47798
1.78579
12.3708
1.34899
3.34078
10.1643
1.18884
2.90597
0.537438
0.372783
2.02473
0.084072
0.179107
1.9705
2.38212
1.16431
3.84485
2.81966
33.3924
2.35436
0.592384
0.766471
1.86428
1.0556
3.84703
10.9754
130.277
4.27363
1.26753
1.6911
1.92489
0.0779483
0.190799
2.01611
1.32372
0.741753
1.08748
17.3379
934.487
2.79632
71.888
7.8012
152.345
2.39252
4.10963
0.3157
0.10282
2.79339
0.425543
76.136
0.564412
1.07713
2.16414
0.39355
0.0630955
1.91731
184.194
38.9422
1.54607
1.38501
1.5105
0.369132
1.13723
22.1275
9.73391
14.4088
22.7631
4.52021
0.063294
0.17506
1.84352
4.36794
0.959211
15.5777
0.615312
3.25122
0.202153
0.960848
4.19026
23.9974
1.30577
8.35779
9.00621
4.82606
0.961373
0.834229
25.9318
0.145496
1.25032
0.172979
1.83116
1.43931
7.34777
0.409859
1.64565
14.6813
1.36393
4.99229
0.173758
1129.18
0.232738
0.751421
1.27176
0.149556
1.37955
9.7897
1.29298
13.3583
4.36378
1.32531
0.539839
61.9949
3.60645
26.0482
46.0877
1.45071
0.924005
5.38018
1.49729
1.41542
115.881
0.111086
6.90905
6.28681
0.788304
3.4842
0.275162
4.97082
4.71439
0.465303
2.27879
197.603
1.53027
1.2866
26.1493
125.401
40.9818
1.34329
665.719
0.231278
0.183303
0.911299
0.0615083
4.07792
0.538077
42.6084
10.1322
4.99254
3.11814
35.8526
3.66324
9.66347
0.0822099
1.88043
13.872
2.00685
30.9491
19.1091
0.0863306
5.69795
0.566979
22.1931
2.01193
0.703787
5.50958
1.75101
3.74132
13.8804
0.14454
46.9614
41.7614
3.18051
2.81711
0.292107
1.49249
0.656263
1.30441
1014.46
4.41256
0.713923
7.01657
10.3731
3.54795
0.625003
15.4741
3.52889
1.48997
21.9164
8.48702
13.9767
4.72465
1.35312
53.5504
0.621096
1.1081
0.845145
4.982
47.7762
4.55081
0.641632
12.3286
5.17928
0.55986
0.0810936
16.2592
0.706149
2.03937
4.0229
1.01826
1.60923
0.887451
0.664358
11.2862
5.86703
3.24147
32.231
0.171399
3.30197
0.334583
3.79622
0.623869
0.697438
24.3798
5.07099
520.576
3.67249
0.863573
2.78468
5.54364
1.65505
1.31805
1.4233
0.210012
13.5819
5.36934
0.0882389
1.61378
2.78154
29.2028
0.764603
1.33337
0.111303
1.24709
4.84291
1.5373
24.975
1.37326
0.561963
14.4332
9.97301
1.44513
2.43804
0.562528
0.488229
1.41736
1.69237
0.733268
0.360838
0.116692
188.226
1.5114
18.6254
22.5726
1.84526
0.311266
38.398
0.835695
0.0991469
0.287707
44.4839
1.44474
25.7541
5.17591
7.83531
37.5617
1.73582
21.5258
1.9736
2.42675
1.13258
11.5992
3.29842
1.41983
11.4155
341.491
8.67443
17.4329
1.47926
2.14928
4.11145
0.985886
0.603848
0.230763
2.3643
17.4901
1.17603
1.32328
18.4438
3.23794
0.20166
10.2321
1.36592
0.628825
0.181424
0.795005
127.756
1.27294
1.03952
5.35678
37.0058
1.50185
11.4317
3.62178
28.5413
2.53522
3.85756
0.662161
1.99957
1.42848
1.36776
2.11468
7.10977
1.31186
0.0837917
6.55408
1.40922
0.425639
0.279971
1.89899
6.73693
0.464592
73.634
2.24265
1.3494
15.1625
1.46454
0.627671
0.64037
2.48391
0.731107
1.61299
0.980699
0.0856097
11.9323
3.78809
27.3215
0.646316
1.20929
0.618511
17.7825
0.599373
80.6993
1.18836
0.812797
2.8957
2.31089
0.627518
5.53899
0.41761
1.2624
0.429691
0.510105
195.963
8.21562
0.30665
2.1643
0.564232
0.752723
0.0909807
0.779365
5.05677
15.4829
40.9467
93.8838
16.2494
60.5509
2.18375
2.05175
2.12707
26.0715
0.462941
1.82041
5.9388
25.1784
1.02603
21.1799
1.03268
9.48693
1.34868
1.23248
0.554698
1.2625
76.7474
1.56993
1.94362
5.19565
1.31624
13.5972
1.92092
1.27268
0.782645
1.23562
24.6825
0.385719
4.46787
9.48037
0.233161
3.75439
51.6915
1.23901
1.31238
43.605
34.6943
1.31416
8.73793
5.47754
2.59064
36.048
0.532549
2.7295
0.27254
0.254431
0.0725231
0.664471
1.65959
1.27731
2.11162
6.94099
0.260101
0.719765
0.752961
2.81532
3.53916
11.4424
7.53413
18.2778
0.801947
84.9455
2.50539
1.11371
3.76228
0.19012
9.44248
33.2319
1.26653
3.51799
3.68047
0.936889
1.8661
2.38712
6.12573
1.34797
0.286064
1.27264
40.32
2.90183
0.28457
14.5387
0.196367
0.562023
0.423057
5.18295
535.288
0.189018
4.55644
0.256621
137.196
6.17184
66.2709
0.836282
5.63651
3.80892
5.1304
38.0496
0.540944
5.22277
22.1106
1.50886
0.136569
4.82522
30.1991
0.739431
23.6072
0.278743
5.75824
1.21288
8.61084
0.834008
4.56866
0.400028
5.59149
1.77607
1.46308
0.283202
12.5999
30.49
2.2023
0.0960349
151.371
1.4924
28.4684
109.113
0.5946
0.775449
8.09521
0.365661
1.90022
0.12817
18.6367
0.0810912
4.40818
7.3935
0.73459
12.3789
1.42813
32.3097
1.53911
0.351119
7.51391
1.36124
10.4249
91.4047
1.50353
28.1811
0.33833
0.127679
0.34814
0.324554
33.2493
0.190921
0.352834
6.98732
1.7841
5.40987
14.117
0.125297
5.33298
0.0842108
1.13637
0.225545
1.32803
1.13697
0.489848
0.353146
13.4776
1.17747
3.53313
1.16192
1.22615
17.0326
22.4336
0.375613
19.9878
300.693
1.38364
3.10844
0.765037
1.18454
0.571162
12.4038
1.96213
4.24735
1.6709
37.8617
2.32474
0.181497
0.450943
6.51565
1.43991
1.5273
1.00107
70.3729
1.7492
0.885112
1.77892
0.735817
0.493939
91.6446
18.514
0.550916
4.23235
6.15819
5.2192
5.38273
0.682244
0.38122
2.79944
7.53732
3.04532
0.701998
0.627085
0.500034
1.44359
1.30915
0.177558
0.183577
0.22455
14.7538
0.204369
1.42808
1.88348
1.51025
12.4673
19.5464
16.2606
6.1987
1.11256
6.49276
12.0475
73.6652
2.35614
3.06635
0.493581
1.4172
50.2136
17.9792
1.07083
25.3421
2.1955
0.235359
0.302375
0.616484
13.9455
3.36444
1.2965
6.5944
4.29438
7.93754
7.74222
7.34961
0.209996
0.240158
8.133
0.0864131
14.3294
3.45456
2.2122
5.76368
11.703
1.43252
0.646046
0.499798
1.70108
20.1605
43.4886
98.6387
2.76216
6.80274
15.286
0.833165
1.45095
20.7516
2.9037
6.39246
10.2909
0.209468
2.2899
0.65586
0.203827
0.527043
5.78052
0.927881
54.8079
87.883
0.32586
2.59288
11.4239
10.1968
1.31503
11.4821
124.194
46.5459
5.99574
0.282795
6.35158
0.258504
11.5302
0.279849
0.475444
9.46722
0.551364
456.359
1.00712
1.34343
18.9958
1.26595
6.2022
1.08466
126.208
14.7273
1.73877
4.65161
3.40993
3.24222
4.03361
1.40249
7.17076
2.76799
3.40548
2.90346
39.6361
0.0819025
38.039
4.81805
0.466504
13.3891
0.806612
1.08607
0.131771
0.21211
0.152438
0.943599
3.33604
1.26199
278.43
9.40532
1.72261
0.736197
0.155246
56.9896
6.06643
1.56777
1.16719
0.182787
0.360307
1.34446
1.03128
0.954753
0.135588
0.0729931
0.298929
655.337
18.5695
2.10375
2.90453
0.779883
1.81736
0.572919
1.93885
13.1341
0.75091
144.113
47.6004
0.665429
73.7972
18.0324
1.4356
8.77204
3.22067
0.946552
2.81437
10.5427
1.5371
0.77698
1.11283
0.444934
4.26597
0.109132
10.7131
0.311819
0.26511
7.65502
3.23342
3.49814
1.9558
0.16771
0.289985
3.10954
10.3697
0.438027
5.4466
0.651053
0.197254
25.1308
5.58313
59.2253
1.34993
3.03262
8.95975
1.23319
0.735293
6.36418
1.85659
0.4187
42.7156
31.3978
1.07278
113.784
0.609921
22.3782
3.99648
1.00204
0.197009
1.51742
8.23989
16.7679
1.1272
26.3974
7.10005
1.40206
0.267315
0.0735374
42.6267
2.3008
1.02069
1.49968
0.807968
1.85461
0.538393
0.271805
0.660182
21.1655
2.00348
15.1398
1.73417
0.673653
0.591105
116.212
0.476526
1.34099
1.26328
9.29761
4.51711
12.7293
18.3512
5.97884
1.68944
3.25123
1.67747
0.32683
0.775923
2.30282
0.844578
5.75902
77.7843
7.0511
5.15317
2.95867
8.87305
6.22204
1.78541
0.399272
1.56968
1.33111
2.28558
0.240829
1.75644
7.82789
7.31921
1.03946
2.2698
0.364812
1.93964
2.47609
40.8587
34.3146
7.72686
0.257505
2.02307
1.53653
1.4226
0.524026
0.697056
1.80253
0.206086
8.38282
1.75527
3.78537
1.35473
4.2381
8.17831
0.160494
12.7244
3.28719
0.86846
0.305566
2.05785
54.4648
14.2935
18.6056
9.46342
1.0377
14.2317
0.468045
4.0638
5.1817
3.84049
2.33073
76.9215
1.03562
0.181497
0.223978
5.15958
3.29639
6.20207
2.66347
0.233136
1.35302
26.0142
0.0704498
0.245593
5.21193
1.4544
2.02918
3.43372
0.663696
1.51407
0.338919
10.3871
0.120078
0.529293
1.51095
1.16766
23.2377
16.7887
0.55935
0.0930632
0.199624
1.6335
2.06095
4.55748
0.258505
1.28431
3.41121
4.97503
5.20448
2.67862
1.23838
1.76982
0.307187
1.7991
2.7457
2.55058
0.840967
0.794533
6.65153
2.2451
13.3945
0.520483
2.63178
0.307314
6.07184
1.51093
0.139212
0.89319
0.398313
5.81499
18.7341
0.228258
2.80563
2.67208
10.1889
10.6886
2.67096
9.48045
13.6344
12.4524
0.661441
1.49249
6.75008
57.9947
8.46541
26.0649
0.269189
24.5193
7.94538
11.6662
0.435052
0.418926
2.48298
146.035
8.05791
99.4488
93.3394
0.737263
1.00712
0.633194
2.69644
0.118857
0.747517
36.1412
0.386624
0.238764
19.6987
1.06906
1.29811
4.39915
1.12629
1.47293
18.4378
0.521829
0.335783
0.276356
2.2212
0.99423
4.96508
0.0887059
2.21159
38.6526
0.268482
38.3435
0.126274
0.868096
58.764
0.225636
1.54577
155.044
84.4193
1.33235
1.27654
0.264067
0.720724
0.291861
23.2793
4.40467
1.41394
51.4937
88.4783
4.4573
7.65435
