3.993185424804687500e+01
4.065547180175781250e+01
4.257631683349609375e+01
4.067325210571289062e+01
4.981561660766601562e+01
3.739497375488281250e+01
3.937177658081054688e+01
4.969482040405273438e+01
4.403396224975585938e+01
3.915002441406250000e+01
3.821628189086914062e+01
4.643910598754882812e+01
4.109774780273437500e+01
4.129069137573242188e+01
4.000672531127929688e+01
3.762088775634765625e+01
3.961655807495117188e+01
5.164466857910156250e+01
4.149627304077148438e+01
3.854782867431640625e+01
4.070991516113281250e+01
4.025857543945312500e+01
3.886188507080078125e+01
4.179716110229492188e+01
4.926777267456054688e+01
3.877692031860351562e+01
4.616390228271484375e+01
3.772518539428710938e+01
4.069305801391601562e+01
4.068729782104492188e+01
4.487369918823242188e+01
3.636830139160156250e+01
3.922851181030273438e+01
3.886527633666992188e+01
4.060369491577148438e+01
4.031928253173828125e+01
3.639658737182617188e+01
4.018320083618164062e+01
6.156337356567382812e+01
4.020197296142578125e+01
5.222441864013671875e+01
3.627507781982421875e+01
3.632835769653320312e+01
3.857749938964843750e+01
3.997558593750000000e+01
3.854589843750000000e+01
4.060075378417968750e+01
5.078362274169921875e+01
4.539788055419921875e+01
3.629656982421875000e+01
3.979644393920898438e+01
4.071642684936523438e+01
4.036492919921875000e+01
3.968568038940429688e+01
3.648008346557617188e+01
4.110316848754882812e+01
4.705266952514648438e+01
3.909842300415039062e+01
3.926175689697265625e+01
5.473085403442382812e+01
3.964607620239257812e+01
3.746944808959960938e+01
4.020001983642578125e+01
3.941910552978515625e+01
4.078936004638671875e+01
3.634685516357421875e+01
3.636526489257812500e+01
3.778339767456054688e+01
4.029154968261718750e+01
4.371397018432617188e+01
3.927859878540039062e+01
3.906678771972656250e+01
5.927084732055664062e+01
3.893100738525390625e+01
4.042604827880859375e+01
4.017701339721679688e+01
3.883542251586914062e+01
5.609358215332031250e+01
4.027489471435546875e+01
3.642247390747070312e+01
5.107212066650390625e+01
4.176912689208984375e+01
3.933819580078125000e+01
5.804860687255859375e+01
5.500197219848632812e+01
4.130199432373046875e+01
3.630537796020507812e+01
4.272367095947265625e+01
4.073388671875000000e+01
3.696838378906250000e+01
4.117066574096679688e+01
3.640895462036132812e+01
7.035546875000000000e+01
3.640557861328125000e+01
4.110806655883789062e+01
3.944953155517578125e+01
4.089707946777343750e+01
3.900718688964843750e+01
5.190762710571289062e+01
3.983550643920898438e+01
4.328378677368164062e+01
4.610938644409179688e+01
3.636894989013671875e+01
3.977483749389648438e+01
3.633239364624023438e+01
4.652383804321289062e+01
3.905445861816406250e+01
4.035329437255859375e+01
4.398285293579101562e+01
3.635997772216796875e+01
5.009169769287109375e+01
4.197099304199218750e+01
4.027540206909179688e+01
3.905442047119140625e+01
3.638382720947265625e+01
3.635961532592773438e+01
4.095091629028320312e+01
4.087070083618164062e+01
3.734954833984375000e+01
3.830579757690429688e+01
3.930296325683593750e+01
3.698146820068359375e+01
4.228706741333007812e+01
3.640721893310546875e+01
4.613345718383789062e+01
4.153064727783203125e+01
4.054556655883789062e+01
4.007566070556640625e+01
4.135983657836914062e+01
3.639263916015625000e+01
3.931499862670898438e+01
3.973033905029296875e+01
3.630442810058593750e+01
4.066561126708984375e+01
3.635042572021484375e+01
4.023703002929687500e+01
4.050380706787109375e+01
4.220330047607421875e+01
3.636743545532226562e+01
4.166079711914062500e+01
4.161764526367187500e+01
3.845566940307617188e+01
3.641367721557617188e+01
3.906537246704101562e+01
4.146770858764648438e+01
4.319640731811523438e+01
3.642511367797851562e+01
4.852415466308593750e+01
3.760454940795898438e+01
4.190750885009765625e+01
5.112908935546875000e+01
4.464127349853515625e+01
3.914002990722656250e+01
3.755031204223632812e+01
3.912718200683593750e+01
3.940312957763671875e+01
5.053054809570312500e+01
3.922201156616210938e+01
3.682555770874023438e+01
5.335753631591796875e+01
3.875436782836914062e+01
3.978604507446289062e+01
4.666059494018554688e+01
4.027072525024414062e+01
4.145848464965820312e+01
3.641433715820312500e+01
4.302229690551757812e+01
3.631165695190429688e+01
3.956390762329101562e+01
3.763549423217773438e+01
4.071666336059570312e+01
3.791007614135742188e+01
3.637398147583007812e+01
3.819549560546875000e+01
6.697816467285156250e+01
5.354100418090820312e+01
3.665122604370117188e+01
4.101467514038085938e+01
3.876615905761718750e+01
4.140007019042968750e+01
4.064643859863281250e+01
4.380127334594726562e+01
4.171255111694335938e+01
8.359609222412109375e+01
4.124666213989257812e+01
3.861541366577148438e+01
7.462810516357421875e+01
3.652659225463867188e+01
4.027188873291015625e+01
3.639177322387695312e+01
4.133465194702148438e+01
3.972288513183593750e+01
3.645091629028320312e+01
3.977831649780273438e+01
5.102025985717773438e+01
4.034815979003906250e+01
3.918452835083007812e+01
3.909209442138671875e+01
3.947499847412109375e+01
4.484792327880859375e+01
5.169929122924804688e+01
4.009324645996093750e+01
4.112173461914062500e+01
3.913098907470703125e+01
3.631613159179687500e+01
3.993811798095703125e+01
4.201881408691406250e+01
5.006324768066406250e+01
3.836296463012695312e+01
4.119757843017578125e+01
4.087754058837890625e+01
4.018034744262695312e+01
4.027803421020507812e+01
3.825102233886718750e+01
4.411531829833984375e+01
4.051535797119140625e+01
4.206985473632812500e+01
3.958024597167968750e+01
3.691030120849609375e+01
3.858362579345703125e+01
3.969601440429687500e+01
5.484261322021484375e+01
4.142066574096679688e+01
4.000118255615234375e+01
3.999807357788085938e+01
4.025785446166992188e+01
4.528187179565429688e+01
4.064516067504882812e+01
4.031814575195312500e+01
4.040567016601562500e+01
4.096615982055664062e+01
4.144233703613281250e+01
3.916519546508789062e+01
4.025772857666015625e+01
4.625485992431640625e+01
3.851620101928710938e+01
3.949068069458007812e+01
3.991290283203125000e+01
4.097704315185546875e+01
4.293074417114257812e+01
4.317387771606445312e+01
4.161362457275390625e+01
5.106133270263671875e+01
4.646715927124023438e+01
3.971787261962890625e+01
4.184299468994140625e+01
3.846680068969726562e+01
4.189159774780273438e+01
3.928310394287109375e+01
3.868971633911132812e+01
4.442802429199218750e+01
3.640111923217773438e+01
4.974277114868164062e+01
4.230335235595703125e+01
5.146054840087890625e+01
4.758056640625000000e+01
