40.9838
39.3613
41.1341
46.4535
40.9537
40.2307
39.4911
40.0338
45.2945
36.3447
40.1028
40.121
40.5027
40.9498
52.8581
39.6197
36.3869
38.816
38.14
41.217
39.9371
39.7269
53.683
36.3274
43.1451
36.6192
39.2193
42.5882
40.3573
36.3693
40.0504
40.0809
36.5775
36.336
39.5702
36.306
39.5128
43.8672
36.4087
39.7586
40.2058
41.2097
40.4918
46.0304
46.153
40.9633
39.5105
36.3143
39.3154
39.5691
54.0312
40.1416
40.4825
37.6138
48.0328
41.1875
41.0323
38.8029
40.6788
39.1055
39.0337
52.8677
41.3885
41.018
39.607
39.791
40.2388
39.9737
50.0984
38.6994
36.4588
40.3908
40.3745
39.2035
63.4494
42.107
40.2142
40.0007
39.5633
39.4071
36.3116
92.5487
36.3547
41.5784
36.3833
43.5021
39.4041
41.5386
39.8754
39.6584
40.3662
47.5901
36.4144
39.2304
40.5055
37.6187
40.0229
49.9726
41.7231
40.0194
40.7739
54.211
39.3559
43.6477
36.4537
41.1067
45.3525
36.6139
40.1207
39.7943
42.3282
40.1652
40.9306
36.5286
40.1045
39.2769
39.2021
42.093
42.6087
44.682
36.332
38.5378
39.7452
37.405
42.3363
38.5579
36.3723
40.9945
40.0003
41.0024
41.3714
39.9106
39.1908
38.8466
36.3166
41.1015
37.8155
42.2537
40.1051
40.4906
38.9229
47.0539
40.6161
48.9645
40.2167
41.9927
37.1792
49.9276
41.0068
44.869
42.9216
48.1046
38.5029
37.0424
36.3278
36.3634
37.5962
41.3439
39.9772
39.2368
79.4179
39.9544
38.3133
100.39
40.4799
42.8042
36.3658
40.8023
40.2501
38.4344
46.2215
40.8041
44.3063
91.4667
40.346
40.1135
41.8472
40.152
40.8326
37.4625
39.466
40.1031
40.6203
46.2083
58.0837
75.2834
40.613
39.6143
39.711
40.5269
41.3451
38.1831
39.6577
37.4334
40.1062
40.7974
40.0881
51.1922
48.6404
41.358
43.4444
39.9083
37.9318
45.8062
39.4997
46.5264
36.3949
44.7654
40.0599
87.4786
39.6101
42.1213
40.2619
42.5072
39.5835
43.1085
39.4095
39.9791
39.0886
39.5844
40.7461
38.3911
66.5864
42.7043
40.7413
36.3063
39.1114
38.8368
58.2149
39.5662
39.836
40.5657
36.3383
36.3215
41.0574
36.3493
39.7398
93.1342
46.1671
36.3804
40.2977
39.6471
49.3138
55.8279
38.744
37.1913
39.6932
41.0474
40.7393
38.3273
40.132
40.1667
40.168
39.3618
53.187
36.3455
39.7559
39.7919
39.1308
47.1439
36.4915
36.3472
43.0035
42.2648
39.8471
38.8359
37.1585
39.2444
54.9404
36.3122
39.1564
39.3064
40.3571
36.3262
48.4338
39.2583
40.3165
39.1959
54.5772
56.9397
36.452
40.3142
39.5635
46.6093
39.1645
43.094
39.7573
36.3545
47.6817
42.0237
40.146
47.9559
39.8022
40.6361
39.8531
49.5856
39.1697
57.2892
39.9999
39.2542
37.2738
87.86
41.1086
36.4374
47.992
40.0569
38.706
43.0714
42.7192
38.803
37.4296
40.3657
36.388
38.748
40.851
39.693
38.5994
40.1987
36.4306
52.2364
41.2806
40.1869
39.6023
39.5099
40.4443
48.5382
39.0174
36.3594
40.7098
40.2553
39.8512
43.2457
40.4407
46.9303
39.9847
37.2489
72.0162
41.1474
46.4721
39.4398
38.2938
40.5625
40.1341
41.5351
40.3506
39.7493
36.3795
40.8091
61.1457
39.4973
40.4341
36.4268
61.9896
41.1816
38.9547
39.0512
39.6476
39.3408
40.1104
42.2843
54.6655
36.3513
45.6159
40.0739
36.3773
50.7361
48.3308
48.6975
54.8375
39.5469
36.4873
45.6415
59.037
40.6573
36.3753
40.2898
39.1437
38.8064
43.2576
38.5707
39.2509
40.9815
39.7844
45.3917
40.5112
39.5673
41.1539
36.4352
37.7633
36.3754
38.0424
83.6097
45.3644
39.4547
41.2183
38.4645
40.9237
44.059
41.2233
44.7537
41.0755
39.2325
51.6348
40.1608
53.5284
43.706
39.5957
39.2119
39.625
36.3647
39.8735
40.6156
48.2048
50.5288
39.4013
40.3779
39.156
39.0818
41.2616
39.6429
40.1792
39.8742
39.2525
36.3548
39.5717
53.4266
48.7518
36.3689
36.3463
44.9684
48.726
40.027
56.7062
41.2678
87.4062
36.5788
42.8638
40.3843
49.8659
36.4568
36.3124
40.4653
41.3361
40.0403
56.2329
38.7325
38.5516
75.6996
40.7666
40.9
39.8411
40.6659
42.286
64.607
51.2306
53.4148
40.2041
39.6862
40.2574
39.4503
36.4842
38.5955
39.8639
39.0465
38.4136
39.728
39.5727
40.9638
40.7484
39.7274
52.221
41.6524
40.006
43.1666
40.8202
85.931
58.8774
43.2977
41.0908
40.4962
40.5634
39.8952
39.3091
54.9055
40.417
39.5258
40.9292
41.0505
39.5082
40.7871
39.8302
36.3837
38.947
69.9943
39.4535
39.2028
55.4158
73.8794
40.2628
52.838
40.4215
67.5371
40.7849
52.7141
54.6754
39.4509
39.6101
40.16
39.7781
39.5628
45.015
36.6542
39.8238
36.3388
46.5918
38.4362
40.4513
39.4898
37.935
39.5344
39.5277
43.5414
40.2347
36.3512
41.1514
42.0624
36.3295
36.35
36.7254
38.8072
40.1846
44.5508
36.4018
44.8389
39.8448
36.6112
36.4156
51.6597
40.2033
40.3788
41.4143
40.6019
44.8237
38.442
44.3057
49.6145
41.1199
39.3382
38.9121
36.4185
40.6364
42.7805
45.4237
39.2241
36.3627
41.0775
39.5952
58.3578
36.3304
36.3805
39.9939
39.51
36.3681
40.4277
42.9512
51.6997
39.0393
40.1634
39.5491
36.3983
40.2937
39.7541
43.3012
40.0155
45.0645
39.147
36.4153
37.8783
39.9467
50.1398
47.8205
41.0675
45.185
37.5294
44.5211
38.6415
42.9028
36.8851
41.6857
39.7753
36.48
40.1963
36.3336
47.676
39.9982
36.3299
53.1599
49.1965
40.3018
40.4656
53.3225
51.8874
40.6947
39.8189
39.8246
39.6374
40.4134
36.4544
40.1062
41.5153
43.275
39.896
40.9776
40.2379
38.4732
39.9559
40.5803
39.5957
45.5792
39.8231
36.3534
48.2447
36.4066
38.8599
41.568
41.0443
36.5409
41.1253
39.8815
38.4766
47.6341
52.7807
37.3287
59.1499
41.2716
40.1879
39.1611
55.4742
40.1831
39.8563
40.1371
39.9636
49.9459
40.2783
40.2059
73.7837
37.9504
40.0848
40.9179
40.0645
39.8488
49.684
39.5007
39.108
36.366
39.044
36.3405
46.1449
41.2911
39.7221
39.7574
48.5334
40.6596
39.3224
45.0884
46.4035
47.3447
39.2161
39.1915
37.5802
42.0896
40.3781
40.2301
40.4225
40.2211
45.1869
85.5284
39.3095
40.6787
40.1962
41.599
51.327
39.8649
43.3301
40.4216
39.637
39.6168
39.5703
44.6689
41.6855
36.3307
40.6244
39.0168
39.8767
37.7097
40.6194
40.8338
38.4319
39.253
39.6283
49.7444
44.9382
39.2603
39.2638
48.921
42.1188
40.6742
36.3825
43.8977
36.3561
98.6194
48.1599
39.7718
40.8186
49.2543
36.3475
40.8918
39.8038
39.5223
46.6844
57.5098
53.5334
40.014
60.7638
53.2844
39.5603
38.2232
40.8542
44.0311
40.3066
40.7822
36.3678
42.3532
49.4506
37.4911
40.5634
40.2919
59.5613
42.51
36.5142
40.0512
36.4001
42.5946
40.3596
40.482
41.9385
36.3423
40.1284
51.5411
40.0195
36.3358
40.0065
36.3478
39.7452
41.6443
36.3569
40.037
40.69
46.5566
40.4698
39.3891
39.0526
56.332
41.1355
39.2808
39.871
47.2643
39.481
38.4933
47.1294
36.4501
39.5204
43.6488
40.7694
66.7902
46.1101
36.3035
40.3026
45.4475
40.8545
36.4418
41.0537
43.3975
39.4197
36.9126
39.5353
49.8842
38.8992
39.9044
39.9838
41.3637
42.491
40.5022
41.1027
40.1453
40.1627
39.8215
37.4886
40.5152
36.4398
40.485
39.135
36.3628
60.1642
47.8381
41.9967
42.5102
39.8834
40.7075
38.9118
39.2497
40.6322
40.0737
68.7707
36.3787
46.7347
40.3541
36.5664
39.8816
38.8362
45.9096
39.6334
40.0886
39.5452
39.93
49.2073
40.6214
39.1182
41.9494
48.3361
41.0201
40.1824
44.2056
41.6669
39.4813
45.6595
40.1864
40.2033
40.158
42.1923
46.3289
49.9616
39.6724
39.8729
40.5324
46.3678
39.5659
44.4024
38.9166
36.3477
40.1635
36.397
39.3819
47.0491
39.9942
39.3639
44.1259
39.7362
44.4542
39.5096
41.2823
70.4452
39.2438
38.6634
40.9614
40.0559
41.3751
40.5435
36.9576
52.229
36.4434
39.6317
40.5932
39.264
42.408
39.7963
46.7585
37.8261
36.3422
39.4791
39.1275
42.7911
39.7891
39.0297
40.6058
41.2021
40.6037
36.3573
39.4548
40.5294
36.3466
39.1044
43.2674
40.1867
37.545
36.343
36.3912
39.9137
36.3573
40.1636
36.4802
52.7691
40.0793
47.7382
38.8825
43.0075
40.5591
39.9002
38.9589
36.3899
39.4892
36.4471
38.5965
38.023
38.4095
46.4714
42.376
36.3609
40.0875
40.4981
44.3817
47.9803
39.1722
56.3998
43.3341
50.6835
39.6391
36.394
37.6431
40.8849
39.7861
36.3541
38.1484
40.0249
54.5574
45.2701
36.3466
41.0231
38.9544
37.2421
39.4864
39.9472
36.3195
40.3578
46.6337
42.3936
40.0693
52.8322
38.3478
44.5457
37.7456
41.1889
40.6995
39.2454
38.8962
39.4466
36.3481
40.3937
86.4116
39.6489
36.3493
36.5924
43.5236
36.333
36.6862
39.924
39.1887
47.7846
40.3735
40.2388
36.3852
39.6407
43.6223
42.3294
40.6229
36.3531
40.5187
44.7802
37.1762
41.4703
39.1291
41.5257
39.9655
39.4788
37.1867
40.0837
47.7329
40.3651
40.6056
40.0161
47.6386
36.3738
40.383
42.8092
36.3661
39.2137
39.608
54.2572
45.5186
40.6797
40.1435
39.1804
36.8961
40.2171
36.4879
40.6886
41.0067
40.991
40.0637
40.6829
39.1917
55.3969
39.464
38.8561
39.4318
41.1733
50.0056
42.4123
41.042
41.4377
36.399
39.6018
39.6479
39.7636
43.6108
44.3009
36.4178
39.9144
48.3642
57.2025
39.7652
42.12
36.4226
39.4066
40.1672
41.4648
40.0046
38.5977
40.5081
40.0415
39.9365
48.2395
36.3494
49.3508
39.7957
36.3982
39.0861
40.7444
42.7105
39.6706
39.9508
39.6283
36.354
41.2218
40.3812
53.5382
40.6793
45.1307
40.0612
39.5888
36.3366
45.8164
39.7216
40.3691
47.8555
40.212
40.0251
41.3875
43.7163
40.0195
38.6633
39.5115
36.4149
54.6812
41.8851
40.8341
63.3939
40.4383
41.2291
50.8275
45.8399
40.6467
37.4519
45.9939
39.3406
36.4688
45.1961
37.4473
40.6229
39.8055
39.583
39.9024
48.5548
39.8115
41.9492
38.6555
46.3091
39.7717
37.8594
39.7684
36.9156
36.3788
40.1096
42.8605
39.6025
40.8601
46.0123
39.7071
40.9004
41.0305
48.9574
82.0008
54.5204
39.3968
36.3706
42.4763
36.6152
40.954
38.6367
40.2726
37.2319
36.3887
36.4585
48.4799
36.3923
39.7786
39.6645
49.8973
43.4694
39.2983
39.2894
42.143
57.6292
39.2875
40.4108
38.811
36.3827
36.3422
39.2339
40.193
36.3643
39.8219
40.0461
39.8111
47.9074
39.8829
45.9032
36.4123
41.7121
45.189
47.4583
36.3328
41.1463
39.9029
39.4864
53.4253
40.0318
40.0108
41.1459
67.8986
57.4848
39.8783
36.3293
39.0097
39.7263
36.3444
38.4814
40.3841
36.4174
40.9375
36.3485
40.4952
40.5102
36.3319
56.6263
44.9893
40.2512
40.0633
36.358
39.5937
41.47
40.5489
51.1122
39.3197
40.2892
78.6544
39.8025
51.6957
39.9225
46.5138
36.4014
42.7979
39.7712
39.2317
39.7755
48.562
41.1801
41.5669
40.001
44.5199
46.7481
46.5124
39.4998
40.385
39.0485
47.5237
38.7073
39.5611
48.3089
46.3529
39.3364
36.3446
39.3758
51.6143
41.1983
55.1445
41.1496
44.2672
39.5487
41.1664
43.4686
39.4183
39.7514
38.9575
38.1786
75.2635
39.6918
39.6425
40.1414
40.8786
39.7004
36.3085
41.9298
40.9297
39.7881
40.2609
39.6784
42.2691
39.0599
38.981
41.6903
40.6971
40.2771
38.9743
40.3437
41.1319
57.743
36.4339
40.4743
36.4322
45.5716
39.0665
54.3512
79.7107
44.0396
40.0056
38.5751
36.3816
45.952
39.9326
41.3814
52.285
40.6582
39.6587
39.0908
39.2
46.6599
36.351
38.0903
39.4901
37.4719
37.8797
45.02
39.6798
45.2279
45.6766
39.4165
41.2489
40.2869
36.3856
39.3124
39.4913
46.9549
36.3638
39.663
40.9604
40.119
41.0186
36.3668
38.616
40.1941
50.0694
39.3213
44.0372
36.3185
39.4304
39.3009
40.6801
40.9767
41.2285
51.2174
37.8161
36.3726
38.8518
36.3638
40.151
40.6595
88.308
36.4037
38.0159
36.3634
39.1547
41.3504
40.5947
41.1058
39.3054
39.6639
39.1309
36.9763
39.7092
39.3609
36.3651
40.2555
45.1467
47.3002
36.308
99.5145
39.8645
41.9358
48.8194
39.1302
39.8398
49.1417
39.5756
53.2583
39.615
39.9172
39.6234
38.579
43.4733
39.8895
40.0735
39.3975
37.5861
37.8071
39.3245
40.2135
41.3229
39.8512
51.7042
39.0087
41.3875
41.4695
40.4964
39.3318
40.8368
39.9242
41.0736
37.3477
46.8267
37.8948
50.3749
40.5481
36.3943
39.7798
41.4361
39.9921
46.6307
36.5445
41.3231
41.607
39.9732
40.5509
40.9245
51.2153
38.7069
40.0158
48.4343
40.3176
36.3715
40.6368
48.2834
36.4071
41.7677
36.5068
40.5997
57.6568
39.104
40.2371
39.7036
75.3139
38.6063
73.0857
36.4248
43.0856
40.1151
40.3667
39.956
46.401
40.5426
40.4008
42.4397
38.8942
40.372
39.4152
41.0505
49.1811
41.1528
40.0595
36.314
40.5708
43.8007
40.0238
36.6355
36.3431
39.8591
42.3858
40.9751
40.1936
45.3554
40.2729
39.6403
36.3945
36.388
41.0031
49.0391
79.0561
36.3635
39.3573
46.5613
38.8572
50.7275
44.2426
40.0028
40.8247
77.6038
46.2195
39.3347
47.3605
40.0501
46.0765
41.5685
36.3456
40.8525
41.6754
39.5162
39.9028
39.9968
39.5721
40.5739
39.9869
48.7813
36.3782
52.034
45.6707
38.9471
40.1972
36.3271
40.7887
38.5573
40.5643
36.3831
40.3483
39.6749
58.8856
38.4353
40.6389
36.3119
51.0798
39.0767
44.4923
36.6619
40.2301
39.2897
41.1653
41.0801
40.1015
85.5458
40.5784
39.1649
45.9384
40.1407
44.3111
39.9272
39.9674
50.5272
43.4546
38.5002
44.1573
40.553
43.5733
46.6265
48.8307
38.8664
45.8035
40.0315
38.4882
67.1915
36.3413
49.4444
40.845
74.3475
67.1954
38.3865
39.8795
40.1508
77.6531
39.866
42.2176
40.2848
41.2577
40.0531
50.5631
39.2429
57.1305
38.7066
39.3923
39.6513
39.6353
39.757
38.7269
39.1225
39.7479
36.3535
41.4343
43.0621
41.7956
39.6058
44.6682
55.2614
41.5346
41.1738
39.5299
43.722
39.2596
44.7413
41.4654
38.6336
41.9275
39.9122
39.3101
39.1677
40.2865
37.54
40.3997
40.7275
69.5861
36.3467
36.2979
41.0618
46.2969
39.0017
41.3683
40.7134
36.8803
54.2967
40.4047
41.6549
38.8269
49.3417
40.2169
36.3337
41.9099
45.6764
45.0459
40.4765
39.5829
36.3817
39.7523
39.6019
36.3516
40.5363
40.6608
39.4835
42.575
39.7217
39.3011
49.1256
40.3491
40.8837
39.2268
40.4399
40.5474
39.2694
39.2085
44.4808
54.4965
41.661
40.4895
41.2728
40.4111
39.703
41.7973
40.8232
43.7362
39.8781
42.8315
49.9285
53.6244
40.477
39.5924
36.3538
40.6918
46.7987
39.6366
37.2622
39.2988
36.3892
39.8678
45.206
40.912
44.9126
40.5322
38.4694
59.2631
41.6122
47.857
38.6239
48.0809
45.397
38.4551
40.5694
37.3859
44.1641
39.0246
36.3841
40.4204
37.3687
39.963
40.4168
43.434
36.3629
41.3355
39.3187
41.2645
39.7203
50.3344
40.0811
41.1262
40.6367
39.3284
36.349
50.0673
41.1637
39.8248
40.5184
38.0259
39.6037
42.7191
41.886
36.3322
36.3433
42.2622
39.0853
41.9977
39.8678
39.838
39.138
37.1237
82.2838
41.9211
36.3549
36.3808
40.5484
36.3501
59.5699
40.5428
40.7131
50.3091
37.1754
41.1818
46.9342
38.5199
41.4514
40.2755
39.5491
37.7148
70.9078
38.2
36.4166
39.8262
39.6059
39.6911
36.2774
81.7713
40.9696
40.3671
37.9486
37.1317
40.916
43.9006
39.6167
39.508
40.5346
38.8824
40.0887
38.2505
50.7288
37.4735
36.3335
40.1181
41.915
40.5587
39.7754
39.7368
40.3278
39.4448
36.4066
40.7553
41.726
39.1982
45.254
47.5366
36.8032
38.3345
39.8344
42.2499
39.8613
42.2623
39.6033
39.01
49.8627
44.8645
55.9223
41.2513
40.4092
40.135
39.861
38.2206
39.4402
40.3261
45.4633
39.1022
39.5423
39.4465
40.1875
41.5973
39.3454
40.7233
39.9499
43.8752
39.2688
39.6039
38.8686
39.5373
41.2395
43.0106
41.5179
40.3203
36.4089
46.376
41.2477
39.2173
39.0026
39.5558
49.1243
36.3509
39.453
42.002
40.1195
47.482
36.323
40.7905
42.3644
39.0151
40.4227
36.4043
39.5598
47.4716
39.362
40.4737
84.6272
42.9015
36.3729
40.0873
38.9328
45.8546
59.8827
44.3511
42.5135
45.7733
42.0031
68.9725
39.1992
36.3649
39.1797
46.6183
47.2586
39.1908
40.166
38.0682
38.1378
36.3771
36.4682
39.1808
37.8285
36.3989
40.7194
43.6942
41.1569
41.531
45.1579
42.3302
41.9128
37.2414
40.0822
40.3508
47.227
38.6555
39.6697
48.6195
38.5964
44.763
40.6281
40.6736
43.7498
39.2391
39.63
39.62
39.1971
39.4588
36.3424
37.7852
38.9935
38.9798
38.4979
40.565
40.7509
40.2088
52.4199
39.4458
41.5225
41.6073
55.0247
42.4889
99.3442
40.2756
36.3492
60.3452
40.9849
38.8565
46.6317
50.9193
38.8406
40.059
36.4455
43.3278
51.8634
40.4532
43.6397
40.1145
43.9292
37.2369
39.4156
40.3547
87.6173
45.0519
39.5516
40.6477
53.8239
39.6834
46.4974
41.5349
72.6354
40.0638
39.1496
39.4277
39.9321
36.4775
40.605
39.5626
39.6012
40.4731
42.9501
40.0244
39.4357
64.8393
43.4974
36.3894
38.9431
39.1146
40.0073
46.9026
37.6958
40.5688
38.6977
39.6632
48.0795
44.6279
37.7052
41.7433
40.0254
36.3235
79.9362
42.8873
40.3063
39.795
39.1549
39.115
40.1145
39.3207
44.1892
49.5276
36.3774
39.3757
39.9619
39.3354
36.3663
38.4685
36.3919
43.662
40.4936
40.0329
39.7941
42.3675
39.6702
39.7106
51.4267
36.299
36.3848
39.2731
39.466
45.1718
37.5335
41.6674
39.7244
39.5256
40.1137
44.5679
40.4277
46.9595
52.4527
39.9873
38.286
47.5311
40.4513
37.4229
39.3894
38.2207
39.6434
60.6649
36.4875
36.5562
44.742
48.2654
41.4124
40.9055
37.4015
40.6969
39.2094
40.1141
38.0903
47.8941
55.4289
44.613
40.372
39.804
38.3207
40.4499
40.0184
40.2031
40.8626
39.5215
40.4528
40.563
40.5226
76.2971
40.8919
40.4336
40.7797
39.7409
40.0451
38.3264
40.1483
40.9404
37.4627
38.7645
40.2007
40.614
38.8451
40.1456
40.5364
52.4069
62.2326
40.0101
45.6337
40.0662
41.8352
40.842
37.8365
47.0756
39.8885
39.3478
39.6898
36.3713
42.0003
41.072
86.8564
40.5855
46.7056
55.8214
41.4648
36.3858
36.3608
40.4666
46.5185
39.9893
41.0047
36.3294
39.2008
39.1161
40.033
56.8497
46.693
49.7944
37.8075
36.377
46.8259
42.0476
40.8045
45.7809
50.5953
41.2969
39.9515
39.7953
39.8906
40.673
41.1629
40.627
39.0419
48.4248
41.0342
41.0553
39.2758
39.0671
38.5494
39.0528
36.4008
39.605
38.5346
37.6023
39.7758
78.1077
40.3115
39.0815
40.4645
41.1085
36.3865
39.1616
39.2851
43.8475
40.0323
40.5853
44.9689
39.6763
44.1726
36.3716
40.9845
40.0352
45.4044
39.741
39.9297
39.3072
52.226
40.3012
40.0954
40.4236
40.0123
47.271
38.9399
63.6727
41.4863
39.4545
39.6939
36.3404
42.0866
39.8398
36.3448
40.5156
36.3328
38.6978
41.1157
40.3255
43.9345
39.5309
39.7727
43.5574
41.1076
40.334
40.4259
45.1387
40.3755
39.7335
37.4815
46.0854
40.6822
36.422
39.0356
40.0415
39.7584
43.2851
40.8749
44.1853
38.2197
40.3597
38.7941
69.4603
38.9532
39.6319
40.0481
67.8559
40.1064
39.0686
39.3364
39.6993
40.1123
40.5857
39.5072
36.3849
36.5301
41.6252
42.3129
57.3709
41.9454
36.3509
40.2048
39.6443
43.4812
40.9185
37.6861
39.2752
37.1923
36.364
39.7958
60.7146
36.3995
41.0309
40.7316
39.7097
39.1743
49.0565
41.2495
41.375
38.9297
39.1064
37.7044
36.8866
42.1756
39.0387
50.716
37.3751
40.4668
41.1544
44.4858
39.3745
40.6641
39.7158
38.8629
40.385
43.3743
47.6066
40.4029
53.4899
39.5365
38.6616
40.2659
40.704
41.6192
39.6208
39.6243
47.0965
37.7006
75.1153
40.7922
36.3647
39.0441
41.1275
36.3879
40.1463
40.3648
40.5579
40.4522
40.8198
40.0151
46.556
91.6174
40.0229
41.0121
46.7011
38.821
39.445
65.7324
41.1274
44.5251
47.7881
40.5156
41.5561
40.5321
39.5411
36.4341
40.0373
39.7076
48.8033
36.5155
44.1274
38.8989
40.6957
36.3398
39.6901
39.1744
44.092
36.3559
42.1394
38.0728
88.4376
41.1843
40.2088
41.4725
38.2561
36.3644
38.1998
39.9585
42.3847
54.7708
36.341
38.9993
40.2281
39.498
36.3676
45.4877
38.7372
37.7336
40.6362
41.3365
53.7545
36.3323
40.2779
40.2248
39.7841
40.6308
36.3264
36.3595
39.5968
39.785
39.6745
38.183
36.4949
42.4478
41.7063
36.4523
51.4445
36.3667
38.7405
39.5427
40.5666
39.2632
41.7209
40.0802
41.1785
39.3961
36.3262
38.4281
40.8919
38.9921
39.1334
40.6696
39.4528
36.9928
41.6663
39.4957
44.5356
42.2266
37.2223
41.4121
41.7216
40.0818
40.3018
39.8128
39.5126
44.6702
40.3108
49.9162
36.3835
36.3287
39.915
49.7877
40.045
47.3736
41.0116
41.4843
39.6792
43.1594
51.6341
42.3132
63.1309
36.3736
39.9204
39.0647
40.1951
41.035
40.5277
40.48
39.8715
36.424
49.9674
39.7974
37.8874
39.6076
39.5906
41.1653
39.2547
36.3594
36.5382
40.0875
36.3687
37.8214
39.68
40.7254
40.025
41.2176
39.2744
44.5004
39.4166
39.025
51.2522
37.1368
36.3424
39.7999
40.6124
57.3927
39.9438
39.7036
40.3278
36.3943
40.1614
40.5405
40.572
51.5773
41.6298
43.4883
77.7811
38.4706
37.6316
40.6391
40.2092
39.6324
53.3384
39.8798
36.6982
40.6531
51.0654
39.4918
40.8261
44.3367
39.0021
39.4036
40.1522
39.0427
40.1907
39.7055
39.1958
40.1823
41.0136
55.1372
40.5568
40.2879
39.0558
40.6848
44.6669
39.1373
41.3048
39.393
45.7878
47.2635
46.2096
58.0463
40.5277
43.8033
41.0414
38.6352
36.3471
48.7424
39.5841
43.9941
39.4039
40.8759
42.3993
39.4596
36.3669
40.3879
38.5224
40.4767
36.335
36.3537
38.9835
36.3605
37.4111
46.5946
41.0462
43.509
40.5239
37.377
39.5197
39.7442
39.9579
41.3179
41.0289
52.796
65.5774
40.3559
40.0875
37.7849
49.7245
39.6488
40.8975
40.1263
41.1288
36.3871
39.6551
36.3758
39.2557
38.2678
41.9605
42.3138
59.7498
40.2856
59.6564
53.7091
39.1874
39.6825
39.1422
36.3671
39.548
40.0795
37.6579
40.8979
38.9357
39.5477
39.8865
36.6493
37.844
44.7778
40.4883
40.9305
39.13
40.6377
39.6336
51.9728
40.5426
36.571
37.6764
39.9092
39.3655
39.2836
36.9369
41.1509
39.4824
49.764
39.4074
39.5589
39.306
36.3716
40.4392
40.2258
40.9207
36.3584
59.7845
42.0461
39.383
53.1637
39.5827
37.8373
39.342
53.713
40.1287
52.7725
40.3373
41.28
39.8279
44.4607
41.1857
39.8782
40.1136
38.7677
41.4658
46.1709
50.973
40.1874
39.8596
39.9895
49.2111
45.7013
39.8124
40.9837
40.0473
39.3673
41.0863
39.4585
37.1017
88.1184
40.9378
36.8674
51.0539
45.8169
41.9637
40.8497
51.1619
49.3165
40.1139
39.2599
38.7593
37.56
44.7641
41.0281
36.3635
42.3108
39.4183
39.0793
40.2223
40.7693
39.8788
60.2026
36.3379
38.8094
49.2048
39.7536
38.456
40.7327
46.8225
68.7461
39.67
50.0114
38.7344
67.5264
50.4475
40.4405
39.3535
40.2207
46.7064
48.7979
39.0111
38.9098
39.5107
41.2533
38.7016
42.1606
41.1884
40.8416
38.6492
41.324
40.6123
40.5388
36.3251
41.1664
40.9476
49.5765
41.2184
50.5305
37.6676
42.4864
36.3551
52.0261
40.439
40.5677
41.6562
37.8445
41.2851
39.5598
38.5199
41.7542
39.6131
40.8665
40.3934
40.0908
39.8978
40.3936
40.4825
39.8604
37.5204
43.1572
39.8947
40.6251
40.1808
39.5739
36.3961
40.2369
36.2876
37.6382
52.6799
39.8728
39.5929
39.324
38.7667
48.8174
40.5352
38.7691
45.8964
41.2032
40.3248
36.3988
40.4559
40.0733
41.7199
40.5356
42.0248
38.6659
40.1095
38.8157
36.4068
40.5658
39.3087
41.7612
48.3177
36.3535
41.9116
40.5973
38.7853
36.4465
37.6661
40.0156
38.0325
50.9254
39.6635
51.1104
46.5027
40.6427
43.0522
40.8061
41.2648
41.1987
40.356
40.9259
42.0302
46.7243
39.7738
39.399
81.3502
36.4099
42.3808
45.8007
41.0528
44.9889
51.5344
39.5391
40.8047
42.1742
39.3232
39.5767
40.8376
36.9536
40.4139
40.0474
36.3283
39.0157
39.2112
46.6614
40.4037
40.5868
39.7859
39.0129
36.3911
43.5857
41.9417
40.5979
36.2884
39.8003
43.3289
40.4803
52.357
39.6749
41.1686
36.349
36.3447
37.6096
50.499
42.8081
36.7287
48.0174
39.7245
40.6287
39.3868
48.3788
36.3634
38.5698
41.0702
40.5195
41.0104
40.8077
41.0192
40.4342
39.8276
38.2646
40.2061
39.7241
39.8442
37.5407
56.074
78.1684
39.7038
43.247
57.9382
39.5923
40.2697
38.8655
39.7774
42.6126
40.3191
39.7385
51.6252
39.8232
36.3142
80.7388
56.5167
36.3925
39.6752
48.0814
36.298
39.6823
39.8822
39.8242
41.3942
54.8796
41.0534
42.3208
53.1679
58.4643
48.1976
36.3978
38.8891
39.8424
39.4872
36.3665
41.9292
41.2087
49.8067
38.8235
41.0785
39.7276
39.1843
39.6283
46.8329
40.2032
40.5212
40.1179
52.5293
40.2833
54.5631
40.2214
39.5313
40.17
54.109
36.3797
39.6387
39.9146
40.9198
37.3414
47.1317
41.633
46.842
40.1902
39.2875
40.4156
55.4839
41.7733
45.684
82.2277
40.4232
47.0041
36.3808
36.3434
36.3408
41.0983
41.2653
39.2508
42.702
69.4584
39.2502
40.6508
39.401
38.8273
39.561
40.0175
38.8078
40.5004
37.1299
40.5905
40.0893
40.74
40.2525
39.0578
44.8046
40.4855
36.3115
39.8566
36.3785
39.7532
40.9454
46.7851
39.2496
36.562
39.4411
38.661
39.6515
40.957
40.5895
48.5641
40.6723
45.0161
42.054
39.5602
36.5151
46.8054
45.6212
39.8873
40.499
38.1136
49.5796
51.0311
37.8085
42.3276
39.8204
49.4231
39.6343
42.9812
39.6131
46.0785
46.8447
41.0145
36.589
40.3045
38.7806
43.5657
39.0977
40.0458
41.4261
42.0671
39.0928
41.3042
37.14
36.3384
58.8694
37.8383
40.6849
40.937
46.0454
39.2907
39.4887
40.4621
39.0861
44.9475
38.9548
44.2692
39.1666
38.2095
39.9128
40.0178
39.5358
42.0423
41.3791
39.0786
44.6786
39.3865
36.3295
40.0282
38.7201
39.33
59.0602
40.0014
47.2792
41.4714
70.8465
40.7301
40.3716
40.2879
38.1401
36.445
50.8646
47.03
39.1327
49.0684
39.0395
39.9691
70.3941
36.3724
38.3207
39.2205
39.9984
39.6964
39.8779
39.6108
41.2968
39.8941
39.5035
39.2537
36.3885
39.5051
40.1324
40.2191
39.5876
57.9206
41.6261
39.7891
43.3851
42.6919
36.349
39.7469
40.7111
38.1199
39.4185
38.0392
49.8754
40.8597
43.4323
40.5994
52.0578
40.8891
40.4154
67.2059
40.9872
44.2948
36.3579
43.2572
39.4925
46.7588
40.7444
39.3736
36.3576
40.0752
44.1229
40.5073
39.4185
40.1428
52.8498
37.8464
39.4495
37.9207
39.4326
36.3668
36.3778
39.0359
48.0004
42.3228
36.3959
41.217
39.4117
36.3008
45.9845
38.783
39.7657
47.1941
40.0619
40.7307
44.8457
39.6715
36.3629
39.5038
36.3954
40.2701
40.8865
43.7527
39.4017
40.7946
45.2531
46.7931
41.0507
39.2282
56.6301
37.0005
40.3648
40.6207
36.3615
39.096
39.2707
36.311
47.7181
39.4819
44.2759
39.4781
38.9538
39.2857
36.3349
45.0726
45.812
47.7212
39.9313
40.5261
40.6055
40.2073
38.5388
39.9401
39.9477
48.8124
39.5819
42.1399
38.1228
38.9618
39.8141
40.61
39.4509
40.5199
39.2172
40.021
40.1991
40.2066
36.3616
40.1029
54.3692
38.9214
41.1552
40.358
38.3576
39.167
40.8363
40.79
43.39
36.32
40.1315
47.2203
50.3783
39.6084
36.4
41.8252
48.1875
38.3036
39.9293
51.0312
54.2184
36.3431
36.3419
39.7193
40.3617
42.5206
39.196
38.3415
40.2773
40.0982
36.332
46.601
43.3538
37.7843
38.7913
38.2754
42.2884
42.4471
36.3764
82.2066
39.2692
39.9743
70.4592
40.3423
47.0143
39.803
40.603
40.3268
36.3144
40.2647
41.1827
36.3448
56.3976
40.2125
36.3711
73.4711
39.8298
38.9705
53.2711
39.8683
40.0996
69.7007
40.661
40.0705
71.6628
40.8151
39.9677
50.5964
39.5292
40.2566
41.7145
38.2539
66.2567
38.1497
40.5993
39.9797
47.2526
76.4284
38.4918
45.8138
41.1747
39.7074
40.124
39.4585
40.7907
39.5242
39.2962
41.8033
41.6498
36.9236
38.6688
44.6769
36.323
36.6237
38.3954
42.2157
39.7305
39.5029
39.1136
36.3835
40.3758
44.8819
40.9418
40.0572
38.3801
38.9767
38.459
41.3848
39.9582
36.3713
41.0028
45.8951
36.369
36.4006
36.3691
39.4261
57.5519
44.7442
42.3925
39.458
41.0372
39.5263
39.8402
40.2388
40.3041
39.2539
36.4933
42.7437
39.8277
36.3347
39.4824
40.1135
40.0949
47.8261
51.5404
39.4213
45.299
41.6046
43.4763
45.8211
36.365
39.9465
39.7727
36.3884
36.3817
40.6414
48.1023
59.9499
36.3907
39.7015
37.7296
42.3531
36.3651
36.3924
49.132
36.395
39.1762
40.0468
38.4813
38.7645
42.1293
40.2475
65.5428
36.3667
50.3458
36.4498
39.2259
38.7092
42.3945
47.4506
39.9614
41.0943
41.2838
39.4654
46.6343
36.3346
36.3325
39.6349
41.4031
36.4265
36.3956
38.9644
61.6045
45.6271
40.0164
40.5655
43.2414
40.5929
38.442
39.771
36.3694
37.7211
41.0743
49.2353
40.9641
39.5448
36.5237
36.4133
47.0963
40.3002
55.2968
50.3534
40.4975
47.4025
60.0794
41.1511
39.6103
40.8676
39.7311
39.2218
40.0082
39.5989
39.5289
40.7253
52.5791
36.6757
40.4979
40.4071
40.6065
49.5556
56.3577
39.2554
36.3646
40.3341
38.7364
40.017
36.3685
46.376
51.3895
55.4536
50.7273
36.3703
46.4994
36.4083
36.3487
44.7186
78.2978
39.1082
39.5147
37.5817
41.2222
40.4375
44.7249
39.2436
39.8951
39.4781
44.9867
49.682
40.5909
39.4205
84.3491
39.3968
36.3431
39.5219
43.4017
39.3153
40.0759
57.7629
40.8535
38.1944
75.8924
39.83
40.5181
38.9389
39.0046
39.3861
40.6363
36.3357
39.7709
46.5298
39.7847
40.7494
94.1471
40.4765
39.9436
38.658
38.6638
41.5609
40.7062
40.1409
48.5497
38.2501
41.7962
40.0818
39.1495
40.2411
39.5957
36.3713
49.5628
40.4902
81.7679
39.506
38.4496
37.6866
41.9869
39.6294
45.2314
45.3062
37.4308
40.8726
36.3645
85.0056
77.0118
40.5563
39.7416
40.4852
41.2561
36.5035
41.0043
40.3031
39.5497
41.3951
40.101
39.8217
40.4104
58.3104
39.5893
46.0012
40.2828
43.0953
39.9462
40.4031
41.5436
44.3762
49.8296
38.6961
48.0977
40.8984
75.4028
39.7767
37.9921
40.5217
51.9935
48.4303
49.8944
39.3166
65.8852
40.0325
38.8789
40.6645
39.9534
39.8235
50.3135
39.7326
40.3325
49.6223
40.5427
36.3974
41.9676
39.5117
45.4689
39.5285
54.2278
39.0174
39.5522
36.3524
39.3052
41.0602
39.256
92.6061
40.1887
42.7279
41.3007
40.8741
39.6435
37.329
51.4223
39.9887
40.5606
41.2198
39.9837
40.5452
37.1878
39.0238
36.3369
46.4699
36.4286
36.3719
36.363
39.1313
40.8122
40.0267
55.4565
50.9499
40.242
45.4905
40.9086
37.8734
40.6966
39.3493
40.3383
40.8184
38.8212
39.3286
39.7335
39.1641
41.1664
40.2694
43.0292
40.2403
36.3766
40.3489
40.1492
40.4478
39.6831
37.9337
37.7275
39.1619
41.6982
39.4439
41.3739
40.2117
36.3465
42.582
38.9903
47.4876
39.5074
40.9666
39.6832
38.8548
40.1624
42.484
39.6479
39.8645
82.5581
36.3161
39.2326
49.3483
46.1287
39.201
39.1454
40.2117
39.4571
40.7273
39.854
43.7051
39.6667
36.3312
39.1127
41.5705
39.7907
38.4862
41.267
36.3659
40.1431
39.7316
58.4208
39.5195
40.8918
40.642
41.8105
40.0052
36.3936
43.6756
39.6573
41.6513
40.8587
51.9154
40.6342
41.5362
39.9504
40.5727
39.1089
37.414
40.2557
43.9369
42.3181
39.7849
41.0427
39.3897
53.3703
36.5723
52.647
36.3563
40.0464
56.6999
51.0593
48.1641
39.3576
41.5192
40.578
40.3985
38.8
41.0547
48.0268
39.5122
41.024
40.4115
40.1828
42.948
40.3028
40.1913
53.9569
47.9591
37.6032
38.8966
40.0474
41.197
46.6423
40.1565
37.3516
39.5784
36.3426
40.3575
36.3155
36.5795
41.9611
40.417
38.9331
37.4664
39.5348
36.3741
40.027
37.9214
40.3852
41.346
44.7237
41.4731
44.4473
40.4255
41.4416
39.8751
58.4945
53.6865
40.0527
39.543
36.3301
44.7339
38.9432
38.9763
36.3472
39.7975
40.0632
42.9067
40.8517
39.7478
44.1748
36.3731
41.6242
39.4306
39.1213
39.4932
40.1323
40.3883
36.4079
44.6655
37.2522
41.1215
45.4398
39.561
57.5899
44.7576
36.501
40.9749
40.4604
41.0845
44.085
36.4435
36.5
36.5166
53.3439
40.7894
40.163
40.6356
40.1194
40.7185
39.763
39.9368
40.2879
71.762
36.335
39.7378
38.9097
54.2799
37.1331
39.4582
38.316
39.8607
39.957
48.1468
44.7847
39.6904
39.3664
40.5239
39.5027
36.3086
40.8728
42.9636
40.0983
39.9209
39.9791
41.3925
41.2098
39.6283
40.3545
41.1924
58.0412
39.8313
39.9163
38.9049
41.0111
39.6896
40.4208
39.7223
52.749
39.8125
39.0069
41.1113
40.7901
38.844
39.7631
38.9706
49.0385
39.5883
39.6489
38.992
38.6869
38.7544
39.0934
39.0905
38.9528
52.1671
41.2388
45.4291
40.7127
38.8223
45.8097
39.4571
37.6241
41.7126
41.565
37.5273
40.0328
39.1198
40.4397
41.5998
40.1945
40.3324
39.4998
44.1748
43.6208
39.9985
39.1949
72.0933
41.0909
41.3925
49.7997
41.8208
39.5218
40.1645
53.7809
45.1066
40.5817
40.1398
42.4861
42.1171
45.7075
39.634
41.573
52.1409
40.2175
36.3163
50.1992
36.3994
50.6818
42.1775
39.7741
39.2187
44.7869
40.0432
41.5112
37.6194
39.8605
44.5993
40.9011
40.3662
40.252
39.0136
41.2097
49.4999
48.9732
41.2862
40.0858
39.9681
39.1032
39.8379
39.5761
39.7753
39.6755
36.7165
37.5564
38.7856
52.7899
40.6994
46.3407
41.0007
39.8116
40.489
38.4585
36.3544
39.9518
38.9771
41.7654
47.5383
39.5827
40.9188
40.8469
39.9076
57.9385
40.0848
40.0627
46.8079
38.3595
41.1646
52.113
42.7353
39.4627
39.7603
39.8575
36.3191
36.3308
40.0306
39.6301
39.394
44.7962
39.4563
36.333
40.4823
48.55
41.1369
39.5195
52.0626
40.7168
40.9748
40.2733
40.8189
41.0809
40.3113
36.4246
39.5048
42.1277
40.2064
39.6238
40.7817
38.0016
40.8293
49.6577
40.2728
42.8444
44.4643
40.3411
39.9509
40.1012
46.3496
43.0561
47.8978
40.4827
36.3618
39.4667
50.6777
38.9663
40.0581
40.1041
39.4816
40.2888
39.2717
40.367
36.6963
40.7085
39.5359
40.0619
36.3894
39.6314
44.1259
40.6539
39.7581
36.324
36.3705
39.7335
39.2078
40.071
84.8867
37.6848
39.1341
36.3324
42.9477
44.3313
36.7232
50.7383
39.6091
40.4553
36.3166
36.37
39.7732
36.3232
39.0274
40.491
43.5865
36.3706
39.1522
39.2563
40.9774
37.5128
39.3062
40.5633
49.7323
39.453
39.189
39.8414
40.5401
36.3572
40.7486
41.0533
42.5851
43.3078
54.3941
37.6795
36.3213
39.9319
39.4099
41.6108
37.9989
40.8319
40.3183
48.2427
40.5493
45.729
39.6554
47.0268
39.8016
40.0085
36.43
39.2445
39.9749
37.622
40.4014
39.5285
36.3666
55.3423
40.5345
40.0491
39.4998
39.5825
41.2184
47.4584
36.5085
42.8282
41.7934
36.3822
60.9492
40.2283
40.7391
36.3486
36.3266
39.0418
36.3217
64.8126
36.3731
39.8011
39.036
39.9899
39.6561
45.841
38.0531
40.4036
39.8381
40.9002
39.8609
39.436
41.0089
39.5935
42.8794
40.3518
42.1626
41.2696
52.2971
38.8747
45.3311
40.9412
39.375
40.5235
39.9196
41.676
41.3526
36.3738
45.9079
54.8891
38.9794
39.5568
37.7022
41.0596
39.5028
46.3052
39.9387
42.1872
40.4112
37.8387
40.6767
36.4077
41.4832
36.5956
54.1638
36.3755
39.8807
42.0205
40.2517
40.284
49.9745
36.3899
36.3468
41.0256
39.2443
39.5183
49.326
41.5172
42.1942
59.4798
40.2081
37.3519
46.4741
39.1528
40.0299
41.3504
52.6633
39.6918
51.6277
39.2194
40.5943
39.9888
39.6736
40.658
45.8928
36.362
39.6441
44.7849
54.7051
39.5559
39.6042
39.2354
43.514
41.8327
36.359
36.342
39.9058
40.0013
39.8499
54.388
43.3013
39.1357
40.4422
39.8699
45.1736
40.7295
36.5049
43.2361
40.1092
39.7254
41.1561
40.3171
45.8536
40.0662
40.0043
40.526
54.4371
36.3895
46.4024
40.8861
57.6174
39.9857
40.1473
40.9885
39.2611
40.1456
39.0484
57.3615
70.906
45.597
42.1664
42.9907
40.319
39.7933
40.657
36.3111
43.2296
36.3209
40.2406
40.4169
40.9329
39.3853
42.2311
43.1064
40.0968
40.9123
39.5811
40.598
36.3633
40.0146
44.2655
45.4736
40.6068
39.7775
54.8293
40.5657
36.3583
41.6325
36.3275
39.9994
39.629
39.7719
39.413
48.3668
49.4778
47.0307
37.6134
40.623
40.4181
49.6683
45.4622
45.4249
39.8077
45.7077
38.6911
39.3835
39.2713
39.5707
45.3475
41.0011
43.7065
41.6306
41.9446
68.3854
44.5435
41.182
36.3637
39.3421
36.4888
46.1755
40.0494
40.0241
40.6619
40.6304
39.9198
40.0017
48.6104
39.6287
36.311
40.2474
56.7919
37.1083
41.3417
40.0269
41.1962
47.8908
40.2385
41.2043
40.0788
44.8529
36.4178
50.6501
38.478
52.3586
39.2015
39.4286
41.3825
40.3468
40.0853
40.3979
36.3083
40.6147
38.4308
40.27
40.066
36.4175
39.6092
39.9841
36.3618
46.4542
39.9663
36.4226
38.2286
40.5939
57.2037
39.7269
41.7602
36.3705
39.6271
39.8796
52.1047
43.277
39.7129
38.9246
45.0678
39.6055
46.0828
38.9528
43.4489
43.9075
39.177
40.3443
46.345
38.7664
40.6562
39.8616
55.8726
41.5293
36.3456
41.0998
42.7006
40.6614
39.9807
36.3191
40.4795
36.3652
40.3045
40.5582
39.1319
39.8411
40.3757
39.6621
59.074
40.3342
41.7185
42.7423
36.3446
40.9486
40.5829
39.5418
39.2336
40.5087
43.9265
39.688
38.9136
40.0066
40.132
40.4769
39.6439
40.4593
42.2552
39.7377
39.3575
40.2244
40.3071
37.0507
36.4301
39.9528
39.4487
39.1375
38.6642
39.4914
41.9445
39.7098
39.5968
39.6499
36.3567
42.3053
38.6901
36.3701
39.3474
39.4758
40.1367
37.6979
41.3105
40.5806
36.3419
36.3577
70.6661
52.2217
36.3454
50.1632
49.6298
38.0762
39.0704
36.9447
38.9054
41.0326
51.5167
40.3389
40.6221
36.3623
37.9788
44.7509
36.3762
41.5528
44.4379
40.309
36.4837
47.3809
40.8362
41.3028
36.3619
48.4783
39.9098
40.5416
40.8228
39.7888
40.6661
39.9816
40.914
40.0234
37.9701
47.1238
40.6386
42.238
54.5512
37.2816
36.6136
39.5933
39.4805
39.2908
38.8117
40.7749
47.9641
41.3886
38.4153
39.4456
40.4843
39.4363
40.3639
47.4873
39.7053
39.8611
40.4466
47.0635
36.3378
40.7239
46.3802
39.5104
44.7082
39.4397
43.4933
45.421
36.3913
40.4114
49.3655
36.4247
40.4819
36.3698
40.5706
40.5537
36.4685
50.6001
46.3036
76.1963
37.8392
46.7856
39.4736
36.3615
39.6944
37.5641
42.7727
47.1858
44.1986
43.4486
53.7662
40.0907
45.1442
41.1817
40.6698
36.3258
40.6068
46.6718
39.2766
44.5225
40.5384
41.0281
39.4196
40.8803
36.4532
37.553
39.3532
42.7471
42.2601
44.6121
61.5373
58.6893
43.1689
39.695
41.5421
39.9988
39.52
40.0756
41.2984
39.6275
40.0137
39.938
40.416
39.4483
39.7284
58.5537
37.5207
42.922
40.3671
39.4169
38.9247
44.239
40.5943
39.6339
43.7076
39.8502
40.0413
39.9213
52.9186
36.3095
39.8985
36.4227
46.3003
39.6468
40.5422
37.659
38.918
41.882
40.4644
42.0071
40.6518
36.3216
40.7008
40.2021
40.1612
71.2813
50.2741
41.6559
41.5227
36.3512
40.3025
39.8921
44.8676
41.2424
40.4609
47.4804
40.8165
41.5705
40.4151
96.3105
42.7106
36.3572
39.6908
38.016
49.3817
41.9403
41.577
42.6181
40.4235
39.7145
40.1308
101.001
40.331
40.7241
36.3365
39.9891
51.4847
39.9745
36.3651
38.5191
40.5774
39.3379
39.9162
40.5878
36.3655
40.3469
42.0895
39.9105
40.7274
51.3947
39.0412
40.408
40.4657
41.2012
40.1558
47.2824
40.5859
47.3652
47.1171
39.0575
39.5274
46.5344
44.2743
39.522
42.0071
39.4286
39.6948
38.9411
81.4915
36.3735
41.0403
39.6893
36.362
38.8723
46.771
40.3368
37.1042
36.34
39.285
40.3845
39.4744
43.0648
41.2059
36.3735
36.3319
38.9613
39.3118
41.8598
44.7431
37.5496
39.4111
38.9678
36.3219
40.2955
42.1999
49.536
40.2961
45.9758
39.0151
37.7439
38.979
38.5891
40.5109
36.4668
39.3053
39.856
39.2361
38.821
36.391
39.2013
44.2636
39.2976
43.1175
39.869
40.4308
41.5837
39.8433
41.2464
40.771
43.6393
40.5375
41.7022
37.4038
49.6168
39.8206
70.243
41.609
36.4189
39.1698
36.4029
39.2329
46.2754
42.8217
39.77
55.4646
36.3575
40.5199
36.6083
41.189
39.161
36.3617
52.7867
41.3795
54.8636
40.3752
50.0153
47.4032
38.7784
36.329
39.7707
39.6578
46.3505
54.3714
36.3354
40.6006
39.9193
39.8189
40.87
40.1204
40.0441
39.756
56.9291
40.2053
39.8405
41.0577
41.2269
40.248
39.6759
36.3408
40.3213
37.1071
37.2998
39.642
39.8893
39.6749
39.5597
41.0902
40.7623
39.9953
39.2574
50.1783
48.0793
39.5002
49.8002
39.7504
39.4646
41.1963
40.436
40.9328
42.4411
39.6958
36.3635
36.3878
38.3765
40.0217
39.2605
38.9676
40.8221
40.5371
41.5289
41.3572
36.3562
39.5229
40.6242
40.4575
41.7237
39.6169
53.9307
39.76
44.0015
38.7887
40.3563
45.0675
39.8598
81.2552
61.509
40.1867
40.5326
40.2459
76.367
40.4314
36.3276
47.369
48.827
39.2912
39.5939
38.046
67.1803
49.7589
39.6651
40.0574
39.9776
40.9004
40.0428
55.3485
41.9264
40.7082
36.3277
40.8289
38.3005
40.7666
36.4598
38.933
38.9965
36.3601
40.4399
40.5814
77.3197
43.1285
38.178
54.1439
45.2665
45.4803
36.4336
40.4423
39.7349
40.6875
36.4047
36.347
36.3602
39.69
36.3382
40.092
36.3186
36.3477
45.5638
53.3585
39.6687
40.1996
40.1588
41.2833
41.4383
40.2998
40.8176
40.6077
39.5944
39.9081
39.2519
39.425
39.0942
39.265
39.9541
39.6208
39.9848
39.8135
38.1423
38.3474
48.0988
39.5601
47.3641
40.039
36.3853
44.2734
39.1371
46.177
37.8219
39.8801
43.1393
38.9683
48.1684
39.7068
40.5287
85.5421
41.2133
40.7148
40.5541
53.0324
36.4546
40.5782
39.7841
41.2346
37.4434
38.3883
39.1495
49.3092
36.514
58.1534
39.5493
37.0269
40.1612
40.0592
39.9955
39.59
40.8827
38.8062
36.3325
40.7123
45.2325
38.9412
40.8702
36.3927
40.3942
36.3817
38.8342
77.6207
40.1753
40.1062
56.4529
37.9115
41.5894
39.1105
38.5206
40.0492
40.0667
42.5952
43.3393
39.7316
54.249
41.6506
52.3447
40.4899
40.9385
63.4057
37.672
40.6987
49.2058
37.7038
39.2303
36.3232
39.9138
39.3156
40.1318
39.3957
39.085
40.4136
52.629
67.5288
37.7242
37.2562
40.1759
36.9129
37.6238
37.6978
39.7803
52.0573
40.2542
39.9315
40.4952
41.3158
39.7625
40.293
38.8997
40.5063
39.3431
36.7939
45.2965
36.3939
59.554
40.0684
41.7167
36.3614
47.0093
47.5061
47.7003
40.1572
47.0843
70.2422
40.458
86.743
39.382
99.0447
39.7402
40.8002
36.4015
36.3871
62.4216
40.6016
40.0376
36.3684
39.5748
39.7653
38.1166
50.1909
40.2473
39.5082
36.3832
42.4009
41.3405
39.807
42.1535
40.6986
40.7171
39.0482
44.6537
38.9119
40.027
37.3293
45.9009
38.9013
40.7323
40.4045
42.0101
39.6505
37.3356
47.2908
41.3713
40.2961
51.6049
36.3538
40.1254
40.1095
45.3499
36.3455
39.7302
54.8811
54.3127
40.6113
50.6185
38.2152
38.5922
74.3037
53.1982
36.3353
40.9108
49.7299
39.2645
39.7597
36.4169
37.8808
38.1783
40.1346
38.936
39.7635
40.1104
39.2778
39.4307
39.9925
86.5076
40.9136
40.5107
46.054
76.5023
39.1802
39.7807
39.8955
36.3921
42.5843
39.4003
39.0421
39.6909
45.0072
41.8583
38.4048
57.6221
36.6497
40.8758
74.5451
39.9567
41.585
37.4273
40.8522
39.6103
41.2043
39.6529
41.3757
37.4824
39.8995
41.5269
36.7795
61.9762
46.7082
37.0222
43.7676
41.3913
44.4759
40.2675
36.3567
40.414
37.4433
36.4636
41.1388
40.0289
40.4904
55.3238
41.5248
40.25
43.0418
43.3006
39.8252
43.3531
38.5717
45.6659
52.3775
40.781
52.4427
39.8669
40.392
40.495
38.8668
58.2086
40.6983
40.78
39.4183
39.5057
39.5059
39.1724
38.0841
45.7431
36.3785
37.0546
40.6943
51.4742
38.6742
43.6104
37.6581
36.3025
36.349
39.6142
36.3994
50.8807
36.3805
85.8549
39.9889
40.3848
38.7591
55.3383
39.4323
39.7962
41.3252
36.3852
45.6077
36.381
45.8699
39.8337
40.1682
39.7684
87.8314
74.0149
40.2172
43.0123
48.8759
47.9549
43.8486
48.7159
39.0521
41.0664
36.3782
36.3141
43.3036
39.8487
39.8907
40.0992
39.5462
39.15
70.3176
41.1457
47.0932
42.7182
37.0589
48.5136
40.0802
50.8226
40.1956
39.6389
38.9353
42.4713
40.4907
39.7154
69.2102
39.4964
36.3505
44.6591
38.7883
40.3102
39.5373
41.6473
58.7982
42.5965
55.2942
38.3802
39.2695
41.1101
49.3793
56.5789
39.1739
40.1467
39.665
49.5884
41.1161
39.6782
40.0348
41.5577
36.4125
40.3675
36.3344
36.3872
37.7849
49.2996
39.9042
46.5633
43.9763
36.3689
40.3023
39.6717
39.915
36.3468
39.59
39.2445
42.1025
41.5145
36.4183
36.438
40.9321
39.5777
40.8893
36.3797
36.3376
36.9245
40.9012
43.9523
41.8502
80.5442
39.081
45.7766
36.6455
42.3069
47.8833
51.2969
42.3898
39.4516
39.003
41.4194
39.2312
40.7879
44.0314
39.8823
36.3489
39.9555
39.9484
40.0928
36.5527
48.5399
40.3831
40.4223
41.0907
38.9641
36.5175
57.3066
41.0168
36.3731
40.9629
36.4798
38.8327
37.8501
39.5405
41.4646
39.8662
53.6355
39.0709
36.3861
36.4031
39.9183
39.9442
37.7276
58.8514
39.1487
46.3077
40.8728
40.5666
38.7115
39.3037
36.3892
36.3471
75.3623
37.0232
40.5906
40.6601
39.4584
39.9258
40.1148
40.8969
38.885
41.0572
40.3223
38.9715
39.6592
36.3387
49.0224
39.7869
36.3576
41.5211
39.8784
41.7605
43.5887
54.4418
42.8218
39.4637
36.3689
45.1498
38.7971
38.2802
70.2239
40.7342
86.3001
40.0673
40.0139
39.0918
42.3292
39.2616
41.2441
42.2312
39.4282
36.3675
56.0257
38.7613
39.8153
54.1629
41.1505
40.6062
51.9964
64.0481
39.931
39.0124
36.3933
41.1682
38.4945
39.1823
40.1584
39.0723
39.116
39.5113
47.3357
39.3347
40.2896
40.8953
46.8708
38.7818
43.634
45.9852
36.3291
40.7462
37.9481
39.1491
40.0299
40.7872
36.2887
38.8276
39.8378
39.7546
39.2901
38.7522
39.5945
39.1479
38.6264
40.6103
40.7068
44.1714
40.1117
36.3861
38.838
39.2875
41.114
36.3286
46.6428
40.536
36.3822
36.3755
36.3973
40.635
39.5633
39.2573
37.2868
36.4155
55.9836
40.7492
51.1283
36.4019
38.7
39.567
43.7431
36.3207
54.7374
37.5139
39.7354
42.675
43.8981
40.035
47.0785
40.438
36.3744
46.4019
39.3286
39.2145
43.8743
48.7151
37.1494
81.0478
39.5214
40.6305
39.9999
39.5375
47.0641
40.0906
37.9887
38.7801
54.3432
36.368
37.9009
39.3139
39.1872
41.394
74.4758
41.8819
37.0455
40.2592
40.3464
39.5147
40.1114
39.9893
53.4998
36.3715
39.1491
40.9651
43.4896
41.1342
44.605
39.0583
37.1755
70.7543
36.3437
39.2145
40.7359
68.3531
42.5759
40.1283
39.0875
39.7728
36.4251
41.3285
40.7724
44.8985
37.3585
40.0013
40.0861
48.4469
40.0824
48.1188
38.8044
39.1372
39.6
39.2815
41.3114
39.1398
47.827
38.3031
39.8855
36.3705
39.5712
36.9113
41.0935
36.3933
39.7827
36.3718
44.8939
40.2198
39.0899
40.0658
40.6265
40.0558
40.4144
39.8723
41.9013
46.6318
45.0281
41.267
37.351
41.1856
36.3696
36.3388
49.7738
39.1311
39.9583
47.3422
45.3026
39.8447
37.3499
66.6845
39.8839
40.6678
41.7476
40.8679
40.0082
36.3087
40.6219
39.2975
39.9859
36.3271
39.9487
44.4301
41.3405
39.4382
38.639
40.1294
38.7961
45.6471
46.4312
39.1871
41.0067
40.8813
41.8196
47.8103
40.6821
39.9378
39.7939
41.6828
46.3639
46.5313
36.3414
39.8365
86.4798
39.4443
41.0346
39.8458
36.3333
42.1811
39.8635
46.5857
66.8738
38.0486
43.3464
47.3563
40.049
40.0603
42.2269
40.6536
39.049
36.3615
40.5355
41.8485
36.3078
41.0003
39.001
40.754
41.5947
81.7959
37.4605
36.5852
36.3882
45.9966
41.5443
50.0341
39.998
38.7421
49.0902
41.4359
40.4916
39.5771
40.0289
36.3679
76.1471
37.2544
37.2899
39.1751
38.7829
39.7475
42.4438
40.3613
39.8105
36.4338
40.2542
45.5879
39.5307
41.2416
38.832
37.0345
39.4283
41.8247
43.1941
36.7699
40.1446
41.0544
39.2873
39.0672
43.552
39.9548
48.3837
39.7941
40.1972
37.3739
41.3505
41.3115
39.4211
40.8202
40.6645
37.2877
40.7797
39.9623
44.5964
38.0214
37.2958
37.7263
41.4149
39.9374
39.2241
55.352
39.1491
38.7713
44.5224
40.827
38.8888
41.208
39.3101
36.3795
43.3366
40.0461
39.7151
37.6682
43.3062
40.6848
40.1294
52.6505
44.9049
39.8815
40.5069
39.4437
36.5234
36.368
39.1651
41.0457
43.4792
40.94
58.9937
36.3532
40.1428
40.0341
46.7699
36.628
58.9577
39.4023
47.8125
36.3843
36.3894
39.0604
43.1892
36.3171
62.7669
38.4605
38.6783
40.6638
41.5781
40.4015
39.2475
51.9877
38.9213
40.1106
39.8903
40.7395
40.3201
52.0024
41.5688
47.7388
36.4402
63.3395
36.3725
55.4104
40.0869
96.5687
39.372
40.2716
36.3709
41.3679
42.2187
39.4903
39.4048
36.3153
37.7513
36.3625
49.0927
39.4783
41.3269
48.1321
39.0505
39.7316
40.1379
41.4297
36.3206
45.7019
38.6034
51.0772
40.1096
40.6303
38.6903
42.9398
40.0505
40.5053
39.9814
39.5502
38.0737
44.5919
36.3627
39.2753
40.4903
39.5128
36.3314
37.6855
38.7581
41.4516
37.0244
41.5884
40.2814
39.0086
40.6405
40.0362
40.1821
36.3483
40.723
40.9745
39.6305
41.1818
39.8812
38.1941
40.3634
40.4297
39.4786
45.8723
39.7955
39.5556
45.1116
36.3139
38.8914
39.9801
39.6432
36.3802
39.6698
41.3827
41.2595
41.8896
40.262
48.1556
43.7183
45.8231
39.076
41.7315
39.6014
39.8265
37.4047
41.5475
36.3364
40.8917
38.6698
38.7199
36.5272
42.2337
47.0457
40.2977
40.3174
41.5549
45.1518
36.322
48.5165
83.3388
37.5201
39.4026
46.0385
39.8023
39.5488
87.1412
44.0258
37.3339
44.5368
40.0103
45.2559
39.9669
39.2234
43.1432
40.8179
48.0492
45.8185
40.4657
40.1815
39.5356
51.5923
39.5775
38.1369
40.8245
38.7844
41.8355
41.3517
43.2052
39.0994
40.1332
40.8403
43.8873
36.3553
41.0957
43.1729
54.6763
38.9687
36.3934
42.4367
36.3643
39.3424
39.5572
41.5094
53.9749
39.1473
36.3807
39.746
40.2851
39.1998
39.5401
46.9647
41.4339
41.674
45.7474
40.1249
36.379
39.6001
39.7119
41.3161
42.5907
36.3332
40.5269
36.3977
64.7874
39.2438
36.7994
36.3647
39.6126
36.4041
44.5718
99.6735
40.6352
40.5471
41.187
39.8129
40.0795
58.6119
39.3726
40.9645
49.6857
40.1476
39.2057
40.6298
40.3145
39.0308
39.0188
40.3348
40.04
71.9569
52.6145
39.6629
40.3582
36.3603
39.8368
41.0675
38.9504
40.0125
42.9372
36.349
45.4784
36.4349
40.146
39.3561
40.1742
39.6739
38.8787
40.2319
39.4851
39.3783
42.6178
40.1041
39.5039
39.5197
37.5986
39.5949
36.3717
39.8934
39.6059
39.6365
46.0747
39.5232
44.2536
36.3221
39.7419
42.6459
36.3555
46.74
53.4426
39.9405
41.2456
40.2155
39.5891
39.0879
39.8278
47.5807
36.4224
40.6963
39.5158
36.3876
38.3134
39.9264
41.0447
42.1264
36.3935
40.0697
53.5677
39.2268
39.3681
37.0055
40.4428
38.923
40.0939
40.6811
38.3193
40.6571
39.6287
54.5108
38.2634
46.9011
40.0208
40.4994
86.9249
39.8152
40.4085
40.2521
40.6755
38.5104
42.0288
41.1241
44.8894
39.8747
38.7974
39.4754
39.7499
37.6152
40.7559
39.9944
40.6641
39.479
47.7017
54.6313
50.3045
40.2525
41.2134
41.1714
54.7397
40.1638
40.4025
36.3771
39.7359
39.3549
36.2972
37.8361
39.5347
36.3658
54.2796
39.2777
36.3715
41.8306
41.4206
41.4808
36.4006
40.1396
57.6854
40.0567
40.7688
39.069
41.8737
43.6854
37.2974
41.1274
39.9572
36.4035
40.9317
46.5273
40.9159
37.3433
49.5361
41.6877
36.362
45.8114
84.9188
40.1077
40.2436
42.0509
40.9102
45.0427
39.8239
39.7868
40.3689
40.1564
41.0487
40.6023
41.1812
36.3313
43.5401
39.2199
38.7479
36.4126
53.966
40.2845
36.9522
39.1467
41.1517
40.256
85.3722
39.9749
39.7686
39.2355
37.4665
43.3635
44.0211
36.7015
46.999
40.2497
41.5107
39.9807
40.6887
44.1243
46.6462
37.3792
44.1829
40.0544
40.7725
39.7445
36.3647
40.6786
36.5672
40.4179
38.8919
36.3547
37.1222
39.6588
40.117
40.8344
39.3552
40.7647
36.3337
39.6949
40.353
36.5354
39.5119
48.3479
36.748
39.5209
38.4667
41.5927
41.4817
39.1119
40.9227
52.6441
93.2521
39.6252
46.5472
39.9566
36.3741
36.3235
38.0796
48.9628
40.6713
38.1446
40.123
52.9046
37.2138
40.4592
36.3348
40.2694
49.9354
40.3326
41.1222
41.0563
36.4229
43.1193
39.8278
39.3967
39.7613
39.2647
39.5976
39.2451
39.1264
39.7829
41.1189
39.9788
37.836
40.9708
40.3609
38.8198
43.6803
41.3143
36.395
40.7843
41.2311
40.6932
40.56
41.0078
39.5583
39.8765
75.0773
40.6143
40.5766
36.3519
43.6133
49.8284
49.014
42.2498
56.2151
39.6787
40.7778
39.6125
39.9914
40.2963
38.9063
38.2372
40.4652
41.0125
40.4849
40.6516
43.1982
47.0681
40.199
39.9733
39.3434
38.8789
36.3266
47.784
37.2135
40.9077
40.8805
47.3978
41.0219
41.1407
38.3611
40.4505
37.9499
79.3788
47.4624
39.8246
40.0445
48.0999
44.6713
40.0808
36.3761
82.4827
40.1148
38.7829
81.0089
59.0715
40.0881
41.2309
40.3929
38.7589
39.0096
36.3762
46.3335
39.6269
41.0768
36.5201
40.6697
36.3455
39.2615
45.6935
40.3989
47.168
40.2719
46.7023
39.0769
40.7275
40.4726
45.7681
39.5676
38.9696
41.0384
42.0244
38.8965
36.3551
47.3692
36.341
42.4862
40.1079
40.7103
81.626
39.982
47.9048
45.0815
36.3546
40.1992
40.0449
36.9656
40.6916
39.871
40.2072
45.6303
39.8071
39.753
42.4771
55.8395
50.639
49.0286
39.9379
38.6302
36.3419
55.7174
41.7502
47.8288
40.4814
39.9047
43.763
39.224
38.3875
41.7707
47.5659
39.8705
39.6215
39.9206
39.0597
40.7999
40.2279
36.3304
40.3029
39.9233
39.7035
36.3305
40.0358
39.6169
40.5588
40.9855
46.349
37.8968
45.2953
39.6633
77.0197
40.0524
37.3696
40.2873
51.3229
40.4526
92.9729
36.3748
40.381
42.018
36.3229
41.6376
40.0693
42.0958
39.1752
48.6371
40.2292
37.6699
40.1926
37.7378
44.9573
40.6259
39.9849
41.175
40.5436
42.7958
40.236
39.5702
36.3625
53.8093
40.0267
40.8213
39.3454
38.199
36.3386
44.8737
40.0836
40.6484
36.3468
39.5583
41.0698
39.952
41.5743
41.2833
48.2813
40.4325
43.237
38.953
44.5193
44.2297
36.4139
40.3674
48.3573
37.9547
83.7896
40.2129
39.1405
53.2642
38.8609
54.6042
43.0065
40.5291
39.8685
43.1312
39.7743
39.0013
39.7825
39.4956
40.2225
38.9131
36.4131
44.4538
44.1521
43.0165
40.8551
40.8817
40.4162
40.274
40.3332
40.6774
40.2708
36.3511
45.0666
36.3799
51.1418
39.228
39.6458
40.4604
40.2646
36.6292
41.8201
39.7753
36.9333
47.88
45.0826
41.3673
38.6239
40.8111
39.2181
40.3589
39.8507
41.0824
38.6308
39.1169
41.0981
39.8337
40.8079
91.8851
39.0502
65.0795
94.2979
84.3806
39.3945
37.7785
40.6231
36.3558
36.433
54.9149
38.6981
39.2324
41.2448
39.5771
47.5399
45.9664
41.7305
40.4172
38.6417
41.6334
44.4135
41.1666
48.99
43.5082
36.3739
36.3316
39.4928
40.2418
51.2798
39.0312
43.906
36.3993
41.2258
39.0676
39.4969
41.6265
37.3345
49.285
38.4815
39.7382
41.5645
49.8403
40.0856
39.1226
45.1876
38.7453
46.9673
48.3801
50.4557
40.789
36.413
40.7305
40.3868
40.0701
36.3485
42.7903
36.4097
50.0636
40.2355
45.5864
41.3102
53.5615
41.1794
40.269
37.3379
90.9727
36.3678
39.9515
40.4425
46.1672
39.6675
40.8142
39.3188
39.4327
36.3626
39.5397
39.3406
40.2711
38.8013
42.0298
38.0482
40.4454
41.0282
36.4037
42.9273
36.3608
40.093
38.5459
40.8178
40.5009
71.8565
43.5496
43.5111
40.5829
50.5985
36.4155
38.7478
38.8518
37.8251
40.7099
43.6579
40.0754
40.757
40.8462
39.9657
41.5679
36.3435
42.3622
39.1315
39.7054
43.3688
38.7091
40.0976
40.1558
44.2423
40.7381
47.8965
39.3909
40.2494
36.5642
42.1056
38.3578
41.0614
41.1721
40.5841
40.0264
63.8799
40.4169
38.984
38.3988
46.797
52.5877
39.1802
42.5952
44.5031
39.5157
39.7134
39.8874
37.5912
36.3053
41.2629
36.4183
53.0983
48.6496
39.6634
37.7329
41.2288
39.9467
39.9932
99.3358
36.3478
40.1759
41.3262
40.2919
41.3208
36.3278
39.6948
40.9147
40.0331
39.1572
59.6779
37.7214
39.6319
39.0071
39.9887
40.0902
39.6353
39.1719
43.5786
43.1521
41.2033
36.6466
43.4925
47.8542
38.7244
42.4005
36.3619
41.3994
45.2821
39.2726
40.7978
40.0565
40.458
40.6469
37.8129
40.2743
40.247
49.9114
40.1729
36.3336
36.5045
36.9689
39.761
38.4126
40.255
48.005
41.6228
38.3655
44.4436
44.3768
41.8222
40.5561
36.4252
41.8958
61.4898
39.2435
79.2099
84.0417
40.4249
50.0628
41.6031
39.746
41.9776
40.4181
62.3609
40.3594
40.8798
39.3528
40.6063
39.6796
41.2082
39.561
37.3912
45.2164
39.1035
76.6064
36.3707
37.3595
39.676
46.4807
36.4388
41.7096
45.7446
49.8861
38.2159
41.2351
39.3876
36.5013
39.6564
44.1667
40.7696
40.1972
40.0258
40.12
40.2603
40.3934
39.29
39.0069
40.1683
39.1377
54.7263
99.0031
36.389
38.9025
47.9001
37.9618
36.5422
39.8024
37.399
39.2353
39.5419
38.4253
44.2177
39.6437
39.6549
50.0866
36.4047
45.2223
42.0003
40.0783
40.0169
39.2253
40.9598
39.2782
36.354
39.9103
40.157
40.7747
36.5848
39.5655
39.7014
59.7657
47.8923
40.7235
39.9819
40.6635
40.8063
36.4719
41.3456
41.0081
45.3922
39.0602
39.0888
46.3746
40.3448
41.1424
48.1728
46.2882
39.799
52.4209
41.8335
46.8245
38.6346
42.7377
42.1541
50.1991
40.3536
36.3492
73.6039
42.1672
39.4405
42.6004
39.4956
36.4303
36.3342
37.5079
39.8507
39.8914
39.4769
51.1468
40.0289
47.2794
39.8685
40.8082
41.0837
40.4399
40.4174
41.7446
51.4667
40.6875
47.8386
40.9903
40.1546
49.5934
40.6105
39.8235
50.8888
36.4058
39.8657
40.6003
40.4528
47.6678
41.7902
46.2608
51.0757
39.016
40.6088
40.7485
77.8794
40.2537
40.3275
38.058
39.5443
36.5311
91.0903
39.1281
39.6862
40.3582
51.3677
39.6744
41.5906
38.4122
40.6194
39.9625
53.0147
45.2346
55.2613
40.4749
36.3392
38.1835
39.5675
48.7534
56.364
36.5369
56.0112
36.3379
36.6185
40.3186
47.3481
39.8945
40.0901
49.3199
39.2411
41.1005
41.2297
38.5765
55.0152
41.1375
39.2415
68.7607
65.3789
39.6719
40.2421
38.2993
40.6104
39.4686
45.4199
36.3502
58.7458
36.3696
45.3839
36.3817
45.6791
38.967
39.9095
45.8493
41.4523
39.5374
41.8348
36.7559
43.6541
44.8043
50.6702
40.4183
39.675
50.9686
42.1138
36.3551
40.2029
40.0979
43.4057
39.9184
52.894
39.4727
36.3918
38.6558
40.6578
36.4069
40.8565
39.9991
41.4212
36.3693
40.0904
39.7674
39.5341
38.9863
40.3414
40.6712
40.7113
40.7689
47.1004
40.1357
40.206
37.3776
39.0792
37.9691
40.8809
39.8684
41.9078
36.5761
40.3781
40.4047
40.5908
36.3917
40.419
50.7165
37.6143
41.1691
36.97
39.9385
40.2111
54.542
40.0106
40.5928
36.3557
36.4003
40.0431
40.1023
40.5873
39.4399
55.0775
43.9835
40.2086
36.4016
36.3626
41.6894
39.4723
41.9834
44.6276
38.622
40.6166
41.8704
39.1071
40.5242
40.6658
38.5975
36.412
45.4977
40.6668
38.6574
38.9431
38.7265
41.2519
39.7744
36.4301
39.6351
37.5881
64.0857
39.7879
41.6401
38.8027
39.003
41.0015
40.1477
40.2828
39.5207
40.4294
37.6148
41.7769
40.53
40.7064
38.0295
41.9725
41.8292
41.4536
41.52
40.8858
36.4311
66.5789
36.3592
40.5816
40.0196
39.752
53.4797
36.4149
40.53
38.6922
40.9113
40.2032
40.5317
36.4015
42.0756
50.8712
38.4095
40.7059
40.2403
39.1436
39.5723
39.1557
37.8463
47.6318
40.0715
39.9764
36.3516
40.3502
85.6522
36.3892
39.9032
39.8631
40.4149
40.275
43.6859
39.6158
41.3318
40.5233
51.38
39.0878
39.9613
38.7801
38.7957
38.9227
37.5071
91.8339
39.0869
46.1566
36.3303
55.8615
37.6935
53.7272
48.7158
39.5959
39.33
39.1773
40.9588
36.2985
38.4044
40.5307
40.1273
45.1723
39.4507
61.1401
56.3588
36.3208
39.2334
36.3688
39.1491
36.3361
39.5648
39.2533
45.3626
39.9105
86.8986
87.5986
40.858
37.0934
40.074
39.573
40.4663
53.912
36.3824
39.0051
40.567
40.1053
45.5861
41.722
39.1047
36.3852
39.3368
38.9565
45.5859
39.6683
38.5962
39.7193
39.6495
38.7506
44.4629
44.3229
82.4179
39.6793
36.3649
50.3031
37.615
44.5682
39.7992
40.0171
39.8358
42.0817
52.6411
38.9353
39.4673
52.0462
45.5178
39.4746
40.5306
68.2194
39.0684
39.4214
42.7589
39.7711
36.3676
46.7393
66.5457
40.9171
40.1679
37.7004
39.6008
36.7148
43.6291
40.1168
39.2806
38.7963
40.8607
70.3484
53.8187
42.4537
54.4929
40.0874
41.193
40.969
44.3255
40.9244
39.2564
40.254
40.7097
36.3507
39.7824
41.1689
38.6934
37.2502
42.6809
36.3298
38.8138
41.5242
39.5296
36.3792
39.3459
39.5029
39.2026
39.505
36.3277
41.3678
39.2961
38.9364
39.676
41.7261
40.8813
39.6054
45.4183
39.3189
46.6377
51.2176
48.257
40.8364
48.1254
36.3295
39.9791
40.2415
42.9472
36.7873
87.5364
41.1918
44.3072
39.4599
46.0243
39.8503
40.7095
41.3895
39.8248
36.3632
37.3441
39.7989
36.3053
45.4632
39.0512
41.2075
41.125
40.5183
49.0738
39.4744
39.9846
81.3199
38.8972
40.4251
39.1339
37.0022
38.2013
39.4563
36.4529
39.6591
36.3725
40.7621
40.2014
45.0032
38.7991
39.7301
39.5287
41.0801
36.3316
37.5123
39.3088
38.7741
41.7954
39.6294
43.0023
38.7648
41.2497
39.5908
39.2471
40.708
40.7066
39.4226
40.6036
36.3676
39.5298
39.842
36.3869
39.2319
40.5188
39.9644
40.2669
59.702
39.6098
39.3032
39.5326
55.3853
40.396
49.8347
39.2836
44.7473
41.2777
42.0953
40.4051
36.3896
39.5688
51.7939
39.8527
40.6073
40.8851
42.5295
41.3518
39.9787
40.9947
39.9668
54.9237
42.3343
40.4925
40.9873
39.9233
39.7968
40.0255
49.8272
39.3614
41.8119
40.0728
38.4557
40.6321
36.343
59.3595
39.8385
39.2036
41.1525
40.1142
40.1563
38.2174
39.7537
36.3861
47.1522
41.2203
40.2953
76.057
51.6099
40.5178
39.6724
40.1256
40.4776
39.3146
39.8071
38.7031
51.5103
41.6123
39.9432
40.3308
39.8017
36.3428
41.845
43.5482
40.5244
82.0359
39.6873
39.4418
39.9941
39.4976
39.7046
53.6431
51.9653
40.4281
54.829
43.7777
73.1646
36.3682
43.2636
56.6968
41.2321
38.1025
41.6334
39.7838
43.1917
53.6833
51.6578
39.532
39.4418
43.0981
42.0227
40.6078
37.0605
38.2536
41.1839
39.0667
39.425
36.971
39.1353
41.5689
37.3292
36.3856
39.8702
39.5155
41.9455
41.1397
40.0142
39.9008
39.7371
38.9039
41.0014
36.3472
39.8227
40.0236
38.9025
59.9433
36.3954
39.528
40.5941
45.0087
60.5234
41.3532
40.0244
38.8408
46.7321
40.6355
40.3424
65.7735
39.5567
36.3516
62.7208
39.7847
36.3506
51.3726
40.5103
45.3126
41.4525
39.2459
40.6764
39.6105
39.5528
37.2526
39.2717
39.503
40.0641
37.2245
42.7176
47.7688
39.4428
36.3611
40.5216
54.1383
38.3536
61.9444
40.6204
65.8728
63.008
41.1742
40.6324
40.126
36.368
36.335
51.7401
39.7398
39.5872
41.3784
46.6313
36.4164
44.1053
39.9726
50.7201
40.4389
39.6409
40.9899
52.3976
40.1242
40.5471
39.8371
76.7802
39.6591
40.4368
39.7128
42.9645
41.44
45.2627
39.2023
37.0252
39.7911
40.5518
39.0465
40.2147
40.4741
40.9236
53.5009
36.3784
39.6118
39.4486
39.7962
91.7841
39.7354
36.4103
40.2729
36.3051
40.7001
40.2248
42.3033
36.3418
40.5093
72.0592
42.6407
36.3494
38.9976
54.0794
46.9493
40.8846
39.8694
39.2535
51.9398
49.5115
40.0043
40.4238
37.1796
39.5641
40.6149
50.2547
39.5
38.6875
39.2195
39.4629
39.9641
38.1907
47.5876
40.2415
42.5935
47.2099
39.0792
37.262
44.9792
43.4627
37.9298
52.8402
45.4498
39.7913
39.1372
44.7115
66.2898
44.7494
41.0821
37.4997
54.2772
40.9741
40.7051
41.358
36.4813
39.6259
46.9834
39.6872
36.3714
39.9291
37.8285
39.2024
38.7843
46.2137
39.629
40.5504
38.9254
37.4211
49.1334
39.5671
36.3721
40.5315
41.0022
41.6887
36.4279
50.127
41.3683
39.585
39.0727
49.0408
36.3739
40.8751
41.8383
41.8888
43.8964
41.6668
39.2725
55.7424
56.7761
41.9086
39.2251
36.9438
41.5379
39.4012
40.1881
41.2517
40.3877
39.4666
40.0259
38.8732
39.8676
38.8332
39.8237
40.2258
42.1699
39.5283
98.5571
37.2818
41.0602
36.396
42.6672
38.7343
41.0518
40.404
38.7694
40.4952
40.0861
39.043
41.0147
39.357
47.6966
41.3794
55.7649
49.067
39.0052
45.1417
36.3577
40.4461
38.813
57.8915
38.9975
48.1948
39.4397
40.1499
51.4319
40.5914
38.7087
36.3935
40.6989
41.1336
40.2162
40.156
41.385
39.6742
39.8481
38.3192
41.9047
37.8678
59.5326
40.4156
40.7383
42.7511
38.5877
104.491
39.6443
39.2385
51.5873
71.3261
39.7937
40.7012
38.6206
39.7101
39.9099
40.6941
39.4883
41.232
48.5599
39.6203
39.6135
40.1116
45.8643
36.3637
42.1909
36.5856
51.732
41.6177
39.7349
37.9419
44.2485
41.5732
39.9133
38.359
39.1271
37.1053
39.9484
45.5418
40.4956
40.6098
36.7132
38.982
39.4989
43.9817
50.4211
40.5837
53.0597
40.4868
40.2145
36.313
51.8372
40.7177
39.719
39.9925
53.0503
37.1427
36.3493
36.3768
36.3776
41.2381
46.0586
39.5536
44.8508
46.2231
39.7527
38.1086
50.8749
40.7829
47.4462
36.4382
36.3742
40.3967
71.7281
39.7677
46.7766
86.772
53.7037
39.3829
36.3285
40.6654
39.0044
67.145
36.414
41.1166
41.5668
36.2951
37.2624
41.6489
40.3006
39.418
36.5353
37.3532
39.3521
40.4404
36.3552
36.3504
40.9948
42.6092
43.185
62.0289
40.4084
39.7566
49.185
41.3449
41.1232
39.7662
46.5012
44.5102
39.3302
36.3373
53.3922
38.2045
39.5044
41.1725
71.1578
51.9163
51.6664
53.8435
50.653
40.8286
36.3373
40.0764
42.5636
39.1723
65.8478
41.8563
63.4878
41.3748
46.5738
40.8279
40.49
55.0087
46.4545
39.1909
50.8491
36.606
36.3155
39.4985
41.4672
55.5422
39.8626
47.2153
40.2927
39.8782
39.4674
40.1042
40.4736
41.6808
37.0422
39.6909
37.2362
39.7658
37.5311
47.025
36.3665
44.4726
40.0772
40.0574
44.9189
40.7765
40.5659
40.2323
42.7467
40.049
40.614
40.5137
39.0232
40.5212
42.4342
55.0371
48.4372
43.2155
36.7687
36.3088
40.4784
37.9622
41.0196
36.4026
37.6252
44.7647
40.0583
36.4335
65.1255
40.2928
40.1919
39.1356
39.7995
37.8214
42.1672
48.6215
42.549
36.7424
38.0919
47.0143
36.3235
41.8496
73.7763
39.8363
40.1012
39.1773
41.4264
40.974
52.538
36.3596
36.4336
45.6956
41.8741
37.5925
49.1229
40.7403
43.0237
41.0559
49.4746
36.4179
40.1559
39.6906
37.6728
39.6251
40.87
39.7381
40.2169
40.0938
41.4567
39.7841
41.6225
39.0184
39.7214
48.6205
39.4672
42.3313
39.2684
39.497
40.0987
36.4089
41.3408
41.3546
40.448
59.1503
47.116
39.2178
39.9253
41.0047
56.7461
40.4962
45.2252
38.5998
46.5543
36.6467
37.5621
44.8353
39.2101
42.8369
39.3535
36.3252
51.8832
41.648
41.7691
36.2994
36.3806
39.1802
40.2115
39.6862
44.1575
48.8131
40.1455
39.9364
39.9422
40.2066
56.1485
39.6649
40.1173
46.7146
43.9014
48.7103
41.9073
39.9158
42.1376
39.6399
40.071
37.1921
42.73
40.3639
42.0509
41.6301
38.5366
37.998
40.5335
40.8125
39.7964
95.1411
40.6167
54.0856
40.9004
45.445
40.5176
42.6451
39.3052
38.1382
39.6931
37.6017
37.4452
39.9132
44.4855
38.0033
40.713
41.0736
39.5615
38.7067
39.6519
39.3079
50.6416
40.3711
39.303
36.3777
56.8253
39.2253
38.1608
38.7481
46.6932
59.1979
41.3742
37.416
42.0279
39.1517
38.9547
39.7475
38.3874
41.5683
40.3979
39.473
46.5305
45.4526
36.4718
43.3037
39.0604
47.37
42.8153
40.2105
43.9209
41.5653
40.6418
40.0539
39.2993
39.7371
40.7237
41.3548
40.5088
37.1357
36.6378
68.4502
36.3931
39.9126
38.4475
36.4299
40.5393
39.5222
45.9253
40.3941
40.3925
39.0455
75.5206
41.658
40.4856
41.1071
39.8518
38.9182
51.1375
39.7621
39.2293
57.0256
39.729
42.9879
40.31
41.4213
36.3995
39.6094
41.9523
41.0036
40.2475
39.0779
37.8396
36.4123
43.1668
36.3338
42.8686
42.4471
47.2207
36.329
39.7844
41.5271
39.7292
36.3972
38.8523
36.4143
48.6416
39.8562
37.696
44.5314
36.3695
36.3774
36.3834
41.0943
39.3425
39.2936
64.1394
36.3609
47.8292
40.015
39.7567
42.7336
36.3817
39.9824
40.0867
40.4417
69.7378
40.3218
36.3698
36.9237
39.2949
40.4761
39.3799
48.8301
41.6533
36.3499
39.801
44.9057
40.686
47.1229
41.9826
40.5648
39.8528
39.211
42.3495
40.6546
36.3032
41.6126
40.67
39.8421
38.8536
41.9497
85.7107
45.2758
38.8165
39.8013
40.4925
50.2565
36.7568
39.9926
55.5106
40.3733
38.7126
39.1036
39.7725
39.6769
43.9699
36.4169
45.4403
40.1105
40.4057
46.6964
51.9123
40.6629
39.7041
39.0462
51.2592
38.9106
50.0793
40.7023
36.3595
39.4416
39.8878
38.9899
46.7077
51.8442
40.3296
42.6204
39.3811
40.3542
39.4986
62.6542
39.706
43.2784
40.9981
40.4469
39.1679
37.435
39.21
39.6097
39.0868
45.3602
40.4215
41.2306
40.6374
40.1263
37.4458
40.166
38.0588
39.2072
44.3382
40.6279
36.3698
44.3833
41.3642
59.3173
36.3744
46.082
36.4381
39.2492
50.0851
39.8691
39.7669
42.2045
40.4737
40.5121
40.3197
39.4377
36.4071
39.8632
39.9881
39.9356
40.815
48.2061
38.2265
40.5183
38.9493
40.1872
38.4682
40.1489
39.8405
36.5481
36.4058
39.0128
39.8903
52.133
40.6674
37.9848
40.4102
36.4125
39.2308
40.3688
40.9453
39.5639
44.1768
39.7348
48.6768
41.1727
38.8242
37.0107
36.3689
40.8612
98.4497
38.6481
39.6975
36.3458
37.56
36.3488
47.8149
39.7775
36.3371
36.3516
40.5132
36.3378
57.2804
39.9026
41.0082
41.3749
39.5023
40.0479
40.4775
40.121
39.1178
39.1416
39.5676
36.3935
39.4031
47.9806
39.5412
36.7994
40.5471
39.8107
41.88
36.286
36.4053
38.723
41.0347
39.1502
44.5627
40.5327
36.3696
39.6636
36.3692
36.3478
40.0544
42.5987
42.1961
36.292
48.0872
46.76
45.2751
36.3453
40.9672
36.3242
39.5138
45.2382
39.7822
43.0524
45.4995
38.9216
41.131
45.1508
41.1606
40.7326
39.9964
40.8633
90.1182
38.7134
39.3111
36.3771
40.0659
36.3521
67.3882
39.7914
40.4312
42.0708
39.856
67.416
40.7523
41.3488
40.4045
50.0532
36.3254
40.1812
40.9276
37.3305
39.307
38.7712
36.5247
40.4802
39.4031
41.3048
39.4861
37.486
53.8392
39.8516
53.8568
38.6216
36.9211
39.6717
36.3336
40.5051
40.221
41.3086
40.429
39.7849
47.9767
45.0187
38.8379
36.4344
41.648
45.0658
39.9356
41.8717
43.1406
53.0863
36.3798
64.0528
36.4084
40.2034
40.0909
39.3599
40.9528
39.7266
39.0778
41.2211
55.4789
40.2073
40.3501
46.3786
41.4972
36.6799
40.0934
42.3318
39.9587
41.0466
40.8252
39.234
36.3761
39.9558
40.8061
49.7323
47.7014
39.8423
40.7195
36.3901
40.964
39.2843
36.3315
37.7542
40.0643
49.6255
40.0327
40.9822
40.0963
47.3199
76.9259
39.6387
39.7518
43.2464
41.2853
38.4844
40.637
41.5582
41.1124
36.3546
41.1971
47.32
38.6779
39.9786
87.252
64.1668
40.7375
40.1491
39.6408
40.7489
41.6844
39.6446
39.4756
39.3666
39.5999
36.396
39.5674
42.7362
39.4787
41.9841
36.3545
37.4386
40.8635
80.2521
36.3651
67.7023
40.8003
39.0829
99.4808
36.3584
44.6243
40.1413
39.5521
41.8633
40.3168
40.5731
40.6125
51.7228
40.0392
42.7936
40.1501
48.6706
41.8039
41.0322
57.6436
39.0586
41.0799
36.3548
36.3856
40.8127
49.7732
39.31
39.703
39.3241
45.2511
36.3542
39.8008
38.97
44.4177
45.7143
52.7115
39.3568
40.6595
38.1003
44.6191
44.0422
40.6111
39.9593
42.4716
40.9818
40.9648
48.6032
36.3419
36.353
38.1808
37.143
41.2058
40.8931
38.9706
52.3464
42.9426
39.4288
39.531
39.6151
41.9042
41.1319
58.9032
48.0571
39.6942
39.8235
36.8939
41.7378
40.7671
38.5065
40.2999
40.2037
40.0313
56.6829
40.2767
40.0231
38.89
40.5071
38.9356
41.0926
39.4842
40.5665
39.7007
40.5368
39.9673
42.8312
36.3823
39.0818
40.2866
39.4979
40.7669
43.1186
40.507
39.8311
40.3737
47.5852
40.1188
41.5928
39.6616
61.003
46.9085
39.7086
36.4011
38.9511
51.2106
38.6248
40.9903
50.4324
39.6278
40.2705
41.3388
38.7
39.6273
39.9968
44.5295
37.757
47.9835
58.9706
45.6183
36.3564
40.1802
39.9725
45.6589
39.5586
38.7576
38.6367
39.9465
40.2218
36.3339
38.8796
52.958
80.0516
92.1152
50.5401
37.4432
41.1358
40.8973
41.5125
41.9372
39.8415
52.524
40.1041
39.3009
38.2503
40.6044
41.5736
36.6225
39.4759
39.8128
39.967
36.3362
40.2991
39.1052
39.6889
36.3497
36.658
41.8373
37.5508
43.395
40.2461
38.6583
39.8814
38.7724
39.8123
40.1376
46.6272
58.2191
41.6407
46.396
53.8261
36.3473
40.4744
43.0294
40.4895
42.9315
58.5994
40.0467
40.3383
39.5637
40.5651
43.4423
37.7319
44.5911
37.4235
41.2822
36.3711
40.1153
40.819
37.8556
36.3474
40.9734
41.2022
53.6759
42.2053
36.348
38.0685
41.4971
40.8405
44.1381
45.5333
36.3488
38.964
40.3272
41.497
39.3681
46.9258
39.5212
37.3032
39.1625
40.1121
37.8214
40.9483
38.6275
40.2983
39.5296
45.507
52.293
36.3657
40.1491
40.3951
39.9612
89.6193
38.4086
38.6053
36.3535
40.9101
45.8026
55.335
38.9695
39.6597
40.5696
40.4938
38.734
45.3739
39.812
40.9185
41.3363
42.995
37.3794
36.3648
40.237
41.3701
37.4427
39.8072
49.6148
39.7927
40.3495
40.0271
84.6753
37.365
37.1909
39.0997
46.4145
45.9498
44.583
39.5428
38.743
40.4767
36.373
40.6577
39.4114
40.2016
37.1962
39.3394
52.0214
38.6092
40.4359
60.0293
40.3929
39.0661
72.0411
39.1959
37.7068
40.025
40.8718
39.7616
48.9641
40.7253
42.0898
39.7579
38.4647
36.4073
44.7032
53.7311
39.9104
40.5914
41.7557
36.3986
39.6314
46.9382
39.7476
40.2187
40.7367
37.885
40.1104
37.9392
47.5361
45.0534
54.6125
39.072
39.6518
38.9135
40.0867
40.8589
40.2816
43.7138
39.8527
40.1264
38.8683
39.0462
41.2532
36.3444
39.7917
47.8624
40.7905
39.363
37.6877
38.8124
93.53
69.2571
46.8755
47.1742
56.3626
40.3748
39.6104
40.4818
41.0449
40.0383
39.6477
41.1667
44.6116
41.0271
39.756
40.9988
40.1845
36.3788
40.6388
40.5919
36.3656
41.0444
36.3643
39.683
36.3639
57.2162
40.9189
44.9814
40.0686
38.4124
46.4239
37.8675
41.3662
39.0153
39.4053
41.8486
44.4396
44.9412
43.6869
39.5907
38.873
46.3885
44.7221
40.6422
45.7833
39.9699
39.3167
38.247
43.6033
36.3786
54.4385
43.9504
36.3493
40.255
39.9338
39.5345
36.4055
45.799
39.5686
41.6667
39.5483
42.0166
48.6515
41.0382
36.3279
39.2082
37.5238
38.994
36.3626
36.388
40.2164
39.9383
43.1024
44.5116
40.0933
39.2182
38.0617
36.3265
44.736
43.2812
41.5367
45.258
41.6382
40.2812
45.1396
36.3895
40.1518
38.4557
44.3112
37.3593
36.3711
43.3841
36.373
40.7742
40.7988
45.3492
36.3401
36.3312
51.3484
93.8606
40.2919
39.3488
42.4019
36.4082
39.5531
38.0742
40.2891
41.1546
76.7198
39.3305
50.3753
40.6997
52.1793
55.5723
39.7774
53.2773
39.9528
56.4018
44.1187
36.349
39.4135
44.8446
47.1607
39.5826
40.0879
40.0571
39.535
39.7669
40.5588
70.5141
39.3053
42.5061
40.5685
41.1162
39.8901
39.1455
47.6273
63.7383
40.476
43.1919
40.9507
55.4064
40.8026
36.7029
38.9712
40.1666
39.2823
40.0181
39.6347
37.3776
42.2887
41.3513
39.106
112.236
40.8735
38.0329
40.2807
38.3189
36.3107
40.1882
40.1871
54.9725
44.7925
39.9388
40.3702
40.476
40.5876
39.4778
40.5017
50.6272
39.4087
40.3045
50.3956
36.3903
45.9425
71.8431
40.1137
39.4814
39.8112
55.9916
40.851
39.623
40.6895
39.7463
36.3529
40.9121
39.1023
39.73
40.5155
40.2411
36.3637
40.2056
37.6734
39.3971
36.3548
40.0257
39.0755
39.4519
36.3436
40.2597
41.2933
47.9881
37.9735
50.929
49.9109
37.989
60.1925
39.6565
40.1409
43.6851
40.3563
38.2121
36.3293
40.4904
36.3403
40.1875
37.2985
41.1277
39.4622
39.4856
40.9343
40.0171
52.2994
39.5782
40.7933
49.6865
40.9708
65.4473
39.7212
36.3205
47.7884
39.2085
38.9357
41.1092
38.9957
39.7307
36.3561
40.0165
38.5959
75.7901
44.2331
36.3248
40.0432
39.5496
71.0746
36.4071
39.7696
40.3095
38.768
40.314
36.4028
48.3494
40.2629
41.0274
38.9364
40.7297
47.9834
39.7835
39.7104
36.3765
46.1245
75.6324
36.355
46.8667
39.8386
62.6398
37.5531
46.1649
43.5326
36.3144
39.2865
39.2857
40.8601
42.0571
40.0708
40.9343
38.7341
38.8784
36.4562
39.0695
45.9285
40.9667
41.1248
40.0023
39.9241
40.1282
40.073
40.0131
51.8563
43.7568
50.6852
39.58
49.5075
38.902
40.3061
38.9579
36.3644
44.7268
39.4221
40.733
47.232
38.9995
39.5638
39.889
38.6454
40.9552
39.8133
46.182
46.4143
41.2904
38.8592
40.4625
38.9244
41.0017
36.335
40.4973
40.0534
40.0563
39.0767
39.3617
45.2797
99.4756
43.2141
36.3664
39.1611
40.7173
43.4821
45.6496
55.3313
39.008
39.2858
38.5904
37.7392
60.5297
41.4774
36.9809
64.2677
38.7992
36.3735
39.3092
40.6311
39.707
41.0903
45.8727
39.5059
64.8918
36.3061
39.2937
41.2196
39.7501
39.1313
46.2186
40.1803
40.1424
45.788
40.0765
39.2674
40.9936
36.5287
54.9386
44.7023
39.4528
41.1451
40.6794
37.5495
37.9347
57.7319
43.9955
39.4184
42.3711
43.3039
42.5672
36.3525
41.0563
39.997
40.9103
39.7263
39.6008
47.2857
61.6233
37.9028
36.3713
39.8232
45.5439
48.0617
40.7402
41.4749
40.7144
42.5845
40.1054
40.4359
41.0393
51.2371
36.4255
38.8444
50.8787
41.4731
38.9696
46.2231
36.398
39.3163
39.6087
43.6895
40.3176
40.1546
36.9136
41.1374
40.5488
39.1251
87.3914
38.9979
39.5175
43.4177
40.3587
36.3685
41.8973
40.5057
40.4256
39.3712
50.8572
39.5485
40.6427
55.7009
39.4415
39.2736
46.0964
36.4043
39.6618
40.1219
40.3824
53.6603
37.973
40.5297
36.5176
39.1683
39.7709
42.9254
39.8576
85.4347
45.0898
40.6847
40.745
39.0865
36.4075
38.9583
40.0768
38.3908
48.8562
41.1563
41.7722
38.6054
40.1851
36.357
39.1244
43.6603
36.4097
54.1245
40.4547
41.501
40.7985
40.7255
39.3368
41.8866
39.2017
39.4399
40.0367
39.6885
45.7595
47.6171
43.6502
48.1687
40.7666
39.905
39.4351
39.4718
43.9925
37.55
39.5374
46.501
36.338
39.6496
36.6374
40.7682
39.4936
42.5906
45.7233
40.0486
39.1058
37.6946
38.7531
51.1069
36.4124
39.851
40.0981
50.628
45.7556
41.894
36.7891
40.992
39.263
36.368
41.8303
39.6505
40.5386
36.3937
39.2348
40.4239
39.6408
37.3371
45.5009
38.7832
51.2209
40.8221
44.741
41.3923
39.6002
41.5991
40.4096
40.1606
45.7825
38.9366
38.8517
39.2206
39.389
40.7265
39.8895
39.9671
41.9496
40.9078
55.5254
55.223
40.372
36.4193
47.7224
39.958
60.0465
39.4676
48.6978
36.3347
39.4036
40.4124
39.6699
47.6162
40.7864
36.3754
41.0582
45.204
39.7388
38.9019
41.3917
38.6028
38.4479
39.8499
39.6912
40.0647
59.7876
39.1703
47.2694
39.4363
40.0311
38.3984
41.3993
38.5329
38.5993
41.4174
44.0641
37.1579
39.2857
39.1998
48.1737
39.1895
40.8611
38.6177
46.811
49.388
40.882
45.7922
40.6701
47.2968
37.8233
48.524
51.1049
39.1706
43.1606
40.797
43.2311
40.2737
36.3301
46.8691
47.1161
40.9971
40.7363
48.9049
39.9062
40.8124
40.729
42.4699
40.4781
36.3648
41.0116
40.8429
36.3154
39.6262
38.8992
39.228
43.2575
40.0148
43.1751
40.3861
40.2364
40.1782
39.7443
38.9182
46.12
39.208
39.8569
36.3778
39.5066
39.9296
39.9601
40.2994
42.5047
40.0707
40.6473
43.2328
38.8073
40.6111
38.2186
40.1316
38.6615
51.1851
40.0924
36.3236
40.0286
40.068
43.9492
41.0521
42.7843
40.2868
36.4057
40.2333
41.6529
61.1941
40.1488
36.3781
40.9448
43.3725
49.6477
37.4274
43.8528
39.0661
40.6702
44.5154
37.3005
39.5656
36.3754
76.4857
53.4613
43.0368
54.7133
36.344
41.927
39.6701
40.912
43.2238
39.7593
39.3466
42.2924
36.399
39.7891
42.9692
39.5536
44.5804
45.5182
42.1637
42.0011
40.2716
39.563
37.5608
41.1165
75.5843
39.5837
39.9133
40.5554
45.959
41.3038
39.5128
41.2549
42.8531
40.7322
39.9609
39.9501
36.3127
54.2159
36.7034
79.1541
40.562
39.3022
39.4967
44.4371
44.9005
40.0829
36.52
37.3057
39.5814
44.847
40.0304
38.9062
40.9461
39.9903
40.3045
39.567
39.2885
55.3812
39.6217
42.5083
40.6806
40.5458
40.3017
41.6457
41.0007
36.3824
46.9818
43.2641
40.4521
41.4381
39.8151
40.0488
47.4425
46.09
39.495
39.2612
38.6803
51.42
39.5179
41.8243
47.1748
44.7166
47.6308
36.3866
38.9677
53.3944
38.9664
36.3068
39.6221
40.4521
41.2325
41.3288
39.8334
44.087
40.1939
40.3455
40.0475
52.185
39.9672
39.4871
39.7091
40.2537
39.4391
40.5288
56.4919
40.5043
40.9409
36.3438
41.0558
39.6248
36.4811
41.2844
36.3426
37.761
39.9278
39.548
39.7783
39.6596
42.5847
45.2455
54.5635
46.5778
41.1479
38.7475
38.7875
40.0113
40.5103
41.2783
39.7937
39.1306
41.2339
36.3959
41.2981
44.0395
40.3541
38.5873
41.1271
39.3194
39.7182
47.402
39.5143
43.766
40.2591
41.3146
42.4694
39.717
44.5033
44.9659
49.0281
39.5324
39.8596
40.479
38.0172
39.3874
39.1713
41.7497
36.3922
40.5561
36.3942
39.4552
50.8152
97.9764
39.7004
40.2062
41.4975
40.8192
39.4346
38.0065
40.347
40.0691
40.0183
36.6673
40.647
39.2501
36.8572
40.9084
40.7934
39.3952
40.1017
41.2387
39.9307
43.3856
40.7812
39.6688
39.6558
38.0546
46.0479
40.5861
49.3824
39.2414
36.3851
39.0768
39.6849
36.3771
40.5037
40.3284
39.7375
36.3827
41.5868
36.3153
39.9521
36.3731
40.3844
40.8191
39.042
42.0583
46.2756
38.8709
43.7356
40.7151
40.5035
42.1072
39.6575
49.2639
52.129
39.992
41.0378
39.3194
42.4957
43.4639
38.8883
39.7454
46.1075
36.4547
40.8652
38.054
48.3457
39.5727
40.4696
39.2105
36.3858
44.0471
43.8646
36.3697
39.5758
39.83
49.1028
40.7622
40.258
44.4807
40.9495
41.0612
39.0706
39.6286
39.4406
41.6733
37.4412
40.1042
52.8183
39.5242
51.4428
39.8317
39.2057
62.704
40.3647
36.3195
39.9115
36.4249
44.0141
40.51
39.5261
63.5038
50.5477
43.4792
40.3896
37.1327
39.6917
51.5119
37.6877
41.481
40.6554
40.8916
39.0146
36.3383
44.7921
39.1763
46.939
40.9154
41.9339
53.6148
48.8908
36.3989
40.2827
40.4171
40.9176
36.4239
41.2445
40.2579
39.606
40.169
40.0924
39.5719
39.3318
40.0618
39.6579
36.8546
37.8834
41.6571
36.3234
39.7185
39.9482
40.0985
39.2414
40.1663
39.8945
36.4886
52.8016
40.9553
39.2851
40.4458
52.171
37.9941
36.3264
36.36
39.9401
36.3565
38.301
39.9888
36.3337
40.3973
37.5535
40.3543
39.7195
53.5191
36.3559
36.3809
39.6008
36.3205
39.8072
41.981
40.764
40.2016
37.5569
41.3217
39.4177
36.3768
40.328
40.379
37.123
36.3355
38.1855
39.8093
37.9761
40.0265
37.539
36.3317
40.072
41.9012
65.5496
39.1646
47.3859
39.4097
39.7471
36.3588
40.4219
47.5695
40.54
39.4726
39.9673
39.0611
36.3105
39.4595
54.5178
41.5416
39.5493
40.1145
36.5409
39.4233
38.5842
53.6098
90.4691
40.9338
39.5816
40.5385
39.8416
42.6604
43.4963
39.2857
40.9061
41.0222
40.0998
36.3555
40.4674
36.9532
81.3718
39.8184
47.6292
36.4487
42.3748
39.658
41.4657
36.4368
40.4461
39.1183
39.603
44.1392
40.109
36.3309
40.6558
58.9891
40.1306
36.4095
40.4758
80.8724
46.2606
39.3251
39.2901
39.3568
40.2004
39.5532
41.5891
39.0488
38.0488
40.5614
39.2913
42.4632
42.3716
39.6678
39.2197
92.5054
36.3934
36.2808
36.3487
36.3538
36.7146
40.0851
36.3706
40.4972
39.6055
40.182
48.1187
39.5682
40.0933
40.8557
40.0158
41.6326
41.196
47.1883
38.4905
39.9195
39.0096
37.3693
47.6715
36.3903
40.6104
38.103
81.5083
40.5729
36.3728
40.6728
41.5523
45.813
39.6455
43.2216
40.2361
43.1809
41.5842
40.7288
38.037
71.2579
36.3387
41.907
45.2183
43.799
44.704
39.0546
42.8665
39.8853
42.0177
64.2947
94.3506
39.9683
37.9556
81.1471
39.0156
36.3951
39.6437
40.2698
40.2765
40.3924
64.6296
39.0041
39.7052
42.1649
57.6461
36.2896
67.6477
36.3324
41.8495
53.4886
40.086
50.1571
43.2746
43.3782
39.6762
36.3482
39.728
39.4
36.3765
38.6579
40.2072
46.2907
39.155
41.2452
41.1093
39.4673
39.3953
36.2757
40.5348
36.3232
40.7084
70.9607
40.4919
41.1371
45.7877
52.1783
38.9377
37.6614
40.0384
38.3695
46.6232
36.3355
38.966
36.3953
69.9326
53.0554
39.9559
44.4824
39.8832
45.0337
39.24
42.2184
40.8117
37.4051
40.1846
39.5238
50.4913
38.3733
39.148
36.3793
39.5141
45.0545
40.403
39.9266
40.4204
39.9532
36.4066
36.363
38.6066
36.3522
66.7075
39.1467
41.4451
43.6184
39.9291
39.8415
41.4662
37.5801
41.6711
40.0995
43.6631
57.4651
39.2593
51.3838
36.3484
47.704
48.9549
48.8142
42.5194
39.5826
39.592
46.3829
54.6164
37.093
41.6441
36.3568
40.2629
40.0346
47.5254
57.4505
42.6512
40.3493
39.0084
39.8459
39.1038
42.4665
40.3796
39.0819
36.353
44.7385
41.4022
53.789
37.8391
36.3968
39.5229
71.3147
41.3873
39.8269
38.9132
38.9647
44.011
39.3656
41.2573
46.9956
38.5875
39.804
50.2998
36.3694
39.8389
40.5735
36.3096
39.5786
36.3307
48.2681
36.3307
42.5166
39.5037
38.7837
39.4242
44.4767
36.3566
43.2685
40.2414
36.4382
41.3643
41.7289
39.3037
37.2284
40.3415
38.7951
40.9612
57.9906
57.9588
90.1511
38.7704
39.1022
39.39
40.9921
38.6734
40.6518
40.4253
40.6884
40.1985
41.9933
45.4732
40.9342
40.024
55.6722
45.1683
38.4811
41.8985
39.9032
37.8225
39.6245
40.7441
45.0222
36.3594
38.8323
36.3433
39.3983
40.0801
36.3711
36.3684
49.7854
41.9736
40.2758
47.151
39.9768
41.9423
39.2032
40.7198
39.3196
40.1239
39.858
40.239
47.5801
73.3422
39.7236
39.5356
61.7572
45.9113
41.2209
40.6334
53.4253
40.1891
45.0401
67.1558
37.0651
37.8595
41.8853
44.7822
38.1892
36.3873
39.788
40.2401
36.8699
41.4327
92.7541
36.3577
40.7673
66.7652
39.4566
46.6755
43.1599
44.0981
57.3309
39.3278
39.6682
90.8827
40.2603
39.0742
39.5047
40.9542
45.7975
39.5282
39.067
36.3014
44.2969
36.3801
36.3897
39.0779
36.5967
41.1932
42.8012
38.8905
39.9396
55.1225
40.6501
39.1244
52.0133
42.0569
80.7577
39.8474
36.3846
53.18
40.7511
40.7121
44.9559
39.9869
43.2432
43.2141
39.864
41.2861
47.4515
39.9042
54.4806
39.5959
40.4196
86.5414
39.4097
40.3672
47.0416
40.7402
40.8991
40.9741
36.437
39.6266
50.9836
38.5093
47.3157
40.147
46.9703
40.6744
53.489
36.3613
39.4569
36.3456
36.3413
39.6444
39.4289
40.5345
47.9391
40.6531
41.5167
41.8925
40.4023
60.1089
40.9655
40.4811
40.6812
38.7897
40.0377
39.7197
50.6932
39.9327
42.0204
47.0744
38.2712
40.3647
39.3346
48.4181
42.4154
40.4824
40.3941
51.5416
38.8706
41.23
39.7195
39.0707
40.1249
38.6441
40.6004
41.327
40.2112
39.6741
74.5233
36.3516
41.133
40.5028
40.399
36.3224
36.3858
39.5776
51.1669
49.2104
36.3292
41.0698
50.2441
44.3043
49.2258
41.7591
41.0002
40.7217
40.3644
48.2116
36.4037
48.848
42.0188
41.5755
39.9462
46.9717
37.4382
39.9327
36.5193
40.0519
67.4636
36.353
39.8598
40.2145
40.1944
41.8217
46.6761
40.3227
45.0811
37.1281
36.4725
99.9058
41.1613
39.6254
81.0155
37.9645
51.0648
39.8623
36.4316
36.413
41.9713
36.4363
40.1989
39.9937
36.3674
40.5824
40.4398
40.8938
40.0148
40.0895
37.9442
36.8044
40.1136
38.8586
42.2497
40.559
37.7405
39.2454
75.8266
52.0893
39.8503
53.8696
56.9532
40.155
39.621
40.7745
46.6155
44.7369
40.4342
39.3081
41.251
39.4409
36.4099
51.0938
39.1603
