3.425180017948150635e-01
1.359359979629516602e+00
8.734170913696289062e+00
1.424819946289062500e+00
3.645249903202056885e-01
3.166489982604980469e+01
6.935609817504882812e+00
1.182339936494827271e-01
9.090780019760131836e-01
1.041169929504394531e+01
3.616180181503295898e+00
1.644379973411560059e+00
8.844829797744750977e-01
2.246789932250976562e+00
1.112210035324096680e+00
4.680409908294677734e+00
4.375800132751464844e+00
9.007489681243896484e-01
1.135990023612976074e+00
4.467000007629394531e+00
2.647439956665039062e+00
1.316720008850097656e+00
4.939310073852539062e+00
2.207469940185546875e+00
1.733839988708496094e+00
5.004829883575439453e+00
5.695230364799499512e-01
2.873239994049072266e+00
6.465150117874145508e-01
3.737149834632873535e-01
2.582700014114379883e+00
1.402680039405822754e+00
1.654700040817260742e+00
7.940989732742309570e-01
1.544899940490722656e-01
8.098179697990417480e-01
1.560410022735595703e+00
7.943869829177856445e-01
7.732189893722534180e-01
7.047069668769836426e-01
4.578869819641113281e+00
4.066240042448043823e-02
2.482750177383422852e+00
1.792649984359741211e+00
1.870300024747848511e-01
6.950590014457702637e-01
1.879650056362152100e-01
4.154660105705261230e-01
1.930939912796020508e+00
8.116739988327026367e-01
1.151469945907592773e+00
4.340479522943496704e-02
1.324470043182373047e+00
6.001760363578796387e-01
6.376990079879760742e-01
2.523790121078491211e+00
7.345150113105773926e-01
5.969240188598632812e+00
1.427559852600097656e+01
4.063790321350097656e+00
7.511420249938964844e-01
3.771910190582275391e+00
5.497279763221740723e-02
1.325270080566406250e+01
1.273319959640502930e+00
1.835729980468750000e+01
5.672000050544738770e-01
8.663139939308166504e-01
7.886080265045166016e+00
5.039680004119873047e+00
3.029699921607971191e-01
8.834049701690673828e-01
5.111359953880310059e-01
1.954660117626190186e-01
3.282780051231384277e-01
2.409509897232055664e+00
6.280670166015625000e-01
4.068439960479736328e+00
1.367290019989013672e+00
5.134139657020568848e-01
5.702620148658752441e-01
2.047960042953491211e+00
1.218260049819946289e+00
1.253680133819580078e+01
5.462960243225097656e+00
8.725010871887207031e+00
1.654749959707260132e-01
4.595669746398925781e+00
2.579070091247558594e+00
7.886209964752197266e+00
8.226219177246093750e+00
2.667730093002319336e+00
1.224799990653991699e+00
2.625659942626953125e+00
6.145039558410644531e+00
8.396350145339965820e-01
2.461959838867187500e+00
3.358079791069030762e-01
1.459500122070312500e+01
2.908930182456970215e-01
3.344990015029907227e-01
2.233220100402832031e+00
2.052580118179321289e-01
1.092440009117126465e+00
2.879759788513183594e+01
5.480940341949462891e+00
6.197440028190612793e-01
3.091170072555541992e+00
3.155459880828857422e+00
6.285200119018554688e+00
5.816699862480163574e-01
2.203520201146602631e-02
4.011399745941162109e+00
1.350260019302368164e+00
2.307420015335083008e+00
7.945559501647949219e+00
1.024780035018920898e+00
3.005149960517883301e-01
2.761820077896118164e+00
8.588849067687988281e+00
3.470600128173828125e+00
9.312319755554199219e-02
9.563509941101074219e+00
3.778530061244964600e-01
1.430029988288879395e+00
5.798079967498779297e-01
6.648319959640502930e-01
1.994429945945739746e+00
6.825339794158935547e-01
7.817920297384262085e-02
3.778530061244964600e-01
2.035320043563842773e+00
6.285820007324218750e-01
1.262840032577514648e+00
3.694050312042236328e+00
5.012900233268737793e-01
2.388240098953247070e+00
7.268249511718750000e+00
6.017019748687744141e-01
2.367170095443725586e+00
1.728800058364868164e+00
3.273399829864501953e+00
8.066249847412109375e+00
6.713900089263916016e+00
1.367820024490356445e+00
1.421049952507019043e+00
1.100049877166748047e+01
3.450910151004791260e-01
1.127249956130981445e+00
9.288830161094665527e-01
1.843379974365234375e+00
1.427579998970031738e+00
4.631999880075454712e-02
7.712709426879882812e+00
7.400960475206375122e-02
8.868259787559509277e-01
1.129769992828369141e+01
6.872799992561340332e-01
6.559380054473876953e+00
1.529909968376159668e+00
3.445320129394531250e+00
2.877070188522338867e+00
5.266020298004150391e-01
3.571030139923095703e+00
6.175039708614349365e-02
6.697919964790344238e-02
1.242689967155456543e+00
1.301869988441467285e+00
2.063809871673583984e+00
1.365569949150085449e+00
8.225629925727844238e-01
1.842880010604858398e+00
1.745000004768371582e+00
5.607949733734130859e+00
2.961220026016235352e+00
1.537339985370635986e-01
1.080719947814941406e+00
1.630569839477539062e+01
1.753410148620605469e+01
5.682179927825927734e-01
3.888750076293945312e+00
2.300570011138916016e+00
3.056999921798706055e+00
3.840189874172210693e-01
1.978440046310424805e+00
1.754840016365051270e+00
1.118680000305175781e+00
9.408289790153503418e-01
1.079919910430908203e+01
3.027650117874145508e-01
1.241409927606582642e-01
1.490239977836608887e+00
6.521570086479187012e-01
1.763619929552078247e-01
3.902920007705688477e+00
7.328410148620605469e+00
1.867570042610168457e+00
1.359359979629516602e+00
1.353299975395202637e+00
2.511899948120117188e+00
6.423830509185791016e+00
7.531620264053344727e-01
2.668420076370239258e-01
4.338879883289337158e-02
1.642059898376464844e+01
6.198139786720275879e-01
8.004330635070800781e+00
1.751739978790283203e+00
4.833869934082031250e+00
4.639099836349487305e-01
7.231230139732360840e-01
8.725010871887207031e+00
2.220760107040405273e+00
3.290970087051391602e+00
1.073469996452331543e+00
6.582539558410644531e+00
1.188160133361816406e+01
1.056779980659484863e+00
1.060310006141662598e+00
5.088739871978759766e+00
9.554820060729980469e-01
1.141410064697265625e+01
3.231400012969970703e+00
9.805519104003906250e+00
4.692950248718261719e+00
3.683290243148803711e+00
6.580770015716552734e-01
1.344539999961853027e+00
2.219069957733154297e+00
4.904940128326416016e+00
6.191200017929077148e-01
1.786200046539306641e+00
2.344190025329589844e+01
3.747870028018951416e-01
7.548989653587341309e-01
1.755509948730468750e+01
4.478589892387390137e-01
8.803920745849609375e+00
4.500490188598632812e+00
4.730690002441406250e+00
2.081789970397949219e+00
1.399900019168853760e-01
2.476150035858154297e+00
3.672439813613891602e+00
8.330590128898620605e-01
2.207469940185546875e+00
1.043370008468627930e+00
1.663239860534667969e+01
1.761890220642089844e+01
2.589359998703002930e+00
1.031480026245117188e+01
5.931200459599494934e-02
3.336709976196289062e+00
4.336500167846679688e+00
1.964310264587402344e+01
4.588389873504638672e+00
