4.679482877254486084e-01
1.252580642700195312e+00
5.623825073242187500e+00
1.832043647766113281e+00
3.898862600326538086e-01
1.671927452087402344e+01
5.203745365142822266e+00
2.197042405605316162e-01
2.597839832305908203e-01
1.725402259826660156e+01
2.043593883514404297e+00
4.291551113128662109e+00
1.416665077209472656e+00
2.391411066055297852e+00
9.289794564247131348e-01
3.312218666076660156e+00
5.724027633666992188e+00
7.599315047264099121e-01
1.310766696929931641e+00
4.391813278198242188e+00
2.499985694885253906e+00
1.450162887573242188e+00
6.771682739257812500e+00
2.193008661270141602e+00
1.753229737281799316e+00
4.753778457641601562e+00
5.243048667907714844e-01
2.762741565704345703e+00
6.109312772750854492e-01
6.193085908889770508e-01
1.843199968338012695e+00
1.209833860397338867e+00
1.691489577293395996e+00
6.604043245315551758e-01
1.406409740447998047e-01
9.767050743103027344e-01
1.625073552131652832e+00
7.153071761131286621e-01
8.118647933006286621e-01
7.624757289886474609e-01
3.809515476226806641e+00
4.890877753496170044e-02
1.909371614456176758e+00
1.576454997062683105e+00
6.628164649009704590e-01
7.953559756278991699e-01
3.034417629241943359e-01
4.790811538696289062e-01
1.457615494728088379e+00
7.299254536628723145e-01
1.431407690048217773e+00
3.446919620037078857e-01
1.717183709144592285e+00
3.413717448711395264e-01
5.448075532913208008e-01
2.295372486114501953e+00
5.349354147911071777e-01
4.595871448516845703e+00
7.536869049072265625e+00
6.400566577911376953e+00
8.064925074577331543e-01
3.688776254653930664e+00
4.484960734844207764e-01
1.593111801147460938e+01
2.297220468521118164e+00
1.267141437530517578e+01
9.908685088157653809e-01
8.282999992370605469e-01
7.122178554534912109e+00
5.676608085632324219e+00
2.638288736343383789e-01
7.172064781188964844e-01
3.609189987182617188e-01
3.976833224296569824e-01
4.982771277427673340e-01
2.822892189025878906e+00
5.040923953056335449e-01
4.644420623779296875e+00
1.555809259414672852e+00
4.373610019683837891e-01
4.096451401710510254e-01
2.092658519744873047e+00
1.101025342941284180e+00
9.592188835144042969e+00
4.827415466308593750e+00
9.961961746215820312e+00
3.784289658069610596e-01
4.410125732421875000e+00
2.110700130462646484e+00
7.635316848754882812e+00
5.921835422515869141e+00
2.808793783187866211e+00
1.480122327804565430e+00
2.791379451751708984e+00
6.142383575439453125e+00
1.091333627700805664e+00
1.734326601028442383e+00
1.776077747344970703e-01
1.079082679748535156e+01
2.111351191997528076e-01
6.959524154663085938e-01
1.892563462257385254e+00
1.533558666706085205e-01
1.052314758300781250e+00
1.729843330383300781e+01
5.739061832427978516e+00
1.969764977693557739e-01
3.021501064300537109e+00
2.836063861846923828e+00
7.468739509582519531e+00
5.965485572814941406e-01
4.121608287096023560e-02
4.180319786071777344e+00
1.516547918319702148e+00
2.128894090652465820e+00
9.543941497802734375e+00
7.993545532226562500e-01
4.262040853500366211e-01
1.944865107536315918e+00
8.582092285156250000e+00
3.179096937179565430e+00
3.547470569610595703e-01
1.492188453674316406e+01
1.760084033012390137e-01
1.385723233222961426e+00
6.264748573303222656e-01
8.768805861473083496e-01
1.932937502861022949e+00
4.870674908161163330e-01
6.152492389082908630e-02
2.457263767719268799e-01
1.719974756240844727e+00
7.056785821914672852e-01
1.367604255676269531e+00
3.471124887466430664e+00
7.325953245162963867e-01
4.263371467590332031e+00
5.706869602203369141e+00
4.138953089714050293e-01
2.150589227676391602e+00
1.029373288154602051e+00
3.457293033599853516e+00
8.920422554016113281e+00
4.773247718811035156e+00
1.341460108757019043e+00
1.572225332260131836e+00
9.644887924194335938e+00
2.168300151824951172e-01
9.921429157257080078e-01
6.697832345962524414e-01
1.838174104690551758e+00
1.152602314949035645e+00
5.512863025069236755e-02
8.543943405151367188e+00
4.518559277057647705e-01
9.271580576896667480e-01
2.119080543518066406e+01
8.873618841171264648e-01
1.126749420166015625e+01
4.701111316680908203e-01
2.942848205566406250e+00
2.730351924896240234e+00
9.346047043800354004e-01
4.907446384429931641e+00
6.159932017326354980e-01
3.613019883632659912e-01
1.139590740203857422e+00
1.516866326332092285e+00
1.899940729141235352e+00
1.604517459869384766e+00
8.701232075691223145e-01
3.485017776489257812e+00
1.888275265693664551e+00
3.797857761383056641e+00
3.137498140335083008e+00
1.473085284233093262e-01
7.074730992317199707e-01
9.076390266418457031e+00
9.860470771789550781e+00
4.639773070812225342e-01
2.487417221069335938e+00
1.719608664512634277e+00
2.762904167175292969e+00
5.193690657615661621e-01
2.035837650299072266e+00
1.650603652000427246e+00
8.129311203956604004e-01
9.744367003440856934e-01
2.138575553894042969e+01
4.153173267841339111e-01
4.687748104333877563e-02
1.998173356056213379e+00
6.871466636657714844e-01
1.664633154869079590e-01
4.394260406494140625e+00
4.439144134521484375e+00
1.713331460952758789e+00
1.238608121871948242e+00
1.403230071067810059e+00
1.556858777999877930e+00
4.703047752380371094e+00
9.356137514114379883e-01
1.580974310636520386e-01
2.171145826578140259e-01
2.675541687011718750e+01
5.497281551361083984e-01
1.855062675476074219e+01
1.296131849288940430e+00
3.862396955490112305e+00
5.975592136383056641e-01
1.425733804702758789e+00
3.440624237060546875e+00
1.971313834190368652e+00
2.625263929367065430e+00
8.036770224571228027e-01
6.607772827148437500e+00
7.886610507965087891e+00
9.145199656486511230e-01
1.463017463684082031e+00
3.079743862152099609e+00
1.110391736030578613e+00
8.876262664794921875e+00
6.461098194122314453e+00
8.489703178405761719e+00
7.265046119689941406e+00
2.214263439178466797e+00
4.260878562927246094e-01
1.326027154922485352e+00
1.986336112022399902e+00
4.232287883758544922e+00
5.830985903739929199e-01
3.398950338363647461e+00
1.809264373779296875e+01
4.748864471912384033e-01
2.612079977989196777e-01
2.225045967102050781e+01
2.673169970512390137e-01
4.600168704986572266e+00
5.091595172882080078e+00
4.151326179504394531e+00
1.810237646102905273e+00
7.719468325376510620e-02
2.028183937072753906e+00
2.255150318145751953e+00
4.612674415111541748e-01
2.132997989654541016e+00
1.129158616065979004e+00
1.274720382690429688e+01
5.868328571319580078e+00
1.713806867599487305e+00
6.931650638580322266e+00
4.389188885688781738e-01
2.107838630676269531e+00
3.137664079666137695e+00
1.175983333587646484e+01
4.758907318115234375e+00
