32,3,224,64,3,1,1,
32,64,224,
32,64,224,64,3,1,1,
32,64,224,
32,64,224,0,2,2,
32,64,112,128,3,1,1,
32,128,112,
32,128,112,128,3,1,1,
32,128,112,
32,128,112,0,2,2,
32,128,56,256,3,1,1,
32,256,56,
32,256,56,256,3,1,1,
32,256,56,
32,256,56,256,3,1,1,
32,256,56,
32,256,56,0,2,2,
32,256,28,512,3,1,1,
32,512,28,
32,512,28,512,3,1,1,
32,512,28,
32,512,28,512,3,1,1,
32,512,28,
32,512,28,0,2,2,
32,512,14,512,3,1,1,
32,512,14,
32,512,14,512,3,1,1,
32,512,14,
32,512,14,512,3,1,1,
32,512,14,
32,512,14,0,2,2,
32,25088,4096,
32,4096,1,
32,4096,4096,
32,4096,1,
32,4096,1000,
