3.799666595458984375e+01
2.995520210266113281e+01
4.014551925659179688e+01
2.133836984634399414e+00
3.849108505249023438e+01
4.029287338256835938e+01
3.999161911010742188e+01
3.974558258056640625e+01
4.089725494384765625e+01
3.894534301757812500e+01
3.659658050537109375e+01
4.103107452392578125e+01
3.982308578491210938e+01
3.172162437438964844e+01
4.015274810791015625e+01
4.293821716308593750e+01
3.942600250244140625e+01
4.121975326538085938e+01
3.936074829101562500e+01
3.829124450683593750e+01
3.881745529174804688e+01
3.987370681762695312e+01
4.114409255981445312e+01
4.328529357910156250e+01
2.121502876281738281e+00
4.462907791137695312e+01
5.187118148803710938e+01
3.280100631713867188e+01
3.850059127807617188e+01
4.237634658813476562e+01
3.011579513549804688e+01
4.099140548706054688e+01
4.137589263916015625e+01
3.893204879760742188e+01
3.900804901123046875e+01
3.916075134277343750e+01
4.778507232666015625e+01
4.273831939697265625e+01
4.200511169433593750e+01
5.189633178710937500e+01
2.182263135910034180e+00
4.836277008056640625e+01
3.871026611328125000e+01
6.058817672729492188e+01
3.844680404663085938e+01
4.322246170043945312e+01
2.888463020324707031e+01
4.399020767211914062e+01
4.063508224487304688e+01
4.157603836059570312e+01
3.257580566406250000e+01
4.519323730468750000e+01
3.920696640014648438e+01
5.615125274658203125e+01
4.000572204589843750e+01
4.041577529907226562e+01
3.979769515991210938e+01
2.869573020935058594e+01
3.826456832885742188e+01
4.854745101928710938e+01
3.875208663940429688e+01
3.988211822509765625e+01
4.156609725952148438e+01
4.042596054077148438e+01
4.463902664184570312e+01
3.982148361206054688e+01
4.171994018554687500e+01
3.989553070068359375e+01
3.260523986816406250e+01
4.160528182983398438e+01
3.863314819335937500e+01
4.092862319946289062e+01
4.470714187622070312e+01
4.403107452392578125e+01
4.275237274169921875e+01
3.655744171142578125e+01
3.979315185546875000e+01
4.238110733032226562e+01
3.301417541503906250e+01
3.835005569458007812e+01
4.456429290771484375e+01
3.893550109863281250e+01
4.310897445678710938e+01
3.981840515136718750e+01
4.061347579956054688e+01
4.163259124755859375e+01
3.472180938720703125e+01
4.197346496582031250e+01
4.051066589355468750e+01
4.077405548095703125e+01
4.120859146118164062e+01
3.512823486328125000e+01
4.585055160522460938e+01
3.922962188720703125e+01
4.604428482055664062e+01
4.078649902343750000e+01
4.323100280761718750e+01
3.729167556762695312e+01
4.128275680541992188e+01
3.804863739013671875e+01
4.620596313476562500e+01
4.339873504638671875e+01
3.852729415893554688e+01
4.050094985961914062e+01
3.771998596191406250e+01
3.786673355102539062e+01
3.236765289306640625e+01
4.677299118041992188e+01
4.364492797851562500e+01
3.855751037597656250e+01
2.360198974609375000e+00
2.305006027221679688e+00
4.309609985351562500e+01
3.901586532592773438e+01
2.040850877761840820e+00
4.773848724365234375e+01
8.913251495361328125e+01
3.323826217651367188e+01
3.927400970458984375e+01
3.907928085327148438e+01
3.954054641723632812e+01
3.239874267578125000e+01
4.059466552734375000e+01
2.826243209838867188e+01
3.122862625122070312e+01
4.815622711181640625e+01
4.097087860107421875e+01
4.281450653076171875e+01
4.675407028198242188e+01
3.918336105346679688e+01
3.916911697387695312e+01
4.619501495361328125e+01
3.425403594970703125e+01
3.150032615661621094e+01
5.286413192749023438e+01
4.093299484252929688e+01
3.748900604248046875e+01
4.212809371948242188e+01
3.964078140258789062e+01
3.597789764404296875e+01
4.263468551635742188e+01
3.901099777221679688e+01
5.942932891845703125e+01
3.148750114440917969e+01
3.705183029174804688e+01
4.075113677978515625e+01
8.063552856445312500e+01
3.969950866699218750e+01
4.057508850097656250e+01
3.989244842529296875e+01
3.819675445556640625e+01
3.789250946044921875e+01
4.457614135742187500e+01
3.277459335327148438e+01
4.636153411865234375e+01
5.327576446533203125e+01
3.888060379028320312e+01
4.102226257324218750e+01
3.483654022216796875e+01
3.296975708007812500e+01
4.733148956298828125e+01
4.040993499755859375e+01
3.978250885009765625e+01
4.348474502563476562e+01
4.789494705200195312e+01
5.034208297729492188e+01
4.081256103515625000e+01
4.248249435424804688e+01
4.134102630615234375e+01
3.984048461914062500e+01
5.394760513305664062e+01
3.872661209106445312e+01
4.235113906860351562e+01
3.847575378417968750e+01
4.084930038452148438e+01
3.198099327087402344e+01
3.939856719970703125e+01
3.194949531555175781e+01
4.165674591064453125e+01
4.623052597045898438e+01
3.874212646484375000e+01
3.853966140747070312e+01
2.121502876281738281e+00
4.109344863891601562e+01
4.124865722656250000e+01
4.254878616333007812e+01
5.325994110107421875e+01
3.898613739013671875e+01
4.034842681884765625e+01
4.729799652099609375e+01
4.165691375732421875e+01
4.231142425537109375e+01
3.866492080688476562e+01
4.319424438476562500e+01
4.208889770507812500e+01
3.561077499389648438e+01
4.156373214721679688e+01
4.048162078857421875e+01
3.884370803833007812e+01
4.080722808837890625e+01
3.883703994750976562e+01
5.560681533813476562e+01
3.764466476440429688e+01
4.177281188964843750e+01
4.192330932617187500e+01
3.408589553833007812e+01
4.006097030639648438e+01
2.333635091781616211e+00
4.002487182617187500e+01
4.877144622802734375e+01
3.353181838989257812e+01
5.277300643920898438e+01
5.680371856689453125e+01
4.230310058593750000e+01
4.051396942138671875e+01
3.929665756225585938e+01
4.606580734252929688e+01
5.222425842285156250e+01
4.367026138305664062e+01
4.148749542236328125e+01
7.748898315429687500e+01
3.934450531005859375e+01
4.272133636474609375e+01
3.069164657592773438e+01
5.666864013671875000e+01
4.174063491821289062e+01
5.454697799682617188e+01
3.375148391723632812e+01
4.092657470703125000e+01
4.154513549804687500e+01
3.508134078979492188e+01
3.817856979370117188e+01
3.830351638793945312e+01
4.106787490844726562e+01
2.136539936065673828e+00
4.186990737915039062e+01
5.416675567626953125e+01
3.776130676269531250e+01
3.921625137329101562e+01
4.432814407348632812e+01
4.130153274536132812e+01
3.771103286743164062e+01
3.777973937988281250e+01
3.927983474731445312e+01
3.346401977539062500e+01
4.353528213500976562e+01
3.988497161865234375e+01
4.069790267944335938e+01
5.417930984497070312e+01
3.904604339599609375e+01
3.915244293212890625e+01
3.606170654296875000e+01
3.908526229858398438e+01
3.938502502441406250e+01
3.892831802368164062e+01
4.577552413940429688e+01
