3.941732788085937500e+01
3.953927612304687500e+01
3.949389266967773438e+01
3.894194412231445312e+01
3.954031372070312500e+01
3.871802902221679688e+01
3.898788452148437500e+01
3.918680191040039062e+01
3.950339508056640625e+01
3.917490768432617188e+01
3.832162857055664062e+01
3.961914443969726562e+01
3.950175476074218750e+01
3.047913932800292969e+01
3.905609893798828125e+01
3.960465621948242188e+01
3.986091232299804688e+01
3.953309249877929688e+01
3.927357864379882812e+01
4.061252593994140625e+01
3.948482513427734375e+01
3.878997802734375000e+01
3.951697921752929688e+01
4.014062881469726562e+01
3.880004119873046875e+01
4.032620239257812500e+01
5.620217514038085938e+01
4.080199432373046875e+01
3.809609985351562500e+01
3.948508834838867188e+01
3.678529739379882812e+01
3.850465011596679688e+01
3.954203796386718750e+01
3.913542938232421875e+01
3.925910568237304688e+01
3.983036804199218750e+01
4.539941787719726562e+01
4.014768218994140625e+01
3.951736450195312500e+01
4.945388031005859375e+01
3.925397872924804688e+01
4.758922195434570312e+01
3.875432205200195312e+01
5.673845291137695312e+01
3.892855072021484375e+01
4.076663970947265625e+01
3.877909469604492188e+01
3.997231674194335938e+01
3.904694366455078125e+01
3.972965621948242188e+01
3.613107299804687500e+01
4.176297378540039062e+01
3.970003890991210938e+01
6.176696777343750000e+01
3.945793914794921875e+01
3.959650802612304688e+01
4.108094787597656250e+01
3.993458557128906250e+01
4.047724151611328125e+01
4.409383392333984375e+01
3.942103958129882812e+01
3.953215789794921875e+01
3.983198547363281250e+01
3.880672836303710938e+01
4.337582397460937500e+01
3.986470413208007812e+01
3.957952117919921875e+01
3.898477935791015625e+01
3.947032928466796875e+01
3.946323776245117188e+01
3.953370285034179688e+01
3.956418991088867188e+01
4.068997573852539062e+01
4.039822387695312500e+01
4.182564926147460938e+01
3.518564605712890625e+01
3.924508666992187500e+01
4.075080871582031250e+01
3.019581604003906250e+01
3.998319244384765625e+01
4.589773559570312500e+01
4.034498596191406250e+01
3.944100952148437500e+01
3.997415542602539062e+01
4.034972763061523438e+01
3.942868423461914062e+01
3.788214874267578125e+01
3.868628692626953125e+01
3.925873947143554688e+01
3.898307800292968750e+01
3.945886993408203125e+01
3.197950744628906250e+01
4.281755828857421875e+01
3.842322540283203125e+01
4.523369216918945312e+01
4.032075119018554688e+01
4.069337844848632812e+01
3.899513626098632812e+01
3.902325820922851562e+01
3.848957824707031250e+01
4.485562133789062500e+01
3.948953247070312500e+01
3.908959579467773438e+01
3.968307113647460938e+01
3.951397323608398438e+01
3.946660614013671875e+01
3.624514770507812500e+01
4.727223587036132812e+01
4.069399261474609375e+01
3.916563415527343750e+01
3.889867401123046875e+01
3.903674316406250000e+01
3.894503784179687500e+01
3.986261367797851562e+01
3.606152725219726562e+01
4.797378921508789062e+01
8.747575378417968750e+01
3.281113433837890625e+01
3.957583999633789062e+01
3.945773315429687500e+01
3.943803787231445312e+01
3.051140594482421875e+01
3.925214385986328125e+01
3.948218154907226562e+01
3.918907928466796875e+01
4.379792022705078125e+01
3.949908065795898438e+01
3.995392608642578125e+01
4.809005737304687500e+01
4.037464141845703125e+01
3.955011749267578125e+01
4.673028945922851562e+01
3.303649139404296875e+01
3.617580032348632812e+01
5.689887237548828125e+01
4.011502838134765625e+01
3.874694061279296875e+01
3.953797531127929688e+01
3.895782470703125000e+01
3.682149124145507812e+01
3.938552093505859375e+01
3.940729522705078125e+01
6.399459838867187500e+01
3.281635284423828125e+01
3.394086074829101562e+01
4.028293228149414062e+01
8.219208526611328125e+01
3.939397430419921875e+01
3.990578460693359375e+01
3.863310241699218750e+01
3.911178207397460938e+01
3.926896286010742188e+01
4.377079772949218750e+01
3.388581466674804688e+01
4.657019424438476562e+01
5.010971069335937500e+01
3.942440795898437500e+01
3.896409606933593750e+01
3.487393569946289062e+01
3.025945281982421875e+01
4.897660064697265625e+01
3.858063507080078125e+01
3.946369552612304688e+01
4.550667190551757812e+01
4.230131530761718750e+01
4.638246536254882812e+01
3.958121871948242188e+01
4.004439163208007812e+01
3.867116928100585938e+01
3.958468246459960938e+01
4.859593582153320312e+01
3.941934967041015625e+01
4.221557617187500000e+01
3.920316314697265625e+01
3.939966583251953125e+01
3.636737442016601562e+01
4.015155792236328125e+01
3.933192825317382812e+01
4.114553451538085938e+01
4.487446975708007812e+01
3.842821884155273438e+01
3.904012298583984375e+01
3.887388229370117188e+01
3.875278854370117188e+01
3.918127822875976562e+01
4.097661209106445312e+01
5.117675018310546875e+01
3.890903472900390625e+01
3.954258346557617188e+01
4.395030593872070312e+01
3.915699768066406250e+01
3.963112640380859375e+01
3.947494125366210938e+01
3.951018524169921875e+01
3.943810272216796875e+01
3.177878379821777344e+01
3.865983200073242188e+01
4.077689361572265625e+01
3.859941482543945312e+01
3.952740859985351562e+01
3.953442001342773438e+01
4.974974441528320312e+01
3.871409606933593750e+01
4.637679290771484375e+01
4.027331924438476562e+01
3.655467224121093750e+01
3.942151260375976562e+01
3.870235443115234375e+01
3.882532882690429688e+01
4.848097610473632812e+01
3.645350646972656250e+01
4.605258560180664062e+01
5.499045944213867188e+01
3.945715713500976562e+01
3.939736557006835938e+01
3.919260406494140625e+01
4.071119689941406250e+01
4.873752975463867188e+01
4.439974975585937500e+01
3.890571594238281250e+01
7.681670379638671875e+01
3.951056289672851562e+01
3.954323577880859375e+01
3.021433258056640625e+01
5.380158615112304688e+01
4.127658843994140625e+01
5.342018890380859375e+01
3.603388595581054688e+01
3.903546905517578125e+01
3.988586807250976562e+01
3.850638580322265625e+01
3.960381698608398438e+01
4.005727386474609375e+01
3.912771224975585938e+01
3.904770660400390625e+01
3.976528930664062500e+01
5.319268035888671875e+01
3.973973464965820312e+01
3.872947692871093750e+01
4.092581176757812500e+01
3.886381149291992188e+01
3.885095977783203125e+01
4.002822113037109375e+01
3.902013397216796875e+01
3.629490661621093750e+01
4.230051803588867188e+01
3.960657501220703125e+01
3.864286804199218750e+01
5.350529861450195312e+01
3.900161361694335938e+01
3.946205139160156250e+01
3.664540481567382812e+01
3.951720428466796875e+01
3.838115310668945312e+01
3.834785842895507812e+01
4.431769180297851562e+01
