15,3,174,29,9,1,0,
18,3,92,42,9,2,1,
127,3,35,17,4,2,0,
104,3,189,43,7,1,0,
40,3,177,29,5,2,1,
79,3,138,45,10,2,1,
63,3,26,40,3,2,1,
46,3,38,47,2,2,1,
78,3,179,47,2,1,0,
108,3,217,41,6,2,0,
110,3,171,72,8,2,0,
92,3,191,46,9,2,0,
66,3,36,23,4,1,0,
128,3,131,80,2,2,0,
99,3,173,38,6,2,0,
3,3,178,96,3,1,0,
25,3,70,12,11,1,0,
19,3,206,76,1,1,0,
7,3,94,21,5,2,1,
73,3,120,85,4,2,1,
33,3,165,20,3,2,0,
117,3,159,26,7,1,0,
46,3,187,39,7,1,0,
44,3,203,81,3,2,1,
86,3,109,18,10,1,0,
12,3,44,29,10,2,1,
30,3,221,40,1,1,0,
128,3,186,100,3,2,1,
122,3,118,50,1,2,1,
6,3,38,59,9,1,0,
123,3,80,71,8,1,0,
66,3,155,43,9,1,0,
30,3,46,58,9,1,0,
18,3,214,28,2,2,0,
40,3,145,41,2,2,1,
109,3,84,78,9,2,0,
79,3,80,45,5,2,1,
95,3,85,37,3,2,0,
63,3,74,70,8,2,1,
22,3,100,47,3,2,0,
109,3,185,79,1,1,0,
108,3,24,80,3,1,0,
37,3,191,7,11,1,0,
124,3,215,94,9,1,0,
53,3,143,74,6,1,0,
25,3,25,93,4,2,0,
14,3,25,93,8,1,0,
82,3,24,9,8,1,0,
38,3,127,67,2,2,0,
21,3,151,56,11,1,0,
113,3,148,46,1,2,0,
102,3,88,82,9,1,0,
50,3,37,40,1,2,1,
49,3,209,22,6,1,0,
39,3,70,40,10,1,0,
87,3,104,87,3,1,0,
47,3,153,97,1,1,0,
63,3,186,17,7,1,0,
103,3,204,21,10,2,0,
125,3,66,13,10,1,0,
103,3,165,14,7,2,1,
111,3,223,20,9,1,0,
15,3,65,11,6,1,0,
81,3,148,56,7,2,1,
120,3,126,100,2,1,0,
105,3,88,57,2,2,0,
7,3,200,65,3,1,0,
118,3,176,18,10,2,0,
3,3,27,64,11,2,0,
37,3,67,35,10,1,0,
34,3,136,67,2,2,1,
127,3,114,89,1,2,1,
45,3,211,53,9,2,1,
77,3,174,45,11,2,0,
19,3,155,26,7,1,0,
115,3,133,36,8,2,1,
34,3,173,17,1,1,0,
89,3,214,43,3,2,1,
29,3,146,98,8,2,0,
6,3,37,18,1,1,0,
54,3,209,39,6,2,1,
28,3,161,70,8,1,0,
5,3,34,70,8,2,0,
63,3,154,32,1,1,0,
6,3,52,83,8,2,0,
101,3,53,97,10,2,0,
105,3,158,77,8,2,1,
113,3,105,9,8,1,0,
128,3,158,56,10,2,0,
15,3,79,27,8,2,0,
40,3,127,42,1,1,0,
99,3,148,4,7,2,1,
107,3,196,13,8,2,1,
79,3,31,35,5,1,0,
28,3,134,7,4,2,1,
39,3,119,17,2,1,0,
12,3,97,96,2,2,1,
63,3,213,68,2,2,0,
42,3,205,98,9,2,1,
77,3,27,61,3,2,1,
14,3,146,98,2,1,0,
102,3,98,77,1,2,1,
71,3,145,38,3,2,1,
74,3,79,7,8,1,0,
52,3,162,36,8,1,0,
126,3,110,72,9,2,1,
85,3,49,52,9,2,0,
79,3,158,41,6,1,0,
60,3,184,44,2,1,0,
54,3,84,39,5,1,0,
97,3,51,34,6,1,0,
23,3,82,10,11,2,0,
45,3,205,90,11,2,1,
74,3,116,6,4,2,1,
113,3,195,49,11,1,0,
69,3,134,50,9,1,0,
20,3,224,57,10,2,1,
2,3,165,63,4,1,0,
3,3,41,35,1,1,0,
2,3,112,11,11,2,1,
77,3,202,24,1,2,1,
91,3,153,56,10,1,0,
128,3,213,44,2,1,0,
108,3,131,70,3,1,0,
110,3,160,35,11,1,0,
43,3,179,16,2,1,0,
35,3,80,90,1,2,0,
85,3,98,78,8,1,0,
128,3,39,23,7,1,0,
112,3,74,28,8,2,0,
63,3,162,95,1,2,0,
102,3,128,13,9,1,0,
117,3,175,64,10,1,0,
97,3,29,57,4,2,0,
21,3,149,52,9,2,0,
63,3,82,96,2,2,0,
65,3,203,46,2,1,0,
59,3,120,61,3,1,0,
11,3,123,10,6,1,0,
43,3,69,72,2,1,0,
125,3,138,17,3,2,0,
96,3,106,75,4,1,0,
119,3,139,76,1,1,0,
23,3,174,91,5,2,0,
87,3,77,73,10,1,0,
28,3,43,98,6,1,0,
71,3,164,73,9,1,0,
96,3,164,70,10,2,0,
87,3,146,5,10,2,0,
59,3,192,79,8,2,1,
128,3,145,39,10,1,0,
59,3,179,95,8,1,0,
60,3,69,12,3,1,0,
30,3,159,79,8,1,0,
42,3,64,96,6,1,0,
59,3,24,85,7,2,1,
127,3,143,70,1,2,0,
28,3,136,87,3,1,0,
74,3,205,96,7,2,1,
20,3,117,67,3,2,1,
32,3,174,34,11,1,0,
115,3,150,87,3,1,0,
86,3,58,61,1,2,0,
60,3,24,63,6,1,0,
67,3,132,42,2,2,0,
30,3,163,65,1,2,0,
88,3,51,39,8,1,0,
48,3,172,15,8,2,0,
71,3,79,42,9,1,0,
49,3,178,75,11,2,0,
29,3,109,77,9,2,0,
47,3,113,20,1,2,0,
96,3,86,68,11,1,0,
63,3,93,53,11,2,1,
97,3,167,83,10,2,0,
112,3,140,84,2,1,0,
29,3,138,23,8,1,0,
123,3,219,60,5,2,0,
49,3,158,67,2,1,0,
49,3,104,11,4,1,0,
109,3,42,81,4,1,0,
41,3,89,71,9,2,0,
121,3,35,23,4,1,0,
28,3,91,84,6,2,0,
61,3,34,10,8,2,0,
46,3,33,9,1,2,1,
49,3,96,96,9,1,0,
104,3,196,47,8,2,0,
113,3,181,87,5,2,1,
67,3,148,93,2,2,1,
65,3,124,47,8,1,0,
128,3,196,57,9,2,0,
17,3,77,13,5,1,0,
96,3,32,24,7,2,1,
92,3,111,83,5,1,0,
83,3,32,42,5,1,0,
42,3,56,64,6,1,0,
101,3,64,30,11,1,0,
29,3,108,67,2,2,1,
5,3,176,66,3,2,1,
67,3,155,3,11,1,0,
12,3,199,72,9,1,0,
108,3,48,99,10,1,0,
52,3,79,5,4,1,0,
70,3,167,16,3,2,1,
126,3,170,37,4,2,1,
108,3,91,28,7,1,0,
5,3,51,37,4,2,0,
51,3,191,37,4,2,1,
92,3,75,7,3,2,1,
101,3,124,83,6,1,0,
119,3,179,78,6,2,0,
55,3,147,90,8,2,1,
78,3,111,26,8,1,0,
40,3,188,98,4,2,1,
120,3,122,60,8,2,1,
54,3,149,23,5,1,0,
73,3,82,18,6,2,0,
103,3,43,20,3,2,1,
119,3,208,46,3,2,0,
48,3,36,67,7,1,0,
25,3,81,36,2,1,0,
43,3,127,8,9,1,0,
71,3,135,83,8,1,0,
117,3,46,84,8,2,1,
89,3,223,87,1,2,1,
65,3,135,81,7,2,0,
15,3,63,65,7,1,0,
108,3,50,55,2,1,0,
42,3,205,70,8,2,1,
118,3,83,33,5,1,0,
78,3,26,90,3,2,1,
127,3,202,26,7,1,0,
98,3,165,3,10,2,0,
38,3,104,6,5,1,0,
91,3,92,37,11,1,0,
117,3,56,56,11,2,0,
88,3,56,5,1,1,0,
29,3,80,48,3,1,0,
102,3,77,78,8,2,1,
105,3,208,25,1,2,0,
64,3,139,11,2,1,0,
92,3,118,30,7,1,0,
49,3,74,57,10,2,1,
79,3,50,43,11,1,0,
84,3,50,87,10,1,0,
47,3,79,64,4,1,0,
17,3,152,23,7,1,0,
96,3,219,39,5,2,0,
12,3,45,80,5,1,0,
58,3,150,25,4,2,1,
5,3,97,33,1,2,1,
114,3,175,31,8,2,1,
60,3,107,70,11,1,0,
79,3,82,36,2,1,0,
8,3,110,76,2,1,0,
70,3,163,5,10,2,0,
57,3,120,72,3,1,0,
120,3,70,54,5,1,0,
16,3,75,43,11,1,0,
96,3,127,46,4,1,0,
103,3,72,89,1,1,0,
16,3,191,98,11,1,0,
119,3,133,82,5,2,0,
93,3,108,67,2,1,0,
64,3,99,80,5,1,0,
24,3,54,61,2,2,1,
125,3,163,78,11,1,0,
69,3,146,19,6,1,0,
88,3,120,94,2,1,0,
38,3,129,84,6,2,1,
49,3,39,88,6,2,1,
95,3,111,16,2,2,0,
26,3,115,68,3,1,0,
70,3,149,57,3,1,0,
77,3,107,83,6,1,0,
101,3,79,91,9,1,0,
109,3,182,72,2,1,0,
109,3,60,33,9,1,0,
56,3,171,82,3,1,0,
8,3,85,73,10,2,0,
25,3,170,40,10,2,0,
73,3,207,25,5,2,0,
9,3,79,40,8,2,1,
69,3,133,14,9,1,0,
105,3,106,25,9,2,0,
34,3,81,42,4,1,0,
64,3,81,85,1,1,0,
80,3,136,9,8,1,0,
70,3,50,78,6,2,1,
94,3,170,93,9,2,1,
123,3,140,44,1,2,1,
91,3,51,56,7,1,0,
27,3,64,21,1,2,1,
52,3,216,91,10,2,0,
92,3,59,54,7,2,0,
108,3,169,48,11,2,1,
96,3,66,98,4,2,1,
125,3,109,69,7,1,0,
28,3,183,70,11,1,0,
121,3,140,44,6,1,0,
16,3,176,61,2,2,1,
104,3,222,87,4,1,0,
4,3,112,89,1,1,0,
92,3,121,81,1,2,0,
52,3,175,81,10,2,1,
25,3,102,11,2,1,0,
105,3,140,89,3,1,0,
52,3,202,89,4,2,0,
77,3,183,100,6,1,0,
29,3,162,61,9,2,0,
73,3,71,9,8,2,0,
109,3,162,23,1,1,0,
124,3,27,22,9,1,0,
77,3,59,53,11,1,0,
87,3,98,11,7,2,0,
50,3,101,49,1,1,0,
100,3,69,61,10,1,0,
63,3,58,79,9,1,0,
85,3,80,5,10,1,0,
39,3,158,54,6,2,1,
77,3,43,18,4,1,0,
120,3,159,48,4,2,1,
106,3,203,86,6,2,0,
77,3,221,62,8,2,1,
86,3,31,31,6,1,0,
59,3,106,36,1,1,0,
123,3,107,88,8,2,0,
72,3,73,91,7,1,0,
90,3,135,73,4,2,0,
88,3,100,25,6,2,0,
110,3,113,99,4,2,0,
74,3,188,28,10,1,0,
64,3,220,99,8,2,1,
97,3,212,85,6,2,1,
103,3,119,54,10,1,0,
110,3,186,71,1,1,0,
19,3,53,20,2,1,0,
109,3,204,36,5,1,0,
101,3,128,43,2,1,0,
44,3,158,69,6,2,0,
70,3,224,84,8,2,0,
22,3,28,40,7,1,0,
100,3,216,86,5,2,1,
38,3,194,7,5,1,0,
121,3,110,7,1,2,0,
24,3,113,34,10,2,1,
104,3,103,99,9,1,0,
69,3,209,79,8,1,0,
39,3,96,5,6,2,1,
68,3,224,54,7,1,0,
97,3,99,30,5,2,1,
47,3,162,40,6,2,1,
34,3,212,63,7,1,0,
14,3,214,28,3,2,0,
100,3,158,77,3,2,0,
64,3,45,79,10,1,0,
17,3,181,68,11,2,1,
125,3,200,84,7,1,0,
58,3,169,76,3,1,0,
122,3,83,34,11,1,0,
24,3,224,44,5,2,0,
102,3,95,62,5,2,0,
98,3,103,15,11,2,0,
124,3,60,87,3,1,0,
42,3,36,58,2,2,0,
56,3,115,5,1,2,1,
61,3,75,66,2,1,0,
106,3,195,28,11,2,0,
121,3,35,4,4,2,0,
58,3,58,31,4,2,1,
126,3,214,38,9,2,1,
16,3,35,98,2,1,0,
59,3,150,39,8,2,1,
35,3,175,83,9,2,1,
44,3,120,30,5,1,0,
111,3,107,65,4,2,0,
22,3,91,25,5,1,0,
84,3,55,73,8,1,0,
104,3,133,57,1,2,0,
72,3,103,80,6,2,1,
11,3,83,42,7,1,0,
8,3,135,37,8,1,0,
80,3,110,28,11,1,0,
44,3,166,46,2,1,0,
12,3,40,67,4,1,0,
107,3,150,13,6,1,0,
95,3,78,96,7,1,0,
125,3,42,55,10,2,0,
28,3,70,24,5,2,0,
90,3,164,29,10,1,0,
7,3,221,5,10,2,0,
55,3,94,17,5,2,1,
105,3,158,5,1,1,0,
21,3,211,16,11,2,1,
104,3,176,37,6,1,0,
44,3,80,46,11,1,0,
117,3,202,16,11,1,0,
6,3,122,13,7,1,0,
97,3,100,52,2,1,0,
65,3,108,99,3,1,0,
28,3,116,78,10,2,1,
99,3,116,95,6,2,0,
33,3,143,23,7,1,0,
40,3,88,45,8,2,1,
83,3,130,95,2,1,0,
11,3,31,34,3,1,0,
47,3,219,15,10,2,1,
109,3,214,42,7,2,0,
128,3,182,99,7,2,0,
97,3,160,25,6,1,0,
25,3,34,10,6,1,0,
10,3,213,57,3,1,0,
115,3,95,20,5,1,0,
27,3,73,95,2,1,0,
71,3,221,22,4,2,1,
122,3,172,27,11,2,1,
17,3,142,24,3,2,0,
15,3,112,55,7,2,1,
115,3,39,12,4,1,0,
104,3,49,59,4,1,0,
75,3,126,94,4,2,0,
7,3,31,75,11,1,0,
126,3,158,8,5,1,0,
5,3,91,43,2,2,1,
86,3,135,38,5,1,0,
19,3,188,21,3,1,0,
21,3,54,19,11,2,0,
76,3,213,49,9,1,0,
118,3,187,19,8,1,0,
21,3,67,13,8,2,0,
41,3,188,23,4,2,1,
7,3,189,3,8,1,0,
20,3,209,36,8,2,1,
89,3,52,88,7,1,0,
2,3,52,49,1,1,0,
34,3,121,35,7,1,0,
53,3,29,100,6,2,0,
71,3,105,57,10,2,1,
50,3,86,21,2,1,0,
128,3,37,19,10,1,0,
25,3,219,62,6,1,0,
5,3,204,38,2,2,0,
101,3,153,33,10,2,0,
62,3,152,19,7,1,0,
30,3,130,89,5,2,0,
43,3,90,57,1,2,1,
39,3,99,14,4,1,0,
69,3,197,74,8,2,0,
115,3,134,92,3,1,0,
10,3,222,21,2,2,1,
36,3,148,13,1,1,0,
48,3,137,26,1,2,0,
18,3,171,92,1,2,0,
94,3,86,61,7,1,0,
8,3,36,88,5,2,1,
17,3,185,85,1,1,0,
102,3,142,15,5,1,0,
27,3,96,72,10,1,0,
123,3,119,33,9,2,0,
63,3,27,29,11,2,1,
24,3,63,31,2,1,0,
33,3,33,98,2,2,0,
30,3,178,73,10,2,1,
55,3,200,37,3,1,0,
48,3,206,3,11,1,0,
41,3,166,95,2,1,0,
3,3,191,37,10,1,0,
12,3,52,77,9,2,1,
44,3,145,77,8,2,1,
49,3,45,34,7,1,0,
36,3,118,97,11,2,0,
127,3,43,92,6,1,0,
54,3,134,19,7,1,0,
128,3,84,21,1,1,0,
99,3,103,52,4,2,1,
68,3,52,58,7,1,0,
57,3,123,40,6,1,0,
126,3,142,39,7,1,0,
65,3,33,20,5,1,0,
46,3,74,72,7,1,0,
46,3,77,12,4,1,0,
4,3,159,31,1,1,0,
71,3,194,54,9,1,0,
100,3,67,14,11,2,1,
94,3,175,36,1,1,0,
49,3,216,20,9,2,0,
24,3,158,44,5,2,1,
3,3,75,88,9,1,0,
10,3,69,26,1,1,0,
13,3,104,39,9,2,0,
6,3,122,31,9,1,0,
97,3,80,66,10,1,0,
8,3,126,90,9,1,0,
46,3,172,86,2,2,1,
4,3,55,93,3,1,0,
104,3,74,13,10,2,0,
70,3,211,48,5,1,0,
128,3,182,43,2,1,0,
87,3,81,21,4,2,1,
41,3,72,64,10,2,0,
30,3,192,22,6,1,0,
17,3,66,44,9,2,0,
113,3,207,92,8,1,0,
58,3,48,23,1,2,0,
77,3,175,67,2,2,0,
27,3,144,4,11,1,0,
68,3,71,91,11,1,0,
41,3,36,57,9,1,0,
115,3,58,29,10,2,0,
114,3,172,80,3,1,0,
32,3,199,37,8,1,0,
12,3,93,20,1,2,1,
60,3,216,12,7,1,0,
35,3,216,90,1,1,0,
3,3,114,56,10,1,0,
69,3,105,90,6,2,0,
80,3,34,38,1,1,0,
66,3,168,99,11,1,0,
8,3,61,75,8,2,0,
44,3,41,16,3,1,0,
28,3,31,59,5,2,1,
23,3,128,99,4,1,0,
62,3,138,88,5,1,0,
99,3,39,82,4,2,0,
60,3,100,29,2,2,1,
64,3,121,93,4,1,0,
24,3,167,76,3,2,0,
37,3,194,40,6,2,1,
103,3,215,24,3,2,0,
11,3,130,32,11,2,0,
35,3,114,6,6,2,1,
72,3,175,92,8,1,0,
78,3,221,90,2,1,0,
98,3,49,47,6,2,1,
103,3,82,48,1,2,0,
73,3,66,20,6,1,0,
50,3,207,22,3,2,1,
30,3,107,87,5,2,1,
72,3,143,90,9,2,0,
115,3,176,72,3,2,1,
14,3,66,76,5,1,0,
48,3,218,78,6,2,0,
128,3,50,51,1,1,0,
125,3,49,9,1,1,0,
30,3,156,77,1,2,1,
10,3,91,56,10,2,1,
26,3,31,8,2,1,0,
65,3,207,20,3,2,1,
110,3,215,80,8,1,0,
119,3,220,33,5,1,0,
97,3,161,8,5,1,0,
33,3,223,87,3,1,0,
19,3,62,5,2,1,0,
87,3,61,32,7,1,0,
16,3,179,82,9,2,1,
18,3,195,79,1,2,0,
109,3,186,69,3,1,0,
56,3,115,41,5,2,1,
49,3,161,14,3,2,0,
51,3,140,63,10,1,0,
127,3,106,11,4,2,0,
51,3,208,48,9,2,1,
109,3,121,10,4,2,0,
108,3,69,74,4,1,0,
32,3,49,51,2,2,1,
114,3,148,32,11,2,1,
11,3,95,40,7,2,0,
88,3,53,20,3,1,0,
60,3,140,11,9,2,1,
24,3,141,50,10,1,0,
37,3,119,73,8,1,0,
5,3,78,96,11,1,0,
10,3,78,47,10,1,0,
4,3,163,54,5,1,0,
44,3,141,55,9,1,0,
6,3,53,28,4,1,0,
20,3,169,24,7,2,0,
30,3,109,44,9,2,1,
91,3,154,49,9,1,0,
125,3,98,31,6,1,0,
58,3,48,81,2,2,0,
28,3,159,78,11,2,1,
114,3,91,56,10,1,0,
47,3,39,60,3,2,0,
118,3,169,42,5,1,0,
35,3,172,8,1,2,0,
39,3,198,21,10,1,0,
98,3,46,93,4,1,0,
72,3,189,33,8,1,0,
5,3,61,100,1,2,0,
92,3,156,95,1,1,0,
17,3,161,88,5,2,0,
41,3,188,44,6,2,1,
119,3,25,18,3,2,0,
61,3,151,66,3,1,0,
117,3,188,11,1,1,0,
13,3,40,22,5,1,0,
50,3,47,61,10,2,1,
66,3,197,65,7,2,0,
34,3,116,16,4,2,0,
77,3,159,39,8,2,0,
122,3,205,32,11,2,1,
11,3,150,98,8,2,1,
71,3,174,62,11,1,0,
126,3,167,35,8,2,1,
120,3,119,52,6,2,0,
6,3,97,52,3,1,0,
128,3,185,80,1,2,0,
85,3,82,27,5,1,0,
85,3,145,100,6,2,1,
84,3,188,88,1,1,0,
115,3,64,27,1,2,0,
79,3,58,66,5,2,0,
115,3,222,42,7,2,1,
63,3,175,71,10,1,0,
103,3,39,54,6,2,1,
88,3,83,61,4,1,0,
14,3,206,99,7,2,0,
116,3,137,99,5,2,0,
67,3,196,63,10,1,0,
94,3,61,29,2,2,1,
39,3,81,48,7,2,1,
9,3,159,64,5,1,0,
100,3,112,13,6,2,0,
103,3,210,6,5,2,1,
81,3,41,56,4,2,1,
54,3,142,40,6,2,0,
126,3,161,23,11,1,0,
6,3,76,83,2,2,1,
45,3,123,36,5,1,0,
54,3,170,82,8,2,0,
34,3,177,44,4,1,0,
44,3,88,6,4,1,0,
56,3,222,15,1,2,0,
110,3,214,69,7,2,1,
13,3,110,81,4,1,0,
96,3,136,7,10,1,0,
124,3,162,100,7,2,1,
122,3,149,89,10,1,0,
11,3,151,34,2,2,1,
64,3,37,23,1,1,0,
90,3,67,33,7,2,0,
102,3,37,47,3,2,0,
101,3,53,30,7,1,0,
91,3,91,20,10,1,0,
122,3,125,93,2,1,0,
62,3,118,49,11,2,1,
121,3,222,48,11,1,0,
67,3,202,48,11,1,0,
88,3,65,75,9,1,0,
4,3,156,37,11,2,1,
98,3,105,70,3,2,0,
8,3,183,17,8,1,0,
37,3,116,6,7,2,0,
51,3,223,65,10,2,1,
71,3,34,84,4,2,1,
88,3,50,27,10,2,0,
56,3,171,17,5,1,0,
12,3,181,46,8,1,0,
19,3,188,26,1,1,0,
40,3,118,86,9,2,1,
18,3,217,54,7,2,1,
96,3,49,17,11,2,0,
25,3,118,33,8,1,0,
120,3,104,40,6,1,0,
117,3,171,33,3,2,0,
108,3,199,26,11,1,0,
29,3,191,86,8,2,1,
39,3,105,14,7,2,0,
102,3,197,44,1,2,1,
66,3,189,67,5,2,1,
14,3,149,25,2,1,0,
92,3,215,54,5,2,0,
73,3,105,22,4,2,1,
62,3,209,38,10,1,0,
34,3,173,84,3,2,0,
81,3,64,80,6,2,1,
21,3,223,97,11,1,0,
72,3,119,20,10,1,0,
20,3,140,46,11,2,0,
99,3,33,53,4,1,0,
100,3,82,19,2,1,0,
53,3,54,5,4,2,1,
31,3,57,37,2,2,1,
52,3,224,50,8,2,1,
94,3,224,91,6,2,1,
124,3,132,78,8,1,0,
22,3,132,29,7,1,0,
114,3,89,19,7,2,1,
59,3,36,45,8,1,0,
16,3,162,7,10,1,0,
78,3,95,58,1,1,0,
57,3,115,65,10,1,0,
35,3,154,75,4,2,0,
63,3,161,15,9,1,0,
106,3,101,21,6,2,1,
58,3,74,35,5,1,0,
60,3,193,13,8,1,0,
7,3,80,19,6,2,1,
40,3,50,99,3,1,0,
55,3,48,95,3,1,0,
47,3,177,57,4,1,0,
96,3,79,79,2,2,1,
44,3,209,61,3,2,1,
125,3,188,57,3,1,0,
106,3,204,37,1,1,0,
72,3,91,38,3,2,0,
9,3,48,9,9,1,0,
59,3,207,3,4,1,0,
22,3,161,84,10,1,0,
110,3,170,60,11,1,0,
11,3,34,16,6,1,0,
89,3,56,60,2,1,0,
30,3,72,48,6,1,0,
38,3,89,41,5,2,0,
96,3,41,17,7,1,0,
107,3,207,17,7,1,0,
75,3,35,22,9,1,0,
9,3,142,49,3,2,1,
117,3,84,5,4,1,0,
80,3,97,72,1,1,0,
120,3,70,49,11,1,0,
28,3,172,20,4,2,1,
43,3,89,29,5,2,0,
76,3,114,75,5,1,0,
25,3,196,8,10,2,0,
72,3,33,13,2,1,0,
80,3,148,100,5,1,0,
123,3,30,46,9,1,0,
123,3,124,32,10,2,1,
115,3,62,70,8,1,0,
25,3,89,48,1,2,0,
69,3,29,100,5,2,0,
33,3,63,60,11,2,1,
92,3,165,23,1,1,0,
33,3,104,29,8,1,0,
47,3,188,52,4,2,0,
35,3,217,47,7,2,1,
123,3,133,81,6,1,0,
11,3,221,80,9,1,0,
91,3,122,23,6,1,0,
7,3,173,28,5,1,0,
59,3,93,89,8,1,0,
13,3,58,74,5,2,1,
73,3,57,13,8,2,0,
118,3,161,26,3,2,1,
91,3,73,72,6,2,1,
72,3,91,57,10,1,0,
19,3,56,68,2,2,0,
21,3,96,80,4,1,0,
64,3,208,27,7,2,1,
12,3,167,62,4,1,0,
30,3,177,33,1,1,0,
67,3,206,35,11,1,0,
83,3,168,56,8,2,0,
46,3,74,5,4,1,0,
20,3,139,38,2,2,1,
119,3,163,3,10,1,0,
54,3,214,58,2,2,0,
62,3,199,81,3,2,0,
55,3,62,39,10,2,1,
81,3,86,37,7,2,1,
61,3,98,60,11,1,0,
63,3,201,37,4,1,0,
31,3,202,3,3,1,0,
51,3,42,42,2,1,0,
128,3,176,68,1,1,0,
55,3,145,76,1,1,0,
118,3,119,98,9,1,0,
42,3,56,8,11,2,1,
23,3,192,43,4,1,0,
46,3,190,4,7,1,0,
91,3,218,63,8,2,0,
97,3,149,34,10,2,1,
84,3,190,60,10,2,0,
101,3,202,87,6,1,0,
13,3,131,57,3,2,0,
84,3,88,79,4,2,1,
41,3,194,24,8,2,1,
86,3,56,57,10,2,1,
97,3,97,95,2,2,1,
124,3,60,59,7,2,1,
86,3,90,50,4,2,1,
9,3,88,14,8,2,1,
21,3,76,7,10,1,0,
84,3,89,37,5,2,0,
85,3,64,11,11,2,1,
80,3,201,57,11,1,0,
120,3,114,10,2,1,0,
99,3,121,83,10,1,0,
13,3,135,43,6,1,0,
119,3,101,52,7,1,0,
61,3,75,89,10,2,0,
38,3,185,81,8,1,0,
37,3,132,47,5,1,0,
126,3,139,90,6,1,0,
90,3,49,30,1,2,0,
98,3,145,31,6,1,0,
111,3,149,68,5,2,0,
85,3,203,99,1,1,0,
9,3,183,19,11,1,0,
97,3,170,36,9,2,0,
80,3,111,59,3,1,0,
74,3,83,62,11,2,0,
29,3,177,26,3,1,0,
57,3,47,16,3,1,0,
6,3,27,79,4,1,0,
113,3,209,80,7,2,0,
22,3,97,6,11,1,0,
7,3,194,83,6,2,0,
64,3,33,50,3,1,0,
123,3,30,56,8,1,0,
102,3,38,45,1,2,0,
34,3,47,15,7,2,1,
14,3,28,71,3,1,0,
103,3,199,38,1,2,1,
102,3,111,45,2,1,0,
30,3,82,47,1,2,0,
121,3,57,5,7,2,1,
98,3,216,26,10,2,1,
102,3,211,54,6,1,0,
27,3,33,51,7,2,1,
101,3,113,65,5,1,0,
65,3,55,64,9,2,0,
18,3,56,63,9,1,0,
31,3,204,29,6,1,0,
104,3,108,69,5,1,0,
61,3,38,51,1,1,0,
37,3,59,56,1,1,0,
90,3,181,47,5,2,1,
53,3,83,16,8,1,0,
82,3,96,93,4,2,0,
94,3,165,36,9,2,1,
92,3,30,98,8,2,1,
34,3,40,90,8,2,0,
128,3,53,64,5,1,0,
74,3,176,96,8,2,0,
67,3,112,62,11,2,1,
45,3,72,57,8,1,0,
124,3,212,25,8,1,0,
15,3,29,61,10,2,0,
69,3,219,35,8,2,1,
77,3,51,77,4,1,0,
30,3,179,8,5,1,0,
87,3,169,28,3,1,0,
2,3,111,26,11,1,0,
4,3,63,47,10,2,1,
73,3,78,61,2,1,0,
52,3,87,75,9,2,1,
73,3,105,78,10,1,0,
105,3,141,99,9,2,1,
105,3,213,20,8,2,1,
127,3,94,99,5,2,0,
109,3,176,57,2,1,0,
41,3,103,40,6,2,1,
56,3,27,73,8,1,0,
71,3,188,29,2,1,0,
108,3,183,79,8,2,1,
110,3,52,28,11,2,0,
11,3,151,13,8,2,0,
103,3,101,23,3,2,0,
128,3,170,83,11,1,0,
17,3,158,30,4,1,0,
128,3,193,76,9,1,0,
13,3,189,83,8,1,0,
97,3,82,91,1,1,0,
21,3,35,62,5,1,0,
69,3,155,98,11,2,1,
128,3,142,12,5,2,0,
57,3,213,54,7,2,1,
48,3,147,64,3,1,0,
19,3,83,4,1,2,1,
80,3,54,68,8,1,0,
48,3,187,69,8,1,0,
128,3,151,8,3,2,1,
47,3,33,97,8,2,1,
34,3,155,48,5,2,1,
75,3,156,67,3,1,0,
100,3,34,28,7,1,0,
108,3,193,49,9,2,0,
87,3,25,46,1,1,0,
73,3,196,100,10,2,0,
20,3,92,23,9,2,1,
64,3,26,74,6,1,0,
46,3,172,88,9,1,0,
114,3,57,93,7,1,0,
98,3,105,41,6,2,0,
31,3,151,63,11,2,1,
78,3,85,7,8,2,0,
41,3,36,96,3,2,1,
87,3,52,63,6,2,0,
14,3,143,4,10,2,0,
87,3,99,17,2,2,1,
79,3,150,10,11,1,0,
102,3,100,99,10,1,0,
5,3,209,97,3,1,0,
96,3,146,14,8,2,0,
115,3,157,67,1,2,0,
124,3,133,87,7,1,0,
13,3,132,68,8,2,1,
119,3,88,86,7,2,1,
44,3,95,30,2,1,0,
104,3,187,63,9,2,1,
19,3,79,56,3,2,0,
107,3,188,76,4,2,0,
87,3,73,68,11,1,0,
52,3,139,70,7,2,0,
4,3,171,60,8,1,0,
26,3,48,62,6,1,0,
27,3,172,24,1,2,1,
97,3,77,85,5,2,1,
26,3,150,45,3,1,0,
105,3,110,76,11,1,0,
45,3,133,93,9,1,0,
104,3,140,47,6,2,0,
125,3,199,70,9,2,1,
118,3,150,98,6,2,0,
114,3,56,4,3,1,0,
14,3,37,45,2,2,1,
19,3,25,59,2,2,0,
121,3,119,66,2,1,0,
108,3,96,34,4,1,0,
20,3,216,67,4,2,0,
104,3,181,86,4,1,0,
113,3,191,86,4,1,0,
15,3,32,64,8,2,0,
127,3,172,95,8,2,0,
74,3,132,23,8,1,0,
72,3,174,46,4,1,0,
121,3,127,62,5,2,1,
114,3,49,82,3,1,0,
80,3,82,6,6,2,1,
25,3,187,35,2,2,0,
104,3,142,92,1,1,0,
112,3,71,16,11,2,1,
94,3,184,87,6,2,1,
15,3,216,95,10,1,0,
121,3,181,11,11,1,0,
89,3,183,77,6,2,0,
47,3,179,42,6,2,1,
47,3,172,98,5,2,0,
10,3,110,19,2,1,0,
58,3,74,68,3,1,0,
7,3,122,36,1,2,0,
81,3,123,55,5,1,0,
8,3,75,74,9,2,0,
46,3,171,74,4,2,0,
125,3,181,15,9,2,1,
123,3,117,83,2,2,0,
49,3,47,45,10,2,0,
93,3,71,79,5,2,1,
85,3,199,63,8,1,0,
81,3,93,22,3,2,1,
110,3,105,41,5,1,0,
81,3,204,29,3,2,0,
52,3,190,82,6,1,0,
106,3,161,63,4,2,0,
57,3,25,77,7,1,0,
116,3,154,100,6,1,0,
35,3,27,87,1,2,0,
116,3,45,17,3,1,0,
77,3,41,22,9,1,0,
4,3,26,91,3,2,0,
89,3,30,7,11,1,0,
72,3,217,83,9,1,0,
26,3,70,12,7,1,0,
121,3,74,96,6,2,0,
24,3,204,82,6,2,1,
62,3,162,29,9,2,0,
124,3,91,73,11,1,0,
33,3,129,33,5,2,0,
19,3,169,54,5,1,0,
95,3,184,75,3,2,1,
102,3,180,38,3,2,0,
28,3,97,81,4,1,0,
82,3,131,3,11,1,0,
117,3,219,66,9,1,0,
114,3,123,8,10,1,0,
2,3,179,75,10,2,1,
68,3,62,74,7,2,1,
38,3,138,14,7,2,0,
111,3,99,97,4,2,0,
55,3,62,66,10,1,0,
49,3,195,64,9,2,0,
128,3,98,81,10,2,1,
6,3,70,60,5,1,0,
116,3,166,89,5,1,0,
76,3,44,20,11,2,0,
114,3,153,73,10,1,0,
114,3,52,8,3,2,1,
62,3,151,63,4,2,0,
2,3,158,49,10,1,0,
7,3,83,81,8,1,0,
16,3,185,54,7,1,0,
73,3,43,51,1,2,0,
95,3,211,44,1,2,1,
7,3,98,48,11,1,0,
96,3,30,88,5,1,0,
124,3,198,70,4,1,0,
64,2,212,97,11,1,0,
90,3,77,39,11,1,0,
6,16,150,47,1,2,0,
39,13,25,33,2,2,1,
40,11,168,40,4,2,1,
23,17,165,74,9,1,0,
105,11,110,82,3,2,1,
4,21,153,13,2,1,0,
122,3,211,9,9,1,0,
74,24,189,56,11,1,0,
50,9,193,26,10,2,1,
115,17,76,31,3,1,0,
78,9,163,100,7,2,1,
40,10,177,51,10,2,0,
111,24,199,42,4,1,0,
64,14,171,42,11,1,0,
120,19,191,52,3,2,0,
102,9,58,10,5,1,0,
122,23,68,71,1,2,1,
97,10,211,40,2,2,0,
90,4,210,3,11,2,0,
11,3,224,95,8,1,0,
20,12,81,28,6,1,0,
74,13,178,12,2,2,0,
87,9,28,44,10,1,0,
2,9,46,85,10,1,0,
49,5,43,78,4,1,0,
100,16,190,25,3,2,0,
82,9,44,71,3,2,0,
93,19,155,43,1,2,1,
111,3,204,39,9,1,0,
102,2,131,58,3,1,0,
107,6,69,69,1,2,0,
51,12,202,36,5,1,0,
59,2,205,42,4,2,1,
102,9,29,7,11,1,0,
73,8,65,61,6,2,0,
117,10,151,42,3,1,0,
75,11,150,72,8,1,0,
80,2,98,52,10,2,1,
63,9,77,74,9,1,0,
29,4,158,54,6,2,0,
40,7,114,93,3,2,1,
114,17,47,46,11,1,0,
68,11,93,47,4,2,1,
118,8,59,17,8,2,1,
8,8,28,80,5,2,1,
118,16,221,37,5,1,0,
88,23,167,40,6,2,1,
121,7,156,13,3,2,0,
115,13,111,4,10,2,0,
96,14,68,79,10,1,0,
121,14,71,56,4,1,0,
90,2,53,66,2,2,1,
69,13,37,84,2,1,0,
10,17,208,21,10,1,0,
39,3,74,14,7,2,1,
56,8,93,27,1,1,0,
32,4,41,63,5,1,0,
104,2,185,91,5,2,1,
127,14,173,37,2,1,0,
39,13,89,78,8,2,0,
64,3,71,36,2,2,1,
113,10,187,15,10,1,0,
54,24,149,88,11,1,0,
14,19,135,74,5,1,0,
9,24,148,95,7,1,0,
29,14,116,37,8,1,0,
110,21,51,83,2,1,0,
9,8,118,15,8,1,0,
113,20,117,77,10,1,0,
34,5,53,79,2,1,0,
66,8,141,6,5,2,0,
2,4,183,24,4,2,1,
117,23,40,76,7,1,0,
42,21,134,54,9,1,0,
17,24,68,95,6,2,0,
29,6,174,46,3,1,0,
26,13,75,6,7,1,0,
35,6,213,53,11,2,0,
33,18,70,85,11,1,0,
6,15,137,58,11,2,0,
32,24,78,59,8,2,0,
76,3,78,34,1,2,1,
34,21,140,66,4,1,0,
13,24,120,66,10,2,1,
59,21,108,10,9,2,1,
25,21,28,81,6,2,0,
23,2,30,80,2,2,0,
69,3,38,38,5,2,0,
127,18,174,40,7,2,0,
46,11,159,52,7,2,1,
16,24,71,33,9,1,0,
58,23,145,55,1,1,0,
121,15,149,98,4,2,0,
88,5,25,91,8,1,0,
24,10,200,69,8,2,0,
117,11,169,89,4,2,0,
30,9,167,19,8,2,0,
18,6,78,91,7,2,1,
56,22,172,49,2,1,0,
128,3,73,73,10,2,0,
37,3,187,5,7,2,0,
36,6,174,83,6,1,0,
22,2,108,12,4,1,0,
105,19,135,53,11,2,0,
128,14,28,11,8,2,1,
38,14,137,70,5,1,0,
13,8,33,9,1,1,0,
2,23,63,56,11,1,0,
45,14,126,99,9,2,1,
123,5,222,11,5,1,0,
58,21,24,22,8,1,0,
116,20,56,60,11,1,0,
35,16,134,98,6,1,0,
50,6,129,71,2,1,0,
24,18,91,77,1,2,1,
110,21,26,9,3,2,0,
57,15,35,28,10,2,1,
127,1,216,91,5,2,1,
23,12,105,49,4,2,1,
57,9,41,86,6,1,0,
90,5,191,11,10,1,0,
8,15,144,53,2,1,0,
47,6,189,73,1,1,0,
33,17,122,47,9,2,0,
112,3,169,90,6,2,0,
111,9,198,46,4,1,0,
119,11,38,43,3,2,1,
127,2,118,84,1,1,0,
23,17,91,81,2,2,1,
74,14,218,58,4,1,0,
54,5,155,91,10,1,0,
74,2,117,60,9,1,0,
128,3,104,93,9,2,1,
26,6,188,56,7,1,0,
110,5,158,11,1,1,0,
48,19,115,6,8,1,0,
109,1,127,4,7,2,1,
8,18,49,69,8,1,0,
112,15,79,32,6,2,0,
109,8,169,64,4,1,0,
85,9,64,68,5,2,1,
101,17,78,73,9,2,1,
83,9,68,29,4,1,0,
13,19,179,31,7,2,1,
86,23,95,22,6,2,0,
20,23,116,83,8,2,1,
77,23,207,10,9,1,0,
113,17,209,88,3,2,1,
90,3,125,71,2,1,0,
26,3,37,29,6,2,0,
10,7,212,88,8,2,0,
43,14,167,70,8,2,0,
56,1,27,51,7,2,0,
23,16,141,6,7,1,0,
93,7,85,58,8,1,0,
30,13,197,23,9,2,1,
95,17,198,44,4,1,0,
110,6,109,34,4,2,0,
6,1,89,28,5,2,1,
122,22,206,55,10,1,0,
73,8,107,4,8,2,0,
41,15,91,73,9,2,1,
73,9,160,17,3,1,0,
122,14,160,7,11,1,0,
100,8,132,64,9,2,1,
9,14,176,27,2,1,0,
92,13,181,51,2,1,0,
5,7,120,21,2,1,0,
33,9,121,39,11,2,1,
10,7,151,72,7,1,0,
56,6,140,18,1,2,0,
90,19,53,46,10,1,0,
29,24,147,63,4,1,0,
44,3,85,36,11,1,0,
35,24,200,16,8,2,0,
48,18,174,53,5,1,0,
29,17,126,14,6,2,1,
42,11,74,24,9,1,0,
13,6,169,34,2,2,0,
51,19,110,92,4,2,0,
108,7,126,93,10,1,0,
72,24,216,82,3,1,0,
100,11,38,60,2,2,0,
121,4,66,12,10,1,0,
9,13,95,69,6,2,1,
90,12,213,96,8,2,1,
117,16,219,98,4,2,1,
56,7,150,10,7,1,0,
114,5,51,5,11,1,0,
49,9,93,65,3,1,0,
88,14,130,100,6,2,1,
64,16,88,41,7,2,0,
100,15,121,49,5,2,0,
79,21,77,60,5,2,1,
71,19,187,43,8,2,1,
10,21,202,100,3,2,1,
117,4,115,12,10,1,0,
32,11,192,44,9,2,0,
41,18,126,77,6,2,1,
18,6,65,69,4,1,0,
101,18,114,70,3,1,0,
14,17,166,60,6,2,1,
26,6,154,48,9,2,1,
31,7,91,19,7,2,1,
120,12,84,34,8,1,0,
61,9,40,73,4,2,0,
49,6,75,90,6,2,0,
23,7,206,68,10,2,1,
15,20,152,73,7,2,0,
122,7,89,41,3,2,1,
13,1,194,86,5,2,0,
11,12,43,52,6,2,1,
68,18,123,59,9,2,0,
17,4,118,45,3,2,0,
108,9,159,34,5,1,0,
114,1,220,4,1,1,0,
74,13,117,58,10,1,0,
58,18,215,36,11,2,1,
61,23,185,36,9,1,0,
93,1,181,72,7,1,0,
117,17,46,65,7,2,0,
13,3,62,94,3,2,1,
61,21,32,76,10,2,0,
46,22,167,62,2,1,0,
46,6,96,65,5,1,0,
26,10,147,37,1,2,0,
20,23,216,58,7,2,0,
32,10,113,85,4,2,1,
10,17,104,24,8,2,0,
99,11,85,63,1,1,0,
8,8,72,38,6,1,0,
114,24,104,36,7,2,1,
40,11,204,89,1,1,0,
100,11,47,75,1,1,0,
125,15,38,17,2,2,1,
61,20,32,31,5,2,1,
3,3,122,39,6,2,0,
111,8,125,21,5,2,1,
61,10,94,48,1,1,0,
74,21,104,49,9,1,0,
80,5,212,29,3,2,0,
5,9,171,86,11,1,0,
121,21,203,39,9,1,0,
127,4,69,47,11,1,0,
51,12,145,99,6,2,1,
70,14,70,17,11,1,0,
122,15,120,48,5,1,0,
63,13,49,26,3,2,1,
32,17,111,56,10,1,0,
39,6,157,26,3,2,1,
53,20,210,7,6,2,0,
53,12,209,23,10,2,1,
121,7,159,60,4,1,0,
93,18,26,8,11,1,0,
47,7,120,29,8,2,1,
100,8,138,62,6,2,0,
91,19,83,27,2,1,0,
40,22,154,64,4,1,0,
104,5,134,98,1,2,1,
108,21,56,3,8,2,0,
77,3,94,4,3,1,0,
18,8,114,75,9,2,0,
80,16,125,14,11,2,1,
50,4,50,84,9,1,0,
46,19,89,33,11,2,1,
73,20,183,31,11,1,0,
23,1,44,55,10,2,1,
36,1,122,53,2,2,1,
59,5,215,38,3,1,0,
58,24,99,36,8,2,1,
71,3,172,94,8,1,0,
23,18,170,89,4,1,0,
97,3,122,59,8,1,0,
34,20,70,10,10,1,0,
28,15,120,46,5,2,1,
96,7,131,75,6,2,1,
33,6,178,69,8,1,0,
10,9,70,19,8,2,0,
67,6,52,91,3,1,0,
119,13,216,92,3,1,0,
23,2,206,90,3,1,0,
106,16,224,31,7,2,1,
59,24,89,91,8,2,1,
56,15,78,79,1,1,0,
53,1,140,59,10,2,0,
102,5,132,70,4,1,0,
41,21,49,52,10,2,0,
65,8,218,83,1,2,0,
19,7,84,15,9,1,0,
64,19,118,15,3,1,0,
38,11,41,54,8,2,0,
111,21,140,49,1,2,0,
53,1,37,97,9,2,0,
113,1,85,26,8,1,0,
74,7,147,90,1,2,0,
41,3,109,70,3,2,0,
4,2,224,24,1,1,0,
107,21,129,30,4,1,0,
64,7,46,54,1,2,0,
15,24,90,11,7,1,0,
117,13,73,38,10,1,0,
65,10,40,13,2,2,1,
93,6,56,62,7,1,0,
34,20,50,72,8,1,0,
28,6,67,96,4,1,0,
47,15,28,51,11,1,0,
116,11,125,49,8,1,0,
4,14,40,84,9,2,1,
73,21,127,65,7,1,0,
24,4,106,41,7,1,0,
46,3,188,14,11,1,0,
122,20,99,51,4,2,1,
31,1,171,47,11,2,0,
22,19,150,60,1,2,0,
118,10,69,56,3,2,1,
93,13,109,31,10,1,0,
71,7,126,21,11,1,0,
50,12,73,63,11,1,0,
27,9,129,51,3,1,0,
78,21,170,10,4,1,0,
110,17,39,33,3,1,0,
54,13,84,91,5,1,0,
87,16,217,52,11,2,0,
107,15,176,84,5,1,0,
127,18,183,90,3,2,1,
30,7,82,98,3,2,0,
83,9,68,83,10,1,0,
74,2,31,11,1,2,0,
13,10,113,34,11,1,0,
92,2,43,86,5,2,0,
25,14,224,53,2,2,0,
85,1,218,16,6,1,0,
118,6,116,94,10,1,0,
8,5,203,18,8,1,0,
37,16,131,12,6,1,0,
72,22,161,15,4,1,0,
128,13,46,65,2,2,0,
90,2,30,29,5,2,1,
21,6,215,52,3,2,1,
25,11,100,15,1,1,0,
88,3,55,86,10,2,0,
37,13,66,44,5,2,0,
35,11,201,43,1,2,0,
34,23,183,54,6,1,0,
108,14,40,100,7,1,0,
33,20,81,83,8,2,1,
4,8,117,10,4,1,0,
104,7,39,53,6,1,0,
70,11,138,88,9,2,0,
52,15,193,28,7,1,0,
13,18,135,12,7,1,0,
15,3,33,43,7,1,0,
55,2,157,94,10,2,1,
45,11,81,60,1,1,0,
22,23,105,26,10,1,0,
5,10,45,32,4,1,0,
77,17,162,38,7,2,0,
82,14,155,73,7,1,0,
89,7,164,32,9,1,0,
28,6,91,60,8,2,0,
76,13,182,87,2,2,1,
35,2,142,22,11,1,0,
25,17,63,31,10,2,1,
102,12,60,36,6,2,0,
126,8,224,79,9,1,0,
41,17,32,25,9,2,1,
19,10,157,35,1,1,0,
52,18,160,39,6,1,0,
78,6,132,23,1,1,0,
88,6,174,28,3,2,1,
104,7,126,38,1,2,1,
27,22,192,87,3,2,0,
36,23,179,36,6,2,1,
16,13,47,81,3,1,0,
37,20,97,15,8,1,0,
96,23,83,14,6,1,0,
98,23,180,72,7,2,0,
56,8,99,5,1,1,0,
112,4,135,22,3,2,1,
119,24,51,43,4,2,0,
81,21,178,72,2,1,0,
19,13,38,49,2,1,0,
113,10,90,35,5,1,0,
79,18,103,39,2,1,0,
105,19,190,34,6,2,0,
103,2,183,78,11,2,0,
78,12,206,49,11,1,0,
30,20,79,74,8,2,1,
126,5,69,57,8,2,1,
15,18,105,72,9,1,0,
69,6,210,63,2,2,0,
116,13,67,11,7,2,1,
88,10,74,45,11,1,0,
86,5,77,91,7,2,0,
49,12,221,50,11,1,0,
7,18,173,36,8,2,1,
64,3,58,17,10,2,0,
97,2,158,85,9,1,0,
110,13,166,55,4,2,0,
40,5,110,62,6,1,0,
128,4,44,39,5,1,0,
60,20,31,82,2,2,1,
51,13,56,81,3,2,0,
123,13,164,43,2,2,0,
90,10,172,81,9,2,0,
14,20,42,66,5,2,0,
43,14,131,80,5,2,1,
5,16,175,8,8,1,0,
15,4,156,36,8,1,0,
37,14,156,63,8,2,1,
28,14,160,33,8,1,0,
82,17,184,32,8,2,0,
89,1,27,20,5,2,1,
92,12,224,24,10,2,1,
128,3,112,17,7,2,1,
75,4,138,18,4,1,0,
59,2,82,49,3,2,1,
94,2,55,7,6,1,0,
116,5,138,65,10,1,0,
28,24,78,66,11,2,1,
13,4,87,28,8,1,0,
63,2,42,77,1,1,0,
84,6,146,100,5,1,0,
114,22,187,17,11,1,0,
7,10,210,72,4,1,0,
62,6,194,16,6,1,0,
90,22,28,34,1,2,1,
113,4,166,24,4,1,0,
80,22,139,70,5,2,0,
76,16,24,69,10,1,0,
47,2,196,8,8,1,0,
102,8,79,98,6,2,0,
118,14,66,44,5,1,0,
127,2,178,60,4,1,0,
104,21,169,44,3,1,0,
15,14,132,35,2,2,0,
115,17,175,28,6,2,0,
115,11,59,36,9,1,0,
40,22,37,16,4,2,1,
118,18,130,33,7,1,0,
69,2,70,79,10,2,1,
127,23,134,18,3,2,1,
78,12,26,52,3,1,0,
63,1,54,49,8,2,1,
73,17,197,47,11,1,0,
125,21,207,64,3,2,0,
78,10,78,37,8,1,0,
102,1,52,65,2,2,1,
111,4,115,7,4,2,0,
3,10,94,15,2,2,0,
89,10,150,15,11,2,1,
86,19,210,56,3,1,0,
8,9,130,70,6,2,0,
82,1,130,58,11,1,0,
13,5,218,67,5,2,1,
39,1,111,22,6,1,0,
33,24,217,95,4,1,0,
86,17,218,74,8,2,0,
128,5,36,52,4,1,0,
90,5,51,23,4,2,0,
11,18,179,30,1,2,0,
24,3,160,30,7,2,0,
122,18,166,32,10,1,0,
46,4,169,73,7,2,1,
114,11,36,86,3,1,0,
127,3,30,11,6,1,0,
35,17,218,67,1,2,0,
59,22,114,15,3,1,0,
83,19,60,42,5,1,0,
113,24,200,44,2,1,0,
16,18,204,49,6,2,1,
121,10,208,49,11,1,0,
24,4,141,20,7,1,0,
37,22,138,16,1,1,0,
93,8,143,18,7,1,0,
57,15,152,3,6,2,0,
112,18,85,29,10,1,0,
5,12,178,58,9,1,0,
26,17,93,100,6,2,0,
4,6,200,98,1,1,0,
91,13,28,83,6,2,1,
55,15,54,53,9,2,1,
63,18,146,20,11,2,0,
118,20,153,23,10,1,0,
110,23,25,21,9,1,0,
63,12,149,38,3,2,0,
29,12,129,64,11,2,0,
49,19,152,57,6,1,0,
64,11,150,56,1,2,0,
90,5,173,55,9,1,0,
12,11,61,79,8,1,0,
46,21,84,80,9,2,0,
115,12,127,53,11,2,1,
36,2,65,24,10,1,0,
23,3,88,8,5,1,0,
3,11,182,81,2,2,1,
41,10,138,55,11,1,0,
5,3,164,5,7,1,0,
4,5,58,38,9,2,0,
105,12,140,78,8,1,0,
92,22,51,100,3,2,0,
107,5,85,69,11,1,0,
102,3,206,89,3,2,1,
95,12,72,47,7,2,0,
80,18,66,93,4,2,1,
122,15,78,79,7,2,1,
43,7,168,85,7,2,0,
52,20,54,38,11,1,0,
60,23,139,5,5,1,0,
127,17,35,99,7,2,0,
63,3,207,5,11,1,0,
24,20,107,94,8,1,0,
95,2,126,18,7,1,0,
25,6,194,32,7,2,0,
52,11,95,7,8,2,1,
115,24,80,99,2,2,0,
117,4,73,37,2,1,0,
17,4,62,95,4,2,0,
27,16,72,88,10,2,1,
8,10,44,51,2,1,0,
77,9,131,76,3,2,1,
27,6,59,27,6,1,0,
68,3,105,97,8,1,0,
40,10,119,11,3,2,1,
9,21,76,86,1,1,0,
105,20,82,37,5,1,0,
8,18,135,38,4,2,1,
117,16,95,11,4,2,0,
9,6,211,30,11,1,0,
100,19,134,68,11,1,0,
85,3,84,7,9,1,0,
11,9,207,80,11,2,0,
98,9,161,75,4,1,0,
76,23,180,58,10,2,1,
43,24,152,33,10,1,0,
25,22,184,54,11,1,0,
60,10,58,49,7,2,1,
86,8,60,82,11,1,0,
59,4,54,46,7,2,1,
57,12,61,45,4,2,0,
126,19,97,64,4,1,0,
27,3,153,49,4,2,1,
92,13,46,39,2,1,0,
51,8,139,99,2,2,0,
10,9,183,25,3,2,0,
116,14,80,97,6,2,0,
46,23,206,38,5,2,0,
50,8,187,90,4,1,0,
39,12,188,29,2,1,0,
65,13,150,25,2,1,0,
121,4,180,50,1,1,0,
17,4,93,31,1,1,0,
92,18,84,16,1,1,0,
47,15,113,9,10,2,1,
21,10,176,84,5,2,1,
111,17,37,43,8,1,0,
67,7,155,59,11,1,0,
67,17,157,6,11,1,0,
116,14,81,71,5,2,1,
34,9,147,42,1,2,1,
88,17,58,9,8,1,0,
54,19,146,10,1,2,0,
48,1,80,94,1,2,1,
120,23,104,69,2,2,1,
102,6,153,66,11,2,0,
126,20,170,41,8,1,0,
99,8,112,29,11,2,0,
103,7,63,30,5,2,1,
55,17,56,72,7,2,1,
78,21,64,8,2,1,0,
5,23,166,70,5,1,0,
46,4,159,93,5,1,0,
43,3,123,56,7,1,0,
23,9,80,36,3,2,1,
37,11,167,80,3,2,0,
112,1,83,7,11,2,1,
75,9,129,17,11,1,0,
4,19,56,5,5,2,1,
9,11,173,38,4,2,1,
112,21,131,42,3,1,0,
80,21,61,65,2,2,0,
114,5,31,45,1,1,0,
8,12,48,66,9,1,0,
17,12,177,49,10,2,0,
104,16,98,82,5,2,1,
47,6,84,96,1,2,0,
126,4,105,17,4,1,0,
88,20,106,13,9,2,0,
67,4,210,100,5,2,1,
126,13,111,35,11,2,0,
84,11,93,10,9,1,0,
86,22,51,37,8,2,0,
97,7,190,78,4,1,0,
35,18,96,36,4,1,0,
39,3,208,84,1,2,0,
74,10,28,97,11,1,0,
61,5,98,45,4,1,0,
60,7,170,35,9,2,0,
53,15,100,77,11,2,1,
92,16,175,88,4,2,0,
4,10,72,41,3,1,0,
84,22,83,88,8,2,0,
7,1,53,77,9,1,0,
67,4,119,99,1,2,1,
107,15,143,39,5,2,1,
38,22,29,31,10,2,0,
45,1,144,78,10,2,1,
56,3,27,55,8,1,0,
105,5,195,82,2,2,1,
96,7,164,78,1,1,0,
77,12,33,47,1,1,0,
15,19,82,12,2,1,0,
4,15,65,44,9,2,1,
96,11,188,67,3,2,1,
34,20,84,51,10,2,1,
102,23,143,89,10,2,1,
35,10,73,66,9,1,0,
21,1,109,94,11,2,1,
120,6,122,20,6,1,0,
123,19,126,21,11,2,0,
98,17,125,76,3,2,1,
26,4,173,52,10,1,0,
116,20,63,75,6,2,1,
93,18,210,92,7,1,0,
65,9,168,15,7,2,1,
46,22,221,92,9,2,1,
11,8,167,35,8,2,0,
80,8,85,81,5,2,0,
42,5,142,73,4,2,1,
4,7,136,91,5,2,1,
44,18,44,92,2,1,0,
13,7,72,68,1,1,0,
107,13,39,86,10,1,0,
98,10,52,5,1,2,0,
102,4,143,69,8,1,0,
58,6,212,57,4,1,0,
91,1,124,36,3,1,0,
103,13,101,18,1,2,0,
45,18,192,60,11,2,1,
39,21,118,26,5,1,0,
51,3,208,40,11,2,1,
53,24,210,36,1,1,0,
86,20,155,36,6,2,1,
44,19,99,70,9,2,0,
27,3,75,87,4,1,0,
111,24,104,82,1,2,0,
39,4,109,47,4,1,0,
23,21,60,39,6,1,0,
72,8,120,3,6,1,0,
122,13,196,39,6,2,1,
15,20,112,82,10,2,1,
28,18,100,55,6,2,1,
60,12,171,12,10,1,0,
9,13,43,32,8,1,0,
58,11,102,71,8,2,1,
84,14,71,61,10,2,1,
14,16,213,20,9,2,1,
31,20,131,74,7,2,0,
27,1,46,11,7,2,0,
81,7,134,32,2,1,0,
26,13,180,60,1,1,0,
2,17,202,9,2,1,0,
53,13,179,3,1,2,0,
36,20,42,26,6,1,0,
100,3,96,54,9,2,1,
53,19,220,9,8,1,0,
74,14,68,75,8,1,0,
17,4,116,9,11,2,1,
65,21,91,42,6,1,0,
127,6,196,42,2,1,0,
59,9,118,55,3,1,0,
113,1,78,5,3,1,0,
46,14,74,31,5,2,1,
90,6,121,26,1,2,0,
125,20,202,48,11,1,0,
127,6,29,60,3,1,0,
59,7,146,36,7,1,0,
7,16,216,70,8,1,0,
44,18,217,12,7,2,1,
52,17,180,19,10,1,0,
103,5,178,88,11,1,0,
60,4,151,55,7,1,0,
11,16,185,73,11,2,0,
118,6,102,84,1,2,0,
4,15,191,50,6,1,0,
89,8,217,43,6,2,0,
80,16,80,11,2,2,1,
99,19,97,51,8,1,0,
29,2,199,72,11,2,1,
57,21,24,10,6,1,0,
7,21,148,85,5,1,0,
100,13,145,58,10,1,0,
25,20,216,55,11,2,1,
79,1,130,56,11,2,0,
18,12,47,5,5,1,0,
98,8,87,29,4,1,0,
27,15,25,62,6,2,1,
25,15,129,69,10,2,0,
29,5,190,90,5,2,0,
5,5,148,82,10,2,0,
78,24,215,95,9,1,0,
59,18,208,56,5,1,0,
72,15,94,98,1,2,1,
127,24,163,65,7,1,0,
36,1,78,72,5,2,0,
74,11,186,93,4,2,0,
118,11,123,30,9,2,0,
84,3,37,15,4,1,0,
76,10,198,93,5,2,0,
35,4,172,99,3,1,0,
123,10,154,63,9,1,0,
45,17,125,23,7,1,0,
118,11,218,44,9,1,0,
79,21,120,8,3,1,0,
22,15,108,47,9,2,0,
87,4,29,96,7,1,0,
104,20,186,71,9,1,0,
79,6,43,83,2,2,1,
92,17,80,86,2,2,0,
45,4,60,34,4,2,0,
45,1,146,43,2,2,0,
97,14,160,20,4,2,1,
95,14,178,62,1,1,0,
100,12,125,94,2,2,1,
99,14,46,16,7,2,0,
7,10,102,73,9,2,1,
46,13,35,12,6,2,0,
36,2,205,8,1,1,0,
121,3,152,95,2,1,0,
58,11,176,6,11,1,0,
13,9,96,14,3,1,0,
15,21,150,67,9,1,0,
93,6,146,51,10,2,0,
6,15,150,88,8,2,0,
12,6,124,15,4,2,0,
76,13,195,71,3,1,0,
77,3,213,22,4,1,0,
117,12,83,23,3,2,1,
41,2,197,88,4,2,0,
52,12,108,60,9,2,1,
85,22,223,12,10,2,0,
102,10,175,19,10,1,0,
62,8,147,41,10,2,1,
112,23,136,59,8,2,0,
102,14,71,47,6,2,0,
97,13,131,33,8,2,0,
22,13,153,60,11,1,0,
25,23,215,15,11,2,0,
88,3,34,19,5,2,0,
12,14,191,100,8,1,0,
47,18,51,25,7,1,0,
101,9,205,26,6,2,0,
104,18,220,47,8,2,0,
92,12,106,41,3,2,0,
73,11,220,26,5,2,0,
51,7,70,53,11,2,1,
127,16,28,77,11,1,0,
33,19,188,92,4,1,0,
26,19,222,59,7,2,1,
48,23,49,49,5,1,0,
60,13,149,17,4,2,0,
3,2,203,51,11,1,0,
58,21,173,28,3,2,0,
93,9,25,50,3,1,0,
45,21,90,50,5,1,0,
23,23,85,14,1,1,0,
53,20,34,59,8,1,0,
22,13,77,29,3,2,1,
43,20,34,77,9,1,0,
110,1,178,95,5,1,0,
74,10,143,22,4,2,1,
92,22,125,19,7,1,0,
42,11,62,93,4,1,0,
63,5,209,48,5,1,0,
124,16,168,34,9,2,0,
128,9,64,11,11,1,0,
64,21,72,26,4,1,0,
37,9,126,84,1,1,0,
4,8,142,47,6,2,0,
96,14,160,63,8,2,0,
6,22,151,94,6,2,1,
3,9,158,57,10,2,1,
127,7,138,49,5,2,0,
69,22,162,84,11,2,0,
47,12,200,56,3,2,0,
4,7,46,67,3,1,0,
29,11,134,94,11,1,0,
66,14,44,79,8,1,0,
80,10,146,30,8,1,0,
110,7,94,7,2,1,0,
115,23,126,77,11,1,0,
9,2,88,9,9,1,0,
71,16,92,66,10,2,0,
89,12,168,17,4,2,0,
48,14,190,73,10,1,0,
54,1,198,64,11,1,0,
117,10,55,80,11,2,0,
71,10,54,11,10,2,0,
6,8,108,31,8,2,1,
91,10,40,78,9,1,0,
22,19,149,79,8,2,1,
15,14,78,4,11,1,0,
106,4,117,63,6,1,0,
102,2,179,69,11,1,0,
3,17,170,10,9,1,0,
126,3,115,31,3,1,0,
65,10,48,52,1,2,1,
25,6,93,49,1,2,0,
52,6,34,85,1,1,0,
87,15,116,35,8,2,0,
8,14,99,20,3,2,1,
58,12,92,48,3,1,0,
39,3,86,8,9,1,0,
107,7,101,73,8,2,1,
103,22,195,95,4,1,0,
36,21,189,81,10,2,1,
127,20,119,66,7,2,0,
125,15,92,35,8,2,1,
120,13,161,76,8,1,0,
49,17,174,17,5,1,0,
104,21,95,31,9,2,1,
24,3,138,27,9,1,0,
66,20,88,46,5,2,0,
123,20,196,54,9,1,0,
103,22,209,53,4,2,0,
37,18,126,89,7,2,0,
113,11,92,16,2,2,1,
124,15,220,36,8,2,0,
118,22,131,69,1,2,0,
14,1,188,69,7,1,0,
107,3,152,82,11,2,0,
33,21,212,68,6,1,0,
67,17,174,69,11,2,1,
8,12,118,75,5,1,0,
36,9,223,53,11,2,0,
90,23,55,87,4,1,0,
103,10,65,34,5,1,0,
27,12,60,46,7,2,1,
31,14,167,88,1,2,0,
32,24,128,43,5,1,0,
32,5,188,29,6,1,0,
127,21,192,26,8,1,0,
109,12,57,75,3,1,0,
95,1,222,19,3,1,0,
78,12,151,28,11,1,0,
31,8,168,11,4,1,0,
45,2,141,76,4,1,0,
46,13,43,23,3,2,0,
20,14,133,49,6,1,0,
85,3,167,92,6,1,0,
105,20,185,96,1,1,0,
56,23,90,36,11,1,0,
78,17,42,67,2,1,0,
43,10,147,41,8,2,1,
67,1,111,11,10,1,0,
30,18,137,61,10,2,0,
100,6,59,23,3,2,0,
61,16,79,26,10,2,0,
97,20,109,30,10,1,0,
115,16,120,11,8,2,0,
46,9,77,45,4,1,0,
11,16,199,22,4,2,1,
40,24,144,42,9,1,0,
8,10,136,76,6,2,1,
39,22,156,51,2,2,1,
62,18,44,68,8,1,0,
46,13,163,8,5,2,0,
47,2,139,65,4,1,0,
85,21,78,76,7,1,0,
27,24,121,36,3,1,0,
26,16,182,87,2,1,0,
90,13,195,47,9,1,0,
54,16,195,33,6,1,0,
65,20,47,7,1,2,0,
62,8,134,73,3,2,0,
28,2,129,60,1,1,0,
65,11,104,19,10,2,1,
85,4,76,40,5,1,0,
95,18,213,90,1,1,0,
94,11,28,75,3,2,1,
94,14,199,92,7,2,1,
56,12,199,78,3,2,0,
67,1,169,51,5,2,1,
29,15,33,10,9,1,0,
58,22,47,53,7,1,0,
84,15,123,67,9,1,0,
74,23,43,77,8,2,0,
115,18,116,62,8,2,1,
51,23,217,89,3,2,0,
21,21,125,45,3,1,0,
90,22,113,86,6,1,0,
68,11,150,71,8,1,0,
116,15,124,46,2,2,0,
38,7,163,36,4,1,0,
67,4,211,99,6,1,0,
13,3,139,96,8,1,0,
80,20,28,61,2,2,0,
101,24,148,15,6,1,0,
27,19,164,15,7,2,1,
12,22,208,30,7,1,0,
112,20,67,79,1,2,0,
119,9,29,27,6,1,0,
16,3,192,59,7,1,0,
116,9,52,97,8,1,0,
75,12,46,49,7,1,0,
8,1,171,52,6,2,0,
109,7,53,67,7,1,0,
78,7,137,75,2,2,0,
15,22,34,24,11,2,1,
42,2,54,36,2,2,0,
124,6,81,91,9,1,0,
83,19,215,65,4,1,0,
120,20,130,21,6,1,0,
116,22,211,89,5,2,0,
111,8,26,71,7,1,0,
37,24,147,72,8,2,0,
69,23,184,54,3,2,1,
70,21,77,4,3,2,1,
81,20,121,8,3,1,0,
37,2,221,76,4,1,0,
56,4,209,32,10,2,1,
72,19,91,76,11,2,0,
96,18,132,54,2,2,1,
93,17,209,20,6,2,1,
69,8,166,56,7,1,0,
78,9,80,75,3,2,0,
33,8,185,26,6,1,0,
118,2,118,97,11,2,0,
26,8,159,79,2,2,0,
123,6,100,11,6,2,1,
101,10,117,58,10,1,0,
72,6,161,25,6,1,0,
16,22,143,93,1,2,1,
108,2,54,40,1,2,1,
58,4,165,57,9,1,0,
71,14,41,35,4,1,0,
52,19,219,99,6,2,0,
19,2,49,7,7,2,0,
29,23,130,12,1,1,0,
111,4,217,39,4,1,0,
19,8,120,42,6,1,0,
52,18,205,17,1,2,0,
77,17,201,26,5,1,0,
107,2,151,18,5,2,0,
12,7,170,66,3,2,0,
35,4,95,68,9,1,0,
2,5,189,61,10,1,0,
80,3,59,98,5,2,1,
113,14,211,30,11,2,0,
112,6,185,21,11,2,1,
28,19,119,87,2,2,0,
20,10,179,89,3,1,0,
109,15,26,74,2,2,1,
34,24,191,58,1,1,0,
88,4,130,31,3,2,0,
36,4,45,41,8,1,0,
29,19,153,17,2,1,0,
85,7,223,22,9,2,1,
71,13,199,54,5,2,1,
106,11,167,43,3,1,0,
122,3,54,77,9,1,0,
35,20,143,58,2,2,0,
61,18,219,22,11,1,0,
68,19,90,31,4,1,0,
35,1,31,20,5,1,0,
7,18,51,4,11,1,0,
57,7,170,92,6,1,0,
15,3,184,42,5,2,1,
103,19,40,85,1,2,0,
34,17,99,88,5,1,0,
47,3,166,89,7,1,0,
84,20,62,47,8,2,0,
87,11,56,86,1,2,0,
118,1,95,61,2,2,1,
37,2,218,84,7,1,0,
40,10,56,67,3,1,0,
34,11,25,91,9,1,0,
74,12,96,25,9,2,1,
122,8,200,76,4,1,0,
113,17,73,16,7,2,1,
63,23,35,28,6,2,1,
4,21,160,67,5,1,0,
78,24,179,11,4,2,0,
60,5,193,95,6,2,0,
88,3,129,76,5,2,1,
70,13,50,5,2,1,0,
122,19,67,50,5,2,0,
111,1,204,22,5,2,1,
104,2,187,39,3,2,0,
98,19,152,54,9,2,1,
116,22,222,46,10,2,1,
42,5,74,86,3,2,0,
2,13,44,65,7,1,0,
111,16,190,12,9,1,0,
97,15,196,59,2,2,1,
88,23,109,76,3,2,0,
54,19,102,3,1,1,0,
10,4,176,35,2,2,0,
