7,0.953868,1,3.930841,0,
7,0.912601,1,0.593385,0,
6,0.896132,1,2.48206,0,
6,0.896132,1,2.48206,0,
6,0.896132,1,2.48206,0,
7,0.95354,1,0.628197,0,
6,0.767138,1,2.068952,0,
7,0.859645,1,0.885617,0,
7,0.859645,1,0.885617,0,
8,0.973946,1,0.718599,0,
8,0.973946,1,0.464375,0,
8,0.965797,1,1.206586,0,
8,0.8774,1,2.894244,0,
8,0.911703,1,1.746781,0,
8,0.962701,1,0.440749,0,
8,0.962701,1,0.440749,0,
8,0.856154,1,3.931135,0,
8,0.856154,1,3.931135,0,
7,0.776568,1,0.916076,0,
8,0.934705,1,0.505046,0,
8,0.963046,1,2.294287,0,
8,0.963046,1,2.294287,0,
8,0.963046,1,2.294287,0,
8,0.963046,1,2.294287,0,
8,0.963115,1,4.051966,0,
5,0.476069,1,0.814503,0,
5,0.476069,1,0.814503,0,
5,0.476069,1,0.814503,0,
8,0.936012,1,0.573146,0,
7,0.809059,1,0.768341,0,
8,0.947515,1,3.918754,0,
8,0.947515,1,3.918754,0,
8,0.903413,1,0.545315,0,
8,0.903413,1,0.545315,0,
8,0.903413,1,0.545315,0,
8,0.896475,1,3.760074,0,
8,0.91554,1,0.722254,0,
8,0.907249,1,0.6028,0,
8,0.879799,1,0.810221,0,
8,0.92676,1,0.650261,0,
8,0.92676,1,0.650261,0,
7,0.921645,1,2.416167,0,
8,0.899102,1,4.101882,0,
8,0.899102,1,4.101882,0,
8,0.970318,1,3.605502,0,
5,0.80881,1,2.093724,0,
6,0.814015,1,0.993576,0,
5,0.833817,1,3.472026,0,
8,0.954382,1,1.801179,0,
8,0.954382,1,1.801179,0,
8,0.95509,1,0.835528,0,
8,0.95509,1,0.469079,0,
8,0.873354,1,0.812809,0,
8,0.973581,1,3.653421,0,
8,0.916381,1,0.598127,0,
8,0.916381,1,0.519986,0,
8,0.916381,1,0.519986,0,
8,0.916381,1,0.519986,0,
8,0.968583,1,3.929826,0,
8,0.937084,1,4.036865,0,
8,0.944131,1,0.492249,0,
8,0.984202,1,3.979118,0,
7,0.852321,1,3.487791,0,
8,0.928241,1,0.560393,0,
8,0.928241,1,0.560393,0,
8,0.920958,1,0.610904,0,
8,0.920958,1,0.610904,0,
8,0.959125,1,3.918707,0,
1,0.503561,1,0.983589,0,
8,0.941302,1,0.596698,0,
8,0.939016,1,0.509532,0,
8,0.925381,1,0.531299,0,
8,0.925381,1,0.528529,0,
8,0.952211,1,0.99732,0,
8,0.921391,1,3.719757,0,
8,0.936593,1,0.652545,0,
8,0.936593,1,0.583842,0,
8,0.971364,1,0.83542,0,
8,0.946529,1,0.557351,0,
5,0.716644,1,0.923489,0,
8,0.964785,1,0.83585,0,
8,0.964785,1,0.512623,0,
3,0.772537,1,2.00996,0,
3,0.772537,1,2.00996,0,
6,0.763405,1,2.981186,0,
8,0.889897,1,1.10002,0,
8,0.889897,1,1.10002,0,
8,0.96388,1,3.960493,0,
8,0.958853,1,0.538374,0,
7,0.833399,1,3.063601,0,
8,0.975529,1,1.784692,0,
8,0.910857,1,0.79182,0,
8,0.955246,1,1.279448,0,
8,0.863891,1,1.038534,0,
8,0.871939,1,0.710419,0,
8,0.973707,1,2.51724,0,
8,0.973707,1,2.51724,0,
8,0.973707,1,2.51724,0,
8,0.973707,1,2.51724,0,
7,0.810214,1,1.770216,0,
7,0.810214,1,1.770216,0,
7,0.810214,1,1.770216,0,
8,0.946335,1,0.814126,0,
8,0.884225,1,3.927699,0,
8,0.884225,1,3.927699,0,
8,0.884225,1,3.927699,0,
8,0.856312,1,1.269017,0,
8,0.856312,1,1.269017,0,
8,0.856312,1,1.269017,0,
8,0.950659,1,0.964094,0,
8,0.895104,1,0.577114,0,
7,0.832376,1,3.521488,0,
8,0.958229,1,1.329046,0,
7,0.890458,1,0.544738,0,
7,0.890458,1,0.544738,0,
8,0.976739,1,1.075964,0,
8,0.976739,1,0.615559,0,
8,0.976739,1,0.615559,0,
6,0.724264,1,1.014902,0,
3,0.340249,1,0.654816,0,
8,0.958801,1,0.614667,0,
8,0.976791,1,2.049287,0,
8,0.976791,1,0.836156,0,
8,0.976791,1,0.836156,0,
8,0.976791,1,0.836156,0,
8,0.976791,1,0.836156,0,
8,0.86581,1,1.322561,0,
8,0.86581,1,1.322561,0,
8,0.885609,1,3.591628,0,
8,0.93231,1,3.618207,0,
8,0.93231,1,3.618207,0,
8,0.93231,1,3.618207,0,
8,0.93231,1,3.618207,0,
6,0.794298,1,2.001242,0,
8,0.937528,1,0.486232,0,
8,0.878476,1,1.53847,0,
8,0.878476,1,1.53847,0,
8,0.964101,1,1.639847,0,
8,0.90566,1,3.675928,0,
8,0.941877,1,2.116796,0,
8,0.944111,1,2.441268,0,
8,0.944111,1,2.441268,0,
8,0.944111,1,2.441268,0,
8,0.953739,1,3.127443,0,
8,0.941285,1,3.997994,0,
8,0.927644,1,0.548771,0,
8,0.982892,1,3.986857,0,
8,0.956627,1,3.902791,0,
8,0.888981,1,3.928693,0,
8,0.888981,1,3.928693,0,
8,0.971268,1,1.261566,0,
8,0.971268,1,0.738535,0,
8,0.932253,1,2.974098,0,
8,0.932253,1,2.974098,0,
8,0.93576,1,3.531254,0,
5,0.805769,1,2.322254,0,
8,0.924623,1,1.386548,0,
8,0.924623,1,1.386548,0,
8,0.924623,1,1.386548,0,
8,0.94297,1,0.593593,0,
8,0.97118,1,2.318784,0,
8,0.97118,1,1.001286,0,
8,0.870905,1,0.627525,0,
7,0.918167,1,0.960265,0,
7,0.918167,1,0.960265,0,
8,0.957557,1,1.521285,0,
8,0.942502,1,0.553828,0,
8,0.946216,1,3.77688,0,
8,0.952651,1,0.545204,0,
8,0.952651,1,0.545204,0,
8,0.921851,1,3.79376,0,
8,0.933012,1,1.759939,0,
8,0.933012,1,1.759939,0,
8,0.903737,1,0.690159,0,
8,0.903737,1,0.690159,0,
8,0.903737,1,0.690159,0,
8,0.977041,1,3.875893,0,
8,0.977041,1,3.875893,0,
8,0.977041,1,3.875893,0,
8,0.91542,1,3.278668,0,
8,0.916848,1,2.996877,0,
8,0.872252,1,3.755749,0,
8,0.894962,1,3.050977,0,
8,0.904385,1,3.377366,0,
4,0.748895,1,3.111766,0,
5,0.521722,1,0.843932,0,
8,0.946769,1,3.947533,0,
8,0.965748,1,0.641943,0,
8,0.965748,1,0.541415,0,
8,0.959106,1,0.850781,0,
8,0.959106,1,0.540128,0,
8,0.945764,1,1.220355,0,
8,0.828223,1,3.327672,0,
7,0.843149,1,1.184926,0,
7,0.843149,1,1.184926,0,
8,0.889639,1,0.859084,0,
8,0.921196,1,0.633835,0,
8,0.933573,1,4.009175,0,
8,0.939458,1,0.601589,0,
8,0.939458,1,0.601589,0,
7,0.880546,1,4.096959,0,
7,0.880546,1,4.096959,0,
8,0.937975,1,0.465061,0,
7,0.85993,1,3.358945,0,
8,0.948422,1,0.500944,0,
8,0.948422,1,0.500944,0,
8,0.956711,1,3.725312,0,
4,0.645157,1,1.262505,0,
8,0.964351,1,0.58842,0,
7,0.936754,1,0.616131,0,
8,0.972223,1,3.642564,0,
8,0.960824,1,3.463455,0,
8,0.946207,1,0.553133,0,
8,0.946207,1,0.553133,0,
8,0.946207,1,0.553133,0,
8,0.935122,1,0.541828,0,
8,0.977487,1,3.393985,0,
8,0.916035,1,3.357413,0,
7,0.862126,1,1.088728,0,
8,0.972801,1,0.640037,0,
7,0.896169,1,3.568621,0,
8,0.958066,1,0.483469,0,
8,0.97083,1,4.011946,0,
8,0.972484,1,3.913171,0,
8,0.865273,1,1.261983,0,
8,0.973531,1,0.925586,0,
8,0.914448,1,3.501355,0,
8,0.914448,1,3.501355,0,
8,0.923946,1,0.548442,0,
8,0.968858,1,1.330936,0,
8,0.942645,1,0.488805,0,
7,0.829111,1,1.236981,0,
8,0.983798,1,3.71869,0,
8,0.894686,1,3.993779,0,
8,0.848171,1,3.723575,0,
8,0.94802,1,0.527225,0,
8,0.888171,1,1.147142,0,
8,0.8729,1,2.470188,0,
8,0.949671,1,0.932999,0,
8,0.928976,1,0.571917,0,
8,0.963385,1,1.562487,0,
8,0.969081,1,2.655979,0,
8,0.965394,1,3.72739,0,
8,0.858137,1,0.856883,0,
8,0.866239,1,0.749864,0,
8,0.933385,1,3.98078,0,
8,0.933385,1,3.98078,0,
8,0.947314,1,3.702747,0,
8,0.971267,1,1.461832,0,
8,0.906493,1,3.223177,0,
8,0.945849,1,0.868667,0,
7,0.814007,1,0.670191,0,
8,0.962887,1,1.053738,0,
8,0.9674,1,4.055581,0,
8,0.960724,1,0.97692,0,
8,0.960724,1,0.450966,0,
8,0.94982,1,3.976444,0,
8,0.94982,1,3.976444,0,
8,0.950659,1,0.54622,0,
8,0.91876,1,0.592929,0,
8,0.91876,1,0.592929,0,
8,0.92472,1,1.527774,0,
8,0.982568,1,1.99262,0,
8,0.910768,1,3.183095,0,
8,0.965782,1,2.190497,0,
8,0.965782,1,2.190497,0,
7,0.877625,1,0.883217,0,
7,0.877625,1,0.883217,0,
7,0.877625,1,0.883217,0,
7,0.877625,1,0.883217,0,
8,0.951599,1,0.624327,0,
8,0.843795,1,1.363571,0,
8,0.932177,1,1.950363,0,
8,0.932177,1,1.950363,0,
8,0.932177,1,1.950363,0,
8,0.967412,1,3.593871,0,
8,0.947256,1,3.963962,0,
8,0.947256,1,3.963962,0,
8,0.923063,1,0.621492,0,
8,0.923063,1,0.621492,0,
8,0.858993,1,3.551907,0,
8,0.962405,1,0.982452,0,
8,0.955021,1,3.086403,0,
7,0.907184,1,0.742213,0,
8,0.9817,1,4.018703,0,
8,0.930706,1,3.751365,0,
8,0.946187,1,0.466472,0,
8,0.946187,1,0.466472,0,
8,0.980123,1,3.978215,0,
8,0.900321,1,0.725074,0,
8,0.900321,1,0.725074,0,
8,0.949292,1,0.551373,0,
8,0.923413,1,0.656444,0,
7,0.832261,1,0.726069,0,
7,0.832261,1,0.726069,0,
7,0.930228,1,0.754191,0,
8,0.959509,1,0.532436,0,
8,0.893419,1,0.571406,0,
8,0.893419,1,0.571406,0,
8,0.893419,1,0.571406,0,
8,0.893419,1,0.571406,0,
8,0.971157,1,1.137188,0,
8,0.971157,1,0.445951,0,
8,0.971157,1,0.445951,0,
8,0.907287,1,1.278891,0,
8,0.96518,1,1.021192,0,
8,0.876414,1,2.619774,0,
8,0.876414,1,2.619774,0,
8,0.876414,1,2.619774,0,
8,0.876414,1,2.619774,0,
8,0.876414,1,2.619774,0,
7,0.907268,1,3.579199,0,
8,0.971098,1,1.829504,0,
7,0.901663,1,3.582093,0,
8,0.924135,1,0.641572,0,
8,0.912446,1,3.613952,0,
8,0.965387,1,1.367901,0,
8,0.933644,1,0.530566,0,
8,0.923471,1,3.890997,0,
8,0.913809,1,4.055909,0,
8,0.948805,1,0.915175,0,
8,0.853134,1,3.140292,0,
8,0.939298,1,0.94331,0,
8,0.939298,1,0.462122,0,
8,0.939298,1,0.462122,0,
8,0.892989,1,3.158265,0,
8,0.892989,1,3.158265,0,
8,0.920233,1,3.618225,0,
8,0.920233,1,3.618225,0,
8,0.950072,1,2.870511,0,
8,0.931318,1,3.353718,0,
8,0.931318,1,3.353718,0,
8,0.931318,1,3.353718,0,
8,0.971837,1,1.458206,0,
8,0.971837,1,0.495473,0,
8,0.969752,1,1.483766,0,
8,0.969752,1,0.682136,0,
8,0.905645,1,2.186719,0,
8,0.905645,1,2.186719,0,
8,0.905645,1,2.186719,0,
8,0.951618,1,3.391719,0,
8,0.951618,1,3.391719,0,
7,0.818922,1,0.805987,0,
7,0.818922,1,0.805987,0,
8,0.957852,1,3.601148,0,
8,0.904774,1,2.3474,0,
8,0.915559,1,0.639353,0,
8,0.915559,1,0.639353,0,
8,0.915559,1,0.639353,0,
7,0.804106,1,0.846782,0,
7,0.804106,1,0.846782,0,
8,0.925839,1,0.637294,0,
8,0.951374,1,0.545825,0,
8,0.951374,1,0.545825,0,
8,0.951374,1,0.545825,0,
8,0.956488,1,2.2493,0,
8,0.928319,1,3.895529,0,
8,0.947603,1,0.536139,0,
8,0.947603,1,0.536139,0,
8,0.947603,1,0.536139,0,
8,0.947603,1,0.536139,0,
8,0.966028,1,0.868946,0,
8,0.893254,1,0.680612,0,
8,0.900268,1,3.93408,0,
8,0.926623,1,2.517029,0,
7,0.794188,1,0.995338,0,
8,0.844283,1,0.691022,0,
8,0.844283,1,0.691022,0,
8,0.966183,1,3.941129,0,
5,0.770879,1,2.67782,0,
8,0.853324,1,0.727945,0,
8,0.96289,1,0.665286,0,
8,0.908976,1,0.674487,0,
8,0.950055,1,0.495349,0,
8,0.950055,1,0.495349,0,
8,0.971143,1,3.376827,0,
8,0.971143,1,3.376827,0,
8,0.915352,1,3.350629,0,
8,0.918804,1,3.845178,0,
8,0.948759,1,0.701278,0,
8,0.921998,1,0.633505,0,
8,0.908056,1,0.536445,0,
8,0.918084,1,1.806634,0,
8,0.978727,1,4.037161,0,
8,0.978727,1,4.037161,0,
8,0.863957,1,2.796068,0,
8,0.973442,1,3.751563,0,
8,0.922912,1,3.706818,0,
8,0.828865,1,1.470636,0,
7,0.90281,1,2.830417,0,
8,0.982538,1,4.031571,0,
7,0.693249,1,3.857196,0,
8,0.909662,1,0.677501,0,
8,0.971089,1,2.585988,0,
8,0.971089,1,2.585988,0,
8,0.985304,1,2.404108,0,
8,0.944973,1,0.755892,0,
8,0.944973,1,0.482861,0,
8,0.944973,1,0.482861,0,
8,0.944973,1,0.482861,0,
8,0.944973,1,0.482861,0,
8,0.935955,1,0.506647,0,
8,0.900997,1,3.421101,0,
8,0.968438,1,3.741242,0,
8,0.92847,1,0.585196,0,
8,0.92847,1,0.585196,0,
6,0.834899,1,0.93255,0,
8,0.966427,1,1.421799,0,
8,0.958373,1,0.684829,0,
8,0.958373,1,0.506026,0,
8,0.977982,1,3.643627,0,
6,0.779546,1,3.26144,0,
6,0.779546,1,3.26144,0,
8,0.955367,1,3.504155,0,
8,0.935668,1,1.838411,0,
8,0.97035,1,1.49213,0,
8,0.948497,1,0.614262,0,
8,0.903867,1,2.247107,0,
8,0.929336,1,0.63615,0,
8,0.898741,1,3.175029,0,
8,0.891759,1,0.679594,0,
8,0.94855,1,2.742039,0,
6,0.780642,1,2.575204,0,
8,0.979514,1,3.565508,0,
7,0.762087,1,0.662366,0,
7,0.762087,1,0.662366,0,
8,0.93621,1,2.759835,0,
5,0.778777,1,3.216188,0,
5,0.778777,1,3.216188,0,
5,0.778777,1,3.216188,0,
6,0.769527,1,3.176261,0,
6,0.769527,1,3.176261,0,
7,0.76151,1,3.886546,0,
8,0.948568,1,1.382563,0,
8,0.896445,1,3.737325,0,
7,0.779645,1,0.744674,0,
8,0.962438,1,1.55978,0,
6,0.825536,1,2.294786,0,
8,0.922671,1,0.63691,0,
8,0.959141,1,2.34112,0,
7,0.907834,1,3.824728,0,
7,0.907834,1,3.824728,0,
8,0.923408,1,1.363103,0,
8,0.933159,1,0.800639,0,
8,0.933159,1,0.457154,0,
8,0.944686,1,3.125087,0,
8,0.891782,1,0.612185,0,
8,0.920593,1,3.269371,0,
8,0.920593,1,3.269371,0,
8,0.920593,1,3.269371,0,
8,0.920593,1,3.269371,0,
8,0.924412,1,2.276802,0,
8,0.935494,1,1.350161,0,
8,0.962054,1,1.137454,0,
8,0.95631,1,0.467738,0,
6,0.818029,1,1.172809,0,
8,0.977581,1,2.564167,0,
8,0.960651,1,3.503777,0,
8,0.960651,1,3.503777,0,
8,0.905208,1,0.610914,0,
4,0.786259,1,2.135227,0,
8,0.922164,1,1.790935,0,
8,0.89795,1,1.971222,0,
8,0.960564,1,0.526057,0,
8,0.960564,1,0.526057,0,
8,0.923139,1,4.10111,0,
8,0.923139,1,4.10111,0,
8,0.923139,1,4.10111,0,
7,0.759315,1,0.981537,0,
8,0.943308,1,0.482331,0,
8,0.914209,1,0.724945,0,
8,0.933765,1,0.60845,0,
8,0.899532,1,3.517257,0,
8,0.972743,1,3.833538,0,
8,0.961399,1,2.078294,0,
8,0.913343,1,0.548153,0,
8,0.892127,1,0.675304,0,
8,0.969567,1,0.890715,0,
8,0.969567,1,0.484749,0,
8,0.874755,1,3.278732,0,
8,0.945615,1,3.787152,0,
8,0.893493,1,3.244238,0,
8,0.893493,1,3.244238,0,
8,0.893493,1,3.244238,0,
7,0.905449,1,0.692776,0,
8,0.977849,1,2.416369,0,
8,0.966416,1,3.808582,0,
8,0.966416,1,3.808582,0,
8,0.848425,1,3.589773,0,
8,0.850611,1,1.522892,0,
8,0.86588,1,0.669462,0,
8,0.918297,1,3.825724,0,
8,0.948912,1,4.030919,0,
8,0.946378,1,3.928516,0,
8,0.961566,1,0.620851,0,
8,0.913476,1,2.13723,0,
7,0.901415,1,3.818058,0,
7,0.901415,1,3.818058,0,
7,0.901415,1,3.818058,0,
8,0.858426,1,0.730258,0,
8,0.893196,1,0.747262,0,
8,0.893196,1,0.747262,0,
7,0.848095,1,0.792017,0,
7,0.848095,1,0.792017,0,
7,0.883908,1,1.208277,0,
8,0.965003,1,1.699876,0,
7,0.940324,1,4.052968,0,
7,0.940324,1,4.052968,0,
8,0.889937,1,0.84231,0,
8,0.814293,1,3.6749,0,
8,0.814293,1,3.6749,0,
8,0.814293,1,3.6749,0,
7,0.808783,1,0.776807,0,
7,0.808783,1,0.776807,0,
7,0.808783,1,0.776807,0,
7,0.808783,1,0.776807,0,
8,0.918932,1,3.303517,0,
8,0.928452,1,0.55654,0,
8,0.928452,1,0.55654,0,
7,0.81271,1,3.248264,0,
7,0.92597,1,2.633789,0,
6,0.810276,1,1.118421,0,
6,0.810276,1,1.118421,0,
8,0.979684,1,3.398181,0,
8,0.847245,1,2.366921,0,
8,0.913711,1,0.637049,0,
8,0.913711,1,0.637049,0,
8,0.913711,1,0.637049,0,
8,0.952606,1,1.256034,0,
8,0.963167,1,2.377457,0,
7,0.937768,1,3.595488,0,
7,0.75881,1,0.641756,0,
7,0.75881,1,0.641756,0,
7,0.75881,1,0.641756,0,
8,0.901496,1,0.856375,0,
8,0.872691,1,0.729981,0,
8,0.912925,1,3.674173,0,
8,0.94866,1,1.390667,0,
8,0.938231,1,0.558517,0,
8,0.944719,1,3.76042,0,
8,0.943881,1,0.478998,0,
8,0.930667,1,3.347137,0,
8,0.930667,1,3.347137,0,
8,0.920865,1,0.53938,0,
8,0.914917,1,2.364554,0,
8,0.944242,1,0.927562,0,
8,0.845603,1,0.627517,0,
6,0.741575,1,1.854283,0,
8,0.967495,1,0.872797,0,
8,0.967495,1,0.505674,0,
8,0.967495,1,0.505674,0,
8,0.961184,1,3.573622,0,
8,0.961184,1,3.573622,0,
7,0.751896,1,2.38994,0,
8,0.938994,1,3.654276,0,
8,0.964273,1,0.601781,0,
8,0.964273,1,0.520072,0,
8,0.964273,1,0.520072,0,
8,0.929489,1,0.517943,0,
8,0.950701,1,2.666635,0,
8,0.981985,1,1.014645,0,
8,0.924892,1,2.993074,0,
8,0.96526,1,1.363007,0,
8,0.931617,1,2.999958,0,
8,0.949519,1,3.174732,0,
7,0.853767,1,0.814227,0,
8,0.944598,1,0.560293,0,
7,0.863709,1,0.71078,0,
8,0.917934,1,2.860446,0,
8,0.955796,1,0.568902,0,
8,0.955796,1,0.568902,0,
8,0.955796,1,0.568902,0,
8,0.955796,1,0.568902,0,
8,0.89878,1,0.734618,0,
8,0.89878,1,0.61403,0,
8,0.89878,1,0.61403,0,
7,0.815453,1,2.347666,0,
8,0.884637,1,3.57249,0,
8,0.926382,1,0.563616,0,
8,0.926382,1,0.563616,0,
8,0.967962,1,3.544462,0,
8,0.901119,1,1.530842,0,
8,0.954679,1,0.889596,0,
8,0.954679,1,0.466892,0,
7,0.86109,1,1.453111,0,
7,0.86109,1,1.453111,0,
8,0.895274,1,2.287592,0,
8,0.958737,1,4.02988,0,
8,0.920783,1,2.975792,0,
8,0.920783,1,2.975792,0,
7,0.817692,1,0.871665,0,
7,0.817692,1,0.871665,0,
8,0.934933,1,3.119835,0,
8,0.934933,1,3.119835,0,
5,0.803432,1,2.161439,0,
5,0.803432,1,2.161439,0,
8,0.987842,1,2.285708,0,
7,0.816658,1,2.572528,0,
8,0.872104,1,0.868524,0,
8,0.872104,1,0.868524,0,
8,0.890097,1,3.049741,0,
8,0.948981,1,0.542439,0,
8,0.948981,1,0.542439,0,
8,0.948981,1,0.542439,0,
8,0.948981,1,0.542439,0,
8,0.948981,1,0.542439,0,
8,0.948981,1,0.542439,0,
8,0.944256,1,0.557024,0,
8,0.965033,1,1.274933,0,
8,0.959232,1,3.356445,0,
8,0.945115,1,0.549813,0,
8,0.945115,1,0.549813,0,
8,0.893165,1,1.45244,0,
8,0.871451,1,2.990147,0,
8,0.962661,1,1.469682,0,
8,0.962661,1,0.496222,0,
7,0.841297,1,1.39507,0,
7,0.841297,1,1.39507,0,
7,0.841297,1,1.39507,0,
8,0.949799,1,0.471241,0,
8,0.949799,1,0.471241,0,
8,0.926897,1,0.675172,0,
8,0.917331,1,0.72701,0,
8,0.973061,1,1.637799,0,
8,0.944139,1,3.484789,0,
8,0.946788,1,1.299851,0,
8,0.879265,1,1.355775,0,
8,0.933358,1,0.735041,0,
8,0.983335,1,4.078861,0,
7,0.814109,1,0.684022,0,
8,0.978434,1,0.839646,0,
8,0.951481,1,3.747309,0,
8,0.951481,1,3.747309,0,
8,0.845116,1,3.38446,0,
8,0.948569,1,1.929348,0,
8,0.967486,1,0.865306,0,
8,0.967486,1,0.425611,0,
8,0.975145,1,4.072459,0,
8,0.930077,1,0.537879,0,
8,0.930077,1,0.537879,0,
8,0.939084,1,0.870558,0,
8,0.894213,1,1.758683,0,
8,0.923629,1,0.682634,0,
7,0.833842,1,1.079986,0,
8,0.904388,1,3.708886,0,
8,0.937643,1,4.050091,0,
8,0.973303,1,1.690764,0,
8,0.934475,1,0.514889,0,
8,0.934475,1,0.514889,0,
8,0.934475,1,0.514889,0,
8,0.923281,1,3.92447,0,
8,0.835013,1,0.657945,0,
8,0.923425,1,2.269453,0,
8,0.937119,1,3.845095,0,
7,0.815647,1,3.630778,0,
7,0.815647,1,3.630778,0,
7,0.830112,1,1.377437,0,
7,0.877627,1,3.558108,0,
8,0.982068,1,3.498065,0,
8,0.982068,1,3.498065,0,
8,0.982068,1,3.498065,0,
8,0.908446,1,0.553204,0,
8,0.908446,1,0.553204,0,
7,0.839008,1,3.669642,0,
8,0.960258,1,0.967792,0,
8,0.964071,1,0.635588,0,
8,0.960024,1,0.600789,0,
8,0.980669,1,4.057921,0,
8,0.967471,1,0.529312,0,
8,0.877584,1,3.714605,0,
8,0.877584,1,3.714605,0,
8,0.877584,1,3.714605,0,
8,0.974303,1,2.090052,0,
8,0.970551,1,1.428869,0,
8,0.927483,1,0.549443,0,
8,0.927483,1,0.549443,0,
8,0.927483,1,0.549443,0,
8,0.891713,1,0.733387,0,
8,0.891713,1,0.733387,0,
8,0.96478,1,4.034247,0,
8,0.96478,1,4.034247,0,
8,0.907926,1,0.914528,0,
8,0.964219,1,2.434955,0,
6,0.760529,1,1.169215,0,
8,0.852582,1,0.942822,0,
8,0.976227,1,1.483662,0,
8,0.970133,1,0.984276,0,
8,0.970133,1,0.461092,0,
8,0.984024,1,3.754598,0,
8,0.916637,1,0.54083,0,
8,0.884139,1,0.849815,0,
8,0.9437,1,4.050571,0,
8,0.968286,1,1.139698,0,
8,0.968286,1,0.507214,0,
8,0.954802,1,2.724007,0,
8,0.976852,1,3.983586,0,
8,0.931804,1,0.552038,0,
8,0.940378,1,0.771834,0,
8,0.96031,1,3.947391,0,
6,0.718879,1,1.037148,0,
6,0.718879,1,1.037148,0,
8,0.892922,1,2.405047,0,
8,0.892922,1,2.405047,0,
8,0.939809,1,0.510113,0,
8,0.939809,1,0.510113,0,
8,0.984232,1,2.194006,0,
8,0.984232,1,0.454493,0,
8,0.950045,1,0.51569,0,
5,0.598876,1,3.26979,0,
8,0.969863,1,3.396734,0,
8,0.969863,1,3.396734,0,
8,0.969863,1,3.396734,0,
5,0.741056,1,2.386987,0,
8,0.931628,1,0.600081,0,
8,0.931098,1,0.711385,0,
8,0.909385,1,0.551887,0,
8,0.905754,1,3.678931,0,
8,0.905754,1,3.678931,0,
8,0.8629,1,3.6366,0,
8,0.900787,1,0.773133,0,
8,0.925231,1,3.386675,0,
8,0.925231,1,3.386675,0,
8,0.934611,1,0.587164,0,
8,0.939966,1,1.07611,0,
8,0.906493,1,2.951315,0,
8,0.906493,1,2.951315,0,
8,0.887182,1,3.927246,0,
7,0.84901,1,2.311311,0,
7,0.84901,1,2.311311,0,
8,0.88037,1,1.019817,0,
8,0.941109,1,0.559864,0,
8,0.941109,1,0.484583,0,
8,0.914229,1,0.604126,0,
7,0.797732,1,1.972529,0,
8,0.879034,1,0.996738,0,
8,0.879034,1,0.996738,0,
8,0.879034,1,0.996738,0,
8,0.879034,1,0.996738,0,
8,0.879034,1,0.996738,0,
8,0.879034,1,0.996738,0,
8,0.879034,1,0.996738,0,
8,0.96852,1,3.694771,0,
8,0.96852,1,3.694771,0,
8,0.95896,1,3.850553,0,
8,0.880888,1,0.871818,0,
7,0.7664,1,3.476013,0,
8,0.956324,1,0.456467,0,
8,0.882792,1,0.725304,0,
8,0.951108,1,0.55016,0,
8,0.877405,1,1.587195,0,
8,0.966852,1,3.119266,0,
8,0.958988,1,1.383619,0,
8,0.958988,1,0.512247,0,
8,0.983995,1,2.475515,0,
8,0.983995,1,0.399906,0,
8,0.983995,1,0.399906,0,
8,0.828506,1,3.351228,0,
8,0.934165,1,0.77048,0,
8,0.968409,1,4.068557,0,
8,0.968409,1,4.068557,0,
8,0.959347,1,2.074286,0,
8,0.878791,1,0.98812,0,
8,0.871683,1,0.723751,0,
8,0.871683,1,0.723751,0,
8,0.984522,1,2.218656,0,
8,0.937635,1,3.096308,0,
8,0.865501,1,0.724764,0,
8,0.865501,1,0.724764,0,
8,0.982915,1,2.055154,0,
8,0.982915,1,1.418732,0,
6,0.870166,1,1.040866,0,
6,0.870166,1,1.040866,0,
8,0.936543,1,3.836643,0,
8,0.936543,1,3.836643,0,
8,0.948572,1,0.485869,0,
8,0.95247,1,0.522189,0,
8,0.95247,1,0.465084,0,
7,0.900855,1,0.660688,0,
8,0.943575,1,0.575167,0,
8,0.972082,1,1.235808,0,
8,0.887425,1,0.695723,0,
8,0.887425,1,0.695723,0,
7,0.926801,1,0.781109,0,
8,0.942121,1,0.567618,0,
6,0.672332,1,0.862949,0,
7,0.806617,1,3.957524,0,
8,0.921961,1,0.587314,0,
7,0.872514,1,0.939934,0,
7,0.872514,1,0.939934,0,
8,0.952833,1,2.715541,0,
8,0.952833,1,2.715541,0,
8,0.9556,1,1.214132,0,
8,0.9556,1,0.526498,0,
8,0.879198,1,3.777616,0,
8,0.879198,1,3.777616,0,
8,0.879198,1,3.777616,0,
8,0.879198,1,3.777616,0,
8,0.894606,1,1.206309,0,
8,0.894606,1,1.206309,0,
8,0.946563,1,3.239837,0,
8,0.946563,1,3.239837,0,
8,0.946563,1,3.239837,0,
8,0.960175,1,0.486819,0,
8,0.958083,1,1.473142,0,
8,0.906749,1,0.628754,0,
8,0.906749,1,0.628754,0,
8,0.916176,1,2.878926,0,
7,0.827689,1,1.029716,0,
8,0.963243,1,3.525523,0,
8,0.846719,1,4.030801,0,
8,0.846719,1,4.030801,0,
8,0.890545,1,0.811302,0,
8,0.883923,1,1.138323,0,
8,0.85439,1,1.039514,0,
6,0.705161,1,0.833368,0,
7,0.803932,1,2.328161,0,
8,0.972527,1,1.339374,0,
8,0.971628,1,0.690441,0,
8,0.923766,1,0.586945,0,
7,0.832338,1,1.016114,0,
8,0.97332,1,1.364122,0,
8,0.97332,1,0.796577,0,
6,0.800322,1,1.834121,0,
6,0.800322,1,1.834121,0,
8,0.827005,1,1.158453,0,
8,0.914898,1,0.598344,0,
8,0.914898,1,0.598344,0,
8,0.914898,1,0.598344,0,
8,0.902005,1,0.741211,0,
8,0.934339,1,0.590742,0,
8,0.964652,1,0.509964,0,
8,0.923827,1,3.874546,0,
8,0.923827,1,3.874546,0,
8,0.954466,1,0.95607,0,
7,0.902153,1,1.146959,0,
7,0.860809,1,3.344299,0,
8,0.923239,1,0.625907,0,
8,0.954423,1,3.675206,0,
8,0.921922,1,0.536917,0,
8,0.91667,1,0.495943,0,
8,0.981476,1,3.856259,0,
3,0.754866,1,2.1365,0,
8,0.960163,1,0.709082,0,
8,0.922692,1,3.068785,0,
8,0.89921,1,3.556068,0,
8,0.89921,1,3.556068,0,
7,0.814259,1,3.584126,0,
5,0.746937,1,1.058709,0,
8,0.955673,1,0.899987,0,
8,0.944215,1,0.585343,0,
8,0.963205,1,4.016965,0,
8,0.94071,1,0.482778,0,
8,0.955574,1,1.388048,0,
8,0.921422,1,0.665,0,
8,0.921422,1,0.665,0,
8,0.933615,1,0.627652,0,
7,0.908045,1,3.647786,0,
8,0.974319,1,1.856802,0,
8,0.964155,1,1.137987,0,
8,0.893233,1,3.607379,0,
8,0.818101,1,3.559447,0,
8,0.922517,1,2.4105,0,
8,0.922517,1,2.4105,0,
8,0.922517,1,2.4105,0,
8,0.922517,1,2.4105,0,
8,0.922517,1,2.4105,0,
8,0.943246,1,1.279834,0,
8,0.882288,1,0.86983,0,
8,0.882288,1,0.86983,0,
8,0.930566,1,3.251105,0,
8,0.965149,1,0.699086,0,
8,0.965149,1,0.505155,0,
5,0.693761,1,0.860258,0,
8,0.90621,1,3.869823,0,
8,0.90621,1,3.869823,0,
8,0.955052,1,0.877653,0,
7,0.811691,1,2.049034,0,
8,0.961515,1,0.898892,0,
8,0.961515,1,0.487281,0,
7,0.914736,1,3.501108,0,
7,0.914736,1,3.501108,0,
8,0.816016,1,0.964717,0,
8,0.816016,1,0.964717,0,
8,0.850539,1,0.718161,0,
7,0.910513,1,3.364258,0,
7,0.910513,1,3.364258,0,
8,0.90952,1,3.705794,0,
8,0.924569,1,0.626945,0,
8,0.924569,1,0.626945,0,
7,0.850262,1,3.633854,0,
7,0.841254,1,1.549359,0,
8,0.837622,1,1.128179,0,
6,0.663747,1,3.79912,0,
8,0.91508,1,0.635541,0,
8,0.91508,1,0.635541,0,
8,0.945432,1,0.518005,0,
8,0.945432,1,0.518005,0,
8,0.946361,1,3.805006,0,
8,0.946361,1,3.805006,0,
8,0.946361,1,3.805006,0,
8,0.916003,1,0.504075,0,
8,0.904966,1,0.705139,0,
8,0.951866,1,2.031562,0,
8,0.948578,1,1.161064,0,
8,0.901247,1,0.638241,0,
8,0.901247,1,0.638241,0,
8,0.950155,1,4.039644,0,
8,0.95209,1,3.560107,0,
8,0.95209,1,3.560107,0,
8,0.899224,1,0.556128,0,
8,0.899224,1,0.556128,0,
8,0.898846,1,0.745832,0,
8,0.898846,1,0.745832,0,
8,0.96963,1,4.051123,0,
8,0.96963,1,4.051123,0,
8,0.948164,1,0.71778,0,
8,0.96308,1,0.580453,0,
8,0.96308,1,0.576059,0,
8,0.89357,1,3.057724,0,
6,0.860109,1,0.862241,0,
5,0.779744,1,2.352079,0,
5,0.779744,1,2.352079,0,
5,0.779744,1,2.352079,0,
8,0.964806,1,2.827837,0,
8,0.964806,1,2.827837,0,
8,0.964806,1,2.827837,0,
5,0.748144,1,1.795366,0,
8,0.957052,1,3.631714,0,
8,0.971595,1,3.930292,0,
8,0.971595,1,3.930292,0,
8,0.950427,1,0.567141,0,
8,0.903057,1,2.376962,0,
8,0.871467,1,0.75782,0,
8,0.946689,1,1.210228,0,
8,0.946689,1,0.451429,0,
8,0.904704,1,0.693856,0,
8,0.947528,1,0.58897,0,
8,0.947528,1,0.518026,0,
8,0.980147,1,4.088125,0,
8,0.961732,1,3.367942,0,
8,0.954878,1,1.122488,0,
8,0.964019,1,0.525276,0,
8,0.905058,1,2.092107,0,
8,0.905058,1,2.092107,0,
8,0.841334,1,0.601059,0,
8,0.841334,1,0.601059,0,
7,0.828291,1,3.508362,0,
8,0.963739,1,2.740279,0,
8,0.947553,1,1.117689,0,
8,0.92696,1,1.667836,0,
7,0.859977,1,1.232202,0,
8,0.882103,1,0.695149,0,
8,0.882103,1,0.695149,0,
8,0.901731,1,0.569745,0,
8,0.974312,1,1.341283,0,
8,0.96895,1,2.189726,0,
8,0.96895,1,2.189726,0,
8,0.935171,1,0.953936,0,
8,0.871064,1,3.467528,0,
8,0.871064,1,3.467528,0,
6,0.804444,1,2.068904,0,
8,0.931343,1,2.950029,0,
8,0.864945,1,3.81817,0,
3,0.482269,1,0.924012,0,
6,0.814325,1,3.737442,0,
6,0.814325,1,3.737442,0,
8,0.92322,1,3.72382,0,
8,0.883548,1,3.349095,0,
8,0.972074,1,1.35229,0,
8,0.941943,1,3.757075,0,
8,0.955914,1,4.051604,0,
8,0.925532,1,0.584961,0,
8,0.925532,1,0.584961,0,
8,0.925532,1,0.584961,0,
8,0.965042,1,0.517797,0,
8,0.965042,1,0.517797,0,
8,0.910652,1,4.103318,0,
8,0.910652,1,4.103318,0,
8,0.969809,1,4.085475,0,
8,0.969809,1,4.085475,0,
8,0.932331,1,0.730166,0,
8,0.885451,1,3.608917,0,
8,0.922123,1,0.651277,0,
8,0.931174,1,3.965189,0,
8,0.952314,1,1.244574,0,
8,0.892187,1,0.574632,0,
8,0.94108,1,0.521978,0,
8,0.94108,1,0.521978,0,
7,0.825642,1,3.395212,0,
7,0.825642,1,3.395212,0,
7,0.835775,1,0.713118,0,
8,0.955496,1,0.549539,0,
8,0.955496,1,0.549539,0,
8,0.955496,1,0.549539,0,
8,0.955496,1,0.549539,0,
8,0.880225,1,1.206034,0,
8,0.971766,1,1.424698,0,
8,0.958145,1,1.116993,0,
7,0.928067,1,3.21863,0,
7,0.928067,1,3.21863,0,
7,0.928067,1,3.21863,0,
7,0.952763,1,0.711579,0,
7,0.879546,1,0.854912,0,
5,0.75389,1,1.933834,0,
5,0.75389,1,1.933834,0,
5,0.75389,1,1.933834,0,
8,0.930876,1,0.483503,0,
7,0.874346,1,2.920547,0,
7,0.96711,1,4.013503,0,
7,0.96711,1,4.013503,0,
8,0.972819,1,0.642365,0,
8,0.961412,1,3.387449,0,
8,0.951396,1,0.499421,0,
8,0.959043,1,1.034779,0,
7,0.9848,1,1.954908,0,
7,0.9848,1,0.39098,0,
8,0.965552,1,0.730395,0,
8,0.926361,1,3.759336,0,
8,0.9303,1,0.624232,0,
8,0.9303,1,0.624232,0,
8,0.871665,1,4.072215,0,
8,0.871665,1,4.072215,0,
8,0.871665,1,4.072215,0,
8,0.94875,1,2.073261,0,
8,0.860995,1,1.488005,0,
6,0.760275,1,3.176127,0,
8,0.870551,1,3.289384,0,
8,0.950372,1,3.044758,0,
8,0.898554,1,2.70728,0,
8,0.937339,1,0.923077,0,
8,0.937339,1,0.478113,0,
8,0.937339,1,0.478113,0,
8,0.883332,1,1.500411,0,
8,0.883332,1,1.500411,0,
8,0.962704,1,0.674181,0,
6,0.844095,1,3.963435,0,
8,0.911069,1,0.913473,0,
8,0.911069,1,0.913473,0,
8,0.911069,1,0.913473,0,
8,0.893634,1,0.582428,0,
8,0.92934,1,4.100573,0,
8,0.952838,1,0.537745,0,
8,0.926878,1,0.591559,0,
8,0.907831,1,0.517857,0,
8,0.897061,1,0.679425,0,
8,0.902321,1,0.730055,0,
5,0.457608,1,1.051651,0,
5,0.457608,1,1.051651,0,
8,0.955374,1,1.008692,0,
8,0.956301,1,2.831966,0,
8,0.882104,1,4.094847,0,
8,0.882104,1,4.094847,0,
8,0.943863,1,0.729689,0,
8,0.900637,1,0.623029,0,
8,0.900947,1,2.600927,0,
8,0.900947,1,2.600927,0,
7,0.850068,1,0.685844,0,
7,0.850068,1,0.685844,0,
8,0.905382,1,0.548501,0,
8,0.905382,1,0.548501,0,
8,0.905382,1,0.548501,0,
8,0.87122,1,3.901804,0,
8,0.918233,1,0.588479,0,
8,0.918233,1,0.588479,0,
8,0.918233,1,0.588479,0,
8,0.971761,1,3.940026,0,
8,0.971761,1,3.940026,0,
8,0.952349,1,1.473615,0,
8,0.922382,1,3.060774,0,
8,0.880687,1,3.95082,0,
8,0.880687,1,3.95082,0,
8,0.918118,1,2.115034,0,
8,0.928424,1,3.612373,0,
8,0.928424,1,3.612373,0,
8,0.864547,1,4.048329,0,
8,0.864547,1,4.048329,0,
8,0.887829,1,3.67956,0,
8,0.983576,1,2.414442,0,
8,0.804893,1,3.950966,0,
8,0.963933,1,1.358246,0,
8,0.938541,1,4.163308,0,
7,0.940079,1,0.515964,0,
8,0.936944,1,0.627506,0,
8,0.937628,1,0.540166,0,
8,0.937628,1,0.540166,0,
8,0.921883,1,0.566428,0,
8,0.889953,1,0.628762,0,
5,0.788964,1,3.592913,0,
6,0.815164,1,2.021205,0,
7,0.810694,1,1.600865,0,
7,0.810694,1,1.600865,0,
7,0.810694,1,1.600865,0,
8,0.877276,1,0.606501,0,
8,0.877276,1,0.606501,0,
8,0.945669,1,0.812557,0,
7,0.897572,1,3.62858,0,
8,0.964847,1,3.883743,0,
8,0.964847,1,3.883743,0,
8,0.920351,1,3.923102,0,
8,0.886919,1,0.581446,0,
8,0.979423,1,1.639452,0,
8,0.910152,1,3.776704,0,
8,0.901909,1,3.719842,0,
8,0.901909,1,3.719842,0,
8,0.878995,1,3.124437,0,
8,0.949239,1,0.625449,0,
5,0.856182,1,1.134663,0,
5,0.856182,1,1.134663,0,
5,0.632117,1,1.319572,0,
7,0.81023,1,0.814699,0,
8,0.936328,1,0.590825,0,
8,0.984468,1,3.654393,0,
6,0.879071,1,3.680015,0,
8,0.893887,1,0.579879,0,
8,0.893887,1,0.579879,0,
8,0.893887,1,0.579879,0,
8,0.905137,1,0.66666,0,
5,0.721611,1,2.470898,0,
6,0.775007,1,1.873621,0,
8,0.964467,1,1.440509,0,
8,0.915378,1,0.554872,0,
8,0.90105,1,3.837082,0,
8,0.90105,1,3.837082,0,
8,0.90105,1,3.837082,0,
8,0.90105,1,3.837082,0,
8,0.934544,1,0.601486,0,
8,0.942782,1,3.426671,0,
8,0.983452,1,1.893089,0,
8,0.869755,1,1.231388,0,
8,0.959103,1,1.638616,0,
8,0.900743,1,0.586836,0,
8,0.979926,1,2.673733,0,
8,0.979926,1,0.516525,0,
8,0.960917,1,1.334227,0,
8,0.919758,1,0.634043,0,
8,0.919758,1,0.634043,0,
8,0.96637,1,2.306038,0,
8,0.925451,1,4.136515,0,
8,0.917424,1,0.605418,0,
8,0.842316,1,3.833728,0,
8,0.91849,1,3.726722,0,
8,0.91849,1,3.726722,0,
8,0.891737,1,0.795237,0,
8,0.899707,1,0.709978,0,
8,0.911411,1,3.529204,0,
8,0.929528,1,1.117921,0,
8,0.953919,1,3.839467,0,
8,0.911175,1,0.618129,0,
8,0.967132,1,4.183742,0,
8,0.967132,1,4.183742,0,
8,0.978539,1,2.017746,0,
5,0.810025,1,1.893227,0,
8,0.945929,1,3.869793,0,
8,0.953829,1,3.941429,0,
6,0.840108,1,1.390427,0,
8,0.888114,1,4.09606,0,
8,0.957653,1,0.534103,0,
8,0.959479,1,1.267157,0,
8,0.959479,1,0.543935,0,
8,0.93653,1,0.619052,0,
7,0.789251,1,0.799931,0,
7,0.789251,1,0.799931,0,
8,0.846752,1,3.937586,0,
8,0.906595,1,0.691081,0,
8,0.974041,1,3.317048,0,
8,0.951452,1,4.20617,0,
8,0.950026,1,0.513562,0,
8,0.950026,1,0.513562,0,
8,0.950026,1,0.513562,0,
8,0.833721,1,2.292379,0,
8,0.939012,1,0.605173,0,
8,0.939012,1,0.605173,0,
8,0.947703,1,1.733722,0,
8,0.943404,1,0.492507,0,
8,0.965652,1,1.172886,0,
8,0.963855,1,0.852377,0,
8,0.911651,1,4.063223,0,
8,0.911651,1,4.063223,0,
8,0.890768,1,0.62339,0,
8,0.949536,1,4.092666,0,
8,0.949536,1,4.092666,0,
8,0.930675,1,3.462168,0,
8,0.930675,1,3.462168,0,
8,0.930675,1,3.462168,0,
7,0.906018,1,0.831806,0,
8,0.92476,1,4.049366,0,
8,0.906914,1,0.666588,0,
8,0.955701,1,0.864345,0,
8,0.95412,1,1.462759,0,
8,0.952996,1,4.003781,0,
8,0.839839,1,4.046104,0,
8,0.839839,1,4.046104,0,
8,0.930036,1,0.501487,0,
8,0.945551,1,0.506947,0,
8,0.937854,1,0.585864,0,
8,0.899955,1,0.638309,0,
8,0.899955,1,0.638309,0,
8,0.970372,1,0.605279,0,
8,0.962375,1,4.084219,0,
8,0.959254,1,0.522464,0,
8,0.959254,1,0.522464,0,
8,0.941978,1,3.410118,0,
8,0.941978,1,3.410118,0,
8,0.922323,1,0.996302,0,
8,0.954037,1,0.547153,0,
8,0.904618,1,0.668588,0,
8,0.953817,1,0.535413,0,
8,0.868924,1,2.987101,0,
8,0.879786,1,3.523259,0,
8,0.879786,1,3.523259,0,
8,0.93664,1,3.913537,0,
8,0.947725,1,0.5698,0,
8,0.942317,1,2.445334,0,
6,0.782703,1,1.289152,0,
6,0.782703,1,1.289152,0,
8,0.913865,1,0.618545,0,
8,0.913865,1,0.618545,0,
8,0.960311,1,2.881243,0,
8,0.971317,1,1.451682,0,
8,0.971317,1,0.497746,0,
8,0.974334,1,1.691003,0,
8,0.974334,1,0.409987,0,
8,0.877931,1,3.787437,0,
8,0.887795,1,0.870288,0,
6,0.826295,1,3.753651,0,
6,0.826295,1,3.753651,0,
8,0.971593,1,3.623781,0,
8,0.96716,1,0.83769,0,
8,0.96716,1,0.543935,0,
8,0.910923,1,0.613412,0,
7,0.832787,1,3.801965,0,
7,0.832787,1,3.801965,0,
8,0.892224,1,0.541041,0,
8,0.920532,1,0.537332,0,
8,0.920532,1,0.537332,0,
8,0.904456,1,1.604711,0,
7,0.851984,1,1.229409,0,
6,0.821261,1,1.662141,0,
7,0.784231,1,0.761385,0,
8,0.948744,1,0.615933,0,
8,0.956576,1,0.574403,0,
8,0.956576,1,0.513229,0,
8,0.968494,1,2.436838,0,
8,0.968494,1,2.436838,0,
8,0.977822,1,2.293357,0,
8,0.936064,1,0.586454,0,
8,0.947015,1,0.788786,0,
8,0.937963,1,4.14366,0,
8,0.971033,1,0.797531,0,
7,0.79037,1,0.969574,0,
7,0.79037,1,0.969574,0,
8,0.942499,1,0.932959,0,
8,0.958185,1,3.885912,0,
8,0.958185,1,3.885912,0,
8,0.958185,1,3.885912,0,
6,0.808897,1,3.845213,0,
8,0.927813,1,0.535612,0,
8,0.927813,1,0.511526,0,
8,0.94493,1,3.009198,0,
8,0.94493,1,3.009198,0,
8,0.942206,1,0.474332,0,
6,0.771751,1,3.874562,0,
8,0.929141,1,3.107269,0,
8,0.929141,1,3.107269,0,
8,0.926163,1,0.60043,0,
8,0.938057,1,3.957296,0,
8,0.920997,1,0.608793,0,
8,0.986628,1,4.199677,0,
7,0.836173,1,1.473954,0,
8,0.949169,1,0.613885,0,
8,0.949169,1,0.498857,0,
8,0.902587,1,0.585055,0,
8,0.902587,1,0.585055,0,
8,0.902587,1,0.585055,0,
8,0.902587,1,0.585055,0,
7,0.921475,1,4.161865,0,
8,0.949521,1,0.547866,0,
8,0.934361,1,0.644803,0,
8,0.984009,1,4.027529,0,
6,0.707517,1,3.415894,0,
8,0.920667,1,3.023838,0,
8,0.920667,1,3.023838,0,
8,0.920667,1,3.023838,0,
8,0.971034,1,0.880231,0,
8,0.905985,1,0.666662,0,
8,0.956655,1,1.802489,0,
8,0.949511,1,0.5709,0,
8,0.977232,1,3.399659,0,
7,0.855115,1,1.360839,0,
7,0.855115,1,1.360839,0,
8,0.873344,1,4.020766,0,
8,0.981441,1,3.55359,0,
6,0.86956,1,0.980186,0,
8,0.948631,1,0.502878,0,
7,0.838827,1,1.80906,0,
8,0.958921,1,3.562932,0,
8,0.958921,1,3.562932,0,
8,0.935261,1,2.069673,0,
8,0.935261,1,2.069673,0,
8,0.982221,1,3.816455,0,
7,0.890954,1,0.765641,0,
8,0.91117,1,4.049231,0,
8,0.936931,1,0.581652,0,
7,0.804034,1,1.093044,0,
8,0.921932,1,0.631118,0,
8,0.923884,1,4.051546,0,
8,0.941207,1,3.388241,0,
7,0.833125,1,1.396869,0,
8,0.962015,1,1.095855,0,
4,0.463779,1,0.678275,0,
4,0.463779,1,0.678275,0,
8,0.972235,1,1.332516,0,
8,0.972235,1,0.438893,0,
8,0.924759,1,0.576141,0,
8,0.94646,1,0.5437,0,
8,0.96225,1,0.849155,0,
8,0.928835,1,0.534718,0,
8,0.975117,1,4.162614,0,
8,0.956233,1,4.150039,0,
8,0.949939,1,0.634371,0,
8,0.969517,1,1.779314,0,
8,0.964056,1,3.791691,0,
8,0.905152,1,0.621439,0,
8,0.952861,1,3.857319,0,
8,0.961118,1,1.392729,0,
8,0.961118,1,0.500884,0,
8,0.961118,1,0.500884,0,
8,0.928744,1,0.607342,0,
8,0.934818,1,4.101942,0,
6,0.826323,1,1.189546,0,
6,0.826323,1,1.189546,0,
7,0.924118,1,2.505679,0,
7,0.924118,1,2.505679,0,
7,0.924118,1,2.505679,0,
7,0.924118,1,2.505679,0,
7,0.924118,1,2.505679,0,
8,0.94394,1,3.997003,0,
8,0.94394,1,3.997003,0,
7,0.91175,1,1.819424,0,
7,0.858394,1,1.369349,0,
8,0.957291,1,0.858249,0,
8,0.957291,1,0.519013,0,
7,0.917588,1,3.610437,0,
8,0.895296,1,0.864457,0,
8,0.956783,1,0.620208,0,
8,0.956783,1,0.438945,0,
8,0.930408,1,0.536412,0,
8,0.896928,1,0.749343,0,
8,0.777472,1,3.392799,0,
8,0.931845,1,0.536517,0,
8,0.91375,1,3.943138,0,
8,0.91375,1,3.943138,0,
8,0.92747,1,4.066743,0,
7,0.859984,1,1.02861,0,
8,0.960621,1,0.535774,0,
8,0.956416,1,0.50543,0,
8,0.956416,1,0.457062,0,
7,0.854914,1,2.710981,0,
8,0.961147,1,0.919378,0,
8,0.97686,1,4.070927,0,
8,0.97686,1,4.070927,0,
8,0.934793,1,0.540413,0,
8,0.934793,1,0.540413,0,
8,0.957925,1,3.989975,0,
7,0.837598,1,0.98749,0,
8,0.90717,1,0.749328,0,
8,0.90717,1,0.749328,0,
5,0.739308,1,1.944381,0,
5,0.739308,1,1.944381,0,
5,0.739308,1,1.944381,0,
5,0.739308,1,1.944381,0,
8,0.959865,1,0.547585,0,
8,0.959865,1,0.517981,0,
8,0.963493,1,3.00839,0,
8,0.958956,1,0.468578,0,
8,0.956807,1,3.296752,0,
8,0.940726,1,4.117863,0,
8,0.958222,1,4.000953,0,
8,0.964348,1,4.000818,0,
8,0.873422,1,2.421522,0,
8,0.944233,1,0.526659,0,
8,0.835429,1,1.015446,0,
8,0.835429,1,1.015446,0,
8,0.902672,1,0.659964,0,
8,0.902672,1,0.659964,0,
8,0.961843,1,1.364284,0,
8,0.961843,1,0.454366,0,
8,0.962365,1,3.873964,0,
8,0.962365,1,3.873964,0,
8,0.884193,1,0.636646,0,
8,0.910848,1,0.694138,0,
8,0.910848,1,0.694138,0,
8,0.96738,1,1.402033,0,
8,0.948785,1,0.707234,0,
8,0.937528,1,0.64559,0,
8,0.930385,1,3.664533,0,
8,0.930385,1,3.664533,0,
8,0.930385,1,3.664533,0,
7,0.81903,1,3.510175,0,
7,0.81903,1,3.510175,0,
8,0.948379,1,0.531107,0,
8,0.948379,1,0.531107,0,
8,0.941952,1,0.54055,0,
7,0.908026,1,1.145786,0,
8,0.869717,1,2.807633,0,
8,0.948532,1,0.485482,0,
8,0.948532,1,0.453588,0,
7,0.746139,1,2.9085,0,
8,0.919881,1,0.518031,0,
8,0.901857,1,4.067067,0,
8,0.93629,1,1.499504,0,
8,0.954356,1,0.872481,0,
8,0.954356,1,0.542091,0,
8,0.954356,1,0.542091,0,
5,0.755013,1,1.992685,0,
5,0.755013,1,1.992685,0,
8,0.934111,1,0.56083,0,
8,0.970648,1,3.369402,0,
8,0.872565,1,0.732702,0,
8,0.93819,1,3.609208,0,
8,0.93819,1,3.609208,0,
8,0.930147,1,0.546533,0,
8,0.958959,1,3.794316,0,
8,0.906503,1,1.475313,0,
8,0.906503,1,1.475313,0,
8,0.984906,1,4.213438,0,
8,0.984906,1,4.213438,0,
8,0.984906,1,4.213438,0,
7,0.83754,1,1.197563,0,
7,0.83754,1,1.197563,0,
8,0.943379,1,3.781019,0,
7,0.903817,1,3.970067,0,
8,0.979374,1,3.879771,0,
8,0.905183,1,0.563403,0,
8,0.905183,1,0.563403,0,
8,0.984516,1,1.901791,0,
8,0.984516,1,0.395803,0,
8,0.881684,1,0.672427,0,
8,0.881684,1,0.547675,0,
8,0.917475,1,0.634944,0,
6,0.82533,1,0.987045,0,
8,0.979057,1,1.747017,0,
8,0.891623,1,0.893785,0,
8,0.955128,1,0.490887,0,
8,0.895361,1,0.71194,0,
8,0.813261,1,0.9511,0,
8,0.813261,1,0.9511,0,
8,0.973238,1,1.373361,0,
8,0.953471,1,0.474058,0,
8,0.902455,1,0.662238,0,
8,0.890701,1,3.130894,0,
4,0.542631,1,1.358997,0,
8,0.952654,1,0.539899,0,
8,0.952654,1,0.539899,0,
8,0.904452,1,3.630476,0,
8,0.904452,1,3.630476,0,
8,0.904452,1,3.630476,0,
8,0.938601,1,3.241609,0,
8,0.938601,1,3.241609,0,
8,0.938601,1,3.241609,0,
8,0.884998,1,0.611464,0,
8,0.88739,1,2.893275,0,
8,0.969074,1,1.262339,0,
8,0.951672,1,3.483689,0,
8,0.951672,1,3.483689,0,
8,0.951672,1,3.483689,0,
8,0.93066,1,3.169779,0,
7,0.766249,1,3.478213,0,
7,0.766249,1,3.478213,0,
8,0.951232,1,3.516185,0,
8,0.907502,1,0.528477,0,
8,0.907502,1,0.528477,0,
8,0.907502,1,0.528477,0,
8,0.907502,1,0.528477,0,
8,0.913293,1,3.89085,0,
8,0.940006,1,2.230647,0,
8,0.976491,1,4.038929,0,
8,0.891611,1,3.933836,0,
8,0.953487,1,4.171372,0,
8,0.953487,1,4.171372,0,
8,0.950357,1,0.583606,0,
8,0.950357,1,0.583606,0,
7,0.800749,1,1.961351,0,
8,0.814178,1,1.167901,0,
8,0.954306,1,4.100755,0,
8,0.954306,1,4.100755,0,
6,0.841501,1,3.615503,0,
6,0.841501,1,3.615503,0,
8,0.93736,1,0.567743,0,
8,0.96484,1,1.420177,0,
8,0.961519,1,0.490219,0,
8,0.961519,1,0.490219,0,
8,0.961519,1,0.490219,0,
8,0.926957,1,3.911936,0,
8,0.934187,1,0.53165,0,
8,0.898162,1,3.836961,0,
8,0.887008,1,3.469523,0,
8,0.890866,1,0.602468,0,
8,0.978537,1,0.951567,0,
7,0.861527,1,3.760253,0,
4,0.621311,1,1.108818,0,
7,0.973811,1,4.080632,0,
7,0.935364,1,0.809882,0,
8,0.959063,1,4.087508,0,
8,0.959063,1,4.087508,0,
8,0.879931,1,0.800677,0,
7,0.887771,1,0.623023,0,
8,0.905318,1,0.515442,0,
8,0.905318,1,0.515442,0,
8,0.945727,1,0.574312,0,
8,0.950067,1,4.042561,0,
7,0.841168,1,1.797308,0,
8,0.973681,1,4.108968,0,
8,0.973681,1,4.108968,0,
8,0.966108,1,3.678247,0,
8,0.966108,1,3.678247,0,
7,0.842514,1,0.541792,0,
8,0.880594,1,0.670526,0,
8,0.880594,1,0.670526,0,
8,0.907805,1,2.562163,0,
8,0.870086,1,0.866165,0,
7,0.851955,1,0.715773,0,
8,0.946844,1,0.691826,0,
8,0.913033,1,3.697739,0,
8,0.913033,1,3.697739,0,
8,0.903916,1,0.556957,0,
8,0.928592,1,1.818696,0,
8,0.959664,1,0.912853,0,
8,0.889166,1,0.703352,0,
8,0.905734,1,3.45503,0,
8,0.905734,1,3.45503,0,
8,0.905734,1,3.45503,0,
8,0.937761,1,4.000871,0,
8,0.937083,1,4.064198,0,
8,0.937083,1,4.064198,0,
8,0.963934,1,1.117273,0,
8,0.976866,1,1.019793,0,
8,0.976866,1,0.821853,0,
7,0.893307,1,0.727526,0,
7,0.893307,1,0.727526,0,
8,0.802712,1,0.976712,0,
8,0.882047,1,0.841034,0,
8,0.947881,1,0.632799,0,
8,0.955234,1,0.549077,0,
8,0.944659,1,0.571102,0,
8,0.933189,1,0.73884,0,
8,0.8839,1,2.74357,0,
8,0.928596,1,0.515491,0,
8,0.928596,1,0.515491,0,
8,0.928596,1,0.515491,0,
8,0.963226,1,2.60329,0,
8,0.963226,1,2.598955,0,
8,0.963226,1,2.598955,0,
8,0.922136,1,1.316606,0,
8,0.95284,1,2.041966,0,
8,0.88411,1,0.612445,0,
8,0.88411,1,0.612445,0,
8,0.910801,1,0.785801,0,
8,0.910801,1,0.785801,0,
8,0.964779,1,4.209558,0,
8,0.941503,1,0.511036,0,
8,0.947035,1,0.547169,0,
8,0.893963,1,4.055718,0,
8,0.922751,1,1.632287,0,
8,0.941338,1,0.580083,0,
8,0.933589,1,0.526788,0,
8,0.926482,1,4.059766,0,
8,0.926482,1,4.059766,0,
8,0.917786,1,3.955365,0,
8,0.889829,1,0.875393,0,
8,0.850587,1,1.091445,0,
8,0.949352,1,3.289069,0,
8,0.949352,1,3.289069,0,
8,0.949352,1,3.289069,0,
8,0.949352,1,3.289069,0,
8,0.835215,1,0.634317,0,
8,0.959285,1,2.800885,0,
8,0.905347,1,0.670916,0,
8,0.980098,1,4.183995,0,
1,0.11905,1,0.272302,0,
8,0.957569,1,0.471369,0,
8,0.978404,1,1.816687,0,
7,0.935532,1,2.056082,0,
8,0.924703,1,0.67682,0,
8,0.824887,1,4.060979,0,
8,0.943963,1,1.031868,0,
8,0.924381,1,0.623868,0,
8,0.904504,1,1.282899,0,
8,0.960212,1,3.386225,0,
8,0.917476,1,3.97612,0,
8,0.917476,1,3.97612,0,
8,0.915665,1,0.544115,0,
8,0.940949,1,4.107382,0,
8,0.895647,1,0.864342,0,
8,0.895647,1,0.864342,0,
8,0.895647,1,0.864342,0,
8,0.895647,1,0.864342,0,
8,0.839452,1,1.140618,0,
8,0.96036,1,0.5882,0,
8,0.951866,1,0.983043,0,
8,0.889834,1,0.678873,0,
8,0.959101,1,3.418729,0,
7,0.896415,1,0.548601,0,
8,0.933537,1,3.98279,0,
8,0.864589,1,3.222506,0,
8,0.908056,1,0.585867,0,
8,0.952551,1,0.475177,0,
5,0.734051,1,3.096265,0,
8,0.938695,1,0.734748,0,
7,0.869031,1,0.969555,0,
7,0.869031,1,0.969555,0,
7,0.869031,1,0.969555,0,
8,0.876531,1,0.745445,0,
8,0.89297,1,3.159719,0,
5,0.732496,1,0.959757,0,
5,0.732496,1,0.959757,0,
8,0.92039,1,0.60063,0,
8,0.942874,1,0.716378,0,
8,0.917512,1,4.098576,0,
8,0.917512,1,4.098576,0,
8,0.975904,1,3.895951,0,
8,0.936733,1,4.058722,0,
8,0.936733,1,4.058722,0,
8,0.936733,1,4.058722,0,
8,0.929171,1,0.793462,0,
8,0.929171,1,0.793462,0,
8,0.963187,1,1.015157,0,
8,0.963187,1,0.472546,0,
8,0.963187,1,0.472546,0,
8,0.939022,1,3.362285,0,
8,0.946429,1,0.55316,0,
8,0.93951,1,0.702911,0,
8,0.925862,1,2.929436,0,
8,0.913344,1,1.572009,0,
8,0.909769,1,4.067265,0,
7,0.822258,1,1.5807,0,
7,0.822258,1,1.5807,0,
7,0.822258,1,1.5807,0,
7,0.822258,1,1.5807,0,
8,0.920869,1,1.664801,0,
8,0.920869,1,1.664801,0,
8,0.971497,1,3.895326,0,
8,0.971497,1,3.895326,0,
8,0.985866,1,2.786596,0,
8,0.951147,1,0.547039,0,
8,0.896002,1,3.993649,0,
8,0.93414,1,3.048542,0,
8,0.93414,1,3.048542,0,
8,0.96565,1,1.432956,0,
8,0.920879,1,0.605568,0,
8,0.868697,1,3.951918,0,
8,0.868697,1,3.951918,0,
8,0.936426,1,0.62194,0,
8,0.925582,1,0.644369,0,
8,0.925582,1,0.644369,0,
7,0.810416,1,3.682483,0,
8,0.924171,1,0.642286,0,
8,0.921677,1,0.71387,0,
8,0.884298,1,0.78996,0,
8,0.950197,1,3.968664,0,
5,0.785618,1,2.677958,0,
8,0.981065,1,2.156156,0,
8,0.981065,1,2.156156,0,
7,0.815518,1,3.013199,0,
8,0.840476,1,1.843061,0,
8,0.837471,1,3.851701,0,
8,0.9472,1,0.566553,0,
8,0.949656,1,4.138101,0,
8,0.907872,1,4.097822,0,
7,0.786144,1,0.643321,0,
8,0.958439,1,1.081441,0,
8,0.958439,1,0.523473,0,
8,0.972458,1,1.443347,0,
8,0.908945,1,2.881668,0,
8,0.927573,1,0.666065,0,
8,0.909765,1,1.506988,0,
8,0.909765,1,1.506988,0,
8,0.86676,1,1.03524,0,
8,0.86676,1,1.03524,0,
8,0.86676,1,1.03524,0,
8,0.920968,1,0.763227,0,
8,0.920968,1,0.551433,0,
8,0.920968,1,0.551433,0,
8,0.920968,1,0.551433,0,
8,0.928068,1,4.084374,0,
8,0.907732,1,1.256562,0,
8,0.907732,1,1.256562,0,
8,0.907732,1,1.256562,0,
8,0.878183,1,0.629144,0,
8,0.964689,1,0.663088,0,
8,0.964689,1,0.514529,0,
6,0.799396,1,3.542352,0,
6,0.799396,1,3.542352,0,
6,0.799396,1,3.542352,0,
8,0.956955,1,0.745206,0,
8,0.956955,1,0.732858,0,
5,0.729383,1,3.606017,0,
8,0.964488,1,3.387839,0,
5,0.827999,1,1.978247,0,
8,0.93804,1,3.993476,0,
8,0.93804,1,3.993476,0,
8,0.925397,1,3.817018,0,
8,0.925397,1,3.817018,0,
8,0.925397,1,3.817018,0,
8,0.923703,1,0.591013,0,
8,0.976573,1,4.106683,0,
8,0.910645,1,2.428496,0,
8,0.910645,1,2.428496,0,
8,0.932612,1,3.998585,0,
8,0.931953,1,3.136383,0,
8,0.931953,1,3.136383,0,
8,0.931953,1,3.136383,0,
8,0.931953,1,3.136383,0,
8,0.972132,1,4.077008,0,
8,0.972132,1,4.077008,0,
8,0.967525,1,3.665106,0,
8,0.920828,1,0.636802,0,
8,0.881715,1,3.645616,0,
8,0.881715,1,3.645616,0,
8,0.883989,1,1.207779,0,
8,0.936521,1,1.809953,0,
8,0.874559,1,0.823389,0,
8,0.952669,1,0.831824,0,
8,0.957872,1,0.542007,0,
8,0.957872,1,0.542007,0,
8,0.957872,1,0.542007,0,
7,0.84983,1,3.589325,0,
8,0.869472,1,0.684493,0,
5,0.718304,1,3.149517,0,
8,0.949189,1,2.474225,0,
8,0.949189,1,2.474225,0,
8,0.975083,1,4.18712,0,
8,0.913717,1,3.20262,0,
8,0.975472,1,4.138161,0,
8,0.933231,1,0.747296,0,
8,0.86356,1,3.878803,0,
7,0.859214,1,2.906313,0,
7,0.859214,1,2.906313,0,
8,0.977528,1,3.17191,0,
8,0.90866,1,0.703783,0,
8,0.961641,1,2.242556,0,
8,0.918014,1,0.573715,0,
8,0.958105,1,4.131493,0,
8,0.987143,1,4.175029,0,
8,0.950512,1,0.557053,0,
8,0.911366,1,0.660128,0,
8,0.884545,1,0.6398,0,
8,0.948085,1,0.579099,0,
8,0.948085,1,0.579099,0,
8,0.957739,1,4.109048,0,
6,0.798495,1,2.510252,0,
8,0.964827,1,2.091417,0,
8,0.907754,1,3.966748,0,
8,0.907754,1,3.966748,0,
8,0.907754,1,3.966748,0,
8,0.924149,1,0.627965,0,
8,0.975504,1,3.48627,0,
8,0.884733,1,0.873772,0,
7,0.84736,1,3.992687,0,
7,0.84736,1,3.992687,0,
8,0.955056,1,0.708714,0,
8,0.934566,1,0.523517,0,
8,0.946516,1,3.457193,0,
8,0.946516,1,3.457193,0,
8,0.946516,1,3.457193,0,
8,0.886505,1,1.015049,0,
8,0.967678,1,0.523548,0,
8,0.969651,1,2.037235,0,
8,0.870356,1,1.024633,0,
8,0.926956,1,0.688128,0,
8,0.849964,1,4.03607,0,
8,0.849964,1,4.03607,0,
8,0.960917,1,0.768803,0,
8,0.960917,1,0.552577,0,
8,0.960917,1,0.552577,0,
8,0.960917,1,0.552577,0,
8,0.958214,1,0.4976,0,
8,0.938082,1,4.138591,0,
8,0.932994,1,3.769099,0,
8,0.932994,1,3.769099,0,
8,0.932994,1,3.769099,0,
8,0.953023,1,0.892452,0,
8,0.953023,1,0.540777,0,
7,0.915416,1,0.870482,0,
7,0.915416,1,0.605331,0,
8,0.952994,1,4.083985,0,
8,0.952994,1,4.083985,0,
7,0.749377,1,2.82419,0,
8,0.974459,1,4.163655,0,
8,0.904488,1,4.009754,0,
8,0.904488,1,4.009754,0,
8,0.96422,1,2.97498,0,
8,0.96422,1,2.97498,0,
7,0.864483,1,3.737134,0,
8,0.908186,1,4.039175,0,
8,0.954313,1,3.379005,0,
8,0.954313,1,3.379005,0,
8,0.980674,1,1.86146,0,
8,0.889181,1,3.896393,0,
6,0.802878,1,3.904185,0,
7,0.801756,1,0.755718,0,
8,0.892285,1,4.054757,0,
8,0.892285,1,4.054757,0,
6,0.680518,1,3.972417,0,
6,0.680518,1,3.972417,0,
6,0.680518,1,3.972417,0,
8,0.88328,1,4.071995,0,
8,0.88328,1,4.071995,0,
8,0.809083,1,1.116246,0,
8,0.902101,1,0.60837,0,
8,0.934527,1,1.449963,0,
8,0.933816,1,0.517214,0,
7,0.815148,1,0.754254,0,
7,0.815148,1,0.754254,0,
8,0.930974,1,3.959431,0,
8,0.921309,1,0.649976,0,
8,0.921309,1,0.649976,0,
8,0.921309,1,0.649976,0,
8,0.924869,1,3.977673,0,
8,0.918037,1,0.579292,0,
8,0.918037,1,0.579292,0,
8,0.918037,1,0.579292,0,
8,0.951665,1,0.498771,0,
8,0.951665,1,0.498771,0,
8,0.942101,1,0.496181,0,
8,0.985127,1,2.591669,0,
8,0.985127,1,0.392823,0,
8,0.941271,1,3.870004,0,
8,0.905117,1,0.653134,0,
8,0.905117,1,0.653134,0,
8,0.948619,1,1.390327,0,
8,0.948619,1,1.390327,0,
8,0.947237,1,3.960365,0,
8,0.947237,1,3.960365,0,
8,0.947237,1,3.960365,0,
8,0.947237,1,3.960365,0,
8,0.947237,1,3.960365,0,
8,0.920318,1,3.780945,0,
8,0.909869,1,0.586432,0,
8,0.879161,1,0.846158,0,
8,0.879161,1,0.846158,0,
8,0.972745,1,0.906217,0,
8,0.97903,1,3.762603,0,
8,0.97903,1,3.762603,0,
8,0.930797,1,3.268483,0,
8,0.97604,1,2.868207,0,
8,0.972102,1,4.187677,0,
8,0.977221,1,3.580122,0,
8,0.965168,1,2.711151,0,
7,0.80428,1,2.33832,0,
7,0.80428,1,2.33832,0,
8,0.97385,1,3.541867,0,
8,0.97385,1,3.541867,0,
8,0.97385,1,3.541867,0,
8,0.939255,1,2.845189,0,
8,0.947783,1,0.781698,0,
8,0.952648,1,3.828138,0,
8,0.935761,1,0.641648,0,
8,0.876327,1,2.527901,0,
8,0.885567,1,3.986027,0,
8,0.9734,1,4.160186,0,
8,0.933988,1,4.021362,0,
8,0.954347,1,0.840269,0,
8,0.954347,1,0.499497,0,
8,0.954347,1,0.499497,0,
8,0.927746,1,0.699309,0,
8,0.927746,1,0.573573,0,
8,0.908959,1,4.054383,0,
8,0.935034,1,3.766642,0,
8,0.935034,1,3.766642,0,
8,0.935034,1,3.766642,0,
8,0.980184,1,1.672071,0,
8,0.980184,1,0.472666,0,
8,0.980184,1,0.472666,0,
8,0.980184,1,0.472666,0,
6,0.735011,1,1.0216,0,
8,0.949782,1,2.869509,0,
8,0.977238,1,0.978644,0,
8,0.925404,1,0.552702,0,
8,0.927991,1,0.556888,0,
8,0.927991,1,0.556888,0,
7,0.879627,1,1.221078,0,
8,0.970609,1,0.775683,0,
8,0.958619,1,2.968454,0,
8,0.962608,1,0.524398,0,
5,0.765109,1,3.46957,0,
8,0.937729,1,0.585246,0,
8,0.937729,1,0.585246,0,
7,0.811843,1,3.69792,0,
8,0.903148,1,0.526813,0,
8,0.973571,1,3.111626,0,
8,0.973571,1,3.111626,0,
8,0.971924,1,4.04951,0,
8,0.971924,1,4.04951,0,
8,0.944507,1,0.577342,0,
8,0.944507,1,0.577342,0,
8,0.944507,1,0.577342,0,
8,0.977002,1,3.860823,0,
7,0.876242,1,1.024214,0,
8,0.965971,1,4.080347,0,
8,0.933939,1,0.956275,0,
8,0.933939,1,0.564514,0,
8,0.928295,1,1.238718,0,
7,0.812427,1,3.704516,0,
7,0.812427,1,3.704516,0,
8,0.94507,1,0.55895,0,
8,0.869221,1,0.742868,0,
8,0.929255,1,1.032634,0,
8,0.903496,1,3.913078,0,
8,0.903496,1,3.913078,0,
3,0.733552,1,1.701614,0,
8,0.880994,1,0.737941,0,
8,0.945824,1,4.036846,0,
8,0.945824,1,4.036846,0,
8,0.945824,1,4.036846,0,
8,0.954049,1,3.761764,0,
8,0.880949,1,3.749661,0,
8,0.944648,1,4.034809,0,
8,0.967185,1,1.189678,0,
7,0.734176,1,0.691656,0,
8,0.978362,1,3.671677,0,
8,0.978362,1,3.671677,0,
8,0.978362,1,3.671677,0,
8,0.932981,1,4.063849,0,
8,0.932981,1,4.063849,0,
8,0.972654,1,1.39419,0,
8,0.972654,1,0.436995,0,
8,0.939551,1,2.673938,0,
8,0.939551,1,2.673938,0,
8,0.930073,1,0.606937,0,
8,0.930073,1,0.606937,0,
8,0.922757,1,0.583409,0,
8,0.97176,1,1.45465,0,
8,0.968875,1,3.83873,0,
8,0.968875,1,3.83873,0,
7,0.913506,1,0.837978,0,
7,0.913506,1,0.837978,0,
8,0.904175,1,0.640404,0,
8,0.904175,1,0.640404,0,
4,0.374396,1,2.558191,0,
8,0.977407,1,2.2389,0,
8,0.977407,1,2.2389,0,
8,0.964262,1,1.498094,0,
8,0.964262,1,0.509088,0,
8,0.98352,1,3.870211,0,
8,0.963527,1,3.151445,0,
8,0.944291,1,2.768372,0,
8,0.944291,1,2.768372,0,
8,0.944291,1,2.768372,0,
8,0.929343,1,0.710638,0,
8,0.969053,1,4.050275,0,
8,0.964278,1,1.136202,0,
8,0.964278,1,0.538375,0,
8,0.964278,1,0.538375,0,
7,0.820403,1,1.969855,0,
8,0.980495,1,2.625878,0,
8,0.936974,1,2.197551,0,
8,0.920225,1,0.568925,0,
8,0.89842,1,3.10337,0,
8,0.955658,1,1.47141,0,
8,0.965596,1,1.306837,0,
8,0.965596,1,0.501543,0,
8,0.893035,1,3.894141,0,
8,0.945306,1,0.47607,0,
8,0.945306,1,0.47607,0,
8,0.945306,1,0.47607,0,
7,0.83855,1,2.454778,0,
3,0.279338,1,3.886485,0,
3,0.279338,1,3.886485,0,
8,0.954515,1,1.174621,0,
8,0.879983,1,1.38128,0,
8,0.879983,1,1.38128,0,
8,0.879983,1,1.38128,0,
7,0.93544,1,0.835451,0,
8,0.883051,1,1.293943,0,
8,0.927815,1,0.652227,0,
8,0.927815,1,0.652227,0,
8,0.927815,1,0.652227,0,
7,0.865111,1,3.54625,0,
8,0.93961,1,0.575176,0,
8,0.93961,1,0.575176,0,
8,0.881295,1,0.806838,0,
7,0.874105,1,1.914193,0,
8,0.942152,1,3.855942,0,
8,0.930863,1,3.695645,0,
8,0.948124,1,3.467904,0,
8,0.933983,1,0.582133,0,
7,0.921884,1,3.128946,0,
8,0.912197,1,0.710794,0,
8,0.961668,1,1.369381,0,
8,0.961668,1,0.505587,0,
8,0.949656,1,0.541888,0,
8,0.949656,1,0.541888,0,
8,0.927584,1,2.271663,0,
6,0.699937,1,2.555323,0,
8,0.983699,1,4.188481,0,
8,0.960197,1,1.312572,0,
8,0.93078,1,3.191313,0,
8,0.946804,1,2.628325,0,
8,0.947514,1,1.114404,0,
