16.0,18.0,4.0,63.0,5.0,3.0,1.0,
64.0,111.0,74.0,97.0,6.0,5.0,3.0,
16.0,130.0,63.0,64.0,7.0,3.0,1.0,
64.0,138.0,186.0,22.0,4.0,1.0,0.0,
16.0,8.0,57.0,52.0,6.0,4.0,0.0,
64.0,167.0,122.0,20.0,2.0,1.0,0.0,
128.0,100.0,20.0,21.0,11.0,1.0,0.0,
32.0,130.0,43.0,84.0,2.0,1.0,0.0,
16.0,30.0,211.0,44.0,4.0,2.0,0.0,
64.0,220.0,21.0,61.0,11.0,1.0,0.0,
128.0,14.0,85.0,41.0,9.0,1.0,0.0,
128.0,208.0,25.0,44.0,11.0,7.0,3.0,
16.0,132.0,15.0,38.0,11.0,3.0,0.0,
32.0,253.0,79.0,36.0,10.0,1.0,0.0,
128.0,108.0,70.0,83.0,3.0,1.0,0.0,
128.0,208.0,48.0,18.0,6.0,2.0,1.0,
256.0,25.0,53.0,61.0,7.0,1.0,0.0,
256.0,118.0,46.0,91.0,11.0,4.0,1.0,
32.0,57.0,64.0,13.0,9.0,6.0,5.0,
64.0,31.0,59.0,32.0,2.0,1.0,0.0,
32.0,188.0,197.0,41.0,10.0,5.0,3.0,
128.0,29.0,139.0,76.0,9.0,8.0,3.0,
64.0,95.0,35.0,15.0,4.0,1.0,0.0,
256.0,118.0,74.0,54.0,9.0,2.0,1.0,
32.0,252.0,54.0,26.0,9.0,4.0,1.0,
128.0,125.0,25.0,71.0,6.0,5.0,3.0,
128.0,109.0,65.0,47.0,7.0,3.0,1.0,
32.0,219.0,109.0,20.0,9.0,5.0,3.0,
128.0,75.0,52.0,52.0,6.0,1.0,0.0,
128.0,166.0,59.0,32.0,4.0,2.0,1.0,
32.0,206.0,68.0,11.0,7.0,2.0,0.0,
256.0,50.0,112.0,86.0,4.0,1.0,0.0,
256.0,197.0,38.0,41.0,10.0,5.0,2.0,
128.0,209.0,98.0,31.0,3.0,1.0,0.0,
32.0,117.0,48.0,99.0,6.0,2.0,0.0,
64.0,44.0,77.0,24.0,8.0,4.0,3.0,
16.0,120.0,182.0,49.0,6.0,3.0,0.0,
128.0,240.0,24.0,18.0,7.0,5.0,2.0,
256.0,180.0,74.0,58.0,9.0,4.0,2.0,
256.0,99.0,41.0,83.0,11.0,5.0,4.0,
32.0,186.0,14.0,67.0,2.0,1.0,0.0,
16.0,246.0,58.0,51.0,10.0,9.0,1.0,
32.0,25.0,145.0,99.0,11.0,1.0,0.0,
16.0,109.0,29.0,41.0,3.0,1.0,0.0,
64.0,200.0,69.0,100.0,5.0,4.0,2.0,
128.0,252.0,13.0,10.0,7.0,5.0,2.0,
32.0,71.0,17.0,86.0,8.0,4.0,2.0,
256.0,179.0,92.0,54.0,3.0,2.0,0.0,
64.0,144.0,135.0,44.0,4.0,1.0,0.0,
128.0,9.0,9.0,63.0,3.0,2.0,0.0,
128.0,181.0,20.0,92.0,11.0,9.0,7.0,
16.0,253.0,79.0,22.0,2.0,1.0,0.0,
128.0,160.0,111.0,82.0,10.0,8.0,7.0,
64.0,135.0,34.0,30.0,11.0,1.0,0.0,
128.0,5.0,66.0,42.0,2.0,1.0,0.0,
256.0,186.0,91.0,13.0,10.0,9.0,1.0,
128.0,104.0,22.0,26.0,5.0,2.0,1.0,
256.0,201.0,44.0,10.0,7.0,4.0,1.0,
16.0,252.0,112.0,71.0,2.0,1.0,0.0,
64.0,153.0,20.0,92.0,6.0,2.0,1.0,
32.0,97.0,70.0,71.0,4.0,1.0,0.0,
128.0,176.0,17.0,49.0,10.0,3.0,2.0,
128.0,62.0,85.0,56.0,3.0,2.0,1.0,
128.0,135.0,65.0,7.0,3.0,2.0,1.0,
16.0,221.0,9.0,54.0,4.0,2.0,1.0,
16.0,154.0,93.0,64.0,4.0,3.0,1.0,
16.0,35.0,35.0,34.0,2.0,1.0,0.0,
32.0,156.0,6.0,98.0,8.0,7.0,4.0,
256.0,100.0,60.0,72.0,8.0,3.0,1.0,
16.0,214.0,40.0,38.0,4.0,3.0,2.0,
32.0,176.0,11.0,64.0,8.0,6.0,3.0,
64.0,21.0,65.0,17.0,3.0,2.0,1.0,
256.0,15.0,90.0,4.0,4.0,2.0,1.0,
32.0,168.0,16.0,35.0,11.0,9.0,0.0,
256.0,108.0,13.0,73.0,10.0,2.0,0.0,
256.0,66.0,117.0,13.0,11.0,9.0,0.0,
128.0,141.0,7.0,21.0,9.0,6.0,4.0,
64.0,65.0,29.0,83.0,5.0,1.0,0.0,
16.0,191.0,61.0,26.0,6.0,1.0,0.0,
256.0,168.0,11.0,80.0,8.0,1.0,0.0,
16.0,73.0,201.0,58.0,11.0,2.0,1.0,
256.0,224.0,23.0,41.0,8.0,3.0,1.0,
64.0,120.0,90.0,85.0,11.0,10.0,9.0,
32.0,82.0,165.0,78.0,10.0,7.0,2.0,
16.0,242.0,60.0,74.0,7.0,5.0,4.0,
16.0,183.0,9.0,13.0,4.0,1.0,0.0,
64.0,221.0,115.0,76.0,7.0,2.0,0.0,
256.0,117.0,146.0,6.0,8.0,1.0,0.0,
32.0,165.0,18.0,18.0,3.0,1.0,0.0,
64.0,237.0,15.0,48.0,11.0,10.0,6.0,
16.0,161.0,56.0,30.0,8.0,7.0,1.0,
128.0,126.0,47.0,88.0,3.0,2.0,1.0,
64.0,131.0,27.0,57.0,2.0,1.0,0.0,
16.0,48.0,41.0,60.0,7.0,6.0,2.0,
256.0,138.0,74.0,36.0,8.0,5.0,3.0,
16.0,87.0,75.0,75.0,10.0,1.0,0.0,
32.0,13.0,29.0,94.0,8.0,7.0,5.0,
64.0,29.0,62.0,56.0,5.0,2.0,1.0,
256.0,249.0,116.0,37.0,11.0,9.0,4.0,
128.0,171.0,76.0,54.0,4.0,3.0,2.0,
16.0,63.0,22.0,19.0,11.0,6.0,4.0,
32.0,41.0,57.0,49.0,10.0,4.0,2.0,
32.0,180.0,18.0,73.0,5.0,1.0,0.0,
16.0,60.0,44.0,26.0,5.0,1.0,0.0,
256.0,173.0,103.0,20.0,10.0,6.0,3.0,
128.0,167.0,83.0,30.0,9.0,1.0,0.0,
16.0,25.0,125.0,81.0,3.0,2.0,1.0,
256.0,40.0,54.0,51.0,7.0,3.0,1.0,
16.0,207.0,51.0,5.0,8.0,2.0,1.0,
256.0,231.0,76.0,84.0,2.0,1.0,0.0,
256.0,194.0,24.0,35.0,3.0,2.0,0.0,
256.0,140.0,45.0,20.0,9.0,8.0,3.0,
64.0,132.0,32.0,7.0,4.0,3.0,0.0,
256.0,138.0,43.0,94.0,4.0,1.0,0.0,
64.0,82.0,41.0,60.0,3.0,2.0,0.0,
64.0,20.0,60.0,31.0,2.0,1.0,0.0,
256.0,146.0,55.0,79.0,5.0,4.0,2.0,
256.0,85.0,144.0,50.0,11.0,2.0,1.0,
32.0,23.0,20.0,21.0,9.0,1.0,0.0,
256.0,174.0,22.0,20.0,8.0,6.0,2.0,
256.0,1.0,22.0,78.0,8.0,1.0,0.0,
256.0,95.0,122.0,40.0,6.0,2.0,0.0,
128.0,154.0,76.0,53.0,3.0,1.0,0.0,
128.0,90.0,86.0,72.0,4.0,2.0,0.0,
256.0,240.0,32.0,92.0,7.0,2.0,1.0,
64.0,117.0,162.0,17.0,11.0,6.0,0.0,
128.0,50.0,16.0,97.0,11.0,9.0,5.0,
64.0,154.0,163.0,72.0,7.0,2.0,0.0,
32.0,179.0,42.0,61.0,3.0,2.0,1.0,
128.0,121.0,56.0,81.0,10.0,6.0,4.0,
64.0,244.0,13.0,75.0,5.0,2.0,0.0,
256.0,212.0,35.0,44.0,3.0,2.0,1.0,
128.0,47.0,14.0,59.0,5.0,3.0,1.0,
128.0,148.0,40.0,44.0,10.0,9.0,6.0,
16.0,46.0,27.0,35.0,11.0,2.0,1.0,
64.0,93.0,99.0,31.0,10.0,3.0,0.0,
64.0,167.0,39.0,59.0,7.0,5.0,2.0,
16.0,57.0,45.0,27.0,3.0,1.0,0.0,
64.0,106.0,193.0,41.0,3.0,2.0,0.0,
256.0,31.0,6.0,95.0,10.0,6.0,4.0,
16.0,136.0,32.0,34.0,3.0,1.0,0.0,
128.0,116.0,19.0,7.0,9.0,1.0,0.0,
128.0,59.0,9.0,89.0,3.0,1.0,0.0,
16.0,147.0,92.0,98.0,8.0,3.0,0.0,
256.0,237.0,78.0,9.0,5.0,4.0,3.0,
16.0,107.0,33.0,49.0,8.0,3.0,2.0,
256.0,6.0,146.0,88.0,4.0,2.0,0.0,
32.0,128.0,8.0,86.0,8.0,1.0,0.0,
64.0,10.0,78.0,98.0,8.0,1.0,0.0,
256.0,84.0,137.0,55.0,6.0,2.0,0.0,
16.0,47.0,17.0,89.0,9.0,6.0,1.0,
32.0,255.0,26.0,24.0,6.0,1.0,0.0,
32.0,186.0,20.0,55.0,5.0,1.0,0.0,
16.0,21.0,57.0,33.0,5.0,4.0,3.0,
16.0,125.0,48.0,36.0,2.0,1.0,0.0,
64.0,35.0,89.0,30.0,7.0,5.0,0.0,
16.0,127.0,142.0,19.0,9.0,7.0,0.0,
64.0,140.0,3.0,59.0,8.0,4.0,3.0,
64.0,192.0,8.0,81.0,6.0,1.0,0.0,
64.0,153.0,36.0,91.0,5.0,4.0,3.0,
64.0,181.0,115.0,93.0,4.0,3.0,2.0,
128.0,174.0,168.0,22.0,10.0,7.0,6.0,
64.0,87.0,41.0,83.0,4.0,2.0,0.0,
16.0,99.0,13.0,9.0,8.0,3.0,2.0,
128.0,201.0,93.0,89.0,6.0,4.0,3.0,
32.0,181.0,5.0,4.0,5.0,1.0,0.0,
256.0,228.0,76.0,92.0,6.0,1.0,0.0,
128.0,225.0,148.0,5.0,4.0,1.0,0.0,
16.0,18.0,12.0,23.0,7.0,5.0,3.0,
16.0,39.0,77.0,63.0,5.0,1.0,0.0,
64.0,120.0,62.0,54.0,7.0,1.0,0.0,
256.0,173.0,23.0,5.0,5.0,4.0,1.0,
128.0,85.0,104.0,38.0,8.0,2.0,1.0,
16.0,101.0,69.0,11.0,11.0,8.0,4.0,
32.0,13.0,11.0,54.0,9.0,7.0,5.0,
128.0,3.0,29.0,66.0,8.0,7.0,0.0,
256.0,133.0,64.0,39.0,10.0,8.0,1.0,
32.0,256.0,10.0,78.0,8.0,3.0,2.0,
16.0,110.0,33.0,82.0,6.0,1.0,0.0,
64.0,192.0,158.0,33.0,9.0,5.0,2.0,
32.0,86.0,28.0,92.0,7.0,6.0,2.0,
256.0,139.0,96.0,67.0,7.0,5.0,2.0,
16.0,201.0,159.0,63.0,6.0,1.0,0.0,
64.0,144.0,4.0,77.0,3.0,1.0,0.0,
16.0,95.0,19.0,9.0,9.0,4.0,2.0,
256.0,181.0,55.0,4.0,2.0,1.0,0.0,
32.0,73.0,138.0,13.0,7.0,1.0,0.0,
64.0,63.0,29.0,75.0,8.0,1.0,0.0,
256.0,65.0,93.0,46.0,2.0,1.0,0.0,
16.0,21.0,82.0,16.0,7.0,1.0,0.0,
128.0,42.0,58.0,53.0,8.0,6.0,3.0,
16.0,76.0,25.0,89.0,7.0,4.0,3.0,
32.0,185.0,140.0,29.0,11.0,7.0,0.0,
16.0,67.0,133.0,53.0,10.0,3.0,0.0,
16.0,221.0,126.0,36.0,7.0,5.0,0.0,
64.0,152.0,162.0,62.0,10.0,6.0,0.0,
128.0,235.0,4.0,25.0,2.0,1.0,0.0,
32.0,7.0,3.0,20.0,7.0,6.0,3.0,
128.0,227.0,102.0,17.0,11.0,1.0,0.0,
64.0,199.0,58.0,70.0,5.0,2.0,1.0,
16.0,179.0,86.0,70.0,3.0,1.0,0.0,
128.0,10.0,31.0,88.0,10.0,3.0,2.0,
128.0,79.0,69.0,47.0,4.0,1.0,0.0,
256.0,164.0,22.0,16.0,2.0,1.0,0.0,
64.0,72.0,81.0,33.0,11.0,1.0,0.0,
64.0,126.0,75.0,4.0,3.0,1.0,0.0,
32.0,219.0,65.0,82.0,6.0,1.0,0.0,
32.0,190.0,76.0,35.0,4.0,1.0,0.0,
32.0,119.0,32.0,50.0,3.0,1.0,0.0,
32.0,26.0,93.0,33.0,2.0,1.0,0.0,
32.0,2.0,48.0,22.0,6.0,2.0,1.0,
32.0,230.0,82.0,6.0,2.0,1.0,0.0,
64.0,220.0,111.0,8.0,6.0,3.0,1.0,
32.0,120.0,5.0,33.0,3.0,2.0,1.0,
128.0,61.0,52.0,86.0,11.0,10.0,2.0,
32.0,167.0,19.0,15.0,8.0,1.0,0.0,
16.0,121.0,85.0,13.0,2.0,1.0,0.0,
16.0,206.0,12.0,47.0,5.0,4.0,0.0,
16.0,82.0,19.0,50.0,4.0,2.0,1.0,
32.0,15.0,49.0,49.0,8.0,3.0,0.0,
256.0,149.0,97.0,91.0,8.0,5.0,0.0,
32.0,111.0,27.0,38.0,10.0,6.0,5.0,
16.0,172.0,25.0,78.0,7.0,1.0,0.0,
32.0,223.0,12.0,60.0,2.0,1.0,0.0,
256.0,8.0,122.0,45.0,5.0,1.0,0.0,
16.0,19.0,63.0,98.0,7.0,3.0,0.0,
16.0,94.0,14.0,100.0,3.0,2.0,1.0,
64.0,3.0,32.0,69.0,3.0,1.0,0.0,
16.0,144.0,29.0,71.0,6.0,2.0,1.0,
16.0,179.0,23.0,41.0,10.0,8.0,3.0,
32.0,189.0,70.0,19.0,7.0,5.0,0.0,
32.0,75.0,24.0,35.0,11.0,4.0,2.0,
64.0,175.0,91.0,86.0,6.0,1.0,0.0,
16.0,52.0,50.0,85.0,2.0,1.0,0.0,
16.0,235.0,106.0,94.0,5.0,1.0,0.0,
128.0,81.0,6.0,5.0,5.0,2.0,0.0,
64.0,223.0,15.0,8.0,2.0,1.0,0.0,
32.0,111.0,45.0,94.0,9.0,7.0,3.0,
256.0,95.0,119.0,23.0,8.0,5.0,4.0,
16.0,222.0,24.0,8.0,2.0,1.0,0.0,
32.0,251.0,70.0,67.0,9.0,2.0,1.0,
128.0,34.0,82.0,26.0,3.0,1.0,0.0,
64.0,154.0,58.0,41.0,10.0,7.0,6.0,
128.0,236.0,65.0,21.0,11.0,10.0,7.0,
256.0,45.0,48.0,45.0,2.0,1.0,0.0,
128.0,189.0,107.0,10.0,3.0,2.0,1.0,
16.0,46.0,23.0,91.0,9.0,4.0,3.0,
64.0,173.0,58.0,81.0,6.0,5.0,3.0,
64.0,104.0,57.0,69.0,10.0,8.0,0.0,
256.0,215.0,69.0,96.0,2.0,1.0,0.0,
16.0,108.0,36.0,73.0,10.0,3.0,0.0,
256.0,193.0,95.0,28.0,4.0,1.0,0.0,
64.0,255.0,25.0,13.0,10.0,1.0,0.0,
32.0,77.0,45.0,75.0,6.0,3.0,1.0,
16.0,148.0,81.0,45.0,7.0,1.0,0.0,
64.0,194.0,17.0,7.0,4.0,1.0,0.0,
128.0,35.0,40.0,94.0,5.0,1.0,0.0,
256.0,152.0,134.0,54.0,4.0,2.0,0.0,
256.0,169.0,8.0,28.0,2.0,1.0,0.0,
64.0,171.0,94.0,59.0,11.0,2.0,1.0,
128.0,152.0,17.0,4.0,3.0,2.0,0.0,
64.0,95.0,19.0,72.0,9.0,4.0,1.0,
256.0,191.0,104.0,77.0,9.0,3.0,2.0,
32.0,89.0,27.0,19.0,3.0,1.0,0.0,
32.0,181.0,27.0,35.0,5.0,2.0,0.0,
64.0,106.0,70.0,68.0,3.0,1.0,0.0,
16.0,106.0,41.0,76.0,10.0,2.0,1.0,
128.0,126.0,15.0,90.0,5.0,1.0,0.0,
64.0,222.0,71.0,100.0,7.0,4.0,2.0,
256.0,7.0,93.0,7.0,9.0,4.0,1.0,
32.0,62.0,84.0,34.0,8.0,5.0,2.0,
128.0,131.0,64.0,98.0,4.0,1.0,0.0,
256.0,59.0,33.0,11.0,3.0,1.0,0.0,
128.0,251.0,61.0,70.0,9.0,8.0,2.0,
64.0,213.0,39.0,35.0,11.0,3.0,2.0,
32.0,84.0,133.0,68.0,9.0,2.0,1.0,
256.0,26.0,26.0,6.0,7.0,1.0,0.0,
64.0,31.0,27.0,83.0,2.0,1.0,0.0,
128.0,207.0,36.0,71.0,7.0,4.0,1.0,
64.0,170.0,14.0,28.0,10.0,9.0,6.0,
128.0,127.0,89.0,17.0,5.0,3.0,1.0,
16.0,67.0,177.0,6.0,4.0,2.0,0.0,
32.0,2.0,59.0,48.0,3.0,2.0,1.0,
32.0,160.0,12.0,59.0,7.0,5.0,0.0,
16.0,86.0,17.0,37.0,7.0,2.0,1.0,
128.0,133.0,54.0,4.0,4.0,2.0,0.0,
32.0,26.0,37.0,60.0,10.0,5.0,3.0,
64.0,199.0,22.0,21.0,9.0,5.0,0.0,
64.0,122.0,126.0,36.0,9.0,4.0,1.0,
256.0,2.0,26.0,74.0,10.0,9.0,7.0,
32.0,9.0,56.0,60.0,5.0,3.0,0.0,
64.0,133.0,163.0,62.0,9.0,6.0,1.0,
16.0,224.0,71.0,83.0,10.0,5.0,0.0,
128.0,127.0,19.0,72.0,7.0,1.0,0.0,
256.0,63.0,175.0,86.0,7.0,3.0,1.0,
64.0,192.0,122.0,68.0,3.0,2.0,0.0,
64.0,206.0,18.0,33.0,4.0,1.0,0.0,
32.0,60.0,82.0,59.0,10.0,1.0,0.0,
128.0,3.0,20.0,98.0,7.0,3.0,2.0,
32.0,47.0,151.0,37.0,7.0,6.0,3.0,
64.0,104.0,109.0,41.0,8.0,5.0,2.0,
256.0,18.0,46.0,85.0,3.0,1.0,0.0,
128.0,238.0,12.0,11.0,2.0,1.0,0.0,
16.0,128.0,52.0,20.0,2.0,1.0,0.0,
128.0,200.0,40.0,12.0,7.0,4.0,2.0,
128.0,197.0,72.0,81.0,8.0,5.0,0.0,
128.0,128.0,47.0,13.0,6.0,2.0,0.0,
16.0,115.0,32.0,84.0,5.0,2.0,0.0,
32.0,69.0,88.0,97.0,4.0,1.0,0.0,
16.0,78.0,13.0,69.0,8.0,6.0,0.0,
128.0,3.0,34.0,22.0,11.0,4.0,1.0,
32.0,192.0,97.0,94.0,8.0,5.0,1.0,
256.0,151.0,41.0,50.0,8.0,4.0,0.0,
32.0,58.0,11.0,83.0,10.0,9.0,3.0,
256.0,49.0,62.0,73.0,8.0,1.0,0.0,
32.0,9.0,132.0,88.0,6.0,5.0,1.0,
16.0,3.0,64.0,37.0,5.0,4.0,0.0,
32.0,27.0,80.0,84.0,10.0,1.0,0.0,
16.0,161.0,172.0,48.0,11.0,3.0,0.0,
128.0,41.0,17.0,48.0,3.0,2.0,1.0,
128.0,48.0,103.0,60.0,7.0,3.0,2.0,
256.0,232.0,75.0,85.0,8.0,5.0,1.0,
16.0,129.0,57.0,57.0,11.0,9.0,1.0,
128.0,199.0,103.0,24.0,11.0,9.0,3.0,
128.0,48.0,25.0,48.0,4.0,3.0,1.0,
64.0,96.0,28.0,75.0,11.0,7.0,5.0,
16.0,10.0,77.0,90.0,8.0,1.0,0.0,
64.0,98.0,60.0,50.0,3.0,1.0,0.0,
256.0,240.0,21.0,99.0,9.0,2.0,0.0,
256.0,16.0,26.0,7.0,8.0,4.0,1.0,
256.0,125.0,43.0,97.0,11.0,1.0,0.0,
16.0,188.0,49.0,77.0,2.0,1.0,0.0,
128.0,89.0,134.0,87.0,10.0,7.0,5.0,
64.0,30.0,140.0,55.0,11.0,9.0,7.0,
16.0,179.0,11.0,52.0,8.0,4.0,2.0,
16.0,99.0,112.0,53.0,3.0,1.0,0.0,
128.0,136.0,155.0,95.0,11.0,2.0,1.0,
256.0,17.0,77.0,81.0,6.0,2.0,1.0,
32.0,213.0,96.0,29.0,5.0,3.0,0.0,
64.0,210.0,134.0,23.0,11.0,2.0,1.0,
64.0,76.0,29.0,7.0,2.0,1.0,0.0,
256.0,150.0,77.0,88.0,2.0,1.0,0.0,
64.0,32.0,19.0,74.0,2.0,1.0,0.0,
256.0,33.0,51.0,5.0,9.0,2.0,1.0,
32.0,226.0,70.0,98.0,5.0,1.0,0.0,
128.0,99.0,9.0,89.0,9.0,8.0,5.0,
256.0,171.0,33.0,83.0,6.0,3.0,1.0,
32.0,208.0,53.0,35.0,9.0,7.0,4.0,
64.0,77.0,44.0,20.0,9.0,4.0,1.0,
128.0,131.0,10.0,90.0,6.0,1.0,0.0,
32.0,131.0,42.0,60.0,11.0,10.0,6.0,
32.0,88.0,87.0,56.0,7.0,1.0,0.0,
32.0,102.0,42.0,82.0,5.0,2.0,0.0,
128.0,78.0,133.0,76.0,4.0,1.0,0.0,
16.0,211.0,187.0,91.0,2.0,1.0,0.0,
128.0,104.0,33.0,82.0,5.0,2.0,0.0,
128.0,100.0,12.0,84.0,9.0,3.0,2.0,
256.0,215.0,28.0,51.0,10.0,1.0,0.0,
64.0,112.0,6.0,43.0,6.0,5.0,3.0,
16.0,207.0,18.0,7.0,11.0,7.0,2.0,
64.0,178.0,135.0,10.0,3.0,1.0,0.0,
64.0,24.0,90.0,20.0,6.0,3.0,1.0,
256.0,142.0,17.0,49.0,3.0,1.0,0.0,
128.0,26.0,56.0,94.0,8.0,4.0,1.0,
128.0,77.0,138.0,65.0,2.0,1.0,0.0,
16.0,6.0,105.0,8.0,10.0,4.0,2.0,
16.0,33.0,48.0,58.0,10.0,4.0,3.0,
16.0,179.0,7.0,41.0,10.0,6.0,2.0,
64.0,125.0,10.0,79.0,4.0,3.0,0.0,
32.0,120.0,77.0,63.0,6.0,5.0,1.0,
16.0,156.0,146.0,39.0,5.0,2.0,1.0,
64.0,177.0,46.0,15.0,6.0,5.0,1.0,
32.0,235.0,71.0,44.0,2.0,1.0,0.0,
32.0,194.0,108.0,30.0,10.0,4.0,2.0,
128.0,152.0,58.0,39.0,2.0,1.0,0.0,
64.0,159.0,35.0,59.0,4.0,3.0,1.0,
16.0,17.0,102.0,12.0,8.0,3.0,1.0,
64.0,23.0,13.0,58.0,2.0,1.0,0.0,
16.0,98.0,103.0,31.0,4.0,1.0,0.0,
32.0,65.0,6.0,48.0,4.0,2.0,0.0,
256.0,196.0,25.0,19.0,9.0,8.0,2.0,
32.0,235.0,84.0,6.0,4.0,3.0,0.0,
128.0,187.0,23.0,81.0,8.0,7.0,1.0,
32.0,18.0,16.0,35.0,5.0,2.0,0.0,
64.0,208.0,108.0,3.0,2.0,1.0,0.0,
128.0,148.0,40.0,38.0,7.0,1.0,0.0,
16.0,18.0,12.0,50.0,11.0,3.0,1.0,
32.0,110.0,97.0,42.0,10.0,2.0,0.0,
16.0,6.0,26.0,63.0,9.0,1.0,0.0,
256.0,124.0,57.0,55.0,7.0,1.0,0.0,
32.0,230.0,61.0,37.0,2.0,1.0,0.0,
64.0,180.0,20.0,47.0,3.0,2.0,0.0,
64.0,251.0,28.0,40.0,10.0,8.0,3.0,
16.0,35.0,42.0,60.0,11.0,1.0,0.0,
32.0,3.0,89.0,72.0,7.0,5.0,3.0,
64.0,46.0,131.0,65.0,8.0,5.0,0.0,
64.0,248.0,68.0,24.0,10.0,1.0,0.0,
256.0,92.0,46.0,55.0,8.0,3.0,2.0,
32.0,104.0,37.0,76.0,5.0,1.0,0.0,
128.0,41.0,68.0,80.0,7.0,4.0,3.0,
64.0,24.0,137.0,52.0,6.0,2.0,1.0,
32.0,72.0,70.0,80.0,10.0,5.0,0.0,
16.0,13.0,21.0,90.0,3.0,2.0,1.0,
128.0,37.0,87.0,73.0,5.0,3.0,1.0,
64.0,185.0,104.0,33.0,10.0,8.0,0.0,
32.0,108.0,31.0,65.0,6.0,4.0,0.0,
128.0,123.0,90.0,15.0,9.0,3.0,1.0,
64.0,227.0,64.0,33.0,9.0,4.0,3.0,
256.0,124.0,50.0,65.0,6.0,1.0,0.0,
32.0,202.0,101.0,84.0,11.0,6.0,4.0,
32.0,239.0,9.0,49.0,10.0,8.0,2.0,
64.0,106.0,21.0,63.0,9.0,5.0,3.0,
256.0,236.0,49.0,60.0,11.0,2.0,0.0,
32.0,181.0,62.0,75.0,5.0,3.0,1.0,
128.0,256.0,6.0,44.0,5.0,4.0,0.0,
256.0,80.0,20.0,25.0,3.0,1.0,0.0,
32.0,22.0,24.0,45.0,2.0,1.0,0.0,
64.0,112.0,22.0,70.0,9.0,6.0,3.0,
128.0,81.0,98.0,12.0,6.0,2.0,0.0,
256.0,180.0,74.0,94.0,2.0,1.0,0.0,
32.0,57.0,27.0,11.0,4.0,2.0,0.0,
16.0,242.0,121.0,52.0,7.0,1.0,0.0,
128.0,249.0,58.0,14.0,9.0,7.0,6.0,
16.0,119.0,41.0,19.0,3.0,2.0,1.0,
16.0,228.0,68.0,59.0,2.0,1.0,0.0,
256.0,164.0,27.0,67.0,9.0,8.0,2.0,
128.0,114.0,56.0,14.0,5.0,1.0,0.0,
32.0,241.0,145.0,88.0,7.0,4.0,2.0,
32.0,236.0,183.0,68.0,10.0,2.0,0.0,
16.0,50.0,6.0,17.0,2.0,1.0,0.0,
128.0,238.0,30.0,15.0,5.0,2.0,1.0,
16.0,137.0,53.0,37.0,9.0,2.0,0.0,
128.0,29.0,9.0,5.0,8.0,1.0,0.0,
16.0,70.0,64.0,52.0,6.0,5.0,1.0,
128.0,151.0,42.0,52.0,9.0,4.0,2.0,
16.0,72.0,97.0,97.0,11.0,5.0,2.0,
256.0,54.0,15.0,52.0,9.0,6.0,0.0,
16.0,43.0,36.0,76.0,11.0,3.0,1.0,
256.0,95.0,8.0,43.0,4.0,2.0,1.0,
256.0,78.0,11.0,78.0,2.0,1.0,0.0,
256.0,140.0,5.0,5.0,8.0,3.0,2.0,
128.0,75.0,32.0,89.0,10.0,1.0,0.0,
64.0,186.0,148.0,40.0,7.0,4.0,3.0,
256.0,131.0,66.0,78.0,3.0,1.0,0.0,
64.0,87.0,59.0,19.0,3.0,1.0,0.0,
32.0,173.0,82.0,83.0,5.0,4.0,0.0,
256.0,79.0,35.0,29.0,2.0,1.0,0.0,
64.0,121.0,92.0,66.0,11.0,9.0,1.0,
256.0,256.0,62.0,29.0,6.0,2.0,0.0,
16.0,211.0,103.0,28.0,11.0,3.0,1.0,
256.0,101.0,35.0,79.0,7.0,5.0,3.0,
64.0,117.0,60.0,79.0,3.0,1.0,0.0,
32.0,121.0,34.0,12.0,7.0,2.0,1.0,
64.0,250.0,56.0,35.0,2.0,1.0,0.0,
256.0,214.0,84.0,59.0,2.0,1.0,0.0,
64.0,157.0,36.0,78.0,9.0,2.0,1.0,
16.0,125.0,7.0,67.0,6.0,4.0,3.0,
64.0,122.0,55.0,34.0,8.0,7.0,4.0,
64.0,179.0,40.0,71.0,4.0,2.0,0.0,
64.0,53.0,28.0,95.0,7.0,3.0,2.0,
32.0,47.0,102.0,91.0,7.0,1.0,0.0,
64.0,140.0,27.0,22.0,7.0,3.0,2.0,
64.0,51.0,15.0,3.0,7.0,1.0,0.0,
128.0,214.0,110.0,23.0,5.0,4.0,2.0,
32.0,33.0,14.0,34.0,10.0,2.0,1.0,
128.0,175.0,38.0,11.0,8.0,5.0,2.0,
32.0,183.0,4.0,66.0,8.0,4.0,2.0,
32.0,154.0,16.0,20.0,8.0,7.0,3.0,
64.0,196.0,48.0,16.0,4.0,3.0,2.0,
128.0,122.0,62.0,76.0,7.0,2.0,0.0,
32.0,62.0,11.0,52.0,4.0,1.0,0.0,
16.0,243.0,97.0,59.0,6.0,4.0,3.0,
16.0,148.0,195.0,62.0,7.0,3.0,2.0,
256.0,219.0,51.0,37.0,7.0,5.0,2.0,
64.0,223.0,104.0,94.0,5.0,3.0,2.0,
32.0,76.0,23.0,27.0,7.0,3.0,1.0,
32.0,9.0,79.0,49.0,10.0,3.0,1.0,
128.0,238.0,27.0,18.0,4.0,3.0,1.0,
64.0,170.0,155.0,7.0,5.0,1.0,0.0,
32.0,88.0,38.0,43.0,5.0,1.0,0.0,
64.0,161.0,33.0,30.0,7.0,5.0,0.0,
32.0,232.0,18.0,23.0,4.0,3.0,0.0,
32.0,44.0,5.0,81.0,11.0,7.0,3.0,
256.0,114.0,120.0,99.0,2.0,1.0,0.0,
256.0,210.0,101.0,57.0,10.0,6.0,3.0,
256.0,84.0,104.0,13.0,5.0,1.0,0.0,
128.0,116.0,94.0,28.0,6.0,4.0,1.0,
128.0,146.0,83.0,53.0,10.0,8.0,3.0,
64.0,38.0,18.0,53.0,10.0,5.0,4.0,
128.0,239.0,37.0,14.0,11.0,9.0,1.0,
32.0,24.0,66.0,66.0,2.0,1.0,0.0,
16.0,227.0,22.0,38.0,7.0,1.0,0.0,
16.0,43.0,109.0,87.0,4.0,3.0,1.0,
32.0,154.0,131.0,30.0,6.0,3.0,2.0,
16.0,30.0,67.0,24.0,6.0,1.0,0.0,
128.0,40.0,73.0,17.0,11.0,4.0,1.0,
128.0,64.0,20.0,68.0,3.0,1.0,0.0,
256.0,61.0,58.0,13.0,8.0,1.0,0.0,
16.0,128.0,141.0,90.0,3.0,1.0,0.0,
16.0,238.0,88.0,78.0,4.0,3.0,1.0,
64.0,77.0,20.0,41.0,4.0,1.0,0.0,
128.0,91.0,5.0,27.0,9.0,8.0,2.0,
128.0,91.0,17.0,43.0,11.0,7.0,1.0,
64.0,246.0,29.0,74.0,6.0,1.0,0.0,
64.0,250.0,91.0,25.0,6.0,4.0,0.0,
16.0,138.0,33.0,22.0,8.0,1.0,0.0,
16.0,25.0,120.0,48.0,5.0,2.0,0.0,
128.0,73.0,35.0,71.0,2.0,1.0,0.0,
64.0,158.0,27.0,63.0,3.0,1.0,0.0,
256.0,122.0,45.0,41.0,2.0,1.0,0.0,
64.0,233.0,136.0,75.0,2.0,1.0,0.0,
128.0,229.0,31.0,46.0,10.0,5.0,2.0,
16.0,188.0,66.0,27.0,9.0,7.0,6.0,
128.0,15.0,25.0,30.0,8.0,2.0,0.0,
64.0,198.0,193.0,53.0,5.0,4.0,3.0,
256.0,214.0,46.0,64.0,11.0,8.0,5.0,
128.0,148.0,15.0,9.0,3.0,1.0,0.0,
64.0,187.0,35.0,79.0,4.0,1.0,0.0,
256.0,136.0,21.0,15.0,8.0,5.0,1.0,
64.0,46.0,88.0,90.0,2.0,1.0,0.0,
256.0,220.0,33.0,57.0,2.0,1.0,0.0,
256.0,141.0,27.0,68.0,9.0,7.0,3.0,
256.0,3.0,18.0,50.0,10.0,8.0,6.0,
64.0,98.0,95.0,73.0,4.0,1.0,0.0,
32.0,7.0,132.0,53.0,11.0,7.0,1.0,
64.0,20.0,68.0,47.0,9.0,6.0,1.0,
128.0,222.0,145.0,24.0,8.0,7.0,0.0,
256.0,51.0,27.0,4.0,6.0,1.0,0.0,
32.0,3.0,13.0,87.0,2.0,1.0,0.0,
16.0,15.0,170.0,90.0,10.0,8.0,0.0,
128.0,150.0,25.0,5.0,2.0,1.0,0.0,
32.0,206.0,99.0,82.0,8.0,2.0,0.0,
32.0,143.0,98.0,71.0,2.0,1.0,0.0,
64.0,208.0,118.0,67.0,3.0,1.0,0.0,
32.0,235.0,38.0,16.0,9.0,7.0,6.0,
32.0,69.0,31.0,35.0,2.0,1.0,0.0,
256.0,72.0,55.0,20.0,9.0,3.0,1.0,
256.0,143.0,119.0,81.0,3.0,2.0,0.0,
16.0,162.0,85.0,77.0,7.0,5.0,4.0,
64.0,157.0,78.0,59.0,2.0,1.0,0.0,
32.0,76.0,142.0,58.0,7.0,5.0,2.0,
16.0,210.0,117.0,7.0,3.0,1.0,0.0,
128.0,167.0,120.0,15.0,10.0,4.0,2.0,
16.0,240.0,8.0,53.0,5.0,2.0,1.0,
64.0,133.0,113.0,87.0,4.0,1.0,0.0,
32.0,77.0,39.0,82.0,10.0,1.0,0.0,
128.0,149.0,77.0,4.0,5.0,4.0,1.0,
256.0,236.0,81.0,84.0,4.0,2.0,0.0,
64.0,117.0,150.0,89.0,4.0,2.0,0.0,
64.0,96.0,62.0,82.0,8.0,4.0,0.0,
128.0,147.0,5.0,81.0,6.0,4.0,1.0,
16.0,12.0,20.0,41.0,7.0,2.0,1.0,
128.0,235.0,50.0,78.0,6.0,1.0,0.0,
256.0,157.0,151.0,97.0,8.0,4.0,2.0,
64.0,195.0,5.0,79.0,5.0,4.0,2.0,
64.0,136.0,78.0,47.0,10.0,8.0,7.0,
256.0,15.0,33.0,35.0,4.0,1.0,0.0,
16.0,14.0,38.0,48.0,7.0,4.0,0.0,
32.0,118.0,12.0,87.0,7.0,6.0,2.0,
256.0,179.0,62.0,80.0,3.0,1.0,0.0,
32.0,119.0,43.0,86.0,3.0,1.0,0.0,
32.0,57.0,16.0,7.0,3.0,1.0,0.0,
16.0,240.0,122.0,56.0,5.0,3.0,1.0,
16.0,6.0,21.0,22.0,7.0,2.0,0.0,
32.0,88.0,35.0,61.0,11.0,1.0,0.0,
32.0,40.0,118.0,99.0,11.0,5.0,0.0,
256.0,2.0,12.0,15.0,10.0,2.0,0.0,
32.0,89.0,123.0,71.0,3.0,1.0,0.0,
256.0,89.0,6.0,93.0,2.0,1.0,0.0,
256.0,57.0,15.0,94.0,11.0,7.0,5.0,
64.0,42.0,148.0,78.0,9.0,5.0,2.0,
32.0,131.0,178.0,97.0,4.0,1.0,0.0,
16.0,232.0,103.0,94.0,6.0,5.0,4.0,
256.0,156.0,32.0,77.0,6.0,1.0,0.0,
256.0,226.0,36.0,69.0,11.0,6.0,4.0,
256.0,197.0,82.0,54.0,5.0,2.0,0.0,
256.0,89.0,2.0,7.0,2.0,1.0,0.0,
32.0,39.0,75.0,31.0,7.0,6.0,0.0,
32.0,11.0,50.0,78.0,5.0,3.0,2.0,
128.0,86.0,87.0,65.0,2.0,1.0,0.0,
256.0,52.0,123.0,91.0,4.0,2.0,0.0,
256.0,169.0,94.0,14.0,4.0,2.0,0.0,
16.0,27.0,98.0,33.0,4.0,2.0,1.0,
128.0,77.0,10.0,37.0,10.0,2.0,1.0,
128.0,34.0,2.0,72.0,4.0,3.0,1.0,
128.0,106.0,41.0,41.0,6.0,5.0,2.0,
64.0,225.0,28.0,69.0,2.0,1.0,0.0,
16.0,26.0,56.0,53.0,9.0,6.0,3.0,
256.0,103.0,10.0,26.0,6.0,3.0,2.0,
16.0,7.0,2.0,74.0,11.0,7.0,6.0,
128.0,200.0,52.0,33.0,3.0,2.0,0.0,
64.0,151.0,36.0,94.0,11.0,6.0,0.0,
256.0,56.0,102.0,73.0,8.0,1.0,0.0,
128.0,92.0,32.0,45.0,11.0,8.0,5.0,
64.0,193.0,8.0,85.0,5.0,3.0,0.0,
64.0,35.0,97.0,36.0,9.0,6.0,2.0,
128.0,78.0,40.0,31.0,4.0,2.0,0.0,
256.0,69.0,20.0,37.0,10.0,6.0,1.0,
16.0,91.0,102.0,14.0,10.0,2.0,0.0,
256.0,119.0,5.0,8.0,7.0,3.0,1.0,
128.0,35.0,31.0,59.0,3.0,1.0,0.0,
16.0,43.0,18.0,99.0,10.0,1.0,0.0,
128.0,15.0,134.0,75.0,8.0,7.0,0.0,
128.0,1.0,43.0,91.0,7.0,3.0,1.0,
16.0,129.0,32.0,4.0,7.0,2.0,1.0,
256.0,86.0,67.0,54.0,5.0,1.0,0.0,
64.0,184.0,31.0,74.0,9.0,3.0,0.0,
32.0,136.0,29.0,63.0,2.0,1.0,0.0,
16.0,180.0,110.0,83.0,7.0,2.0,0.0,
64.0,35.0,23.0,27.0,11.0,2.0,1.0,
256.0,69.0,146.0,20.0,4.0,2.0,1.0,
16.0,91.0,86.0,71.0,7.0,3.0,1.0,
128.0,61.0,37.0,42.0,11.0,2.0,1.0,
256.0,171.0,101.0,80.0,4.0,3.0,2.0,
256.0,209.0,23.0,91.0,4.0,2.0,0.0,
128.0,103.0,89.0,10.0,2.0,1.0,0.0,
32.0,61.0,39.0,75.0,9.0,3.0,1.0,
32.0,101.0,52.0,74.0,4.0,1.0,0.0,
64.0,22.0,40.0,15.0,2.0,1.0,0.0,
64.0,72.0,52.0,9.0,10.0,7.0,4.0,
256.0,111.0,43.0,62.0,8.0,6.0,1.0,
256.0,87.0,32.0,85.0,5.0,3.0,0.0,
16.0,88.0,111.0,65.0,9.0,1.0,0.0,
32.0,105.0,96.0,13.0,9.0,4.0,1.0,
256.0,239.0,18.0,52.0,8.0,3.0,1.0,
256.0,127.0,12.0,78.0,2.0,1.0,0.0,
16.0,125.0,114.0,52.0,8.0,1.0,0.0,
64.0,185.0,83.0,18.0,7.0,5.0,4.0,
64.0,212.0,108.0,15.0,10.0,4.0,1.0,
128.0,174.0,57.0,53.0,6.0,1.0,0.0,
128.0,191.0,164.0,7.0,9.0,3.0,0.0,
256.0,21.0,13.0,48.0,3.0,2.0,1.0,
128.0,140.0,155.0,41.0,8.0,7.0,6.0,
16.0,161.0,42.0,40.0,7.0,3.0,0.0,
128.0,241.0,133.0,43.0,4.0,2.0,0.0,
64.0,128.0,18.0,61.0,8.0,7.0,2.0,
256.0,144.0,23.0,82.0,10.0,9.0,5.0,
128.0,175.0,79.0,20.0,2.0,1.0,0.0,
64.0,24.0,17.0,5.0,3.0,2.0,0.0,
16.0,78.0,66.0,63.0,5.0,2.0,0.0,
32.0,91.0,26.0,8.0,10.0,7.0,4.0,
128.0,187.0,121.0,71.0,2.0,1.0,0.0,
16.0,101.0,13.0,61.0,10.0,3.0,1.0,
16.0,183.0,47.0,27.0,11.0,5.0,1.0,
256.0,193.0,8.0,81.0,8.0,1.0,0.0,
32.0,138.0,34.0,65.0,3.0,2.0,1.0,
128.0,140.0,7.0,18.0,3.0,2.0,0.0,
64.0,94.0,93.0,59.0,8.0,1.0,0.0,
64.0,65.0,154.0,88.0,8.0,4.0,3.0,
256.0,180.0,93.0,13.0,4.0,2.0,0.0,
64.0,34.0,19.0,90.0,5.0,1.0,0.0,
128.0,44.0,10.0,21.0,11.0,2.0,1.0,
128.0,53.0,75.0,37.0,9.0,8.0,0.0,
64.0,27.0,17.0,81.0,2.0,1.0,0.0,
64.0,145.0,173.0,95.0,7.0,2.0,0.0,
32.0,39.0,53.0,18.0,11.0,4.0,0.0,
128.0,188.0,86.0,89.0,4.0,1.0,0.0,
32.0,170.0,53.0,55.0,6.0,2.0,1.0,
128.0,169.0,42.0,26.0,9.0,1.0,0.0,
128.0,60.0,32.0,11.0,11.0,7.0,2.0,
32.0,234.0,61.0,60.0,8.0,7.0,1.0,
32.0,37.0,44.0,27.0,9.0,1.0,0.0,
32.0,14.0,41.0,83.0,2.0,1.0,0.0,
16.0,56.0,8.0,14.0,9.0,4.0,1.0,
256.0,111.0,47.0,92.0,4.0,2.0,1.0,
256.0,224.0,119.0,22.0,3.0,2.0,0.0,
64.0,109.0,7.0,78.0,6.0,4.0,1.0,
128.0,72.0,7.0,58.0,8.0,7.0,3.0,
16.0,125.0,146.0,93.0,2.0,1.0,0.0,
32.0,51.0,64.0,75.0,8.0,4.0,2.0,
128.0,103.0,65.0,38.0,10.0,3.0,1.0,
128.0,33.0,11.0,7.0,4.0,2.0,0.0,
32.0,19.0,65.0,56.0,8.0,5.0,1.0,
256.0,232.0,8.0,86.0,7.0,6.0,3.0,
32.0,208.0,120.0,35.0,5.0,4.0,2.0,
64.0,169.0,101.0,56.0,7.0,4.0,3.0,
16.0,82.0,60.0,47.0,7.0,4.0,3.0,
64.0,113.0,44.0,65.0,8.0,5.0,2.0,
32.0,110.0,30.0,75.0,3.0,2.0,1.0,
64.0,235.0,112.0,50.0,8.0,3.0,1.0,
256.0,157.0,57.0,93.0,5.0,2.0,1.0,
32.0,256.0,21.0,70.0,7.0,5.0,1.0,
32.0,202.0,42.0,54.0,6.0,2.0,0.0,
16.0,35.0,25.0,28.0,11.0,2.0,1.0,
256.0,199.0,63.0,42.0,10.0,4.0,1.0,
128.0,42.0,155.0,59.0,3.0,2.0,1.0,
256.0,124.0,62.0,28.0,5.0,3.0,0.0,
16.0,15.0,188.0,62.0,5.0,3.0,2.0,
32.0,128.0,50.0,45.0,3.0,2.0,0.0,
128.0,222.0,103.0,96.0,8.0,6.0,4.0,
64.0,31.0,27.0,86.0,5.0,2.0,1.0,
128.0,233.0,15.0,85.0,8.0,7.0,2.0,
32.0,179.0,96.0,79.0,3.0,1.0,0.0,
256.0,175.0,13.0,80.0,6.0,4.0,2.0,
128.0,160.0,157.0,60.0,11.0,3.0,0.0,
128.0,214.0,79.0,80.0,4.0,2.0,1.0,
256.0,134.0,121.0,52.0,10.0,8.0,4.0,
64.0,239.0,148.0,42.0,4.0,1.0,0.0,
64.0,199.0,24.0,59.0,2.0,1.0,0.0,
256.0,39.0,203.0,99.0,3.0,2.0,1.0,
256.0,79.0,64.0,6.0,5.0,4.0,3.0,
64.0,36.0,26.0,37.0,8.0,6.0,4.0,
64.0,108.0,171.0,74.0,7.0,2.0,0.0,
16.0,252.0,27.0,10.0,2.0,1.0,0.0,
64.0,163.0,58.0,46.0,2.0,1.0,0.0,
16.0,66.0,164.0,6.0,8.0,5.0,2.0,
32.0,158.0,83.0,33.0,2.0,1.0,0.0,
32.0,133.0,126.0,96.0,9.0,2.0,1.0,
32.0,118.0,9.0,67.0,7.0,3.0,2.0,
256.0,22.0,21.0,62.0,3.0,2.0,1.0,
64.0,192.0,6.0,9.0,7.0,4.0,1.0,
128.0,247.0,101.0,16.0,7.0,4.0,2.0,
32.0,26.0,15.0,84.0,5.0,3.0,2.0,
128.0,166.0,27.0,54.0,4.0,1.0,0.0,
32.0,244.0,114.0,76.0,4.0,2.0,0.0,
256.0,174.0,71.0,6.0,7.0,6.0,3.0,
32.0,41.0,144.0,33.0,3.0,2.0,0.0,
16.0,212.0,52.0,25.0,7.0,3.0,2.0,
32.0,29.0,105.0,7.0,4.0,1.0,0.0,
256.0,197.0,114.0,75.0,4.0,1.0,0.0,
16.0,81.0,22.0,43.0,6.0,1.0,0.0,
64.0,24.0,43.0,21.0,5.0,2.0,0.0,
128.0,16.0,206.0,65.0,11.0,5.0,2.0,
32.0,87.0,57.0,3.0,5.0,3.0,1.0,
16.0,49.0,70.0,31.0,8.0,6.0,0.0,
32.0,233.0,37.0,18.0,5.0,4.0,0.0,
256.0,95.0,101.0,39.0,10.0,1.0,0.0,
64.0,241.0,6.0,18.0,4.0,1.0,0.0,
128.0,78.0,109.0,6.0,7.0,1.0,0.0,
128.0,36.0,41.0,31.0,11.0,4.0,1.0,
256.0,170.0,26.0,79.0,10.0,2.0,0.0,
32.0,248.0,103.0,4.0,8.0,4.0,2.0,
16.0,153.0,78.0,36.0,6.0,1.0,0.0,
32.0,65.0,28.0,78.0,10.0,1.0,0.0,
64.0,7.0,71.0,78.0,7.0,3.0,0.0,
128.0,43.0,133.0,87.0,8.0,7.0,6.0,
128.0,101.0,33.0,59.0,3.0,2.0,0.0,
32.0,173.0,31.0,34.0,8.0,5.0,1.0,
128.0,177.0,5.0,45.0,2.0,1.0,0.0,
256.0,229.0,50.0,24.0,10.0,1.0,0.0,
32.0,124.0,130.0,81.0,7.0,4.0,2.0,
128.0,27.0,11.0,27.0,6.0,5.0,2.0,
64.0,188.0,16.0,99.0,2.0,1.0,0.0,
128.0,85.0,137.0,4.0,9.0,7.0,3.0,
64.0,83.0,26.0,4.0,11.0,7.0,4.0,
128.0,3.0,37.0,56.0,10.0,1.0,0.0,
16.0,22.0,62.0,15.0,3.0,1.0,0.0,
256.0,31.0,14.0,79.0,5.0,2.0,0.0,
256.0,78.0,103.0,33.0,11.0,9.0,7.0,
256.0,181.0,5.0,6.0,4.0,1.0,0.0,
64.0,33.0,86.0,58.0,5.0,3.0,0.0,
64.0,114.0,45.0,86.0,8.0,2.0,1.0,
16.0,243.0,28.0,35.0,6.0,5.0,4.0,
64.0,23.0,107.0,29.0,4.0,1.0,0.0,
32.0,136.0,32.0,11.0,10.0,6.0,3.0,
64.0,84.0,20.0,99.0,10.0,2.0,1.0,
64.0,201.0,109.0,95.0,11.0,4.0,1.0,
16.0,94.0,98.0,49.0,6.0,3.0,1.0,
64.0,80.0,33.0,67.0,9.0,5.0,3.0,
64.0,179.0,74.0,92.0,6.0,3.0,0.0,
64.0,246.0,104.0,24.0,4.0,2.0,0.0,
64.0,19.0,79.0,18.0,10.0,1.0,0.0,
64.0,243.0,84.0,17.0,10.0,7.0,6.0,
32.0,86.0,11.0,37.0,7.0,2.0,1.0,
256.0,36.0,14.0,19.0,8.0,2.0,0.0,
64.0,160.0,142.0,34.0,7.0,2.0,0.0,
128.0,67.0,77.0,54.0,8.0,5.0,2.0,
32.0,60.0,16.0,12.0,8.0,2.0,1.0,
64.0,249.0,9.0,3.0,7.0,5.0,2.0,
64.0,182.0,9.0,26.0,6.0,1.0,0.0,
64.0,192.0,4.0,13.0,4.0,1.0,0.0,
64.0,147.0,196.0,95.0,9.0,8.0,0.0,
64.0,62.0,83.0,19.0,4.0,2.0,1.0,
128.0,134.0,60.0,82.0,10.0,1.0,0.0,
32.0,138.0,44.0,87.0,9.0,6.0,4.0,
256.0,220.0,18.0,85.0,9.0,6.0,3.0,
32.0,146.0,110.0,31.0,11.0,7.0,1.0,
128.0,46.0,99.0,99.0,5.0,4.0,2.0,
16.0,68.0,95.0,27.0,5.0,2.0,1.0,
256.0,172.0,60.0,61.0,7.0,5.0,2.0,
32.0,81.0,72.0,79.0,11.0,3.0,0.0,
64.0,197.0,7.0,98.0,6.0,3.0,2.0,
64.0,217.0,38.0,71.0,6.0,4.0,0.0,
64.0,251.0,36.0,18.0,9.0,3.0,2.0,
16.0,118.0,17.0,19.0,9.0,1.0,0.0,
64.0,12.0,10.0,97.0,3.0,1.0,0.0,
64.0,142.0,138.0,64.0,7.0,4.0,3.0,
32.0,99.0,94.0,21.0,4.0,3.0,1.0,
128.0,223.0,68.0,91.0,9.0,6.0,1.0,
32.0,35.0,150.0,100.0,2.0,1.0,0.0,
32.0,52.0,215.0,92.0,3.0,2.0,0.0,
16.0,215.0,27.0,67.0,2.0,1.0,0.0,
32.0,12.0,75.0,28.0,3.0,1.0,0.0,
128.0,236.0,79.0,18.0,8.0,3.0,2.0,
256.0,90.0,63.0,5.0,6.0,1.0,0.0,
32.0,254.0,29.0,39.0,10.0,4.0,3.0,
256.0,79.0,37.0,10.0,3.0,2.0,1.0,
32.0,119.0,35.0,83.0,7.0,2.0,1.0,
64.0,140.0,183.0,20.0,9.0,1.0,0.0,
256.0,70.0,97.0,57.0,5.0,4.0,3.0,
128.0,209.0,29.0,50.0,4.0,2.0,1.0,
256.0,118.0,43.0,43.0,9.0,2.0,1.0,
16.0,42.0,20.0,11.0,3.0,1.0,0.0,
256.0,234.0,44.0,71.0,3.0,2.0,0.0,
64.0,104.0,41.0,77.0,4.0,1.0,0.0,
128.0,133.0,118.0,34.0,5.0,4.0,1.0,
16.0,218.0,133.0,80.0,11.0,10.0,0.0,
16.0,101.0,68.0,9.0,10.0,8.0,1.0,
128.0,164.0,44.0,40.0,8.0,2.0,1.0,
32.0,67.0,78.0,13.0,11.0,4.0,3.0,
16.0,127.0,180.0,83.0,6.0,1.0,0.0,
256.0,208.0,8.0,95.0,2.0,1.0,0.0,
32.0,243.0,34.0,3.0,6.0,4.0,3.0,
16.0,77.0,11.0,72.0,5.0,1.0,0.0,
128.0,235.0,48.0,48.0,11.0,7.0,4.0,
16.0,252.0,101.0,29.0,7.0,1.0,0.0,
32.0,246.0,28.0,70.0,5.0,4.0,2.0,
16.0,75.0,40.0,33.0,4.0,3.0,2.0,
64.0,19.0,98.0,99.0,10.0,8.0,3.0,
32.0,180.0,143.0,68.0,6.0,4.0,0.0,
64.0,20.0,50.0,13.0,6.0,1.0,0.0,
256.0,104.0,67.0,51.0,6.0,5.0,1.0,
32.0,136.0,10.0,88.0,11.0,5.0,4.0,
16.0,154.0,23.0,98.0,9.0,8.0,3.0,
256.0,114.0,100.0,84.0,8.0,7.0,5.0,
128.0,220.0,75.0,45.0,3.0,2.0,1.0,
64.0,227.0,95.0,87.0,8.0,2.0,1.0,
256.0,123.0,27.0,20.0,3.0,2.0,0.0,
256.0,92.0,23.0,27.0,5.0,1.0,0.0,
64.0,174.0,165.0,72.0,2.0,1.0,0.0,
128.0,178.0,67.0,66.0,10.0,5.0,3.0,
64.0,228.0,11.0,59.0,4.0,3.0,2.0,
128.0,219.0,148.0,67.0,10.0,3.0,1.0,
16.0,81.0,141.0,17.0,7.0,2.0,1.0,
32.0,78.0,80.0,85.0,10.0,9.0,8.0,
256.0,182.0,105.0,65.0,9.0,8.0,2.0,
32.0,143.0,57.0,77.0,3.0,2.0,0.0,
256.0,183.0,29.0,61.0,8.0,2.0,1.0,
64.0,6.0,18.0,11.0,10.0,8.0,3.0,
16.0,158.0,38.0,20.0,8.0,2.0,1.0,
64.0,191.0,48.0,30.0,4.0,3.0,2.0,
256.0,14.0,184.0,68.0,8.0,5.0,0.0,
256.0,45.0,98.0,68.0,11.0,9.0,0.0,
256.0,56.0,54.0,68.0,10.0,5.0,3.0,
256.0,29.0,28.0,39.0,4.0,1.0,0.0,
256.0,239.0,19.0,19.0,2.0,1.0,0.0,
64.0,42.0,8.0,43.0,8.0,1.0,0.0,
16.0,56.0,137.0,75.0,2.0,1.0,0.0,
32.0,221.0,38.0,13.0,3.0,2.0,0.0,
16.0,218.0,87.0,81.0,6.0,4.0,1.0,
128.0,97.0,43.0,29.0,7.0,6.0,0.0,
128.0,110.0,96.0,34.0,7.0,1.0,0.0,
128.0,220.0,92.0,72.0,4.0,2.0,0.0,
128.0,232.0,39.0,18.0,3.0,1.0,0.0,
64.0,20.0,39.0,75.0,4.0,1.0,0.0,
256.0,84.0,102.0,50.0,10.0,3.0,1.0,
16.0,3.0,180.0,64.0,5.0,1.0,0.0,
16.0,97.0,7.0,97.0,2.0,1.0,0.0,
128.0,34.0,27.0,32.0,8.0,7.0,6.0,
64.0,85.0,9.0,55.0,2.0,1.0,0.0,
16.0,46.0,49.0,19.0,7.0,1.0,0.0,
64.0,2.0,189.0,17.0,3.0,2.0,0.0,
16.0,249.0,21.0,14.0,7.0,2.0,1.0,
64.0,171.0,38.0,72.0,8.0,4.0,3.0,
128.0,94.0,44.0,38.0,2.0,1.0,0.0,
32.0,254.0,35.0,47.0,2.0,1.0,0.0,
256.0,198.0,13.0,92.0,3.0,1.0,0.0,
32.0,109.0,108.0,82.0,8.0,6.0,4.0,
128.0,169.0,48.0,71.0,11.0,4.0,1.0,
32.0,251.0,19.0,14.0,7.0,3.0,0.0,
256.0,163.0,88.0,24.0,10.0,7.0,2.0,
256.0,84.0,13.0,59.0,7.0,1.0,0.0,
32.0,122.0,97.0,93.0,7.0,5.0,1.0,
128.0,194.0,16.0,84.0,10.0,9.0,7.0,
64.0,74.0,11.0,39.0,6.0,5.0,3.0,
256.0,31.0,91.0,57.0,11.0,5.0,3.0,
32.0,5.0,61.0,70.0,11.0,8.0,5.0,
16.0,198.0,62.0,98.0,11.0,8.0,7.0,
256.0,158.0,128.0,37.0,10.0,9.0,5.0,
128.0,51.0,137.0,97.0,7.0,1.0,0.0,
128.0,63.0,119.0,89.0,9.0,4.0,2.0,
64.0,183.0,4.0,86.0,9.0,4.0,3.0,
32.0,199.0,61.0,17.0,8.0,2.0,0.0,
16.0,114.0,103.0,19.0,10.0,6.0,0.0,
128.0,32.0,50.0,68.0,10.0,7.0,2.0,
256.0,105.0,100.0,65.0,5.0,2.0,0.0,
256.0,74.0,135.0,88.0,10.0,1.0,0.0,
64.0,65.0,71.0,69.0,6.0,2.0,1.0,
128.0,20.0,67.0,59.0,2.0,1.0,0.0,
16.0,111.0,141.0,49.0,7.0,5.0,4.0,
32.0,40.0,47.0,19.0,6.0,1.0,0.0,
256.0,41.0,47.0,69.0,8.0,2.0,0.0,
64.0,254.0,23.0,52.0,10.0,1.0,0.0,
128.0,98.0,125.0,61.0,11.0,6.0,4.0,
16.0,189.0,88.0,51.0,11.0,10.0,0.0,
128.0,68.0,13.0,5.0,11.0,2.0,0.0,
64.0,243.0,15.0,40.0,4.0,1.0,0.0,
128.0,243.0,170.0,62.0,5.0,3.0,0.0,
32.0,236.0,14.0,21.0,6.0,2.0,0.0,
128.0,76.0,156.0,51.0,2.0,1.0,0.0,
64.0,255.0,107.0,24.0,9.0,7.0,0.0,
16.0,173.0,50.0,62.0,11.0,3.0,1.0,
64.0,112.0,167.0,57.0,11.0,8.0,5.0,
64.0,157.0,29.0,80.0,10.0,9.0,3.0,
128.0,112.0,187.0,70.0,10.0,6.0,1.0,
256.0,163.0,27.0,32.0,10.0,2.0,0.0,
128.0,21.0,26.0,11.0,7.0,4.0,1.0,
64.0,53.0,51.0,82.0,5.0,1.0,0.0,
128.0,52.0,36.0,56.0,8.0,7.0,3.0,
64.0,76.0,61.0,19.0,3.0,1.0,0.0,
256.0,238.0,10.0,49.0,4.0,2.0,0.0,
256.0,90.0,114.0,43.0,2.0,1.0,0.0,
128.0,240.0,77.0,26.0,9.0,5.0,2.0,
256.0,71.0,121.0,49.0,9.0,5.0,2.0,
128.0,176.0,158.0,24.0,8.0,2.0,0.0,
256.0,24.0,120.0,35.0,6.0,5.0,0.0,
16.0,175.0,42.0,39.0,2.0,1.0,0.0,
64.0,177.0,24.0,73.0,5.0,2.0,0.0,
32.0,253.0,49.0,38.0,7.0,2.0,0.0,
16.0,5.0,5.0,19.0,6.0,5.0,2.0,
256.0,62.0,56.0,59.0,11.0,3.0,2.0,
64.0,170.0,93.0,33.0,2.0,1.0,0.0,
16.0,110.0,14.0,69.0,6.0,1.0,0.0,
16.0,44.0,69.0,46.0,5.0,1.0,0.0,
64.0,5.0,53.0,98.0,11.0,9.0,6.0,
128.0,201.0,49.0,9.0,9.0,4.0,2.0,
32.0,174.0,162.0,12.0,3.0,2.0,1.0,
128.0,171.0,24.0,10.0,8.0,2.0,0.0,
256.0,133.0,8.0,69.0,2.0,1.0,0.0,
256.0,53.0,67.0,82.0,3.0,1.0,0.0,
128.0,129.0,76.0,71.0,3.0,1.0,0.0,
256.0,162.0,97.0,49.0,6.0,2.0,0.0,
64.0,167.0,32.0,29.0,7.0,6.0,3.0,
128.0,240.0,31.0,6.0,4.0,2.0,0.0,
128.0,156.0,62.0,90.0,6.0,5.0,1.0,
128.0,40.0,42.0,61.0,11.0,8.0,2.0,
32.0,103.0,115.0,51.0,8.0,3.0,0.0,
64.0,215.0,100.0,19.0,5.0,1.0,0.0,
64.0,120.0,9.0,40.0,11.0,5.0,2.0,
16.0,62.0,152.0,86.0,7.0,4.0,3.0,
256.0,96.0,47.0,85.0,9.0,6.0,1.0,
16.0,159.0,94.0,89.0,5.0,2.0,0.0,
16.0,19.0,85.0,13.0,6.0,5.0,1.0,
64.0,88.0,61.0,63.0,6.0,1.0,0.0,
64.0,189.0,36.0,85.0,8.0,6.0,0.0,
128.0,81.0,46.0,48.0,3.0,1.0,0.0,
32.0,41.0,114.0,75.0,2.0,1.0,0.0,
16.0,123.0,77.0,98.0,10.0,1.0,0.0,
64.0,98.0,101.0,52.0,9.0,7.0,6.0,
32.0,45.0,98.0,83.0,6.0,2.0,0.0,
128.0,72.0,75.0,50.0,2.0,1.0,0.0,
64.0,159.0,59.0,13.0,7.0,2.0,0.0,
16.0,184.0,117.0,97.0,5.0,2.0,0.0,
128.0,79.0,100.0,75.0,7.0,5.0,1.0,
128.0,44.0,44.0,56.0,2.0,1.0,0.0,
256.0,168.0,5.0,79.0,5.0,2.0,0.0,
32.0,248.0,39.0,17.0,4.0,1.0,0.0,
128.0,254.0,32.0,72.0,10.0,1.0,0.0,
128.0,39.0,37.0,74.0,8.0,2.0,1.0,
32.0,8.0,60.0,21.0,11.0,4.0,3.0,
256.0,116.0,69.0,63.0,5.0,4.0,0.0,
128.0,221.0,80.0,94.0,6.0,3.0,0.0,
64.0,241.0,8.0,96.0,11.0,9.0,4.0,
16.0,202.0,148.0,57.0,8.0,7.0,2.0,
32.0,107.0,55.0,31.0,6.0,5.0,3.0,
256.0,176.0,9.0,5.0,3.0,2.0,1.0,
128.0,126.0,115.0,87.0,9.0,7.0,4.0,
32.0,236.0,111.0,68.0,8.0,4.0,1.0,
128.0,85.0,15.0,61.0,9.0,1.0,0.0,
256.0,151.0,125.0,11.0,11.0,7.0,0.0,
16.0,107.0,52.0,43.0,8.0,5.0,3.0,
64.0,252.0,74.0,62.0,3.0,2.0,0.0,
64.0,196.0,92.0,89.0,7.0,1.0,0.0,
16.0,80.0,49.0,30.0,6.0,2.0,1.0,
32.0,143.0,12.0,64.0,5.0,1.0,0.0,
256.0,49.0,181.0,28.0,2.0,1.0,0.0,
64.0,161.0,114.0,79.0,2.0,1.0,0.0,
16.0,248.0,62.0,53.0,9.0,5.0,2.0,
64.0,159.0,153.0,12.0,8.0,6.0,0.0,
256.0,96.0,50.0,100.0,7.0,5.0,3.0,
32.0,108.0,145.0,3.0,8.0,1.0,0.0,
128.0,67.0,31.0,76.0,2.0,1.0,0.0,
128.0,68.0,14.0,45.0,11.0,4.0,2.0,
256.0,191.0,27.0,49.0,5.0,4.0,1.0,
256.0,101.0,33.0,40.0,5.0,3.0,0.0,
256.0,164.0,20.0,3.0,6.0,1.0,0.0,
16.0,254.0,34.0,51.0,11.0,8.0,7.0,
16.0,101.0,186.0,91.0,9.0,2.0,0.0,
32.0,22.0,25.0,51.0,2.0,1.0,0.0,
128.0,184.0,17.0,49.0,11.0,2.0,0.0,
64.0,163.0,25.0,85.0,10.0,2.0,0.0,
16.0,59.0,9.0,66.0,10.0,7.0,4.0,
32.0,117.0,99.0,83.0,6.0,4.0,0.0,
64.0,141.0,50.0,33.0,8.0,6.0,3.0,
16.0,214.0,35.0,90.0,11.0,4.0,1.0,
16.0,253.0,36.0,52.0,3.0,2.0,1.0,
32.0,4.0,29.0,75.0,11.0,9.0,1.0,
64.0,36.0,66.0,53.0,2.0,1.0,0.0,
32.0,239.0,30.0,45.0,9.0,7.0,3.0,
16.0,243.0,144.0,56.0,11.0,4.0,1.0,
256.0,3.0,5.0,57.0,3.0,1.0,0.0,
128.0,200.0,31.0,29.0,5.0,1.0,0.0,
32.0,97.0,138.0,39.0,11.0,4.0,1.0,
32.0,28.0,7.0,11.0,5.0,1.0,0.0,
64.0,45.0,49.0,3.0,8.0,2.0,1.0,
32.0,153.0,12.0,12.0,11.0,3.0,1.0,
16.0,64.0,79.0,88.0,6.0,3.0,0.0,
16.0,38.0,12.0,62.0,6.0,4.0,0.0,
128.0,229.0,125.0,4.0,7.0,2.0,1.0,
32.0,52.0,15.0,84.0,4.0,2.0,0.0,
256.0,118.0,41.0,53.0,2.0,1.0,0.0,
256.0,48.0,22.0,60.0,11.0,8.0,5.0,
256.0,172.0,124.0,55.0,7.0,4.0,2.0,
64.0,174.0,75.0,99.0,6.0,4.0,0.0,
32.0,196.0,65.0,78.0,9.0,3.0,1.0,
128.0,160.0,177.0,39.0,2.0,1.0,0.0,
32.0,6.0,12.0,39.0,11.0,9.0,7.0,
64.0,8.0,64.0,22.0,5.0,2.0,0.0,
64.0,150.0,13.0,45.0,7.0,5.0,2.0,
256.0,234.0,10.0,97.0,8.0,1.0,0.0,
32.0,167.0,89.0,28.0,6.0,5.0,3.0,
64.0,142.0,49.0,21.0,4.0,3.0,2.0,
16.0,183.0,45.0,71.0,10.0,2.0,1.0,
128.0,39.0,27.0,10.0,4.0,2.0,0.0,
16.0,1.0,10.0,65.0,5.0,4.0,2.0,
32.0,154.0,110.0,31.0,2.0,1.0,0.0,
64.0,43.0,40.0,8.0,11.0,1.0,0.0,
64.0,205.0,68.0,9.0,4.0,3.0,1.0,
64.0,108.0,23.0,71.0,6.0,3.0,1.0,
128.0,61.0,104.0,53.0,10.0,5.0,2.0,
32.0,70.0,25.0,33.0,7.0,2.0,1.0,
32.0,40.0,4.0,91.0,2.0,1.0,0.0,
64.0,31.0,50.0,73.0,6.0,1.0,0.0,
256.0,123.0,170.0,30.0,4.0,3.0,2.0,
64.0,76.0,10.0,22.0,6.0,5.0,3.0,
128.0,161.0,33.0,94.0,6.0,2.0,0.0,
32.0,35.0,79.0,51.0,4.0,2.0,1.0,
16.0,172.0,154.0,93.0,11.0,6.0,5.0,
256.0,183.0,54.0,3.0,2.0,1.0,0.0,
256.0,114.0,37.0,18.0,9.0,6.0,4.0,
32.0,71.0,10.0,69.0,4.0,2.0,0.0,
256.0,54.0,23.0,39.0,3.0,2.0,1.0,
256.0,28.0,37.0,8.0,11.0,6.0,3.0,
256.0,14.0,80.0,62.0,11.0,6.0,3.0,
128.0,181.0,31.0,4.0,3.0,2.0,1.0,
32.0,99.0,34.0,56.0,9.0,7.0,3.0,
256.0,114.0,168.0,62.0,9.0,8.0,0.0,
16.0,256.0,79.0,39.0,9.0,2.0,0.0,
64.0,252.0,82.0,52.0,4.0,1.0,0.0,
32.0,213.0,15.0,51.0,4.0,2.0,0.0,
16.0,65.0,8.0,4.0,7.0,2.0,1.0,
128.0,92.0,198.0,62.0,9.0,2.0,0.0,
16.0,26.0,30.0,73.0,3.0,1.0,0.0,
16.0,177.0,17.0,26.0,9.0,3.0,2.0,
128.0,109.0,46.0,54.0,7.0,3.0,2.0,
32.0,33.0,27.0,44.0,7.0,1.0,0.0,
64.0,106.0,18.0,72.0,6.0,1.0,0.0,
32.0,6.0,9.0,94.0,7.0,5.0,2.0,
256.0,98.0,30.0,15.0,2.0,1.0,0.0,
32.0,22.0,18.0,92.0,11.0,1.0,0.0,
64.0,107.0,36.0,78.0,8.0,3.0,0.0,
16.0,31.0,71.0,32.0,5.0,4.0,3.0,
128.0,122.0,17.0,26.0,2.0,1.0,0.0,
256.0,14.0,23.0,88.0,7.0,2.0,0.0,
16.0,43.0,51.0,73.0,7.0,5.0,4.0,
16.0,5.0,77.0,100.0,5.0,1.0,0.0,
32.0,71.0,33.0,54.0,10.0,5.0,1.0,
128.0,112.0,7.0,63.0,6.0,1.0,0.0,
256.0,35.0,122.0,72.0,10.0,9.0,2.0,
128.0,234.0,23.0,76.0,5.0,2.0,0.0,
128.0,88.0,21.0,20.0,11.0,9.0,1.0,
128.0,236.0,57.0,95.0,7.0,1.0,0.0,
256.0,33.0,66.0,14.0,10.0,6.0,5.0,
128.0,217.0,44.0,49.0,7.0,4.0,1.0,
16.0,218.0,34.0,57.0,7.0,6.0,3.0,
32.0,220.0,47.0,41.0,10.0,2.0,0.0,
32.0,67.0,14.0,23.0,3.0,1.0,0.0,
64.0,81.0,113.0,67.0,5.0,4.0,2.0,
32.0,129.0,61.0,53.0,5.0,3.0,1.0,
128.0,118.0,19.0,61.0,10.0,2.0,1.0,
256.0,230.0,22.0,17.0,11.0,5.0,2.0,
32.0,13.0,105.0,28.0,2.0,1.0,0.0,
64.0,145.0,45.0,40.0,6.0,4.0,3.0,
256.0,91.0,51.0,36.0,5.0,1.0,0.0,
16.0,119.0,11.0,72.0,4.0,2.0,0.0,
32.0,13.0,14.0,3.0,11.0,9.0,5.0,
128.0,12.0,46.0,13.0,11.0,2.0,0.0,
16.0,136.0,33.0,5.0,6.0,3.0,2.0,
32.0,151.0,14.0,73.0,6.0,1.0,0.0,
64.0,218.0,200.0,64.0,9.0,1.0,0.0,
64.0,255.0,54.0,30.0,9.0,6.0,4.0,
16.0,228.0,40.0,34.0,2.0,1.0,0.0,
64.0,236.0,40.0,88.0,5.0,2.0,0.0,
32.0,3.0,115.0,19.0,2.0,1.0,0.0,
16.0,67.0,191.0,85.0,2.0,1.0,0.0,
256.0,71.0,28.0,63.0,10.0,7.0,3.0,
128.0,15.0,127.0,82.0,9.0,2.0,1.0,
64.0,5.0,42.0,26.0,3.0,2.0,0.0,
64.0,79.0,11.0,84.0,7.0,6.0,1.0,
256.0,162.0,2.0,96.0,3.0,2.0,1.0,
128.0,184.0,18.0,34.0,6.0,5.0,2.0,
16.0,12.0,120.0,19.0,6.0,2.0,1.0,
16.0,211.0,7.0,59.0,6.0,3.0,0.0,
256.0,133.0,45.0,26.0,9.0,5.0,2.0,
64.0,93.0,22.0,4.0,4.0,1.0,0.0,
16.0,203.0,16.0,66.0,4.0,2.0,0.0,
32.0,201.0,80.0,91.0,6.0,3.0,1.0,
128.0,185.0,36.0,27.0,6.0,4.0,2.0,
32.0,2.0,9.0,56.0,6.0,4.0,3.0,
32.0,3.0,166.0,36.0,6.0,5.0,1.0,
64.0,213.0,115.0,20.0,3.0,1.0,0.0,
128.0,174.0,24.0,62.0,6.0,2.0,1.0,
32.0,3.0,221.0,86.0,2.0,1.0,0.0,
16.0,228.0,62.0,78.0,4.0,3.0,2.0,
32.0,94.0,182.0,7.0,9.0,6.0,5.0,
32.0,120.0,20.0,19.0,6.0,1.0,0.0,
128.0,181.0,125.0,28.0,7.0,1.0,0.0,
128.0,195.0,54.0,76.0,3.0,2.0,0.0,
64.0,79.0,5.0,25.0,3.0,1.0,0.0,
256.0,34.0,36.0,93.0,8.0,6.0,0.0,
16.0,120.0,78.0,53.0,10.0,5.0,3.0,
64.0,14.0,26.0,95.0,6.0,1.0,0.0,
32.0,41.0,20.0,66.0,8.0,4.0,1.0,
64.0,100.0,45.0,15.0,2.0,1.0,0.0,
64.0,124.0,40.0,85.0,3.0,2.0,1.0,
256.0,203.0,17.0,58.0,7.0,5.0,0.0,
64.0,153.0,20.0,60.0,7.0,2.0,0.0,
32.0,252.0,46.0,81.0,8.0,4.0,2.0,
256.0,220.0,23.0,60.0,9.0,6.0,3.0,
64.0,255.0,151.0,58.0,3.0,1.0,0.0,
64.0,170.0,20.0,74.0,2.0,1.0,0.0,
32.0,194.0,23.0,13.0,8.0,3.0,0.0,
64.0,131.0,28.0,58.0,2.0,1.0,0.0,
16.0,55.0,56.0,75.0,11.0,1.0,0.0,
32.0,212.0,64.0,85.0,10.0,9.0,4.0,
16.0,63.0,8.0,98.0,10.0,5.0,4.0,
256.0,78.0,41.0,7.0,4.0,3.0,0.0,
256.0,115.0,125.0,82.0,6.0,5.0,0.0,
128.0,230.0,23.0,17.0,11.0,3.0,0.0,
64.0,208.0,11.0,97.0,3.0,1.0,0.0,
256.0,110.0,62.0,42.0,8.0,6.0,4.0,
64.0,115.0,87.0,59.0,10.0,3.0,2.0,
256.0,43.0,55.0,89.0,11.0,3.0,0.0,
256.0,215.0,9.0,38.0,4.0,3.0,2.0,
16.0,188.0,61.0,9.0,8.0,1.0,0.0,
256.0,126.0,122.0,68.0,9.0,3.0,2.0,
64.0,218.0,27.0,11.0,9.0,3.0,1.0,
32.0,214.0,153.0,52.0,7.0,2.0,0.0,
32.0,84.0,32.0,70.0,6.0,5.0,1.0,
256.0,188.0,62.0,19.0,11.0,1.0,0.0,
128.0,15.0,20.0,11.0,11.0,4.0,3.0,
128.0,209.0,19.0,78.0,4.0,1.0,0.0,
256.0,57.0,55.0,30.0,7.0,2.0,1.0,
256.0,82.0,141.0,55.0,4.0,2.0,1.0,
64.0,201.0,54.0,55.0,3.0,1.0,0.0,
32.0,94.0,12.0,60.0,3.0,1.0,0.0,
256.0,68.0,96.0,42.0,8.0,4.0,2.0,
32.0,248.0,133.0,80.0,3.0,1.0,0.0,
64.0,241.0,26.0,25.0,6.0,2.0,0.0,
256.0,81.0,78.0,34.0,3.0,2.0,1.0,
16.0,195.0,61.0,60.0,5.0,1.0,0.0,
16.0,256.0,29.0,42.0,4.0,3.0,0.0,
16.0,28.0,83.0,45.0,6.0,3.0,1.0,
128.0,213.0,23.0,99.0,4.0,2.0,0.0,
16.0,174.0,152.0,19.0,7.0,2.0,1.0,
256.0,91.0,16.0,5.0,5.0,2.0,1.0,
32.0,112.0,11.0,39.0,8.0,3.0,1.0,
128.0,167.0,56.0,86.0,6.0,4.0,0.0,
128.0,224.0,114.0,59.0,6.0,4.0,0.0,
64.0,128.0,75.0,74.0,6.0,5.0,1.0,
32.0,173.0,12.0,16.0,2.0,1.0,0.0,
16.0,3.0,18.0,6.0,9.0,1.0,0.0,
64.0,254.0,37.0,100.0,7.0,5.0,0.0,
32.0,205.0,135.0,60.0,7.0,2.0,1.0,
32.0,41.0,87.0,47.0,2.0,1.0,0.0,
256.0,40.0,9.0,30.0,4.0,1.0,0.0,
256.0,234.0,54.0,64.0,9.0,8.0,5.0,
16.0,63.0,30.0,16.0,10.0,7.0,5.0,
32.0,43.0,78.0,73.0,8.0,3.0,0.0,
256.0,135.0,24.0,26.0,4.0,3.0,2.0,
64.0,172.0,77.0,79.0,6.0,1.0,0.0,
16.0,178.0,118.0,21.0,9.0,3.0,1.0,
64.0,2.0,35.0,40.0,6.0,2.0,1.0,
128.0,41.0,113.0,23.0,7.0,6.0,3.0,
32.0,128.0,14.0,35.0,6.0,4.0,1.0,
16.0,157.0,80.0,41.0,5.0,1.0,0.0,
256.0,70.0,105.0,64.0,7.0,4.0,0.0,
32.0,212.0,48.0,8.0,4.0,1.0,0.0,
32.0,187.0,22.0,79.0,2.0,1.0,0.0,
32.0,187.0,26.0,64.0,11.0,4.0,3.0,
128.0,226.0,19.0,84.0,2.0,1.0,0.0,
256.0,122.0,19.0,16.0,7.0,4.0,0.0,
256.0,1.0,59.0,22.0,11.0,6.0,0.0,
16.0,216.0,155.0,93.0,2.0,1.0,0.0,
128.0,215.0,187.0,4.0,3.0,2.0,1.0,
16.0,4.0,89.0,3.0,7.0,3.0,2.0,
256.0,225.0,17.0,68.0,6.0,3.0,1.0,
256.0,248.0,70.0,91.0,6.0,3.0,2.0,
16.0,118.0,87.0,36.0,5.0,2.0,1.0,
256.0,99.0,8.0,3.0,2.0,1.0,0.0,
64.0,88.0,139.0,28.0,5.0,1.0,0.0,
128.0,125.0,33.0,5.0,9.0,7.0,4.0,
128.0,206.0,149.0,72.0,8.0,5.0,4.0,
16.0,128.0,117.0,29.0,9.0,4.0,0.0,
64.0,184.0,51.0,15.0,6.0,2.0,0.0,
64.0,190.0,65.0,69.0,3.0,2.0,1.0,
64.0,65.0,122.0,28.0,8.0,6.0,1.0,
128.0,24.0,98.0,56.0,4.0,2.0,0.0,
64.0,21.0,41.0,92.0,5.0,2.0,0.0,
16.0,49.0,99.0,82.0,5.0,3.0,2.0,
32.0,95.0,16.0,18.0,5.0,1.0,0.0,
64.0,76.0,159.0,39.0,9.0,8.0,0.0,
128.0,129.0,121.0,12.0,9.0,2.0,1.0,
64.0,190.0,24.0,60.0,9.0,4.0,0.0,
128.0,221.0,35.0,95.0,7.0,6.0,5.0,
256.0,138.0,15.0,47.0,7.0,1.0,0.0,
128.0,107.0,57.0,45.0,3.0,2.0,0.0,
16.0,168.0,88.0,63.0,2.0,1.0,0.0,
256.0,73.0,48.0,17.0,5.0,2.0,0.0,
32.0,251.0,69.0,13.0,11.0,2.0,1.0,
256.0,37.0,44.0,40.0,7.0,4.0,1.0,
64.0,248.0,49.0,16.0,11.0,2.0,0.0,
128.0,202.0,31.0,58.0,8.0,2.0,0.0,
64.0,43.0,39.0,14.0,4.0,3.0,1.0,
16.0,244.0,128.0,43.0,10.0,3.0,1.0,
32.0,251.0,169.0,11.0,11.0,1.0,0.0,
128.0,24.0,4.0,8.0,3.0,1.0,0.0,
32.0,223.0,11.0,19.0,2.0,1.0,0.0,
16.0,118.0,58.0,97.0,3.0,1.0,0.0,
32.0,189.0,108.0,51.0,7.0,5.0,0.0,
16.0,220.0,70.0,5.0,5.0,2.0,1.0,
16.0,45.0,20.0,67.0,10.0,3.0,0.0,
128.0,254.0,35.0,12.0,8.0,1.0,0.0,
64.0,108.0,36.0,46.0,9.0,7.0,2.0,
64.0,163.0,158.0,30.0,2.0,1.0,0.0,
16.0,221.0,75.0,16.0,8.0,7.0,3.0,
16.0,79.0,119.0,35.0,5.0,3.0,2.0,
16.0,131.0,12.0,58.0,2.0,1.0,0.0,
64.0,139.0,19.0,83.0,5.0,4.0,0.0,
16.0,56.0,4.0,26.0,6.0,5.0,1.0,
128.0,254.0,167.0,70.0,5.0,3.0,2.0,
256.0,194.0,70.0,74.0,5.0,1.0,0.0,
32.0,3.0,74.0,45.0,11.0,8.0,2.0,
256.0,250.0,55.0,22.0,2.0,1.0,0.0,
32.0,109.0,35.0,4.0,8.0,5.0,0.0,
32.0,141.0,37.0,62.0,5.0,3.0,1.0,
128.0,220.0,89.0,56.0,3.0,2.0,1.0,
256.0,79.0,104.0,26.0,10.0,8.0,7.0,
256.0,226.0,84.0,16.0,4.0,1.0,0.0,
32.0,178.0,72.0,60.0,2.0,1.0,0.0,
256.0,132.0,106.0,75.0,7.0,5.0,0.0,
256.0,44.0,147.0,43.0,10.0,6.0,3.0,
16.0,207.0,124.0,34.0,5.0,3.0,2.0,
16.0,14.0,94.0,37.0,6.0,5.0,4.0,
32.0,24.0,4.0,62.0,7.0,6.0,2.0,
32.0,84.0,1.0,97.0,6.0,5.0,4.0,
16.0,113.0,11.0,94.0,7.0,1.0,0.0,
32.0,203.0,3.0,48.0,3.0,2.0,0.0,
128.0,145.0,49.0,56.0,9.0,8.0,1.0,
256.0,226.0,76.0,39.0,3.0,1.0,0.0,
128.0,254.0,120.0,4.0,10.0,3.0,1.0,
256.0,215.0,24.0,26.0,9.0,5.0,2.0,
128.0,129.0,157.0,78.0,2.0,1.0,0.0,
128.0,101.0,50.0,32.0,11.0,7.0,4.0,
32.0,231.0,32.0,35.0,6.0,1.0,0.0,
128.0,19.0,76.0,51.0,3.0,2.0,1.0,
256.0,158.0,78.0,4.0,5.0,2.0,0.0,
64.0,232.0,116.0,57.0,2.0,1.0,0.0,
256.0,196.0,116.0,28.0,8.0,5.0,2.0,
128.0,11.0,121.0,25.0,8.0,5.0,3.0,
16.0,121.0,106.0,61.0,11.0,4.0,0.0,
256.0,95.0,66.0,9.0,6.0,1.0,0.0,
128.0,239.0,13.0,31.0,6.0,3.0,0.0,
256.0,29.0,47.0,98.0,8.0,6.0,0.0,
16.0,87.0,147.0,10.0,8.0,1.0,0.0,
64.0,171.0,59.0,61.0,2.0,1.0,0.0,
16.0,15.0,178.0,37.0,10.0,9.0,8.0,
128.0,143.0,58.0,100.0,2.0,1.0,0.0,
32.0,16.0,69.0,35.0,5.0,2.0,0.0,
16.0,54.0,41.0,73.0,4.0,3.0,1.0,
32.0,53.0,59.0,94.0,4.0,1.0,0.0,
64.0,249.0,8.0,51.0,9.0,4.0,2.0,
16.0,161.0,19.0,92.0,7.0,3.0,2.0,
256.0,82.0,46.0,5.0,10.0,5.0,2.0,
32.0,123.0,71.0,76.0,2.0,1.0,0.0,
16.0,31.0,187.0,87.0,11.0,5.0,2.0,
256.0,95.0,65.0,22.0,3.0,1.0,0.0,
128.0,115.0,12.0,44.0,6.0,3.0,0.0,
16.0,237.0,59.0,95.0,5.0,2.0,0.0,
32.0,21.0,32.0,83.0,4.0,1.0,0.0,
256.0,182.0,12.0,47.0,3.0,2.0,1.0,
64.0,68.0,78.0,39.0,8.0,3.0,2.0,
16.0,232.0,56.0,29.0,2.0,1.0,0.0,
64.0,174.0,36.0,36.0,10.0,8.0,7.0,
64.0,124.0,188.0,70.0,3.0,1.0,0.0,
32.0,63.0,172.0,96.0,2.0,1.0,0.0,
128.0,124.0,68.0,25.0,9.0,8.0,6.0,
64.0,222.0,49.0,30.0,6.0,1.0,0.0,
32.0,71.0,47.0,61.0,10.0,9.0,8.0,
128.0,182.0,95.0,61.0,11.0,3.0,1.0,
128.0,203.0,13.0,41.0,6.0,4.0,3.0,
64.0,28.0,5.0,46.0,3.0,2.0,1.0,
64.0,132.0,95.0,75.0,6.0,3.0,0.0,
128.0,236.0,70.0,80.0,4.0,1.0,0.0,
32.0,132.0,98.0,61.0,6.0,5.0,0.0,
128.0,29.0,28.0,94.0,10.0,8.0,3.0,
32.0,151.0,47.0,95.0,3.0,1.0,0.0,
64.0,166.0,179.0,85.0,7.0,2.0,0.0,
128.0,190.0,12.0,25.0,8.0,2.0,0.0,
64.0,155.0,164.0,54.0,2.0,1.0,0.0,
16.0,38.0,84.0,64.0,2.0,1.0,0.0,
16.0,196.0,76.0,11.0,6.0,1.0,0.0,
16.0,12.0,21.0,3.0,5.0,1.0,0.0,
128.0,100.0,37.0,58.0,11.0,3.0,2.0,
32.0,188.0,42.0,6.0,4.0,1.0,0.0,
128.0,23.0,39.0,25.0,2.0,1.0,0.0,
16.0,235.0,96.0,18.0,3.0,1.0,0.0,
64.0,46.0,35.0,47.0,9.0,3.0,2.0,
64.0,138.0,94.0,53.0,7.0,6.0,0.0,
16.0,100.0,113.0,48.0,9.0,8.0,5.0,
64.0,180.0,8.0,10.0,8.0,6.0,4.0,
128.0,65.0,31.0,27.0,10.0,7.0,5.0,
32.0,3.0,81.0,8.0,3.0,2.0,0.0,
16.0,78.0,11.0,52.0,8.0,1.0,0.0,
64.0,208.0,14.0,54.0,5.0,4.0,3.0,
32.0,234.0,68.0,41.0,6.0,5.0,2.0,
16.0,195.0,176.0,92.0,3.0,2.0,1.0,
32.0,6.0,137.0,99.0,3.0,1.0,0.0,
64.0,179.0,35.0,98.0,9.0,4.0,3.0,
128.0,59.0,44.0,65.0,5.0,1.0,0.0,
64.0,222.0,53.0,87.0,4.0,2.0,1.0,
32.0,204.0,13.0,39.0,9.0,7.0,2.0,
128.0,220.0,43.0,74.0,8.0,5.0,2.0,
16.0,57.0,33.0,81.0,4.0,3.0,1.0,
64.0,125.0,137.0,28.0,9.0,1.0,0.0,
128.0,140.0,149.0,8.0,9.0,3.0,0.0,
16.0,170.0,51.0,74.0,11.0,9.0,6.0,
16.0,236.0,60.0,42.0,10.0,6.0,0.0,
256.0,42.0,16.0,23.0,2.0,1.0,0.0,
16.0,161.0,68.0,26.0,2.0,1.0,0.0,
16.0,22.0,208.0,13.0,2.0,1.0,0.0,
64.0,168.0,54.0,58.0,7.0,5.0,2.0,
256.0,99.0,141.0,34.0,11.0,1.0,0.0,
32.0,222.0,31.0,91.0,2.0,1.0,0.0,
128.0,242.0,76.0,98.0,10.0,9.0,4.0,
128.0,163.0,18.0,69.0,7.0,6.0,5.0,
128.0,17.0,44.0,79.0,5.0,3.0,0.0,
16.0,67.0,69.0,53.0,6.0,1.0,0.0,
256.0,113.0,55.0,89.0,2.0,1.0,0.0,
16.0,161.0,16.0,46.0,3.0,2.0,1.0,
128.0,214.0,29.0,28.0,4.0,1.0,0.0,
128.0,240.0,70.0,73.0,7.0,5.0,0.0,
256.0,226.0,113.0,43.0,8.0,3.0,1.0,
128.0,247.0,54.0,75.0,5.0,3.0,1.0,
128.0,23.0,113.0,86.0,11.0,3.0,2.0,
64.0,189.0,18.0,87.0,9.0,7.0,4.0,
64.0,62.0,72.0,28.0,11.0,4.0,1.0,
128.0,136.0,27.0,92.0,9.0,8.0,6.0,
64.0,3.0,47.0,53.0,3.0,2.0,1.0,
256.0,226.0,76.0,7.0,4.0,2.0,0.0,
64.0,152.0,106.0,76.0,5.0,4.0,0.0,
256.0,8.0,16.0,15.0,11.0,7.0,6.0,
16.0,238.0,54.0,30.0,10.0,3.0,0.0,
64.0,36.0,41.0,22.0,5.0,4.0,3.0,
256.0,252.0,17.0,33.0,5.0,1.0,0.0,
32.0,108.0,3.0,99.0,3.0,1.0,0.0,
16.0,204.0,33.0,85.0,5.0,3.0,0.0,
16.0,99.0,23.0,30.0,11.0,3.0,0.0,
256.0,86.0,76.0,83.0,11.0,8.0,3.0,
32.0,153.0,24.0,11.0,8.0,5.0,3.0,
16.0,126.0,38.0,48.0,7.0,2.0,0.0,
256.0,26.0,56.0,36.0,5.0,4.0,2.0,
256.0,3.0,9.0,3.0,5.0,3.0,1.0,
128.0,85.0,87.0,76.0,6.0,1.0,0.0,
256.0,154.0,52.0,8.0,2.0,1.0,0.0,
256.0,248.0,21.0,8.0,6.0,3.0,2.0,
256.0,119.0,125.0,32.0,3.0,2.0,1.0,
32.0,137.0,126.0,63.0,7.0,6.0,4.0,
64.0,200.0,118.0,87.0,2.0,1.0,0.0,
32.0,99.0,7.0,73.0,5.0,4.0,1.0,
16.0,51.0,30.0,26.0,7.0,4.0,2.0,
16.0,112.0,138.0,29.0,8.0,7.0,4.0,
128.0,217.0,37.0,28.0,6.0,5.0,1.0,
32.0,58.0,53.0,44.0,11.0,10.0,1.0,
128.0,139.0,143.0,16.0,5.0,4.0,1.0,
32.0,11.0,8.0,99.0,6.0,2.0,1.0,
256.0,178.0,89.0,26.0,8.0,1.0,0.0,
256.0,51.0,29.0,95.0,6.0,4.0,3.0,
32.0,134.0,19.0,8.0,10.0,5.0,3.0,
32.0,70.0,95.0,24.0,2.0,1.0,0.0,
32.0,172.0,143.0,35.0,11.0,7.0,0.0,
16.0,9.0,129.0,84.0,9.0,4.0,2.0,
16.0,151.0,13.0,36.0,7.0,1.0,0.0,
16.0,146.0,30.0,96.0,6.0,5.0,0.0,
256.0,244.0,11.0,92.0,10.0,4.0,2.0,
128.0,249.0,32.0,6.0,4.0,2.0,0.0,
32.0,171.0,94.0,90.0,4.0,1.0,0.0,
64.0,255.0,44.0,28.0,8.0,2.0,0.0,
32.0,150.0,44.0,58.0,10.0,9.0,7.0,
64.0,159.0,159.0,92.0,11.0,7.0,0.0,
128.0,104.0,92.0,56.0,10.0,8.0,2.0,
32.0,214.0,9.0,67.0,8.0,6.0,3.0,
64.0,166.0,17.0,50.0,11.0,8.0,3.0,
64.0,204.0,30.0,18.0,6.0,2.0,1.0,
16.0,118.0,58.0,34.0,11.0,8.0,7.0,
128.0,7.0,50.0,52.0,9.0,1.0,0.0,
32.0,34.0,80.0,38.0,10.0,9.0,8.0,
256.0,77.0,40.0,50.0,8.0,1.0,0.0,
16.0,82.0,40.0,25.0,5.0,1.0,0.0,
64.0,234.0,27.0,68.0,5.0,2.0,0.0,
16.0,79.0,81.0,57.0,2.0,1.0,0.0,
32.0,83.0,156.0,28.0,5.0,1.0,0.0,
256.0,162.0,76.0,99.0,11.0,2.0,1.0,
64.0,229.0,19.0,72.0,7.0,6.0,2.0,
16.0,22.0,42.0,29.0,7.0,4.0,3.0,
16.0,119.0,98.0,47.0,2.0,1.0,0.0,
256.0,199.0,65.0,14.0,8.0,3.0,0.0,
64.0,80.0,102.0,43.0,6.0,1.0,0.0,
128.0,43.0,31.0,82.0,5.0,1.0,0.0,
64.0,141.0,63.0,11.0,2.0,1.0,0.0,
64.0,249.0,68.0,71.0,4.0,2.0,1.0,
32.0,189.0,25.0,75.0,7.0,3.0,2.0,
256.0,103.0,138.0,56.0,10.0,9.0,0.0,
256.0,5.0,63.0,99.0,6.0,5.0,0.0,
16.0,107.0,4.0,41.0,8.0,5.0,2.0,
32.0,128.0,111.0,81.0,10.0,1.0,0.0,
16.0,126.0,167.0,59.0,5.0,4.0,3.0,
64.0,67.0,47.0,88.0,6.0,2.0,1.0,
128.0,175.0,154.0,29.0,6.0,1.0,0.0,
256.0,101.0,176.0,75.0,11.0,10.0,0.0,
256.0,228.0,23.0,79.0,9.0,3.0,2.0,
256.0,28.0,21.0,84.0,10.0,4.0,0.0,
16.0,50.0,79.0,12.0,3.0,1.0,0.0,
64.0,52.0,106.0,33.0,3.0,2.0,0.0,
16.0,27.0,21.0,84.0,7.0,2.0,0.0,
16.0,40.0,81.0,29.0,4.0,3.0,1.0,
64.0,244.0,184.0,68.0,10.0,3.0,1.0,
256.0,82.0,117.0,33.0,6.0,2.0,1.0,
16.0,57.0,4.0,90.0,8.0,6.0,2.0,
32.0,111.0,160.0,39.0,9.0,5.0,3.0,
128.0,78.0,98.0,71.0,11.0,7.0,5.0,
32.0,219.0,15.0,87.0,2.0,1.0,0.0,
64.0,35.0,60.0,98.0,3.0,2.0,0.0,
128.0,158.0,26.0,9.0,7.0,6.0,5.0,
128.0,21.0,161.0,28.0,3.0,1.0,0.0,
256.0,167.0,92.0,50.0,2.0,1.0,0.0,
128.0,8.0,32.0,47.0,4.0,2.0,0.0,
16.0,245.0,187.0,24.0,10.0,2.0,0.0,
16.0,156.0,104.0,21.0,6.0,5.0,0.0,
32.0,23.0,30.0,41.0,11.0,2.0,0.0,
256.0,57.0,111.0,77.0,10.0,1.0,0.0,
256.0,92.0,33.0,69.0,11.0,5.0,0.0,
32.0,143.0,6.0,50.0,3.0,1.0,0.0,
16.0,243.0,11.0,72.0,8.0,3.0,2.0,
128.0,21.0,18.0,93.0,10.0,1.0,0.0,
128.0,57.0,69.0,30.0,5.0,1.0,0.0,
32.0,129.0,36.0,92.0,10.0,2.0,0.0,
16.0,211.0,21.0,27.0,9.0,7.0,1.0,
64.0,46.0,73.0,22.0,6.0,5.0,1.0,
64.0,98.0,76.0,35.0,2.0,1.0,0.0,
32.0,220.0,43.0,43.0,4.0,2.0,0.0,
16.0,131.0,48.0,74.0,5.0,4.0,1.0,
16.0,208.0,84.0,11.0,5.0,2.0,0.0,
32.0,39.0,62.0,6.0,7.0,1.0,0.0,
32.0,183.0,5.0,78.0,9.0,8.0,6.0,
64.0,245.0,6.0,87.0,7.0,3.0,2.0,
128.0,5.0,45.0,27.0,8.0,7.0,5.0,
32.0,246.0,19.0,33.0,5.0,1.0,0.0,
16.0,93.0,79.0,76.0,2.0,1.0,0.0,
16.0,53.0,86.0,36.0,5.0,2.0,1.0,
16.0,153.0,16.0,84.0,3.0,1.0,0.0,
64.0,124.0,62.0,99.0,3.0,1.0,0.0,
16.0,198.0,16.0,43.0,11.0,8.0,2.0,
256.0,211.0,16.0,74.0,10.0,2.0,1.0,
128.0,181.0,82.0,35.0,8.0,5.0,1.0,
64.0,11.0,37.0,48.0,2.0,1.0,0.0,
64.0,42.0,94.0,11.0,4.0,2.0,0.0,
64.0,196.0,23.0,21.0,8.0,6.0,1.0,
128.0,150.0,49.0,98.0,8.0,2.0,1.0,
256.0,248.0,41.0,27.0,6.0,1.0,0.0,
16.0,38.0,34.0,63.0,5.0,4.0,1.0,
256.0,254.0,7.0,49.0,2.0,1.0,0.0,
32.0,43.0,10.0,76.0,11.0,8.0,3.0,
128.0,116.0,62.0,98.0,6.0,4.0,0.0,
256.0,254.0,16.0,70.0,2.0,1.0,0.0,
128.0,86.0,18.0,89.0,10.0,5.0,1.0,
128.0,179.0,92.0,83.0,3.0,1.0,0.0,
128.0,155.0,32.0,53.0,2.0,1.0,0.0,
128.0,31.0,59.0,66.0,2.0,1.0,0.0,
16.0,143.0,99.0,63.0,5.0,4.0,1.0,
16.0,56.0,7.0,70.0,6.0,3.0,1.0,
16.0,200.0,48.0,50.0,4.0,1.0,0.0,
128.0,96.0,90.0,100.0,2.0,1.0,0.0,
16.0,127.0,173.0,76.0,2.0,1.0,0.0,
128.0,34.0,118.0,99.0,11.0,3.0,2.0,
64.0,171.0,153.0,100.0,4.0,1.0,0.0,
128.0,220.0,31.0,87.0,9.0,2.0,1.0,
32.0,93.0,40.0,49.0,9.0,3.0,1.0,
128.0,243.0,69.0,15.0,9.0,6.0,0.0,
256.0,15.0,66.0,32.0,3.0,2.0,0.0,
16.0,195.0,49.0,29.0,10.0,3.0,0.0,
16.0,197.0,83.0,57.0,2.0,1.0,0.0,
16.0,224.0,86.0,20.0,8.0,1.0,0.0,
64.0,90.0,24.0,12.0,7.0,3.0,1.0,
64.0,70.0,28.0,19.0,8.0,7.0,3.0,
32.0,154.0,10.0,43.0,11.0,3.0,2.0,
128.0,196.0,68.0,85.0,6.0,2.0,0.0,
128.0,80.0,115.0,27.0,11.0,8.0,1.0,
16.0,4.0,71.0,60.0,10.0,3.0,0.0,
16.0,219.0,94.0,89.0,7.0,5.0,4.0,
32.0,106.0,35.0,98.0,2.0,1.0,0.0,
64.0,73.0,74.0,80.0,6.0,1.0,0.0,
32.0,143.0,91.0,84.0,4.0,3.0,1.0,
16.0,225.0,50.0,30.0,7.0,6.0,0.0,
16.0,219.0,28.0,56.0,10.0,2.0,1.0,
128.0,97.0,59.0,79.0,6.0,2.0,0.0,
16.0,164.0,53.0,80.0,7.0,3.0,0.0,
16.0,249.0,17.0,90.0,8.0,6.0,0.0,
64.0,190.0,32.0,5.0,9.0,6.0,5.0,
16.0,116.0,36.0,56.0,7.0,2.0,0.0,
64.0,161.0,35.0,95.0,7.0,2.0,0.0,
32.0,148.0,29.0,15.0,2.0,1.0,0.0,
128.0,201.0,14.0,46.0,11.0,9.0,5.0,
128.0,187.0,78.0,88.0,10.0,3.0,2.0,
64.0,116.0,42.0,76.0,11.0,8.0,7.0,
64.0,238.0,55.0,57.0,10.0,5.0,1.0,
256.0,135.0,109.0,76.0,2.0,1.0,0.0,
16.0,138.0,89.0,38.0,5.0,1.0,0.0,
256.0,106.0,82.0,56.0,4.0,1.0,0.0,
256.0,147.0,20.0,75.0,3.0,1.0,0.0,
256.0,15.0,15.0,9.0,5.0,1.0,0.0,
128.0,89.0,36.0,98.0,4.0,1.0,0.0,
16.0,254.0,59.0,59.0,5.0,1.0,0.0,
256.0,105.0,54.0,50.0,5.0,4.0,1.0,
256.0,152.0,139.0,10.0,5.0,2.0,0.0,
16.0,35.0,39.0,4.0,7.0,6.0,4.0,
256.0,1.0,89.0,76.0,6.0,1.0,0.0,
32.0,90.0,64.0,70.0,11.0,5.0,2.0,
128.0,123.0,102.0,17.0,9.0,1.0,0.0,
64.0,130.0,42.0,72.0,8.0,6.0,1.0,
16.0,130.0,50.0,88.0,2.0,1.0,0.0,
64.0,159.0,123.0,89.0,9.0,3.0,2.0,
64.0,115.0,67.0,59.0,2.0,1.0,0.0,
128.0,66.0,58.0,44.0,3.0,1.0,0.0,
64.0,19.0,71.0,8.0,6.0,2.0,0.0,
16.0,196.0,20.0,67.0,9.0,5.0,4.0,
64.0,245.0,41.0,76.0,11.0,2.0,0.0,
16.0,19.0,15.0,43.0,5.0,2.0,0.0,
64.0,75.0,63.0,15.0,5.0,4.0,0.0,
64.0,206.0,129.0,22.0,11.0,2.0,1.0,
32.0,208.0,66.0,42.0,7.0,5.0,0.0,
32.0,232.0,133.0,100.0,7.0,4.0,0.0,
16.0,202.0,141.0,98.0,2.0,1.0,0.0,
16.0,198.0,37.0,95.0,10.0,7.0,4.0,
32.0,102.0,133.0,16.0,3.0,2.0,1.0,
256.0,235.0,36.0,25.0,7.0,3.0,2.0,
16.0,117.0,16.0,32.0,4.0,3.0,1.0,
16.0,6.0,53.0,88.0,2.0,1.0,0.0,
128.0,65.0,35.0,72.0,9.0,3.0,2.0,
64.0,229.0,5.0,34.0,11.0,4.0,3.0,
16.0,166.0,47.0,62.0,10.0,1.0,0.0,
64.0,99.0,53.0,64.0,2.0,1.0,0.0,
128.0,224.0,150.0,10.0,4.0,2.0,0.0,
64.0,221.0,30.0,5.0,8.0,2.0,1.0,
16.0,87.0,70.0,74.0,8.0,2.0,1.0,
16.0,148.0,12.0,23.0,5.0,4.0,3.0,
128.0,124.0,28.0,79.0,11.0,9.0,5.0,
128.0,69.0,112.0,62.0,4.0,3.0,1.0,
256.0,138.0,48.0,87.0,2.0,1.0,0.0,
32.0,30.0,123.0,62.0,7.0,5.0,4.0,
32.0,37.0,45.0,64.0,11.0,9.0,7.0,
256.0,93.0,52.0,34.0,2.0,1.0,0.0,
32.0,183.0,20.0,71.0,9.0,6.0,4.0,
256.0,161.0,114.0,8.0,7.0,2.0,1.0,
32.0,40.0,7.0,48.0,8.0,6.0,2.0,
256.0,46.0,82.0,39.0,5.0,4.0,2.0,
32.0,115.0,70.0,77.0,8.0,2.0,1.0,
64.0,10.0,22.0,64.0,6.0,5.0,3.0,
256.0,158.0,23.0,38.0,4.0,2.0,1.0,
32.0,134.0,103.0,15.0,3.0,1.0,0.0,
128.0,24.0,20.0,67.0,8.0,2.0,0.0,
256.0,11.0,104.0,22.0,11.0,2.0,1.0,
64.0,156.0,62.0,10.0,9.0,1.0,0.0,
16.0,31.0,125.0,12.0,6.0,3.0,1.0,
256.0,254.0,115.0,67.0,10.0,3.0,2.0,
16.0,221.0,26.0,74.0,8.0,7.0,2.0,
16.0,4.0,110.0,10.0,7.0,6.0,1.0,
256.0,27.0,109.0,59.0,8.0,3.0,1.0,
256.0,46.0,40.0,67.0,8.0,7.0,4.0,
256.0,159.0,25.0,28.0,7.0,4.0,2.0,
64.0,165.0,65.0,25.0,9.0,5.0,3.0,
32.0,48.0,52.0,73.0,3.0,1.0,0.0,
16.0,2.0,31.0,84.0,8.0,2.0,0.0,
16.0,126.0,29.0,17.0,8.0,6.0,4.0,
16.0,118.0,75.0,46.0,7.0,6.0,0.0,
32.0,248.0,98.0,28.0,8.0,1.0,0.0,
16.0,122.0,26.0,90.0,6.0,2.0,1.0,
256.0,238.0,14.0,72.0,9.0,4.0,1.0,
256.0,193.0,60.0,14.0,4.0,2.0,0.0,
32.0,252.0,133.0,17.0,6.0,2.0,0.0,
16.0,149.0,99.0,11.0,5.0,4.0,2.0,
16.0,150.0,75.0,14.0,9.0,5.0,2.0,
64.0,58.0,3.0,87.0,2.0,1.0,0.0,
256.0,206.0,12.0,65.0,11.0,10.0,5.0,
256.0,239.0,23.0,56.0,8.0,6.0,4.0,
64.0,218.0,97.0,71.0,8.0,6.0,2.0,
256.0,88.0,41.0,24.0,2.0,1.0,0.0,
128.0,148.0,82.0,61.0,2.0,1.0,0.0,
64.0,20.0,37.0,94.0,10.0,5.0,3.0,
64.0,155.0,15.0,85.0,4.0,3.0,2.0,
128.0,187.0,60.0,17.0,10.0,9.0,1.0,
64.0,153.0,114.0,47.0,9.0,3.0,1.0,
16.0,231.0,18.0,89.0,6.0,5.0,1.0,
128.0,84.0,44.0,56.0,4.0,2.0,0.0,
128.0,32.0,50.0,60.0,5.0,4.0,3.0,
256.0,229.0,26.0,31.0,8.0,2.0,0.0,
64.0,54.0,29.0,11.0,8.0,3.0,1.0,
32.0,210.0,84.0,67.0,6.0,2.0,0.0,
128.0,86.0,48.0,3.0,6.0,1.0,0.0,
128.0,173.0,6.0,19.0,3.0,1.0,0.0,
128.0,150.0,66.0,31.0,7.0,1.0,0.0,
32.0,49.0,121.0,24.0,4.0,2.0,1.0,
128.0,183.0,205.0,20.0,11.0,3.0,1.0,
128.0,249.0,105.0,86.0,3.0,2.0,0.0,
16.0,115.0,39.0,91.0,6.0,4.0,3.0,
32.0,235.0,12.0,81.0,7.0,3.0,2.0,
32.0,189.0,148.0,12.0,3.0,1.0,0.0,
128.0,220.0,173.0,38.0,9.0,2.0,0.0,
64.0,68.0,23.0,53.0,7.0,5.0,4.0,
128.0,207.0,29.0,13.0,11.0,8.0,6.0,
32.0,6.0,26.0,40.0,9.0,7.0,2.0,
64.0,156.0,104.0,17.0,3.0,2.0,0.0,
32.0,67.0,44.0,69.0,4.0,3.0,0.0,
64.0,104.0,39.0,79.0,10.0,9.0,7.0,
16.0,34.0,117.0,3.0,4.0,2.0,0.0,
32.0,89.0,21.0,7.0,3.0,1.0,0.0,
128.0,247.0,41.0,85.0,11.0,6.0,2.0,
128.0,167.0,64.0,61.0,3.0,2.0,0.0,
64.0,175.0,124.0,29.0,8.0,3.0,0.0,
16.0,109.0,83.0,3.0,3.0,1.0,0.0,
256.0,85.0,45.0,52.0,7.0,5.0,4.0,
128.0,35.0,71.0,23.0,3.0,1.0,0.0,
256.0,56.0,57.0,74.0,3.0,1.0,0.0,
16.0,107.0,124.0,47.0,10.0,6.0,2.0,
128.0,103.0,22.0,71.0,11.0,5.0,3.0,
128.0,184.0,70.0,41.0,10.0,9.0,5.0,
256.0,87.0,39.0,16.0,4.0,3.0,1.0,
128.0,254.0,72.0,39.0,10.0,3.0,0.0,
32.0,43.0,50.0,26.0,7.0,6.0,0.0,
32.0,148.0,58.0,62.0,5.0,3.0,1.0,
32.0,16.0,31.0,32.0,3.0,2.0,1.0,
128.0,75.0,198.0,52.0,10.0,7.0,4.0,
256.0,59.0,32.0,57.0,2.0,1.0,0.0,
128.0,149.0,13.0,65.0,3.0,2.0,0.0,
32.0,148.0,4.0,63.0,2.0,1.0,0.0,
256.0,230.0,28.0,16.0,6.0,2.0,1.0,
128.0,173.0,34.0,33.0,7.0,1.0,0.0,
128.0,139.0,134.0,47.0,6.0,2.0,1.0,
32.0,72.0,42.0,55.0,5.0,3.0,0.0,
64.0,235.0,117.0,67.0,5.0,2.0,0.0,
128.0,183.0,110.0,21.0,8.0,1.0,0.0,
256.0,239.0,12.0,13.0,10.0,2.0,1.0,
64.0,97.0,45.0,66.0,6.0,4.0,0.0,
32.0,121.0,66.0,26.0,11.0,4.0,1.0,
16.0,53.0,50.0,5.0,4.0,3.0,2.0,
256.0,157.0,30.0,31.0,11.0,7.0,4.0,
128.0,155.0,87.0,66.0,4.0,1.0,0.0,
16.0,86.0,31.0,18.0,4.0,2.0,0.0,
16.0,32.0,124.0,78.0,7.0,1.0,0.0,
128.0,190.0,6.0,25.0,5.0,1.0,0.0,
256.0,222.0,11.0,31.0,8.0,3.0,2.0,
128.0,1.0,66.0,28.0,6.0,1.0,0.0,
32.0,51.0,77.0,16.0,4.0,2.0,1.0,
128.0,122.0,79.0,15.0,8.0,6.0,4.0,
64.0,138.0,89.0,30.0,10.0,9.0,7.0,
256.0,71.0,72.0,6.0,11.0,1.0,0.0,
128.0,11.0,84.0,20.0,4.0,1.0,0.0,
64.0,200.0,211.0,33.0,7.0,6.0,3.0,
16.0,246.0,5.0,79.0,9.0,4.0,3.0,
256.0,137.0,65.0,60.0,2.0,1.0,0.0,
32.0,197.0,159.0,5.0,8.0,6.0,1.0,
128.0,64.0,29.0,48.0,5.0,2.0,1.0,
32.0,15.0,14.0,80.0,11.0,4.0,1.0,
32.0,101.0,11.0,76.0,9.0,2.0,1.0,
128.0,12.0,30.0,84.0,3.0,2.0,1.0,
64.0,6.0,79.0,11.0,10.0,4.0,2.0,
64.0,252.0,131.0,5.0,3.0,1.0,0.0,
16.0,114.0,121.0,100.0,10.0,9.0,2.0,
256.0,68.0,95.0,16.0,4.0,3.0,1.0,
32.0,184.0,55.0,9.0,9.0,7.0,6.0,
32.0,102.0,47.0,79.0,11.0,10.0,7.0,
64.0,149.0,66.0,96.0,7.0,2.0,1.0,
16.0,46.0,181.0,67.0,2.0,1.0,0.0,
256.0,204.0,71.0,56.0,10.0,1.0,0.0,
64.0,2.0,39.0,24.0,8.0,2.0,1.0,
256.0,3.0,32.0,57.0,7.0,4.0,3.0,
16.0,35.0,51.0,62.0,8.0,7.0,5.0,
256.0,183.0,30.0,46.0,5.0,3.0,1.0,
128.0,187.0,142.0,7.0,4.0,1.0,0.0,
16.0,248.0,88.0,67.0,4.0,1.0,0.0,
32.0,122.0,22.0,34.0,2.0,1.0,0.0,
128.0,145.0,97.0,82.0,4.0,3.0,2.0,
64.0,184.0,142.0,30.0,5.0,2.0,0.0,
16.0,254.0,110.0,39.0,7.0,1.0,0.0,
128.0,8.0,38.0,85.0,7.0,6.0,4.0,
128.0,57.0,120.0,44.0,4.0,2.0,1.0,
256.0,115.0,118.0,92.0,6.0,1.0,0.0,
16.0,77.0,165.0,84.0,6.0,5.0,1.0,
64.0,87.0,36.0,23.0,2.0,1.0,0.0,
32.0,4.0,65.0,23.0,2.0,1.0,0.0,
256.0,21.0,101.0,7.0,8.0,1.0,0.0,
32.0,78.0,37.0,79.0,7.0,6.0,5.0,
128.0,240.0,17.0,27.0,3.0,1.0,0.0,
16.0,20.0,7.0,40.0,3.0,1.0,0.0,
256.0,138.0,69.0,5.0,8.0,6.0,1.0,
256.0,154.0,16.0,19.0,8.0,5.0,2.0,
32.0,208.0,114.0,78.0,9.0,6.0,1.0,
32.0,206.0,118.0,11.0,2.0,1.0,0.0,
16.0,63.0,14.0,96.0,9.0,7.0,4.0,
16.0,109.0,12.0,14.0,9.0,3.0,1.0,
16.0,223.0,113.0,10.0,8.0,7.0,1.0,
64.0,235.0,173.0,45.0,9.0,1.0,0.0,
32.0,86.0,57.0,63.0,6.0,5.0,0.0,
16.0,236.0,193.0,91.0,5.0,1.0,0.0,
32.0,178.0,116.0,6.0,7.0,2.0,1.0,
128.0,123.0,69.0,99.0,8.0,5.0,3.0,
256.0,214.0,16.0,52.0,6.0,3.0,2.0,
16.0,1.0,72.0,10.0,4.0,1.0,0.0,
16.0,253.0,78.0,92.0,11.0,1.0,0.0,
32.0,34.0,36.0,13.0,6.0,4.0,0.0,
256.0,38.0,137.0,77.0,6.0,1.0,0.0,
128.0,223.0,125.0,41.0,5.0,1.0,0.0,
64.0,113.0,91.0,15.0,7.0,2.0,1.0,
64.0,189.0,12.0,29.0,7.0,6.0,2.0,
64.0,48.0,38.0,63.0,7.0,1.0,0.0,
256.0,39.0,148.0,83.0,5.0,2.0,1.0,
64.0,119.0,46.0,17.0,3.0,2.0,1.0,
32.0,197.0,91.0,54.0,5.0,2.0,0.0,
32.0,35.0,32.0,69.0,6.0,4.0,1.0,
256.0,125.0,45.0,85.0,11.0,4.0,3.0,
32.0,174.0,36.0,26.0,2.0,1.0,0.0,
32.0,48.0,33.0,8.0,11.0,9.0,8.0,
256.0,55.0,31.0,69.0,6.0,5.0,3.0,
32.0,158.0,100.0,84.0,7.0,3.0,2.0,
256.0,28.0,7.0,59.0,3.0,1.0,0.0,
256.0,222.0,120.0,26.0,4.0,3.0,0.0,
64.0,55.0,124.0,24.0,7.0,6.0,2.0,
128.0,21.0,21.0,35.0,5.0,2.0,1.0,
32.0,60.0,4.0,92.0,4.0,3.0,1.0,
32.0,225.0,104.0,18.0,3.0,2.0,0.0,
32.0,176.0,60.0,74.0,11.0,10.0,5.0,
32.0,164.0,17.0,79.0,9.0,7.0,2.0,
32.0,43.0,84.0,41.0,2.0,1.0,0.0,
16.0,89.0,48.0,39.0,6.0,3.0,1.0,
128.0,199.0,78.0,22.0,8.0,4.0,1.0,
128.0,6.0,27.0,89.0,6.0,3.0,0.0,
32.0,68.0,171.0,68.0,3.0,2.0,0.0,
64.0,139.0,25.0,11.0,8.0,5.0,1.0,
32.0,179.0,60.0,68.0,4.0,2.0,0.0,
32.0,18.0,29.0,63.0,10.0,9.0,0.0,
32.0,241.0,14.0,86.0,6.0,2.0,0.0,
128.0,59.0,84.0,61.0,9.0,3.0,2.0,
128.0,78.0,48.0,32.0,8.0,1.0,0.0,
32.0,220.0,9.0,90.0,7.0,6.0,0.0,
128.0,158.0,6.0,96.0,5.0,4.0,0.0,
32.0,131.0,124.0,19.0,2.0,1.0,0.0,
64.0,9.0,23.0,75.0,8.0,5.0,2.0,
128.0,59.0,35.0,92.0,2.0,1.0,0.0,
16.0,192.0,42.0,81.0,9.0,8.0,1.0,
32.0,129.0,44.0,54.0,9.0,1.0,0.0,
128.0,205.0,53.0,65.0,11.0,5.0,3.0,
32.0,94.0,24.0,11.0,7.0,5.0,4.0,
64.0,207.0,58.0,84.0,11.0,3.0,0.0,
16.0,130.0,48.0,81.0,3.0,1.0,0.0,
128.0,84.0,25.0,45.0,6.0,3.0,0.0,
128.0,6.0,38.0,10.0,11.0,9.0,0.0,
128.0,96.0,36.0,9.0,7.0,3.0,1.0,
16.0,16.0,168.0,23.0,6.0,1.0,0.0,
32.0,235.0,60.0,13.0,10.0,2.0,1.0,
128.0,138.0,46.0,17.0,6.0,2.0,0.0,
128.0,48.0,146.0,48.0,6.0,3.0,2.0,
16.0,239.0,73.0,50.0,7.0,1.0,0.0,
256.0,89.0,18.0,94.0,9.0,5.0,3.0,
16.0,69.0,39.0,52.0,5.0,3.0,1.0,
32.0,211.0,29.0,49.0,4.0,1.0,0.0,
64.0,52.0,44.0,57.0,2.0,1.0,0.0,
16.0,224.0,8.0,94.0,5.0,3.0,0.0,
128.0,68.0,14.0,13.0,7.0,5.0,0.0,
256.0,48.0,59.0,25.0,11.0,4.0,3.0,
32.0,57.0,71.0,65.0,7.0,2.0,0.0,
256.0,169.0,146.0,61.0,5.0,4.0,1.0,
256.0,188.0,93.0,39.0,2.0,1.0,0.0,
16.0,174.0,8.0,40.0,2.0,1.0,0.0,
32.0,179.0,67.0,95.0,2.0,1.0,0.0,
128.0,66.0,21.0,97.0,11.0,10.0,8.0,
64.0,250.0,66.0,98.0,8.0,3.0,0.0,
64.0,153.0,42.0,97.0,8.0,2.0,1.0,
16.0,6.0,7.0,42.0,6.0,3.0,1.0,
256.0,150.0,42.0,44.0,4.0,1.0,0.0,
128.0,15.0,106.0,69.0,8.0,4.0,3.0,
64.0,66.0,57.0,43.0,10.0,1.0,0.0,
64.0,43.0,47.0,90.0,2.0,1.0,0.0,
32.0,11.0,26.0,36.0,6.0,4.0,3.0,
64.0,141.0,38.0,3.0,9.0,4.0,1.0,
16.0,56.0,85.0,43.0,11.0,10.0,8.0,
64.0,105.0,35.0,59.0,9.0,5.0,3.0,
64.0,8.0,32.0,77.0,4.0,3.0,1.0,
128.0,58.0,4.0,26.0,4.0,3.0,1.0,
32.0,183.0,105.0,72.0,11.0,2.0,0.0,
128.0,85.0,13.0,79.0,4.0,1.0,0.0,
256.0,208.0,11.0,39.0,3.0,1.0,0.0,
256.0,166.0,18.0,90.0,6.0,1.0,0.0,
16.0,18.0,19.0,73.0,3.0,1.0,0.0,
16.0,30.0,53.0,52.0,11.0,2.0,0.0,
256.0,59.0,32.0,45.0,4.0,1.0,0.0,
256.0,182.0,17.0,25.0,8.0,6.0,4.0,
128.0,203.0,125.0,48.0,8.0,3.0,0.0,
32.0,128.0,44.0,81.0,11.0,6.0,3.0,
32.0,229.0,56.0,93.0,10.0,7.0,4.0,
32.0,62.0,1.0,32.0,8.0,7.0,5.0,
64.0,218.0,15.0,8.0,4.0,2.0,0.0,
256.0,193.0,121.0,11.0,4.0,2.0,0.0,
32.0,33.0,191.0,20.0,11.0,6.0,2.0,
16.0,71.0,183.0,77.0,6.0,1.0,0.0,
64.0,18.0,24.0,73.0,10.0,8.0,2.0,
256.0,214.0,18.0,72.0,9.0,3.0,1.0,
64.0,35.0,61.0,16.0,2.0,1.0,0.0,
64.0,241.0,95.0,5.0,11.0,7.0,5.0,
16.0,127.0,43.0,7.0,7.0,4.0,1.0,
16.0,166.0,8.0,92.0,11.0,9.0,2.0,
256.0,82.0,147.0,48.0,11.0,7.0,1.0,
16.0,182.0,15.0,35.0,5.0,1.0,0.0,
128.0,233.0,20.0,78.0,6.0,3.0,2.0,
32.0,206.0,15.0,81.0,7.0,6.0,1.0,
128.0,142.0,196.0,41.0,6.0,3.0,0.0,
128.0,198.0,117.0,13.0,9.0,4.0,1.0,
256.0,22.0,106.0,44.0,8.0,4.0,0.0,
128.0,236.0,108.0,87.0,6.0,1.0,0.0,
16.0,20.0,85.0,4.0,10.0,5.0,4.0,
128.0,247.0,164.0,17.0,11.0,10.0,2.0,
32.0,91.0,78.0,74.0,2.0,1.0,0.0,
256.0,210.0,44.0,37.0,10.0,3.0,0.0,
256.0,245.0,74.0,37.0,5.0,3.0,2.0,
64.0,229.0,22.0,51.0,10.0,4.0,2.0,
32.0,101.0,90.0,14.0,11.0,3.0,1.0,
32.0,162.0,124.0,53.0,6.0,4.0,2.0,
32.0,108.0,26.0,87.0,10.0,6.0,5.0,
32.0,74.0,23.0,24.0,10.0,5.0,2.0,
256.0,18.0,128.0,49.0,6.0,1.0,0.0,
32.0,135.0,86.0,89.0,8.0,2.0,0.0,
64.0,155.0,81.0,60.0,10.0,1.0,0.0,
64.0,32.0,53.0,87.0,2.0,1.0,0.0,
256.0,251.0,37.0,65.0,2.0,1.0,0.0,
128.0,161.0,49.0,38.0,3.0,1.0,0.0,
128.0,177.0,95.0,87.0,4.0,2.0,0.0,
256.0,217.0,51.0,21.0,4.0,1.0,0.0,
64.0,224.0,8.0,6.0,2.0,1.0,0.0,
128.0,8.0,44.0,57.0,4.0,1.0,0.0,
128.0,143.0,14.0,96.0,3.0,1.0,0.0,
256.0,80.0,42.0,37.0,9.0,3.0,0.0,
16.0,232.0,30.0,90.0,7.0,4.0,2.0,
256.0,185.0,34.0,25.0,8.0,5.0,2.0,
256.0,3.0,44.0,52.0,3.0,1.0,0.0,
128.0,105.0,39.0,12.0,7.0,1.0,0.0,
32.0,26.0,23.0,91.0,4.0,2.0,1.0,
32.0,206.0,49.0,72.0,5.0,1.0,0.0,
