64.0,302500.0,103.0,
64.0,192753.0,110.0,
16.0,792.0,815.0,
128.0,364800.0,2.0,
256.0,209088.0,32.0,
32.0,907200.0,72.0,
32.0,22188.0,2197.0,
256.0,3361832.0,1.0,
32.0,1203992.0,40.0,
16.0,33300.0,586.0,
64.0,151263.0,100.0,
256.0,995328.0,3.0,
256.0,1786344.0,1.0,
32.0,372587.0,155.0,
64.0,2239488.0,10.0,
128.0,1638630.0,2.0,
64.0,32448.0,872.0,
32.0,3513840.0,13.0,
128.0,700284.0,11.0,
128.0,64251.0,120.0,
128.0,1605632.0,3.0,
32.0,125902.0,194.0,
32.0,1796256.0,29.0,
32.0,242688.0,172.0,
256.0,253920.0,7.0,
64.0,1318900.0,4.0,
128.0,582435.0,19.0,
16.0,1161600.0,12.0,
64.0,502150.0,15.0,
16.0,204693.0,340.0,
256.0,910224.0,3.0,
64.0,172872.0,90.0,
16.0,75712.0,789.0,
256.0,331240.0,1.0,
16.0,626175.0,52.0,
16.0,25480.0,2443.0,
16.0,1179.0,2091.0,
256.0,332992.0,1.0,
256.0,26508.0,217.0,
32.0,32.0,1003.0,
256.0,594838.0,1.0,
32.0,196.0,2092.0,
32.0,4625.0,3707.0,
256.0,1004800.0,5.0,
32.0,35200.0,1675.0,
64.0,288.0,1905.0,
16.0,156672.0,369.0,
128.0,363200.0,22.0,
256.0,417874.0,17.0,
16.0,1195137.0,59.0,
32.0,1963638.0,13.0,
256.0,340676.0,13.0,
128.0,1352538.0,2.0,
16.0,3867993.0,26.0,
128.0,127813.0,78.0,
64.0,286517.0,57.0,
256.0,1980.0,3356.0,
256.0,805860.0,3.0,
256.0,845.0,3830.0,
64.0,17797.0,583.0,
32.0,673501.0,73.0,
64.0,53946.0,62.0,
128.0,3016123.0,1.0,
128.0,1078772.0,5.0,
16.0,88556.0,1461.0,
128.0,43120.0,312.0,
16.0,21100.0,2656.0,
128.0,900000.0,4.0,
256.0,2079.0,1902.0,
64.0,8192.0,3519.0,
64.0,3332.0,2541.0,
16.0,132300.0,904.0,
32.0,1893119.0,21.0,
16.0,4332.0,2925.0,
128.0,462400.0,34.0,
128.0,68962.0,111.0,
64.0,5832.0,2243.0,
64.0,9216.0,308.0,
128.0,915552.0,13.0,
128.0,999248.0,5.0,
256.0,64152.0,31.0,
128.0,309729.0,43.0,
32.0,128576.0,440.0,
64.0,1143574.0,17.0,
16.0,404931.0,58.0,
64.0,571824.0,12.0,
32.0,5940.0,1174.0,
32.0,8800.0,3084.0,
16.0,3074928.0,18.0,
256.0,2729312.0,1.0,
32.0,97200.0,417.0,
128.0,1282894.0,8.0,
16.0,505175.0,7.0,
64.0,374616.0,29.0,
256.0,26620.0,96.0,
32.0,42250.0,623.0,
128.0,10125.0,1385.0,
128.0,178848.0,70.0,
256.0,62866.0,63.0,
256.0,26195.0,172.0,
128.0,8748.0,1414.0,
16.0,44032.0,840.0,
64.0,50575.0,619.0,
128.0,42300.0,12.0,
64.0,49197.0,338.0,
128.0,267300.0,15.0,
256.0,309304.0,12.0,
256.0,1164240.0,2.0,
32.0,2394928.0,18.0,
64.0,565152.0,23.0,
64.0,198927.0,83.0,
64.0,463359.0,60.0,
32.0,39004.0,1141.0,
16.0,97344.0,650.0,
128.0,3775.0,2557.0,
128.0,1344.0,2858.0,
32.0,1948566.0,2.0,
128.0,26325.0,60.0,
128.0,1238976.0,11.0,
32.0,2269350.0,5.0,
256.0,137.0,287.0,
32.0,3131100.0,9.0,
64.0,146700.0,109.0,
64.0,53016.0,151.0,
128.0,65559.0,203.0,
128.0,85000.0,104.0,
64.0,659883.0,33.0,
128.0,12231.0,1352.0,
64.0,227200.0,127.0,
128.0,162.0,655.0,
32.0,87001.0,141.0,
64.0,132496.0,52.0,
128.0,121014.0,70.0,
64.0,671925.0,35.0,
128.0,417024.0,27.0,
16.0,595360.0,69.0,
16.0,806567.0,3.0,
256.0,252720.0,6.0,
64.0,67081.0,36.0,
128.0,32175.0,351.0,
256.0,165528.0,29.0,
128.0,3866688.0,2.0,
256.0,247536.0,31.0,
32.0,2444348.0,20.0,
128.0,1041448.0,5.0,
16.0,700569.0,33.0,
64.0,62208.0,438.0,
128.0,2372188.0,3.0,
32.0,20250.0,1377.0,
16.0,28616.0,3715.0,
128.0,520192.0,19.0,
128.0,3724.0,2634.0,
128.0,18816.0,645.0,
32.0,62720.0,648.0,
128.0,1452.0,2752.0,
64.0,14848.0,2022.0,
64.0,1612328.0,3.0,
128.0,414720.0,12.0,
16.0,5198400.0,15.0,
128.0,1321308.0,10.0,
256.0,841982.0,6.0,
16.0,34476.0,1920.0,
16.0,1204720.0,79.0,
32.0,8118173.0,6.0,
128.0,4284.0,1907.0,
32.0,326114.0,132.0,
16.0,462500.0,5.0,
128.0,1930356.0,2.0,
256.0,1169344.0,4.0,
64.0,5549775.0,4.0,
16.0,576.0,3270.0,
128.0,69984.0,218.0,
64.0,544320.0,3.0,
16.0,467797.0,264.0,
32.0,3075800.0,3.0,
32.0,97498.0,98.0,
32.0,69803.0,781.0,
256.0,1252315.0,4.0,
64.0,55176.0,571.0,
256.0,337080.0,17.0,
256.0,891156.0,7.0,
16.0,1458.0,943.0,
32.0,821275.0,27.0,
64.0,4212.0,2652.0,
128.0,115676.0,130.0,
16.0,4038550.0,32.0,
32.0,49708.0,1239.0,
32.0,27104.0,454.0,
16.0,456.0,1284.0,
256.0,464640.0,11.0,
64.0,28125.0,5.0,
64.0,1568000.0,5.0,
16.0,2047743.0,51.0,
16.0,907184.0,48.0,
128.0,263296.0,3.0,
32.0,85529.0,76.0,
256.0,51156.0,119.0,
128.0,27166.0,452.0,
16.0,1615824.0,64.0,
16.0,13.0,922.0,
128.0,2665872.0,2.0,
32.0,2376.0,571.0,
256.0,3998400.0,1.0,
256.0,857969.0,3.0,
64.0,315900.0,23.0,
128.0,3260484.0,4.0,
32.0,2068578.0,8.0,
256.0,373968.0,19.0,
128.0,1420759.0,7.0,
16.0,29988.0,3037.0,
128.0,200880.0,34.0,
64.0,591872.0,41.0,
32.0,7734850.0,3.0,
16.0,2328676.0,40.0,
64.0,105512.0,171.0,
32.0,20812.0,1697.0,
32.0,97920.0,281.0,
128.0,4676144.0,2.0,
64.0,809200.0,40.0,
256.0,551616.0,3.0,
128.0,1548800.0,9.0,
16.0,120000.0,852.0,
64.0,273375.0,92.0,
128.0,253952.0,45.0,
128.0,223925.0,24.0,
64.0,300672.0,40.0,
64.0,2006455.0,2.0,
128.0,3052647.0,2.0,
16.0,176256.0,360.0,
16.0,335008.0,250.0,
64.0,229596.0,68.0,
32.0,5408.0,2626.0,
16.0,542754.0,49.0,
128.0,37538.0,227.0,
64.0,45504.0,167.0,
128.0,1106152.0,7.0,
256.0,213840.0,20.0,
128.0,8316.0,1307.0,
32.0,4356909.0,10.0,
64.0,2815350.0,4.0,
16.0,609444.0,54.0,
32.0,5477706.0,9.0,
32.0,1862.0,1027.0,
256.0,13552.0,249.0,
128.0,319872.0,11.0,
16.0,26026.0,3070.0,
16.0,412327.0,104.0,
64.0,36000.0,413.0,
128.0,1010322.0,15.0,
128.0,2676888.0,1.0,
256.0,124844.0,52.0,
256.0,13750.0,145.0,
16.0,115150.0,1138.0,
64.0,88128.0,317.0,
64.0,760500.0,5.0,
16.0,1240086.0,104.0,
16.0,1863.0,1256.0,
128.0,1281384.0,4.0,
256.0,36100.0,172.0,
128.0,1665180.0,6.0,
32.0,95779.0,218.0,
16.0,256608.0,61.0,
128.0,998118.0,1.0,
64.0,654428.0,10.0,
32.0,2029632.0,27.0,
256.0,22736.0,275.0,
16.0,7680.0,2962.0,
16.0,63600.0,1315.0,
64.0,6440241.0,4.0,
256.0,2178.0,109.0,
16.0,49980.0,2645.0,
16.0,1176.0,2301.0,
256.0,1264896.0,1.0,
256.0,88125.0,28.0,
64.0,411012.0,68.0,
256.0,204575.0,10.0,
256.0,56448.0,29.0,
16.0,47916.0,2168.0,
16.0,5752440.0,19.0,
64.0,191535.0,18.0,
32.0,874944.0,18.0,
128.0,1687676.0,2.0,
256.0,530901.0,11.0,
256.0,2483866.0,2.0,
64.0,23040.0,1067.0,
32.0,370800.0,83.0,
64.0,156065.0,130.0,
256.0,443232.0,2.0,
64.0,1339200.0,1.0,
16.0,137214.0,803.0,
128.0,18792.0,627.0,
64.0,10486.0,2156.0,
256.0,27885.0,137.0,
32.0,52111.0,46.0,
256.0,2376990.0,1.0,
16.0,4332190.0,17.0,
32.0,4390848.0,11.0,
128.0,1139266.0,11.0,
256.0,703869.0,4.0,
32.0,1213594.0,37.0,
64.0,48510.0,639.0,
16.0,292032.0,430.0,
256.0,1316480.0,5.0,
128.0,1483524.0,8.0,
16.0,362952.0,328.0,
128.0,539392.0,12.0,
128.0,35000.0,209.0,
64.0,242592.0,62.0,
64.0,2864.0,2241.0,
32.0,196000.0,97.0,
32.0,3832437.0,2.0,
64.0,462384.0,9.0,
256.0,45600.0,170.0,
16.0,1541002.0,44.0,
256.0,154697.0,52.0,
64.0,2429461.0,8.0,
256.0,3154228.0,1.0,
32.0,1858560.0,28.0,
32.0,54684.0,778.0,
16.0,161257.0,173.0,
64.0,152100.0,27.0,
256.0,419832.0,14.0,
32.0,2442150.0,15.0,
64.0,1223552.0,16.0,
256.0,754152.0,5.0,
128.0,3810789.0,1.0,
32.0,566636.0,4.0,
16.0,63200.0,2070.0,
32.0,342950.0,69.0,
256.0,147994.0,38.0,
64.0,239292.0,126.0,
128.0,1742832.0,4.0,
16.0,379358.0,212.0,
16.0,1200320.0,69.0,
128.0,92778.0,67.0,
32.0,516913.0,71.0,
256.0,129024.0,43.0,
64.0,5632.0,880.0,
128.0,3209107.0,4.0,
32.0,148800.0,132.0,
64.0,8464.0,3388.0,
32.0,880124.0,71.0,
32.0,630061.0,105.0,
32.0,1315516.0,50.0,
64.0,13050.0,2207.0,
16.0,594864.0,17.0,
256.0,53176.0,145.0,
16.0,411308.0,140.0,
256.0,628849.0,2.0,
256.0,198832.0,10.0,
128.0,1070784.0,6.0,
256.0,696960.0,4.0,
16.0,1017280.0,96.0,
256.0,68796.0,4.0,
16.0,610304.0,43.0,
128.0,119168.0,59.0,
16.0,8064.0,310.0,
64.0,537600.0,34.0,
128.0,2259264.0,1.0,
128.0,7424.0,636.0,
32.0,15004.0,1469.0,
64.0,101088.0,229.0,
256.0,1666350.0,1.0,
32.0,1600.0,2298.0,
64.0,984960.0,28.0,
64.0,523908.0,62.0,
64.0,33536.0,430.0,
32.0,1661492.0,34.0,
256.0,3587976.0,1.0,
32.0,42496.0,1493.0,
32.0,942391.0,9.0,
256.0,72000.0,52.0,
16.0,2520000.0,12.0,
128.0,108416.0,10.0,
16.0,249777.0,470.0,
64.0,31360.0,440.0,
16.0,79184.0,1663.0,
64.0,34200.0,478.0,
64.0,20577.0,185.0,
16.0,237168.0,316.0,
16.0,526350.0,212.0,
32.0,350000.0,77.0,
32.0,184512.0,140.0,
32.0,4067.0,1992.0,
256.0,530485.0,4.0,
16.0,32850.0,1046.0,
256.0,1605632.0,4.0,
128.0,300472.0,48.0,
16.0,130075.0,427.0,
256.0,426240.0,13.0,
256.0,64251.0,2.0,
64.0,391988.0,6.0,
64.0,42772.0,180.0,
128.0,30132.0,84.0,
256.0,813888.0,8.0,
128.0,846.0,1943.0,
16.0,11515.0,1730.0,
256.0,5324.0,1034.0,
32.0,92416.0,282.0,
16.0,3740225.0,12.0,
128.0,920550.0,8.0,
256.0,1593088.0,4.0,
128.0,361728.0,35.0,
16.0,2230272.0,37.0,
16.0,190125.0,297.0,
64.0,74700.0,30.0,
32.0,315568.0,135.0,
64.0,769761.0,12.0,
64.0,730073.0,25.0,
256.0,441.0,3798.0,
16.0,6773760.0,3.0,
32.0,1912864.0,10.0,
32.0,3380.0,1059.0,
32.0,2653350.0,8.0,
256.0,73997.0,98.0,
256.0,204020.0,38.0,
16.0,108445.0,826.0,
16.0,544500.0,160.0,
32.0,860064.0,54.0,
16.0,1573.0,2577.0,
16.0,5868.0,639.0,
256.0,42632.0,178.0,
256.0,2937060.0,1.0,
32.0,4545907.0,6.0,
32.0,24696.0,945.0,
32.0,3450860.0,8.0,
64.0,200039.0,155.0,
32.0,61846.0,1018.0,
32.0,605000.0,64.0,
16.0,980288.0,117.0,
32.0,1997919.0,31.0,
32.0,1321397.0,25.0,
32.0,243936.0,237.0,
128.0,184671.0,13.0,
16.0,798336.0,44.0,
256.0,21600.0,85.0,
16.0,2562768.0,17.0,
32.0,24548.0,1860.0,
128.0,4753125.0,1.0,
64.0,306656.0,82.0,
32.0,156600.0,285.0,
64.0,794486.0,18.0,
16.0,32786.0,3469.0,
64.0,117978.0,118.0,
128.0,50544.0,173.0,
256.0,539334.0,4.0,
16.0,492804.0,262.0,
32.0,61952.0,674.0,
16.0,1216.0,1184.0,
128.0,1311180.0,8.0,
256.0,56347.0,46.0,
16.0,34400.0,515.0,
64.0,1075.0,2737.0,
32.0,18491.0,2903.0,
16.0,261479.0,412.0,
32.0,13312.0,3263.0,
128.0,465408.0,31.0,
64.0,3179481.0,9.0,
128.0,1614134.0,1.0,
16.0,48020.0,2734.0,
64.0,60287.0,176.0,
128.0,1149210.0,4.0,
32.0,3184020.0,10.0,
128.0,3968276.0,1.0,
128.0,741376.0,5.0,
16.0,20007.0,3264.0,
32.0,5103.0,677.0,
256.0,1996800.0,3.0,
128.0,848.0,3133.0,
128.0,770356.0,11.0,
64.0,191488.0,123.0,
128.0,6413.0,1574.0,
32.0,711480.0,90.0,
128.0,5888.0,1413.0,
128.0,44884.0,195.0,
32.0,5814050.0,2.0,
256.0,253575.0,26.0,
16.0,75645.0,1655.0,
64.0,67337.0,1.0,
128.0,5400.0,431.0,
64.0,4477500.0,4.0,
32.0,457867.0,90.0,
256.0,2556125.0,1.0,
16.0,2768607.0,46.0,
32.0,757760.0,23.0,
32.0,5880.0,1263.0,
16.0,1078000.0,92.0,
32.0,50000.0,15.0,
16.0,34814.0,2346.0,
128.0,21901.0,10.0,
16.0,3359375.0,28.0,
256.0,196800.0,27.0,
128.0,493039.0,23.0,
256.0,640026.0,2.0,
16.0,166941.0,617.0,
128.0,3101445.0,4.0,
128.0,348309.0,47.0,
256.0,177147.0,25.0,
16.0,180.0,1827.0,
256.0,45084.0,177.0,
64.0,101568.0,310.0,
128.0,103968.0,141.0,
16.0,8820.0,3547.0,
256.0,313290.0,8.0,
256.0,1762900.0,1.0,
32.0,1283555.0,24.0,
64.0,12789.0,580.0,
64.0,813645.0,25.0,
16.0,567.0,3864.0,
128.0,171125.0,16.0,
16.0,71604.0,1637.0,
256.0,183708.0,26.0,
64.0,470960.0,36.0,
256.0,144664.0,10.0,
256.0,51376.0,114.0,
64.0,640677.0,16.0,
32.0,21660.0,2419.0,
256.0,64387.0,102.0,
16.0,2150.0,3106.0,
16.0,511168.0,144.0,
32.0,673920.0,41.0,
32.0,87552.0,131.0,
16.0,362276.0,168.0,
32.0,25000.0,2664.0,
32.0,186219.0,349.0,
64.0,25519.0,1085.0,
128.0,512975.0,21.0,
16.0,561086.0,222.0,
32.0,1264.0,3453.0,
128.0,4680.0,2554.0,
64.0,5985108.0,2.0,
64.0,63504.0,396.0,
32.0,42588.0,18.0,
64.0,1656.0,3068.0,
16.0,50688.0,1813.0,
32.0,10773.0,983.0,
64.0,2827539.0,6.0,
16.0,852845.0,101.0,
256.0,336518.0,8.0,
16.0,9072.0,889.0,
256.0,19584.0,233.0,
32.0,27889.0,1907.0,
64.0,494302.0,62.0,
256.0,31556.0,153.0,
16.0,2904336.0,32.0,
128.0,121380.0,64.0,
256.0,2617317.0,2.0,
64.0,6080.0,1908.0,
256.0,141512.0,8.0,
64.0,257544.0,11.0,
16.0,4219614.0,14.0,
128.0,1726272.0,2.0,
128.0,298800.0,51.0,
128.0,298116.0,39.0,
32.0,98192.0,620.0,
16.0,2300.0,2344.0,
64.0,1710936.0,3.0,
32.0,301796.0,10.0,
64.0,160200.0,64.0,
16.0,760500.0,26.0,
128.0,279936.0,9.0,
32.0,55728.0,209.0,
128.0,59094.0,240.0,
32.0,10092.0,1299.0,
32.0,6009876.0,5.0,
64.0,63504.0,126.0,
16.0,1367296.0,93.0,
32.0,2780082.0,21.0,
64.0,11008.0,1755.0,
16.0,2255688.0,1.0,
32.0,494190.0,76.0,
64.0,10201.0,1518.0,
16.0,82.0,3407.0,
32.0,2124.0,2017.0,
128.0,551696.0,25.0,
32.0,208860.0,63.0,
128.0,634403.0,11.0,
256.0,2003575.0,3.0,
64.0,2392920.0,5.0,
32.0,35584.0,620.0,
64.0,49928.0,244.0,
64.0,2000.0,1258.0,
256.0,318402.0,9.0,
256.0,3431876.0,1.0,
128.0,16093.0,676.0,
16.0,74727.0,650.0,
256.0,506844.0,7.0,
64.0,8712.0,3523.0,
128.0,81577.0,46.0,
128.0,122525.0,13.0,
32.0,2132928.0,29.0,
128.0,175232.0,54.0,
128.0,703950.0,16.0,
16.0,1465525.0,45.0,
16.0,772265.0,145.0,
256.0,49920.0,132.0,
256.0,689520.0,7.0,
64.0,1013252.0,11.0,
256.0,211932.0,5.0,
32.0,413559.0,127.0,
32.0,386561.0,40.0,
128.0,470960.0,12.0,
128.0,10108.0,601.0,
256.0,1877112.0,2.0,
64.0,720000.0,25.0,
64.0,34425.0,917.0,
64.0,721344.0,34.0,
16.0,43600.0,2764.0,
64.0,602176.0,8.0,
64.0,4884220.0,1.0,
32.0,2944.0,49.0,
256.0,570375.0,6.0,
64.0,94864.0,301.0,
256.0,1285632.0,5.0,
64.0,1208453.0,7.0,
256.0,2543184.0,2.0,
64.0,44042.0,592.0,
128.0,94080.0,132.0,
32.0,1113200.0,59.0,
32.0,680535.0,77.0,
64.0,390825.0,5.0,
32.0,2032515.0,31.0,
32.0,810008.0,44.0,
256.0,252486.0,4.0,
64.0,26019.0,956.0,
64.0,4458608.0,5.0,
128.0,684000.0,14.0,
64.0,1562820.0,15.0,
32.0,153425.0,357.0,
32.0,1258062.0,27.0,
128.0,926757.0,11.0,
32.0,801792.0,70.0,
64.0,185.0,3108.0,
64.0,727776.0,6.0,
16.0,800442.0,36.0,
256.0,32799.0,13.0,
128.0,6208.0,2141.0,
128.0,451575.0,14.0,
64.0,370048.0,9.0,
64.0,964549.0,11.0,
16.0,52992.0,261.0,
32.0,544341.0,11.0,
64.0,152100.0,193.0,
128.0,785536.0,19.0,
128.0,1724976.0,1.0,
32.0,152971.0,200.0,
256.0,91728.0,44.0,
16.0,1920000.0,65.0,
16.0,249777.0,210.0,
16.0,2352.0,1902.0,
128.0,1545049.0,3.0,
16.0,542376.0,127.0,
16.0,761112.0,113.0,
256.0,257193.0,19.0,
16.0,12160.0,2414.0,
16.0,43008.0,733.0,
16.0,841.0,2881.0,
128.0,9801.0,287.0,
256.0,214434.0,4.0,
256.0,9409.0,825.0,
32.0,51840.0,910.0,
32.0,13520.0,2142.0,
256.0,1695852.0,1.0,
256.0,561800.0,3.0,
16.0,432586.0,271.0,
16.0,7529635.0,5.0,
64.0,595360.0,41.0,
256.0,928000.0,5.0,
64.0,24480.0,467.0,
128.0,345744.0,44.0,
32.0,4084250.0,6.0,
16.0,5120.0,3362.0,
64.0,254947.0,14.0,
128.0,929936.0,3.0,
16.0,2556801.0,20.0,
128.0,1175188.0,3.0,
16.0,1502469.0,68.0,
128.0,60.0,2747.0,
256.0,5220.0,705.0,
32.0,343125.0,29.0,
128.0,225302.0,37.0,
64.0,1603643.0,7.0,
128.0,1863225.0,3.0,
128.0,1728720.0,2.0,
128.0,1081600.0,10.0,
128.0,3788716.0,1.0,
32.0,445280.0,125.0,
128.0,127896.0,8.0,
128.0,154624.0,42.0,
256.0,3655293.0,1.0,
64.0,2241.0,3278.0,
16.0,643261.0,22.0,
32.0,7260.0,3665.0,
64.0,72075.0,18.0,
256.0,338560.0,2.0,
64.0,366102.0,34.0,
32.0,164150.0,137.0,
16.0,2020564.0,20.0,
128.0,167620.0,27.0,
64.0,19044.0,1488.0,
64.0,600.0,1703.0,
16.0,1467648.0,15.0,
64.0,3087.0,179.0,
256.0,845680.0,7.0,
128.0,121968.0,53.0,
256.0,17775.0,234.0,
16.0,15842.0,3571.0,
128.0,144256.0,104.0,
16.0,747.0,2662.0,
32.0,514047.0,122.0,
32.0,55473.0,471.0,
128.0,164025.0,17.0,
32.0,3927296.0,5.0,
256.0,2234019.0,1.0,
32.0,308367.0,200.0,
256.0,13475.0,48.0,
64.0,2430648.0,1.0,
16.0,448.0,795.0,
32.0,1440747.0,11.0,
32.0,320.0,1110.0,
16.0,38416.0,2310.0,
16.0,10285.0,139.0,
16.0,643733.0,130.0,
16.0,495876.0,145.0,
64.0,2241764.0,11.0,
64.0,23762.0,1054.0,
16.0,518848.0,4.0,
256.0,10800.0,150.0,
16.0,317608.0,16.0,
128.0,2781144.0,2.0,
256.0,332100.0,23.0,
128.0,174636.0,61.0,
256.0,80625.0,79.0,
16.0,491172.0,172.0,
16.0,56277.0,1526.0,
256.0,6966.0,35.0,
32.0,1989.0,490.0,
128.0,65610.0,35.0,
32.0,19683.0,584.0,
128.0,37575.0,282.0,
16.0,569619.0,63.0,
16.0,251424.0,499.0,
256.0,275517.0,22.0,
128.0,48598.0,130.0,
32.0,93092.0,286.0,
256.0,3588736.0,1.0,
16.0,1827100.0,63.0,
64.0,205216.0,143.0,
32.0,5472240.0,9.0,
64.0,739375.0,10.0,
16.0,171666.0,20.0,
16.0,2057400.0,1.0,
128.0,216432.0,58.0,
256.0,834300.0,5.0,
128.0,112.0,2761.0,
128.0,60984.0,157.0,
32.0,83200.0,133.0,
64.0,806400.0,14.0,
64.0,225264.0,94.0,
256.0,823650.0,3.0,
32.0,249696.0,86.0,
32.0,40768.0,473.0,
256.0,2327888.0,1.0,
64.0,2883000.0,1.0,
256.0,83790.0,57.0,
16.0,84564.0,1105.0,
64.0,849600.0,24.0,
16.0,1406250.0,64.0,
32.0,38115.0,748.0,
64.0,67600.0,132.0,
256.0,477.0,1067.0,
256.0,73548.0,76.0,
16.0,80000.0,1025.0,
256.0,472997.0,13.0,
256.0,317844.0,25.0,
16.0,2148672.0,26.0,
16.0,1379952.0,91.0,
256.0,8568.0,573.0,
64.0,46575.0,284.0,
256.0,1265625.0,5.0,
128.0,81536.0,64.0,
128.0,2851200.0,2.0,
256.0,136552.0,42.0,
64.0,845152.0,32.0,
64.0,2381400.0,13.0,
256.0,1143072.0,5.0,
128.0,1582744.0,3.0,
128.0,782775.0,18.0,
256.0,2209116.0,1.0,
128.0,448528.0,29.0,
32.0,18225.0,1794.0,
256.0,2082816.0,3.0,
64.0,1179648.0,12.0,
32.0,320252.0,208.0,
256.0,996558.0,5.0,
64.0,8064.0,15.0,
16.0,11520.0,3190.0,
128.0,1631232.0,6.0,
256.0,473850.0,12.0,
64.0,49500.0,200.0,
64.0,864360.0,28.0,
256.0,424159.0,15.0,
32.0,49419.0,1107.0,
16.0,1094608.0,62.0,
256.0,361000.0,6.0,
64.0,5267025.0,1.0,
128.0,195536.0,80.0,
256.0,14013.0,47.0,
128.0,874225.0,3.0,
64.0,226512.0,102.0,
128.0,883600.0,7.0,
64.0,33300.0,387.0,
16.0,80.0,1321.0,
32.0,436364.0,88.0,
32.0,24909.0,1927.0,
64.0,370301.0,2.0,
16.0,398147.0,97.0,
128.0,56628.0,242.0,
128.0,483730.0,23.0,
128.0,2151.0,2266.0,
256.0,10125.0,733.0,
64.0,139240.0,110.0,
128.0,26934.0,568.0,
64.0,13225.0,2065.0,
128.0,244007.0,63.0,
128.0,1792224.0,1.0,
64.0,135401.0,66.0,
128.0,157339.0,42.0,
256.0,5239.0,1054.0,
128.0,66744.0,123.0,
16.0,100625.0,74.0,
16.0,1348056.0,22.0,
256.0,2904000.0,1.0,
128.0,165424.0,9.0,
32.0,50176.0,1082.0,
128.0,2000.0,3629.0,
256.0,134784.0,55.0,
16.0,508226.0,94.0,
16.0,252333.0,473.0,
64.0,8722.0,2499.0,
128.0,409050.0,2.0,
32.0,2478175.0,15.0,
16.0,4228200.0,18.0,
256.0,232704.0,13.0,
256.0,2041164.0,3.0,
128.0,22800.0,614.0,
16.0,4235.0,2827.0,
64.0,40391.0,35.0,
16.0,1114074.0,20.0,
32.0,295488.0,79.0,
64.0,58136.0,126.0,
256.0,48276.0,27.0,
16.0,27744.0,1186.0,
256.0,13184.0,510.0,
64.0,557424.0,18.0,
64.0,122786.0,197.0,
256.0,1790136.0,3.0,
256.0,2781722.0,1.0,
256.0,69984.0,58.0,
32.0,1207296.0,4.0,
16.0,812800.0,22.0,
64.0,840159.0,36.0,
256.0,169984.0,6.0,
64.0,5775.0,2040.0,
64.0,2174976.0,8.0,
64.0,470781.0,16.0,
16.0,284200.0,54.0,
32.0,1166400.0,41.0,
128.0,9261.0,651.0,
32.0,750172.0,45.0,
256.0,436982.0,17.0,
32.0,4608.0,318.0,
16.0,579600.0,113.0,
32.0,1418436.0,25.0,
16.0,545027.0,36.0,
128.0,1528753.0,1.0,
16.0,1248480.0,45.0,
32.0,2816.0,474.0,
16.0,191558.0,629.0,
32.0,1912911.0,4.0,
32.0,148716.0,287.0,
128.0,29375.0,483.0,
256.0,81324.0,35.0,
64.0,231945.0,119.0,
128.0,996.0,2519.0,
16.0,11560.0,2046.0,
32.0,513342.0,81.0,
128.0,134208.0,19.0,
32.0,9566139.0,5.0,
16.0,563255.0,139.0,
64.0,48951.0,609.0,
16.0,153819.0,694.0,
32.0,1681043.0,33.0,
128.0,1499553.0,4.0,
32.0,839808.0,39.0,
128.0,78408.0,22.0,
256.0,14400.0,579.0,
32.0,1417152.0,36.0,
32.0,7424.0,4080.0,
32.0,17496.0,2804.0,
32.0,64152.0,67.0,
16.0,1332144.0,74.0,
32.0,23814.0,999.0,
16.0,211750.0,298.0,
64.0,1039155.0,13.0,
64.0,7434240.0,1.0,
128.0,1695094.0,6.0,
16.0,520251.0,86.0,
128.0,32256.0,349.0,
64.0,2016.0,1448.0,
256.0,7500.0,993.0,
128.0,25631.0,325.0,
64.0,80828.0,237.0,
16.0,147600.0,902.0,
256.0,20808.0,346.0,
16.0,448.0,2556.0,
16.0,91476.0,1438.0,
16.0,71485.0,855.0,
256.0,878400.0,6.0,
32.0,136875.0,154.0,
16.0,353495.0,315.0,
16.0,1037880.0,79.0,
128.0,220500.0,69.0,
256.0,1228204.0,1.0,
128.0,26244.0,554.0,
32.0,5184.0,3893.0,
64.0,178200.0,168.0,
32.0,3036336.0,20.0,
128.0,13952.0,930.0,
128.0,664048.0,12.0,
16.0,139968.0,705.0,
256.0,41070.0,140.0,
16.0,156672.0,813.0,
64.0,1866783.0,9.0,
16.0,26019.0,1948.0,
32.0,48400.0,33.0,
64.0,1378476.0,22.0,
32.0,5427.0,3097.0,
64.0,514188.0,53.0,
32.0,115934.0,555.0,
32.0,372368.0,123.0,
256.0,109989.0,61.0,
256.0,1752192.0,3.0,
64.0,38532.0,44.0,
32.0,3568.0,720.0,
64.0,186624.0,125.0,
64.0,878560.0,34.0,
64.0,465579.0,53.0,
64.0,1251019.0,20.0,
32.0,865332.0,26.0,
64.0,88445.0,343.0,
256.0,400.0,76.0,
256.0,10125.0,751.0,
16.0,138750.0,787.0,
16.0,1225.0,313.0,
32.0,31164.0,804.0,
128.0,1175967.0,11.0,
128.0,97.0,2761.0,
256.0,317400.0,20.0,
256.0,1631700.0,1.0,
128.0,256.0,1928.0,
32.0,164592.0,324.0,
64.0,113600.0,168.0,
16.0,788900.0,120.0,
16.0,1573269.0,15.0,
32.0,1216512.0,10.0,
64.0,1487772.0,6.0,
16.0,5236042.0,5.0,
128.0,118098.0,104.0,
256.0,1685508.0,2.0,
32.0,12584.0,1054.0,
16.0,164775.0,523.0,
64.0,14739.0,1238.0,
32.0,119646.0,174.0,
16.0,149760.0,203.0,
128.0,88360.0,19.0,
16.0,36980.0,3556.0,
128.0,578304.0,20.0,
256.0,296006.0,22.0,
128.0,2032.0,580.0,
16.0,4198467.0,5.0,
128.0,356400.0,39.0,
256.0,100.0,3063.0,
16.0,9396.0,2608.0,
64.0,61236.0,264.0,
32.0,3328.0,1097.0,
256.0,3244336.0,1.0,
16.0,75000.0,1776.0,
16.0,267200.0,5.0,
32.0,1386175.0,19.0,
128.0,468975.0,20.0,
32.0,4027122.0,13.0,
16.0,619200.0,169.0,
16.0,102000.0,1235.0,
16.0,3368750.0,38.0,
128.0,34307.0,340.0,
256.0,2601.0,2150.0,
256.0,20800.0,25.0,
32.0,36612.0,1469.0,
32.0,231489.0,263.0,
128.0,389992.0,7.0,
32.0,2631775.0,17.0,
16.0,44064.0,2471.0,
64.0,56700.0,50.0,
32.0,1249925.0,31.0,
16.0,55176.0,125.0,
32.0,4790632.0,11.0,
64.0,486720.0,57.0,
128.0,2503724.0,1.0,
32.0,117612.0,504.0,
32.0,147200.0,83.0,
128.0,63945.0,206.0,
256.0,2438900.0,1.0,
32.0,53045.0,333.0,
64.0,438213.0,5.0,
128.0,820800.0,3.0,
256.0,17856.0,443.0,
64.0,31850.0,165.0,
128.0,1093092.0,5.0,
32.0,981.0,3343.0,
128.0,3283.0,376.0,
128.0,665364.0,12.0,
256.0,678795.0,2.0,
128.0,32400.0,168.0,
32.0,11200.0,3430.0,
32.0,227757.0,94.0,
32.0,172.0,923.0,
256.0,726516.0,3.0,
16.0,56603.0,1554.0,
32.0,464373.0,139.0,
32.0,7632.0,110.0,
256.0,3078.0,1951.0,
256.0,2232450.0,2.0,
16.0,120083.0,957.0,
128.0,1806250.0,1.0,
64.0,343470.0,89.0,
16.0,428800.0,35.0,
64.0,258860.0,119.0,
64.0,648.0,1161.0,
256.0,479859.0,16.0,
16.0,115676.0,936.0,
128.0,85544.0,117.0,
256.0,370300.0,13.0,
128.0,849420.0,1.0,
128.0,53100.0,171.0,
128.0,32129.0,321.0,
64.0,523564.0,17.0,
128.0,880.0,2646.0,
256.0,28880.0,272.0,
32.0,3872.0,2871.0,
256.0,1987440.0,3.0,
32.0,1893119.0,8.0,
16.0,13824.0,2344.0,
128.0,4859950.0,2.0,
64.0,298908.0,111.0,
64.0,6433020.0,3.0,
32.0,1236064.0,8.0,
32.0,509012.0,3.0,
256.0,132037.0,38.0,
16.0,76176.0,638.0,
128.0,89146.0,131.0,
64.0,847728.0,24.0,
64.0,157584.0,128.0,
32.0,2685204.0,21.0,
16.0,9536.0,3293.0,
16.0,118750.0,343.0,
128.0,563295.0,11.0,
64.0,239289.0,6.0,
16.0,619616.0,209.0,
32.0,95232.0,426.0,
256.0,189584.0,4.0,
64.0,427228.0,46.0,
32.0,1027628.0,59.0,
256.0,272976.0,22.0,
256.0,17500.0,355.0,
16.0,1331280.0,86.0,
256.0,1280052.0,5.0,
16.0,14200.0,2991.0,
128.0,55199.0,174.0,
128.0,128502.0,42.0,
32.0,421200.0,143.0,
32.0,273456.0,81.0,
64.0,95904.0,93.0,
256.0,34816.0,8.0,
256.0,756275.0,10.0,
128.0,1055925.0,1.0,
64.0,905625.0,20.0,
16.0,1517432.0,71.0,
64.0,40950.0,686.0,
16.0,5832.0,1089.0,
32.0,1149424.0,24.0,
256.0,253575.0,3.0,
256.0,386575.0,10.0,
64.0,786695.0,19.0,
256.0,425316.0,9.0,
128.0,3684715.0,3.0,
256.0,1664617.0,3.0,
64.0,2550.0,1913.0,
64.0,558900.0,6.0,
32.0,775368.0,33.0,
32.0,56628.0,628.0,
128.0,116380.0,80.0,
32.0,138384.0,220.0,
256.0,1429236.0,3.0,
256.0,759375.0,5.0,
128.0,860.0,1204.0,
64.0,6014356.0,1.0,
256.0,350546.0,20.0,
16.0,3718.0,1774.0,
256.0,109520.0,19.0,
16.0,25000.0,3045.0,
128.0,382788.0,32.0,
64.0,1351075.0,8.0,
256.0,167825.0,8.0,
128.0,100672.0,83.0,
16.0,465125.0,279.0,
128.0,2111850.0,3.0,
64.0,5580.0,3236.0,
256.0,481562.0,10.0,
16.0,921200.0,83.0,
16.0,294912.0,139.0,
128.0,162000.0,9.0,
16.0,5880.0,2388.0,
64.0,77254.0,322.0,
256.0,23900.0,150.0,
64.0,6144000.0,4.0,
128.0,81608.0,98.0,
32.0,415292.0,9.0,
32.0,993077.0,4.0,
16.0,362600.0,320.0,
16.0,9800.0,3499.0,
128.0,510000.0,11.0,
16.0,23534.0,2109.0,
64.0,2169.0,2622.0,
256.0,540.0,3982.0,
64.0,390825.0,15.0,
32.0,36.0,2741.0,
128.0,2471248.0,5.0,
256.0,105966.0,54.0,
32.0,107584.0,240.0,
64.0,2613600.0,7.0,
256.0,29744.0,213.0,
16.0,1947271.0,64.0,
256.0,4050.0,1451.0,
32.0,18590.0,1646.0,
32.0,11300.0,223.0,
32.0,135876.0,143.0,
32.0,14375.0,758.0,
256.0,18144.0,25.0,
16.0,424360.0,106.0,
128.0,731010.0,10.0,
256.0,1744.0,1495.0,
16.0,1868184.0,45.0,
16.0,393260.0,135.0,
32.0,15633.0,2417.0,
16.0,53784.0,1986.0,
64.0,131200.0,192.0,
32.0,2712150.0,21.0,
256.0,1240578.0,4.0,
128.0,150590.0,92.0,
128.0,442368.0,6.0,
128.0,2347884.0,6.0,
256.0,21632.0,47.0,
128.0,1175964.0,3.0,
32.0,212400.0,218.0,
128.0,143856.0,57.0,
256.0,819896.0,9.0,
128.0,305613.0,6.0,
256.0,1899011.0,3.0,
32.0,363776.0,29.0,
32.0,226800.0,160.0,
32.0,5532492.0,4.0,
256.0,335775.0,22.0,
128.0,19683.0,629.0,
32.0,186749.0,304.0,
32.0,979776.0,8.0,
256.0,265356.0,4.0,
128.0,3866300.0,1.0,
128.0,4383225.0,1.0,
16.0,1378476.0,2.0,
256.0,1466635.0,2.0,
64.0,95.0,913.0,
16.0,105600.0,842.0,
32.0,39762.0,1663.0,
16.0,50400.0,1030.0,
16.0,29160.0,1611.0,
128.0,349774.0,38.0,
16.0,16335.0,467.0,
16.0,297675.0,262.0,
32.0,356400.0,160.0,
256.0,45414.0,109.0,
256.0,86640.0,36.0,
16.0,29440.0,548.0,
16.0,53900.0,273.0,
128.0,149400.0,32.0,
16.0,2254.0,885.0,
32.0,866700.0,54.0,
64.0,64256.0,411.0,
128.0,355752.0,29.0,
32.0,10082.0,1711.0,
64.0,467339.0,43.0,
128.0,184320.0,51.0,
64.0,1795456.0,12.0,
32.0,1414944.0,32.0,
64.0,4693.0,1820.0,
32.0,372416.0,138.0,
32.0,488977.0,81.0,
64.0,23716.0,776.0,
16.0,138384.0,9.0,
256.0,198352.0,29.0,
128.0,100.0,1152.0,
128.0,506056.0,20.0,
256.0,407277.0,15.0,
256.0,771538.0,6.0,
32.0,114300.0,250.0,
64.0,1152457.0,25.0,
16.0,480009.0,108.0,
16.0,245000.0,79.0,
128.0,34048.0,158.0,
128.0,1503.0,3327.0,
128.0,44100.0,141.0,
128.0,213840.0,12.0,
64.0,2272500.0,1.0,
128.0,801900.0,16.0,
256.0,802800.0,5.0,
128.0,3965760.0,3.0,
32.0,914760.0,26.0,
128.0,2234575.0,3.0,
64.0,626940.0,35.0,
64.0,5422780.0,5.0,
64.0,65000.0,396.0,
128.0,68241.0,64.0,
128.0,2483712.0,2.0,
64.0,968877.0,6.0,
16.0,595448.0,76.0,
128.0,711480.0,11.0,
16.0,5432508.0,6.0,
32.0,68364.0,636.0,
16.0,8954.0,2411.0,
32.0,811440.0,24.0,
32.0,267894.0,240.0,
128.0,2507331.0,2.0,
16.0,1944576.0,47.0,
128.0,145152.0,50.0,
128.0,722729.0,3.0,
32.0,20691.0,2579.0,
256.0,1573.0,2113.0,
16.0,441864.0,294.0,
32.0,2840354.0,7.0,
128.0,11492.0,924.0,
64.0,3628940.0,8.0,
64.0,21125.0,1328.0,
256.0,20000.0,100.0,
128.0,52736.0,293.0,
256.0,315887.0,25.0,
64.0,661232.0,42.0,
64.0,4186125.0,1.0,
16.0,12544.0,3336.0,
32.0,276768.0,149.0,
32.0,430528.0,21.0,
256.0,43200.0,8.0,
256.0,2028.0,2670.0,
16.0,1152000.0,87.0,
32.0,511056.0,94.0,
64.0,7987.0,890.0,
128.0,83205.0,73.0,
128.0,309760.0,30.0,
64.0,1209426.0,21.0,
128.0,299568.0,46.0,
256.0,125235.0,56.0,
64.0,57800.0,505.0,
128.0,120000.0,79.0,
16.0,26877.0,1788.0,
256.0,82134.0,77.0,
128.0,540800.0,9.0,
128.0,19968.0,534.0,
128.0,786500.0,11.0,
128.0,2764025.0,3.0,
16.0,965888.0,15.0,
32.0,265356.0,10.0,
128.0,24048.0,126.0,
32.0,384813.0,92.0,
128.0,2314704.0,6.0,
32.0,2328676.0,26.0,
128.0,329232.0,45.0,
256.0,699867.0,4.0,
64.0,145000.0,99.0,
128.0,2030202.0,4.0,
32.0,485957.0,73.0,
16.0,137564.0,589.0,
32.0,4860000.0,1.0,
32.0,13915.0,3156.0,
128.0,1076525.0,10.0,
16.0,53868.0,526.0,
128.0,468952.0,7.0,
64.0,395000.0,16.0,
64.0,24563.0,311.0,
256.0,354816.0,14.0,
64.0,20400.0,734.0,
128.0,129850.0,33.0,
64.0,2102775.0,14.0,
256.0,34295.0,111.0,
256.0,83248.0,89.0,
128.0,1170.0,2135.0,
128.0,289835.0,14.0,
128.0,254144.0,23.0,
16.0,1411350.0,55.0,
64.0,1827925.0,1.0,
16.0,981819.0,39.0,
256.0,42975.0,145.0,
32.0,1254475.0,2.0,
32.0,1456611.0,3.0,
128.0,1858560.0,7.0,
32.0,177184.0,3.0,
64.0,16640.0,378.0,
16.0,630000.0,183.0,
128.0,4400.0,264.0,
128.0,11250.0,441.0,
16.0,28800.0,1608.0,
256.0,32688.0,177.0,
256.0,53428.0,44.0,
64.0,438893.0,43.0,
64.0,7225.0,568.0,
32.0,126720.0,326.0,
256.0,307328.0,1.0,
16.0,897336.0,28.0,
64.0,12736.0,1882.0,
16.0,448592.0,227.0,
256.0,3564.0,436.0,
32.0,5978.0,2570.0,
16.0,960400.0,78.0,
64.0,139258.0,38.0,
32.0,22264.0,1031.0,
32.0,708282.0,7.0,
32.0,126.0,3145.0,
32.0,122500.0,74.0,
128.0,14400.0,708.0,
128.0,12672.0,890.0,
128.0,8232.0,1388.0,
32.0,93150.0,451.0,
128.0,2303235.0,1.0,
32.0,3296.0,294.0,
128.0,339575.0,43.0,
256.0,42588.0,155.0,
256.0,692224.0,10.0,
128.0,73984.0,181.0,
64.0,574340.0,11.0,
256.0,250852.0,24.0,
32.0,5776.0,1400.0,
64.0,50286.0,15.0,
16.0,2318520.0,28.0,
128.0,134064.0,88.0,
64.0,138384.0,68.0,
64.0,139264.0,46.0,
32.0,104213.0,609.0,
256.0,1808991.0,2.0,
64.0,672400.0,2.0,
256.0,1755572.0,1.0,
32.0,78750.0,526.0,
64.0,47685.0,206.0,
128.0,929280.0,15.0,
64.0,1569600.0,11.0,
32.0,476100.0,40.0,
32.0,99873.0,333.0,
256.0,562500.0,13.0,
128.0,4860.0,3246.0,
16.0,47096.0,507.0,
16.0,656.0,922.0,
32.0,100510.0,183.0,
64.0,278784.0,102.0,
64.0,39527.0,643.0,
16.0,359556.0,328.0,
64.0,871200.0,11.0,
16.0,320000.0,395.0,
16.0,561834.0,202.0,
128.0,217088.0,31.0,
16.0,178605.0,249.0,
64.0,38220.0,790.0,
16.0,270750.0,354.0,
256.0,4600.0,892.0,
16.0,915712.0,20.0,
16.0,245917.0,486.0,
256.0,793408.0,5.0,
256.0,93184.0,83.0,
16.0,232375.0,297.0,
128.0,5069275.0,2.0,
16.0,847728.0,127.0,
256.0,706990.0,4.0,
128.0,303918.0,32.0,
256.0,1819840.0,2.0,
128.0,5799104.0,1.0,
32.0,3107875.0,19.0,
32.0,646875.0,29.0,
32.0,346112.0,65.0,
128.0,290238.0,5.0,
32.0,3077329.0,18.0,
128.0,2833830.0,4.0,
256.0,802750.0,1.0,
16.0,2021250.0,23.0,
256.0,1109020.0,1.0,
32.0,6192.0,3579.0,
64.0,7380.0,3293.0,
256.0,1635920.0,1.0,
32.0,5400.0,3934.0,
64.0,3198208.0,2.0,
256.0,112.0,1501.0,
64.0,316368.0,34.0,
32.0,29952.0,1215.0,
64.0,922983.0,19.0,
128.0,207866.0,59.0,
64.0,194481.0,49.0,
16.0,515000.0,68.0,
32.0,894916.0,60.0,
64.0,4905225.0,5.0,
32.0,662338.0,22.0,
64.0,3626.0,3652.0,
32.0,630061.0,6.0,
128.0,125692.0,14.0,
256.0,22747.0,28.0,
32.0,1715200.0,29.0,
128.0,10094.0,935.0,
128.0,2336565.0,6.0,
64.0,363888.0,90.0,
128.0,314330.0,43.0,
16.0,555660.0,210.0,
32.0,52756.0,667.0,
32.0,65340.0,985.0,
128.0,60025.0,148.0,
64.0,263327.0,17.0,
256.0,2784768.0,1.0,
32.0,1639647.0,25.0,
32.0,1481544.0,36.0,
32.0,21780.0,2045.0,
64.0,2160.0,1474.0,
256.0,205056.0,21.0,
64.0,2130048.0,10.0,
128.0,196630.0,52.0,
16.0,41625.0,18.0,
64.0,189317.0,166.0,
16.0,12342.0,3768.0,
16.0,114264.0,683.0,
256.0,1911800.0,2.0,
256.0,921200.0,7.0,
256.0,5376.0,1394.0,
64.0,17172.0,1502.0,
256.0,237917.0,4.0,
64.0,43.0,889.0,
128.0,849375.0,6.0,
64.0,12960.0,2353.0,
16.0,518400.0,206.0,
128.0,3516345.0,3.0,
16.0,27783.0,1098.0,
128.0,601065.0,4.0,
128.0,21060.0,139.0,
256.0,207088.0,4.0,
128.0,601200.0,15.0,
16.0,837828.0,35.0,
16.0,2247336.0,26.0,
16.0,652228.0,184.0,
128.0,222640.0,51.0,
32.0,23805.0,748.0,
64.0,5184.0,2703.0,
256.0,988812.0,5.0,
256.0,137500.0,21.0,
16.0,92455.0,170.0,
128.0,72000.0,140.0,
32.0,285696.0,63.0,
16.0,213840.0,497.0,
256.0,1465237.0,2.0,
256.0,852640.0,1.0,
32.0,26979.0,2274.0,
128.0,6272000.0,1.0,
32.0,2093672.0,23.0,
64.0,281600.0,20.0,
256.0,415125.0,17.0,
64.0,48.0,303.0,
32.0,173889.0,242.0,
32.0,502928.0,106.0,
256.0,2058.0,1655.0,
256.0,2491398.0,1.0,
64.0,66759.0,97.0,
32.0,152561.0,327.0,
64.0,286443.0,85.0,
32.0,2404480.0,11.0,
32.0,10816.0,2336.0,
64.0,2709672.0,6.0,
256.0,702.0,2255.0,
128.0,3453556.0,3.0,
64.0,262400.0,1.0,
256.0,206856.0,15.0,
64.0,17918.0,1040.0,
256.0,204624.0,4.0,
64.0,113206.0,287.0,
256.0,1257525.0,5.0,
128.0,8712.0,1657.0,
256.0,2765625.0,1.0,
256.0,210.0,2968.0,
16.0,181656.0,314.0,
32.0,328300.0,23.0,
32.0,82646.0,329.0,
32.0,793800.0,42.0,
256.0,166012.0,2.0,
32.0,2057.0,1705.0,
128.0,59976.0,267.0,
32.0,41454.0,830.0,
128.0,902776.0,17.0,
256.0,472.0,4061.0,
128.0,291785.0,15.0,
32.0,120125.0,65.0,
64.0,1430784.0,8.0,
32.0,350208.0,102.0,
128.0,303264.0,1.0,
256.0,41067.0,117.0,
32.0,4254604.0,7.0,
256.0,892588.0,3.0,
32.0,98496.0,228.0,
64.0,1277640.0,10.0,
32.0,185600.0,214.0,
64.0,7403986.0,3.0,
32.0,18963.0,450.0,
16.0,19100.0,1218.0,
16.0,3272808.0,8.0,
64.0,7139.0,1468.0,
16.0,385784.0,92.0,
16.0,331578.0,289.0,
16.0,5760.0,3376.0,
32.0,87001.0,19.0,
64.0,944201.0,32.0,
128.0,214326.0,61.0,
16.0,668.0,3196.0,
256.0,131625.0,5.0,
128.0,12943.0,956.0,
128.0,1270332.0,11.0,
32.0,966416.0,26.0,
128.0,84400.0,14.0,
16.0,914837.0,60.0,
64.0,157435.0,165.0,
64.0,35836.0,492.0,
64.0,730296.0,40.0,
128.0,2448.0,3491.0,
256.0,140625.0,26.0,
128.0,940653.0,8.0,
16.0,49619.0,893.0,
256.0,189280.0,12.0,
128.0,3626.0,2353.0,
32.0,176601.0,207.0,
32.0,241604.0,91.0,
16.0,38686.0,2566.0,
256.0,2384.0,658.0,
128.0,1597696.0,4.0,
256.0,324761.0,15.0,
256.0,29952.0,106.0,
128.0,1078774.0,10.0,
128.0,60025.0,144.0,
128.0,78300.0,211.0,
32.0,8428.0,336.0,
128.0,19700.0,604.0,
64.0,214.0,2040.0,
64.0,97902.0,125.0,
128.0,1505440.0,7.0,
256.0,23520.0,132.0,
128.0,502848.0,9.0,
64.0,539580.0,23.0,
256.0,349095.0,11.0,
64.0,15228.0,721.0,
128.0,101306.0,30.0,
64.0,10240.0,543.0,
32.0,3056.0,1011.0,
16.0,2371842.0,15.0,
16.0,50784.0,1995.0,
128.0,2842844.0,1.0,
32.0,2067294.0,12.0,
128.0,51840.0,311.0,
32.0,605.0,2469.0,
64.0,342144.0,4.0,
64.0,962948.0,16.0,
256.0,675.0,671.0,
16.0,5862100.0,6.0,
256.0,94792.0,1.0,
16.0,39688.0,3245.0,
32.0,1974720.0,18.0,
256.0,1644048.0,4.0,
16.0,33696.0,1056.0,
64.0,165600.0,4.0,
128.0,59823.0,118.0,
256.0,2098304.0,1.0,
32.0,72075.0,623.0,
16.0,884120.0,80.0,
32.0,968832.0,18.0,
64.0,79210.0,37.0,
32.0,34810.0,1806.0,
256.0,92800.0,46.0,
256.0,268800.0,17.0,
64.0,99375.0,207.0,
256.0,85176.0,11.0,
32.0,138.0,2732.0,
256.0,2679201.0,2.0,
16.0,1089126.0,11.0,
256.0,292468.0,9.0,
16.0,22646.0,549.0,
128.0,634800.0,20.0,
32.0,29068.0,2091.0,
64.0,1737.0,1766.0,
64.0,6048.0,1928.0,
256.0,777568.0,6.0,
64.0,246.0,1227.0,
64.0,12482.0,1584.0,
64.0,171564.0,40.0,
256.0,46.0,913.0,
32.0,168831.0,351.0,
128.0,63075.0,248.0,
64.0,832832.0,24.0,
16.0,26244.0,2253.0,
128.0,381216.0,10.0,
256.0,1345487.0,5.0,
128.0,2037922.0,5.0,
32.0,1080.0,3362.0,
256.0,417720.0,8.0,
32.0,12960.0,92.0,
128.0,2635416.0,1.0,
16.0,602700.0,204.0,
16.0,3042.0,1954.0,
32.0,636540.0,58.0,
128.0,19440.0,709.0,
128.0,3441123.0,1.0,
64.0,56074.0,24.0,
128.0,212268.0,5.0,
128.0,11760.0,926.0,
32.0,1053.0,3555.0,
32.0,173143.0,129.0,
64.0,121835.0,249.0,
32.0,585225.0,4.0,
128.0,2600.0,2784.0,
64.0,568575.0,33.0,
32.0,1223743.0,9.0,
128.0,82134.0,169.0,
128.0,133209.0,33.0,
128.0,2577300.0,3.0,
128.0,508288.0,25.0,
128.0,162996.0,26.0,
64.0,75264.0,420.0,
128.0,33235.0,238.0,
128.0,703040.0,20.0,
32.0,332212.0,31.0,
64.0,900601.0,14.0,
128.0,362032.0,25.0,
64.0,13689.0,830.0,
128.0,3670990.0,2.0,
16.0,1944.0,2630.0,
256.0,24768.0,112.0,
16.0,1102068.0,70.0,
128.0,434581.0,25.0,
32.0,2000000.0,12.0,
256.0,540672.0,13.0,
256.0,32490.0,38.0,
128.0,1237216.0,10.0,
32.0,186184.0,236.0,
32.0,81947.0,793.0,
32.0,334890.0,40.0,
128.0,2132480.0,5.0,
16.0,2187.0,2946.0,
64.0,187500.0,82.0,
32.0,584.0,2844.0,
256.0,346385.0,8.0,
32.0,219600.0,42.0,
256.0,8379.0,247.0,
128.0,788557.0,10.0,
256.0,144648.0,20.0,
256.0,199584.0,10.0,
32.0,121004.0,141.0,
128.0,303750.0,41.0,
128.0,226629.0,70.0,
128.0,4331808.0,2.0,
16.0,1377576.0,27.0,
256.0,181248.0,45.0,
128.0,10164.0,1519.0,
16.0,397312.0,112.0,
16.0,431728.0,130.0,
32.0,3211456.0,10.0,
256.0,968877.0,4.0,
256.0,267500.0,4.0,
128.0,5632.0,2933.0,
16.0,146071.0,93.0,
32.0,82764.0,613.0,
256.0,359975.0,10.0,
256.0,1239040.0,3.0,
16.0,518420.0,194.0,
16.0,78336.0,1004.0,
64.0,469103.0,30.0,
256.0,22385.0,96.0,
32.0,18864.0,673.0,
256.0,102608.0,4.0,
16.0,4455.0,3138.0,
256.0,180075.0,40.0,
32.0,219700.0,93.0,
128.0,18421.0,27.0,
64.0,901692.0,23.0,
256.0,1497600.0,2.0,
128.0,110940.0,30.0,
128.0,156060.0,8.0,
16.0,43776.0,285.0,
16.0,38880.0,301.0,
64.0,718740.0,6.0,
256.0,1740500.0,1.0,
128.0,55800.0,231.0,
128.0,464400.0,10.0,
256.0,8676.0,53.0,
128.0,586190.0,1.0,
16.0,41905.0,1521.0,
32.0,3863700.0,12.0,
256.0,15000.0,281.0,
16.0,81634.0,1417.0,
32.0,22100.0,1105.0,
64.0,292468.0,47.0,
32.0,1565840.0,3.0,
256.0,73997.0,3.0,
128.0,311904.0,9.0,
32.0,52224.0,636.0,
128.0,2272374.0,6.0,
128.0,106097.0,21.0,
64.0,707296.0,34.0,
128.0,3071187.0,4.0,
64.0,1442897.0,15.0,
64.0,2010048.0,5.0,
128.0,124394.0,12.0,
16.0,1219985.0,85.0,
256.0,504896.0,3.0,
16.0,55404.0,1996.0,
32.0,31428.0,725.0,
256.0,434372.0,10.0,
16.0,2309688.0,25.0,
128.0,465000.0,23.0,
16.0,9061100.0,6.0,
32.0,507000.0,1.0,
16.0,30324.0,3943.0,
256.0,534578.0,1.0,
128.0,574365.0,22.0,
32.0,1080000.0,56.0,
64.0,674817.0,45.0,
64.0,610244.0,45.0,
256.0,443608.0,12.0,
128.0,964467.0,7.0,
128.0,2659955.0,3.0,
256.0,3480539.0,1.0,
16.0,152460.0,748.0,
128.0,475000.0,16.0,
64.0,106329.0,276.0,
16.0,550854.0,49.0,
256.0,3827430.0,1.0,
32.0,38556.0,1036.0,
16.0,56.0,3294.0,
256.0,22752.0,252.0,
256.0,43120.0,37.0,
16.0,5275.0,1669.0,
32.0,156663.0,196.0,
16.0,28800.0,2095.0,
16.0,714375.0,97.0,
64.0,1127357.0,15.0,
256.0,768.0,2729.0,
128.0,2414475.0,1.0,
16.0,2265275.0,35.0,
64.0,17496.0,1039.0,
64.0,49248.0,677.0,
32.0,12996.0,106.0,
256.0,9016.0,578.0,
128.0,945504.0,2.0,
256.0,231275.0,25.0,
128.0,2265275.0,4.0,
32.0,1612328.0,10.0,
256.0,2130372.0,1.0,
128.0,20519.0,806.0,
64.0,1936404.0,5.0,
16.0,1411102.0,11.0,
64.0,604920.0,17.0,
16.0,728728.0,127.0,
256.0,608884.0,4.0,
64.0,924924.0,16.0,
256.0,2411208.0,1.0,
16.0,6825024.0,7.0,
32.0,1048944.0,22.0,
32.0,164864.0,214.0,
16.0,209898.0,422.0,
128.0,393764.0,21.0,
16.0,1179549.0,47.0,
32.0,408388.0,157.0,
16.0,255879.0,220.0,
64.0,51750.0,260.0,
16.0,69984.0,1525.0,
32.0,292824.0,154.0,
64.0,4200.0,1376.0,
128.0,221991.0,15.0,
16.0,52371.0,1699.0,
64.0,1627757.0,17.0,
64.0,445312.0,48.0,
16.0,542754.0,91.0,
64.0,140544.0,48.0,
128.0,98000.0,158.0,
32.0,33048.0,90.0,
128.0,62422.0,170.0,
256.0,2675.0,1785.0,
32.0,5650.0,1713.0,
128.0,49536.0,294.0,
32.0,990000.0,49.0,
16.0,353600.0,289.0,
128.0,988768.0,15.0,
128.0,142884.0,108.0,
16.0,2180794.0,19.0,
16.0,231040.0,7.0,
32.0,1019003.0,63.0,
128.0,600848.0,19.0,
256.0,33750.0,167.0,
64.0,100.0,1199.0,
16.0,879285.0,108.0,
128.0,847700.0,6.0,
16.0,40400.0,875.0,
256.0,139264.0,36.0,
256.0,328509.0,1.0,
128.0,13328.0,975.0,
64.0,1924740.0,13.0,
32.0,3312.0,1455.0,
32.0,1243840.0,19.0,
32.0,2464417.0,4.0,
16.0,193027.0,292.0,
256.0,718740.0,4.0,
128.0,1173250.0,2.0,
128.0,516375.0,17.0,
64.0,6069000.0,4.0,
128.0,2995200.0,3.0,
16.0,411075.0,191.0,
128.0,567.0,3560.0,
256.0,92928.0,32.0,
32.0,576000.0,27.0,
32.0,853450.0,70.0,
256.0,1641672.0,2.0,
128.0,393216.0,27.0,
64.0,405000.0,10.0,
128.0,79092.0,201.0,
128.0,227601.0,18.0,
32.0,1332.0,300.0,
64.0,9728.0,2417.0,
32.0,1074684.0,10.0,
64.0,308550.0,90.0,
128.0,19375.0,68.0,
32.0,1701.0,857.0,
16.0,45276.0,730.0,
64.0,597500.0,20.0,
128.0,1663335.0,8.0,
256.0,28435.0,226.0,
16.0,212355.0,228.0,
16.0,5050.0,1607.0,
256.0,927828.0,8.0,
32.0,610812.0,48.0,
16.0,4579077.0,19.0,
64.0,548720.0,35.0,
64.0,35828.0,359.0,
128.0,651728.0,7.0,
64.0,251424.0,27.0,
128.0,4096.0,674.0,
256.0,65709.0,15.0,
128.0,76893.0,44.0,
256.0,281232.0,15.0,
256.0,159048.0,37.0,
16.0,927544.0,30.0,
32.0,756656.0,69.0,
128.0,410400.0,21.0,
32.0,565068.0,58.0,
256.0,75504.0,42.0,
64.0,303408.0,27.0,
256.0,1732800.0,3.0,
16.0,139968.0,202.0,
128.0,238521.0,37.0,
32.0,119556.0,124.0,
32.0,468.0,3210.0,
64.0,1127357.0,11.0,
16.0,850176.0,68.0,
256.0,389266.0,2.0,
16.0,18411.0,3722.0,
128.0,153664.0,80.0,
64.0,606528.0,30.0,
128.0,81685.0,8.0,
256.0,2232.0,22.0,
32.0,1320228.0,47.0,
16.0,621075.0,151.0,
128.0,181548.0,51.0,
256.0,1566720.0,4.0,
64.0,363.0,3197.0,
32.0,90.0,2188.0,
32.0,284400.0,77.0,
32.0,3056.0,479.0,
128.0,4183748.0,1.0,
32.0,33908.0,733.0,
64.0,478216.0,24.0,
128.0,347829.0,22.0,
128.0,531432.0,4.0,
16.0,324.0,1850.0,
32.0,41743.0,884.0,
16.0,897184.0,29.0,
64.0,2192.0,2226.0,
256.0,30153.0,38.0,
16.0,1415736.0,59.0,
16.0,108489.0,714.0,
32.0,278307.0,19.0,
64.0,2043040.0,9.0,
32.0,5826150.0,6.0,
64.0,28800.0,595.0,
16.0,516.0,3768.0,
256.0,462367.0,8.0,
16.0,2750.0,3560.0,
16.0,8064.0,2943.0,
64.0,4624128.0,6.0,
64.0,393588.0,43.0,
16.0,8829.0,3230.0,
128.0,191660.0,60.0,
128.0,207500.0,9.0,
256.0,2800.0,288.0,
32.0,423864.0,91.0,
256.0,28566.0,206.0,
256.0,3587044.0,1.0,
16.0,150539.0,364.0,
128.0,54000.0,72.0,
256.0,1107513.0,2.0,
64.0,1050703.0,17.0,
32.0,1222174.0,42.0,
32.0,3438336.0,14.0,
32.0,50400.0,1069.0,
64.0,40000.0,359.0,
64.0,2908800.0,1.0,
16.0,2069928.0,56.0,
32.0,2415765.0,9.0,
32.0,253952.0,78.0,
128.0,3626775.0,3.0,
32.0,1750.0,1749.0,
256.0,660192.0,9.0,
128.0,47432.0,57.0,
64.0,21952.0,552.0,
16.0,6292.0,1902.0,
128.0,145152.0,77.0,
32.0,23232.0,1111.0,
16.0,88209.0,1032.0,
256.0,1217044.0,2.0,
128.0,74358.0,17.0,
32.0,132540.0,364.0,
32.0,258860.0,181.0,
32.0,2869424.0,1.0,
32.0,19600.0,1702.0,
16.0,970200.0,27.0,
16.0,151900.0,586.0,
64.0,42250.0,739.0,
64.0,3791872.0,7.0,
16.0,530901.0,186.0,
64.0,74529.0,259.0,
256.0,342788.0,17.0,
256.0,2070.0,3455.0,
32.0,260110.0,235.0,
64.0,496100.0,27.0,
32.0,2379048.0,12.0,
256.0,34496.0,27.0,
