90.043073,
99.553556,
98.516606,
96.722762,
95.961599,
98.876642,
95.390398,
99.922635,
99.810099,
99.221152,
95.529081,
94.5898,
81.417467,
68.50087,
85.869656,
94.05794,
90.572879,
99.700513,
99.90067,
92.91872,
99.19889,
98.576924,
98.37352,
94.648735,
44.586668,
98.379455,
99.549396,
98.228407,
65.054879,
31.523731,
99.409386,
99.103373,
95.699169,
97.377678,
98.958386,
92.503516,
98.490614,
98.036728,
82.000057,
98.498047,
98.888484,
99.880092,
98.298515,
98.689534,
99.500532,
99.348385,
94.546754,
98.331912,
3.102366,
90.463078,
99.327093,
99.346911,
98.598446,
92.508888,
99.940849,
90.107131,
99.95177,
83.727007,
81.948024,
76.220153,
71.291658,
78.153543,
98.473697,
99.846227,
96.155847,
77.453761,
91.917847,
76.322745,
69.668984,
68.670697,
72.213443,
98.771209,
99.71898,
98.157755,
70.470209,
38.456752,
92.366503,
98.651925,
90.99416,
78.723333,
91.16829,
99.003171,
99.450889,
92.335969,
69.696083,
99.06586,
94.318171,
77.161572,
95.499756,
96.979248,
99.390442,
62.689086,
99.628644,
99.501874,
99.025924,
93.199862,
82.999048,
86.919504,
75.617608,
99.549196,
98.758844,
99.920853,
10.134939,
96.906836,
99.686834,
59.354656,
68.795041,
99.02384,
67.468099,
60.810664,
99.622703,
99.851586,
68.635036,
93.592455,
71.130224,
90.015359,
85.631332,
99.826007,
99.080759,
99.850161,
99.130444,
98.602869,
99.914175,
97.79696,
97.946279,
71.396871,
99.651873,
94.208628,
97.776156,
98.323212,
84.00373,
97.160269,
89.008458,
92.159142,
86.641477,
63.971787,
23.992661,
98.746091,
33.982714,
96.060856,
53.133242,
68.867741,
99.541573,
80.49104,
97.498873,
99.942738,
37.801743,
99.896886,
84.987327,
34.533358,
91.638148,
99.677835,
36.692852,
89.87367,
98.698498,
99.860666,
99.945434,
99.593261,
99.68962,
80.661097,
99.730552,
15.494748,
99.10921,
96.784439,
99.30501,
99.972727,
35.861411,
99.745059,
35.10945,
56.273868,
98.666521,
97.012537,
99.884622,
9.160298,
41.274159,
98.618413,
75.630819,
72.82593,
97.39831,
99.085061,
98.61056,
99.902377,
99.371403,
93.290852,
87.361039,
99.750771,
90.789758,
92.590288,
98.987131,
97.13205,
34.1297,
99.968051,
90.68981,
99.004875,
99.89781,
98.222776,
99.346116,
12.56906,
96.018657,
46.496923,
77.473666,
96.351027,
98.420293,
66.905493,
99.815312,
99.869609,
77.55987,
97.940332,
40.591985,
98.957182,
65.357535,
75.043961,
87.36097,
78.319568,
98.866007,
62.858816,
98.749304,
98.652709,
99.726579,
95.039928,
16.406244,
61.694805,
98.942643,
95.42019,
99.243492,
99.833437,
98.724564,
99.326736,
99.727462,
99.692099,
66.449373,
75.171052,
95.484128,
79.457552,
96.596665,
99.652484,
89.901502,
97.216057,
67.631962,
97.603734,
71.815436,
72.968949,
95.161003,
99.010946,
88.893676,
38.330973,
98.661687,
92.675104,
91.454787,
99.31159,
98.318685,
99.596227,
98.287366,
97.722315,
79.684842,
99.673153,
65.310856,
98.416804,
99.983472,
99.926865,
99.465154,
99.786198,
97.422069,
69.876056,
95.320014,
99.728487,
99.082314,
99.82174,
99.623324,
67.522816,
99.561567,
98.919379,
62.560372,
79.078336,
64.211495,
34.847311,
98.490902,
99.21783,
99.414435,
95.936552,
99.800564,
94.034242,
99.600717,
66.515649,
96.840727,
98.15855,
99.806141,
66.172718,
99.765959,
98.05156,
99.4782,
99.964965,
95.036012,
81.80788,
39.184345,
81.815501,
99.950608,
83.721602,
99.840494,
99.395164,
99.796021,
88.131961,
98.91983,
99.737951,
98.185046,
94.51884,
99.863926,
95.471466,
97.548478,
96.201262,
99.145648,
26.731481,
78.046286,
99.691326,
96.446167,
28.521317,
81.683307,
96.39987,
98.139919,
98.699744,
97.965096,
68.535122,
54.144507,
88.832151,
99.125526,
62.046816,
63.522318,
99.229409,
97.940425,
97.723494,
99.634437,
68.515167,
95.641089,
72.640279,
34.413621,
99.405961,
67.531872,
98.334534,
98.1036,
97.854562,
97.988817,
99.079829,
90.347694,
66.662027,
91.214971,
63.341691,
99.807166,
73.82113,
98.986223,
99.074385,
99.489193,
99.191777,
99.024262,
98.382844,
98.822265,
99.678647,
96.20937,
99.569722,
96.657461,
91.758583,
80.009353,
99.532451,
98.688846,
99.477432,
99.34203,
99.620422,
99.545068,
98.385751,
68.601855,
64.780735,
87.572282,
69.478697,
73.980353,
87.145169,
92.000793,
98.066169,
99.131749,
98.811128,
99.965903,
59.293938,
97.260787,
60.439651,
99.684958,
94.90223,
93.562474,
99.225493,
99.553268,
98.892237,
99.146016,
93.78755,
75.328996,
90.205098,
65.648668,
99.906511,
66.917599,
99.895257,
98.987061,
94.024311,
97.993899,
95.207548,
97.240845,
91.038223,
98.201303,
98.103165,
99.331009,
39.63916,
98.391465,
69.745045,
76.149465,
34.813739,
99.310935,
73.425062,
65.244902,
99.590595,
98.66563,
6.480504,
99.367082,
99.27466,
99.240262,
93.478142,
74.672621,
95.526335,
99.294973,
72.975781,
80.652595,
60.143714,
98.17692,
96.1153,
98.974775,
99.549108,
98.355061,
86.871901,
99.363856,
95.873483,
51.971202,
75.970776,
31.227797,
99.798671,
89.005349,
99.917621,
97.902666,
99.550801,
87.845382,
98.5395,
95.757371,
99.518377,
92.823857,
82.32928,
93.570418,
99.666571,
99.816022,
86.70182,
66.985609,
35.316021,
83.348428,
99.700238,
64.313451,
98.959215,
94.611172,
99.390209,
98.570262,
86.987011,
96.302529,
22.425859,
93.914541,
78.204359,
97.930471,
88.514934,
97.000968,
92.327371,
92.099615,
99.977942,
99.694915,
95.873987,
78.740022,
98.776516,
94.610286,
99.760043,
98.879579,
97.76373,
98.825578,
97.782518,
68.012439,
98.111386,
96.248324,
77.634268,
99.537971,
98.791064,
94.880205,
63.679111,
97.08759,
80.959042,
95.927342,
73.841457,
91.261179,
96.19869,
68.519632,
90.9718,
99.686914,
99.350119,
95.75206,
98.058635,
88.449523,
83.498133,
99.5905,
87.971568,
99.526023,
94.349439,
98.876263,
95.190238,
98.976399,
26.782115,
99.784613,
94.894175,
18.58491,
85.486744,
84.287684,
96.993479,
82.362245,
91.474388,
99.119652,
92.994935,
98.883077,
70.353376,
99.81526,
67.13574,
60.151197,
74.667563,
99.968175,
99.776606,
50.198662,
80.472615,
99.479993,
95.124448,
99.909559,
88.472181,
70.431157,
99.856296,
94.79673,
35.013951,
98.979843,
68.798334,
16.05797,
93.113461,
99.707318,
99.538434,
97.287994,
97.990254,
89.144035,
99.900377,
98.349139,
98.813099,
96.846056,
98.804891,
92.095012,
99.668625,
41.009476,
98.68571,
97.901658,
41.48739,
88.93828,
99.595244,
99.967544,
95.335966,
98.756217,
96.49907,
74.457153,
94.953181,
95.500045,
99.071426,
99.684981,
98.997096,
99.786363,
95.19445,
67.650934,
74.032612,
93.047089,
91.48727,
99.796577,
94.52886,
83.379995,
99.860679,
99.776503,
92.903855,
99.971361,
96.651279,
95.603509,
40.649364,
99.746191,
98.313696,
99.670439,
90.678641,
66.867257,
97.960752,
99.700611,
78.982702,
95.654801,
92.033849,
66.978191,
99.708313,
90.801573,
80.624519,
97.01401,
99.397301,
99.937617,
66.224425,
99.922098,
99.930807,
99.784671,
99.685512,
61.481891,
99.641038,
90.045054,
99.585308,
86.656132,
99.754029,
99.40582,
61.272705,
66.800845,
99.611479,
99.381775,
88.115045,
99.524932,
94.229736,
62.642681,
52.62554,
99.744468,
93.519776,
98.603249,
99.664027,
67.036532,
83.32656,
74.183623,
99.628201,
99.447264,
95.918508,
94.137531,
98.898566,
98.522341,
96.211321,
57.433357,
99.895545,
97.29073,
98.81914,
99.98616,
6.316637,
91.921997,
99.562738,
79.765509,
82.06521,
98.013038,
98.804303,
85.58062,
41.424535,
98.219847,
96.399613,
98.093675,
98.328606,
68.352044,
66.818099,
28.898013,
87.370145,
98.935095,
99.343242,
98.123115,
88.338164,
99.325965,
99.957342,
90.897124,
37.270087,
99.757688,
97.237457,
72.15256,
71.351147,
89.883859,
98.52618,
66.154278,
64.458162,
61.170346,
83.739895,
99.242478,
34.484864,
99.887377,
95.449642,
97.99228,
86.541128,
97.08716,
99.784086,
94.63193,
65.51523,
81.19454,
94.059966,
96.888183,
66.544679,
79.699045,
96.834101,
81.760571,
70.062354,
95.881637,
43.08149,
21.05429,
99.957367,
96.342137,
97.608014,
99.285,
94.07917,
62.950545,
99.869967,
22.16379,
69.181671,
99.162778,
99.708261,
85.024752,
99.580522,
18.444439,
78.859079,
98.450911,
75.342466,
96.773433,
89.144385,
88.499055,
99.858117,
94.841805,
67.114978,
68.816175,
88.09114,
99.915853,
99.378457,
82.795558,
99.552228,
99.743451,
99.168505,
90.811199,
77.008665,
99.516995,
97.546683,
49.221937,
93.16015,
99.785062,
40.696015,
61.564459,
87.16842,
90.590753,
99.874917,
97.813177,
99.352427,
41.563922,
99.967834,
98.45753,
94.941266,
99.412447,
64.445287,
97.505662,
99.284787,
87.739706,
89.884612,
99.347639,
97.677532,
85.118009,
99.352857,
99.497678,
99.396796,
99.245302,
92.652989,
99.756263,
97.237391,
98.142714,
97.036491,
33.011221,
96.507412,
99.732153,
98.643758,
99.707115,
98.619525,
98.476527,
61.792244,
97.751812,
98.501838,
99.708593,
97.731763,
66.814266,
57.564158,
90.358378,
88.375213,
3.160973,
99.388698,
99.547811,
67.651855,
95.97181,
38.317758,
98.969424,
20.592826,
96.985215,
97.735379,
99.889838,
60.401321,
69.356992,
63.512998,
97.385461,
96.65996,
99.609073,
93.457731,
98.492754,
94.157705,
93.924102,
95.344635,
94.946923,
98.717708,
96.0954,
78.129229,
95.04223,
99.656242,
91.5112,
91.650262,
99.696263,
98.084238,
99.114975,
42.596765,
99.942634,
53.815993,
86.769591,
84.343191,
18.062948,
68.703369,
74.839943,
68.068235,
97.323278,
99.465427,
75.60622,
85.25295,
73.537579,
75.369643,
89.76584,
84.377163,
98.786832,
98.552144,
98.174055,
97.275909,
30.425639,
99.318372,
99.92165,
99.776817,
9.751891,
50.014264,
96.246874,
92.502306,
99.371574,
61.887972,
37.443009,
62.444115,
98.224251,
71.117325,
97.758995,
94.955601,
97.951764,
97.481631,
98.750466,
96.150033,
51.757058,
99.445932,
98.898745,
97.032125,
70.299294,
99.865408,
90.329982,
67.550243,
98.714681,
99.937308,
97.478645,
76.007716,
69.39653,
84.937178,
90.243301,
69.427981,
89.955124,
98.575884,
99.92381,
94.946738,
29.447079,
99.96638,
87.87772,
97.215827,
92.511852,
89.219097,
89.022432,
60.908225,
65.802093,
99.515313,
97.449867,
95.319829,
84.928772,
99.980469,
97.861429,
99.711317,
98.958425,
99.572964,
13.628748,
99.05246,
99.74489,
39.241216,
36.270994,
98.241672,
94.677668,
97.807299,
6.964252,
99.939172,
99.48166,
99.90833,
68.183835,
86.519481,
97.64944,
98.536353,
86.205146,
22.156737,
91.365415,
33.749369,
68.83746,
98.467343,
96.380645,
99.338874,
98.944125,
97.63619,
93.569434,
59.661903,
89.739488,
6.284789,
99.644474,
58.993854,
99.939408,
99.148241,
85.370135,
82.72706,
99.733953,
99.951265,
98.956185,
99.324896,
99.233003,
98.393187,
99.583329,
99.971309,
99.714983,
91.703232,
70.085924,
82.471252,
99.40265,
88.901281,
95.352548,
63.395585,
50.533057,
63.594993,
99.607695,
57.562283,
65.071905,
99.532596,
83.217048,
99.729844,
98.917751,
81.326008,
89.727557,
89.657735,
99.143991,
66.540615,
98.567254,
99.539335,
90.178226,
91.193701,
99.085325,
87.140349,
99.602066,
99.885674,
34.188637,
92.518979,
94.11276,
99.048453,
95.84061,
58.599199,
99.009897,
97.021643,
83.66249,
75.889585,
99.430483,
98.601127,
98.056082,
82.53008,
97.451321,
89.195351,
95.678148,
96.862463,
99.281316,
99.687388,
95.629796,
96.980049,
72.205705,
69.516615,
99.0688,
99.953182,
94.786253,
99.505282,
99.52193,
72.283552,
93.804787,
99.911849,
99.749342,
98.96299,
98.578484,
64.058381,
74.447949,
98.108907,
70.515056,
99.663833,
99.762036,
99.025067,
99.843318,
94.902231,
98.493499,
99.923764,
67.890565,
99.873678,
61.550211,
98.765097,
99.695579,
96.306848,
92.443795,
97.413588,
81.705369,
95.727261,
99.896444,
82.966794,
84.843039,
98.739978,
68.506305,
43.739673,
99.738685,
98.760885,
98.884672,
98.458194,
64.938716,
96.993005,
99.033192,
99.711616,
99.496539,
98.218819,
77.735438,
67.064785,
94.401034,
96.859623,
99.628439,
87.479489,
72.863991,
98.144891,
95.390004,
99.94977,
97.209285,
62.499363,
98.559012,
86.088769,
97.614448,
65.200936,
99.975574,
97.901819,
99.330042,
66.166064,
89.683467,
99.284375,
78.334621,
57.633979,
74.866358,
99.682811,
99.86969,
99.089258,
61.735124,
98.181952,
99.284913,
97.393791,
95.534661,
89.447649,
99.001172,
78.840715,
99.749415,
97.802749,
71.827124,
96.962912,
48.676287,
91.748046,
99.873303,
99.503338,
98.962967,
67.837968,
99.715704,
98.35095,
99.904629,
90.047715,
99.647511,
99.749138,
94.080228,
90.472146,
66.217494,
98.275347,
93.109047,
67.580562,
72.561847,
90.646683,
98.011969,
84.184941,
13.582174,
96.782902,
96.569271,
98.708264,
95.077717,
98.978483,
90.569496,
81.707941,
99.702223,
93.675152,
85.947858,
89.407699,
99.924605,
99.720781,
99.19632,
99.116378,
99.606906,
99.200566,
98.230806,
96.733738,
99.647557,
99.966773,
96.055135,
66.631833,
95.845852,
67.641994,
63.658006,
96.058431,
61.19683,
96.734748,
99.415745,
99.125254,
99.55307,
95.396438,
98.152592,
99.973554,
24.775799,
90.762448,
96.246231,
15.488964,
98.735416,
98.121911,
99.837346,
80.2194,
86.767401,
99.748403,
99.064434,
99.304096,
63.304318,
99.566211,
99.606499,
99.316526,
87.266637,
94.65012,
98.589953,
98.125342,
98.049307,
85.926969,
69.294038,
92.574681,
99.861628,
99.713998,
99.860901,
99.317167,
98.422072,
55.678308,
97.626647,
22.371639,
96.834544,
99.569068,
91.461777,
97.085011,
53.648168,
58.213923,
99.760441,
62.31288,
96.520108,
71.784592,
34.156395,
77.240393,
97.863026,
98.189056,
97.890785,
66.043191,
72.823906,
99.796833,
69.391015,
92.150183,
58.10766,
99.620352,
94.430067,
99.914251,
34.613174,
93.581282,
99.248117,
97.197718,
81.898753,
58.187664,
98.47078,
99.065979,
33.671367,
78.705357,
88.033938,
97.408236,
96.280207,
66.760584,
39.387677,
38.408099,
68.369504,
99.290273,
60.132187,
91.250527,
99.90741,
99.040161,
98.463189,
99.039204,
93.613502,
43.254396,
89.619551,
98.311657,
99.831376,
68.830285,
98.790783,
86.246978,
81.960229,
98.700056,
99.043723,
99.653251,
98.969056,
75.591174,
99.576835,
68.712359,
85.000464,
98.874137,
95.933353,
96.111593,
68.970927,
95.852723,
99.478771,
97.878685,
88.729242,
99.297449,
99.671077,
89.198336,
33.462773,
66.964935,
98.326661,
97.100713,
99.764038,
63.325161,
24.01152,
94.234837,
62.100816,
99.799777,
98.377128,
97.502551,
96.285959,
71.165546,
96.577291,
28.197276,
99.274348,
85.17768,
89.422609,
91.610753,
99.928157,
94.930998,
90.021949,
80.855573,
98.27956,
78.261077,
89.913748,
98.737733,
73.870298,
75.206299,
97.7539,
99.867606,
87.125886,
83.414952,
99.816698,
57.947517,
92.198566,
99.146689,
98.816599,
99.577294,
99.684402,
99.777207,
34.448919,
85.588273,
99.343273,
99.715925,
67.065434,
74.20724,
99.937837,
99.707094,
93.265417,
60.462534,
37.883301,
57.990351,
97.613313,
65.18508,
99.88056,
99.836731,
99.945437,
71.752987,
98.883899,
99.20451,
78.228269,
92.503,
98.599778,
99.777099,
91.328108,
96.692232,
99.379052,
83.630404,
99.888396,
92.938635,
43.660069,
99.735245,
33.739449,
97.261813,
74.331615,
99.813758,
99.367679,
98.397371,
88.871079,
91.572445,
95.218285,
67.707981,
89.474944,
98.411631,
99.095516,
99.798803,
94.332296,
91.03096,
32.397322,
92.59101,
99.831435,
92.400115,
99.785659,
35.953567,
80.808187,
69.319699,
75.741683,
96.881649,
89.834242,
64.095194,
46.62656,
99.340099,
72.629675,
96.274457,
68.303221,
89.794565,
99.915481,
75.787193,
66.302766,
99.725802,
99.841442,
85.120443,
98.750751,
98.4373,
96.589127,
99.078732,
77.976861,
68.89304,
98.095391,
99.103574,
61.058005,
90.683236,
95.052341,
86.442379,
99.277716,
85.156528,
99.403736,
91.208611,
98.610085,
99.68131,
81.552223,
32.356777,
99.037393,
62.371776,
39.921852,
93.00445,
99.757792,
86.641044,
9.791582,
97.753411,
95.296862,
99.819192,
94.987424,
54.132028,
39.039165,
74.341931,
68.773437,
82.296253,
99.656784,
97.589568,
38.08842,
83.881956,
99.870819,
97.438997,
84.506027,
76.928235,
99.918353,
97.324968,
99.979796,
29.405983,
96.973746,
99.192561,
95.494601,
89.352521,
77.848961,
94.105536,
97.429258,
64.860186,
96.634801,
99.169085,
90.838011,
90.260469,
33.559211,
99.512019,
99.317006,
96.639701,
31.329922,
99.136147,
79.92191,
97.273138,
99.947557,
99.968198,
99.390408,
98.121947,
99.980447,
99.290392,
88.343673,
99.437514,
99.903601,
96.897596,
66.419945,
97.461612,
99.957798,
98.921103,
96.752213,
99.478009,
97.49743,
98.079083,
99.591875,
33.353914,
43.9548,
61.767356,
94.394251,
86.046685,
99.820395,
99.087192,
37.754583,
91.174832,
56.641534,
99.670189,
96.342321,
99.099492,
66.753928,
43.362935,
91.843151,
8.259951,
88.00667,
98.20487,
77.561737,
96.459704,
99.7476,
99.533004,
94.212102,
99.833634,
99.714365,
55.158544,
77.594351,
99.689905,
54.333834,
94.114135,
87.732819,
99.305527,
98.567841,
77.597331,
29.609838,
17.532692,
98.811961,
99.738969,
78.20425,
99.944535,
99.730947,
78.933727,
93.162685,
97.804484,
99.64741,
89.13225,
87.017632,
98.68736,
98.490462,
99.627097,
98.118919,
97.891015,
98.50259,
99.206546,
95.211094,
18.439007,
88.044163,
64.339519,
96.708582,
99.935963,
73.242358,
79.363183,
98.707831,
99.760803,
92.085459,
27.201166,
80.100778,
96.941581,
99.350891,
89.960078,
55.733623,
97.648261,
90.517755,
99.694201,
94.40805,
98.54875,
92.627956,
97.033376,
62.069444,
95.216631,
95.895524,
99.843034,
96.041814,
98.786411,
35.211913,
73.291352,
96.513992,
87.26136,
96.809878,
93.372324,
99.815736,
99.982915,
87.831,
99.2975,
98.923818,
99.545664,
99.546957,
99.339848,
95.531229,
98.489381,
94.070767,
62.6489,
92.915551,
39.292918,
77.882299,
76.097158,
68.784633,
13.430336,
99.731866,
98.583876,
99.431594,
99.325011,
53.111827,
99.527107,
99.189672,
96.688819,
99.593626,
99.242868,
69.486777,
99.247454,
99.164659,
99.62999,
99.849613,
97.135911,
8.548063,
99.372267,
65.637621,
98.682298,
93.29759,
92.272347,
99.982094,
99.666599,
99.760739,
85.370209,
95.901986,
27.052761,
99.796101,
99.374928,
38.474934,
67.227303,
62.789339,
94.380174,
99.907555,
93.787638,
90.885709,
99.642092,
98.572681,
62.7455,
99.14452,
22.685506,
98.974623,
99.626354,
67.453221,
9.40098,
83.993365,
83.314802,
99.386851,
86.897407,
92.814884,
99.710178,
85.372778,
99.213193,
99.458146,
94.532262,
68.610803,
63.204022,
99.292941,
99.293772,
99.536563,
62.441732,
90.331415,
92.743558,
99.524824,
43.64875,
71.129392,
43.619,
99.830534,
98.177994,
54.361267,
99.025097,
99.073788,
86.629561,
94.616488,
99.488259,
99.553981,
97.701041,
93.438376,
98.967283,
22.899847,
90.651475,
99.958202,
98.949809,
91.458523,
99.363389,
99.8391,
69.790322,
99.907434,
98.971176,
92.921355,
22.474977,
95.526876,
99.817169,
71.724318,
50.416716,
43.721793,
94.108383,
91.286194,
61.339679,
96.750421,
32.344475,
92.851643,
88.391165,
99.750971,
98.458943,
73.531887,
64.39558,
99.606153,
93.645146,
57.901452,
97.393592,
97.27237,
98.185469,
99.887004,
99.952296,
98.456692,
32.124804,
97.032652,
88.210228,
99.358362,
84.692518,
92.785461,
96.457975,
99.154467,
75.49341,
99.802518,
67.803165,
64.310333,
87.792477,
95.943689,
97.259303,
65.767883,
95.907785,
99.535594,
88.217541,
98.47,
9.369285,
99.906133,
73.226867,
95.166822,
99.562151,
99.67716,
99.384861,
69.504964,
94.162351,
94.439916,
99.048729,
99.963792,
36.140039,
98.112286,
92.70526,
92.542946,
98.509397,
97.633786,
96.75971,
98.971875,
99.846442,
84.491022,
99.911435,
99.604562,
63.274067,
84.995914,
90.930963,
57.982175,
99.194672,
99.840733,
99.837317,
97.716095,
34.552356,
99.178429,
99.406746,
97.318609,
75.863913,
98.108637,
99.97196,
94.17433,
30.277261,
84.020972,
99.141944,
88.235825,
68.562893,
98.388028,
92.405286,
61.270648,
91.168783,
91.090395,
96.113357,
92.573449,
99.621508,
93.302405,
99.795852,
89.722458,
99.919713,
90.131495,
69.134984,
93.799449,
98.101144,
99.629588,
54.693635,
63.48644,
69.080338,
38.830618,
99.97384,
99.887069,
92.933203,
94.801864,
71.928048,
32.200709,
99.329146,
99.917424,
99.890809,
98.857214,
77.533188,
74.973209,
76.248869,
99.631147,
98.757605,
99.010867,
81.949896,
81.577638,
