16.0,56.0,17.0,0.0,3.0,2.0,
16.0,71.0,63.0,0.0,3.0,1.0,
128.0,88.0,21.0,0.0,3.0,1.0,
128.0,32.0,13.0,0.0,2.0,1.0,
16.0,93.0,21.0,0.0,2.0,1.0,
64.0,74.0,45.0,1.0,3.0,2.0,
16.0,79.0,18.0,0.0,3.0,1.0,
256.0,34.0,63.0,0.0,2.0,1.0,
128.0,61.0,38.0,0.0,3.0,1.0,
128.0,91.0,15.0,0.0,3.0,1.0,
64.0,84.0,20.0,0.0,3.0,2.0,
32.0,44.0,20.0,1.0,3.0,2.0,
64.0,22.0,9.0,0.0,2.0,1.0,
64.0,33.0,4.0,0.0,2.0,1.0,
16.0,31.0,16.0,0.0,3.0,1.0,
256.0,20.0,9.0,0.0,3.0,2.0,
16.0,31.0,29.0,0.0,3.0,1.0,
64.0,54.0,45.0,0.0,3.0,1.0,
16.0,59.0,152.0,0.0,3.0,1.0,
32.0,78.0,10.0,0.0,3.0,1.0,
64.0,61.0,25.0,0.0,3.0,1.0,
64.0,41.0,27.0,0.0,2.0,1.0,
64.0,9.0,55.0,0.0,2.0,1.0,
128.0,20.0,13.0,0.0,2.0,1.0,
32.0,20.0,9.0,1.0,3.0,2.0,
64.0,92.0,28.0,0.0,3.0,1.0,
64.0,61.0,41.0,0.0,2.0,1.0,
256.0,17.0,18.0,0.0,2.0,1.0,
32.0,77.0,3.0,0.0,3.0,2.0,
64.0,9.0,9.0,0.0,2.0,1.0,
64.0,43.0,42.0,0.0,3.0,2.0,
64.0,43.0,34.0,0.0,2.0,1.0,
128.0,47.0,20.0,0.0,2.0,1.0,
32.0,34.0,29.0,0.0,2.0,1.0,
256.0,88.0,10.0,0.0,3.0,1.0,
32.0,23.0,18.0,0.0,3.0,1.0,
256.0,18.0,34.0,0.0,3.0,1.0,
64.0,29.0,57.0,1.0,3.0,2.0,
16.0,85.0,16.0,0.0,3.0,1.0,
256.0,30.0,13.0,0.0,3.0,1.0,
64.0,64.0,44.0,0.0,3.0,1.0,
32.0,70.0,140.0,0.0,2.0,1.0,
128.0,36.0,19.0,0.0,3.0,2.0,
64.0,84.0,17.0,0.0,3.0,1.0,
32.0,56.0,54.0,0.0,2.0,1.0,
256.0,19.0,30.0,0.0,2.0,1.0,
64.0,31.0,16.0,0.0,3.0,2.0,
64.0,74.0,18.0,0.0,2.0,1.0,
16.0,7.0,3.0,1.0,3.0,2.0,
64.0,7.0,49.0,0.0,3.0,1.0,
64.0,67.0,44.0,0.0,3.0,2.0,
32.0,91.0,36.0,0.0,2.0,1.0,
64.0,66.0,26.0,0.0,3.0,1.0,
16.0,99.0,14.0,1.0,3.0,2.0,
128.0,46.0,131.0,1.0,3.0,2.0,
16.0,31.0,21.0,0.0,2.0,1.0,
64.0,81.0,104.0,0.0,2.0,1.0,
64.0,69.0,5.0,0.0,3.0,2.0,
64.0,81.0,9.0,0.0,2.0,1.0,
256.0,50.0,3.0,0.0,3.0,1.0,
32.0,22.0,7.0,0.0,3.0,1.0,
32.0,66.0,5.0,0.0,3.0,1.0,
64.0,41.0,26.0,1.0,3.0,2.0,
64.0,31.0,134.0,1.0,3.0,2.0,
64.0,5.0,44.0,0.0,2.0,1.0,
32.0,95.0,5.0,0.0,3.0,2.0,
256.0,66.0,4.0,1.0,3.0,2.0,
256.0,3.0,17.0,0.0,3.0,1.0,
32.0,78.0,10.0,0.0,3.0,2.0,
64.0,23.0,4.0,0.0,2.0,1.0,
32.0,13.0,13.0,0.0,2.0,1.0,
32.0,57.0,35.0,1.0,3.0,2.0,
128.0,17.0,66.0,0.0,2.0,1.0,
256.0,79.0,8.0,0.0,2.0,1.0,
16.0,51.0,7.0,0.0,2.0,1.0,
16.0,93.0,5.0,0.0,3.0,1.0,
64.0,58.0,9.0,0.0,2.0,1.0,
256.0,22.0,34.0,0.0,3.0,1.0,
16.0,85.0,24.0,0.0,2.0,1.0,
128.0,36.0,8.0,0.0,2.0,1.0,
64.0,85.0,12.0,1.0,3.0,2.0,
64.0,20.0,46.0,1.0,3.0,2.0,
64.0,10.0,129.0,0.0,3.0,1.0,
128.0,21.0,20.0,0.0,2.0,1.0,
64.0,45.0,7.0,0.0,3.0,1.0,
64.0,24.0,98.0,0.0,2.0,1.0,
128.0,7.0,21.0,0.0,2.0,1.0,
128.0,4.0,12.0,0.0,3.0,1.0,
64.0,91.0,10.0,0.0,2.0,1.0,
64.0,11.0,35.0,0.0,2.0,1.0,
256.0,95.0,13.0,0.0,2.0,1.0,
128.0,77.0,4.0,0.0,2.0,1.0,
32.0,73.0,81.0,1.0,3.0,2.0,
64.0,79.0,45.0,0.0,2.0,1.0,
32.0,34.0,100.0,0.0,2.0,1.0,
16.0,35.0,25.0,0.0,2.0,1.0,
256.0,58.0,3.0,0.0,2.0,1.0,
32.0,77.0,15.0,1.0,3.0,2.0,
32.0,17.0,11.0,0.0,2.0,1.0,
256.0,71.0,19.0,0.0,3.0,2.0,
128.0,44.0,17.0,0.0,3.0,1.0,
32.0,72.0,146.0,0.0,3.0,1.0,
16.0,9.0,3.0,0.0,2.0,1.0,
128.0,67.0,10.0,0.0,2.0,1.0,
128.0,80.0,42.0,1.0,3.0,2.0,
32.0,3.0,21.0,0.0,3.0,1.0,
16.0,85.0,3.0,0.0,2.0,1.0,
64.0,29.0,75.0,0.0,2.0,1.0,
64.0,17.0,6.0,1.0,3.0,2.0,
32.0,73.0,2.0,0.0,2.0,1.0,
32.0,33.0,80.0,0.0,2.0,1.0,
128.0,87.0,59.0,0.0,3.0,2.0,
32.0,90.0,3.0,0.0,2.0,1.0,
128.0,6.0,47.0,0.0,3.0,2.0,
16.0,60.0,16.0,0.0,2.0,1.0,
256.0,23.0,12.0,0.0,2.0,1.0,
32.0,40.0,21.0,0.0,2.0,1.0,
128.0,43.0,74.0,0.0,2.0,1.0,
256.0,18.0,50.0,0.0,3.0,1.0,
256.0,66.0,73.0,0.0,2.0,1.0,
64.0,75.0,56.0,1.0,3.0,2.0,
16.0,95.0,29.0,0.0,3.0,1.0,
16.0,89.0,217.0,0.0,2.0,1.0,
16.0,5.0,121.0,0.0,2.0,1.0,
256.0,70.0,16.0,0.0,2.0,1.0,
64.0,7.0,5.0,0.0,3.0,1.0,
128.0,35.0,71.0,0.0,3.0,1.0,
128.0,100.0,5.0,0.0,3.0,1.0,
128.0,29.0,17.0,0.0,2.0,1.0,
64.0,88.0,17.0,0.0,3.0,2.0,
32.0,97.0,13.0,0.0,2.0,1.0,
256.0,80.0,11.0,0.0,3.0,1.0,
256.0,23.0,11.0,0.0,2.0,1.0,
16.0,99.0,27.0,0.0,2.0,1.0,
16.0,37.0,15.0,0.0,2.0,1.0,
128.0,35.0,3.0,0.0,3.0,1.0,
64.0,14.0,2.0,1.0,3.0,2.0,
64.0,28.0,61.0,0.0,2.0,1.0,
32.0,25.0,4.0,0.0,2.0,1.0,
128.0,58.0,8.0,0.0,3.0,1.0,
16.0,41.0,8.0,1.0,3.0,2.0,
32.0,4.0,20.0,0.0,3.0,1.0,
256.0,81.0,37.0,0.0,2.0,1.0,
16.0,84.0,8.0,0.0,3.0,1.0,
16.0,65.0,32.0,0.0,2.0,1.0,
64.0,69.0,147.0,0.0,2.0,1.0,
32.0,17.0,7.0,0.0,3.0,1.0,
256.0,38.0,89.0,0.0,3.0,1.0,
32.0,46.0,9.0,0.0,2.0,1.0,
32.0,6.0,5.0,0.0,2.0,1.0,
16.0,81.0,13.0,0.0,3.0,1.0,
128.0,12.0,66.0,0.0,3.0,1.0,
64.0,3.0,5.0,0.0,3.0,1.0,
64.0,70.0,7.0,0.0,2.0,1.0,
64.0,18.0,59.0,1.0,3.0,2.0,
64.0,97.0,55.0,1.0,3.0,2.0,
128.0,23.0,140.0,0.0,2.0,1.0,
128.0,100.0,38.0,0.0,3.0,1.0,
256.0,58.0,24.0,0.0,2.0,1.0,
64.0,45.0,6.0,0.0,2.0,1.0,
128.0,98.0,25.0,0.0,3.0,1.0,
32.0,76.0,1.0,1.0,3.0,2.0,
64.0,36.0,36.0,0.0,2.0,1.0,
16.0,93.0,24.0,0.0,3.0,2.0,
128.0,12.0,56.0,0.0,3.0,2.0,
128.0,94.0,83.0,0.0,3.0,1.0,
16.0,99.0,5.0,0.0,2.0,1.0,
256.0,14.0,124.0,0.0,2.0,1.0,
16.0,40.0,8.0,0.0,2.0,1.0,
16.0,10.0,7.0,0.0,2.0,1.0,
256.0,55.0,12.0,0.0,2.0,1.0,
256.0,95.0,6.0,1.0,3.0,2.0,
32.0,72.0,149.0,1.0,3.0,2.0,
16.0,9.0,3.0,0.0,3.0,2.0,
16.0,47.0,9.0,0.0,2.0,1.0,
256.0,11.0,27.0,0.0,2.0,1.0,
32.0,64.0,6.0,0.0,2.0,1.0,
64.0,93.0,3.0,0.0,2.0,1.0,
64.0,39.0,19.0,0.0,2.0,1.0,
64.0,61.0,61.0,0.0,2.0,1.0,
128.0,49.0,17.0,1.0,3.0,2.0,
256.0,92.0,51.0,1.0,3.0,2.0,
128.0,83.0,20.0,0.0,2.0,1.0,
256.0,27.0,8.0,0.0,3.0,2.0,
64.0,97.0,11.0,0.0,2.0,1.0,
64.0,59.0,118.0,0.0,2.0,1.0,
128.0,76.0,5.0,1.0,3.0,2.0,
16.0,78.0,16.0,0.0,2.0,1.0,
256.0,90.0,11.0,0.0,2.0,1.0,
32.0,58.0,22.0,1.0,3.0,2.0,
32.0,87.0,2.0,0.0,2.0,1.0,
128.0,65.0,126.0,0.0,3.0,1.0,
128.0,37.0,7.0,0.0,2.0,1.0,
32.0,84.0,38.0,0.0,3.0,1.0,
64.0,91.0,129.0,0.0,3.0,1.0,
32.0,14.0,100.0,1.0,3.0,2.0,
128.0,69.0,47.0,0.0,2.0,1.0,
16.0,27.0,2.0,0.0,2.0,1.0,
32.0,94.0,22.0,0.0,3.0,1.0,
256.0,30.0,1.0,1.0,3.0,2.0,
64.0,34.0,6.0,0.0,2.0,1.0,
64.0,38.0,15.0,0.0,3.0,1.0,
16.0,95.0,60.0,1.0,3.0,2.0,
64.0,54.0,3.0,0.0,2.0,1.0,
256.0,32.0,42.0,0.0,2.0,1.0,
256.0,94.0,32.0,0.0,3.0,2.0,
16.0,25.0,15.0,0.0,3.0,2.0,
16.0,43.0,43.0,1.0,3.0,2.0,
64.0,25.0,2.0,0.0,2.0,1.0,
32.0,71.0,64.0,0.0,3.0,1.0,
256.0,70.0,3.0,0.0,2.0,1.0,
16.0,16.0,16.0,0.0,2.0,1.0,
32.0,52.0,10.0,0.0,2.0,1.0,
128.0,81.0,6.0,0.0,2.0,1.0,
256.0,64.0,12.0,0.0,2.0,1.0,
128.0,73.0,4.0,0.0,2.0,1.0,
16.0,42.0,56.0,0.0,2.0,1.0,
128.0,50.0,24.0,0.0,2.0,1.0,
256.0,7.0,77.0,0.0,2.0,1.0,
32.0,20.0,27.0,0.0,2.0,1.0,
32.0,19.0,2.0,1.0,3.0,2.0,
32.0,14.0,15.0,0.0,3.0,1.0,
32.0,33.0,45.0,0.0,3.0,1.0,
256.0,96.0,5.0,0.0,2.0,1.0,
256.0,97.0,19.0,0.0,2.0,1.0,
256.0,50.0,73.0,0.0,3.0,2.0,
64.0,54.0,26.0,0.0,3.0,2.0,
32.0,46.0,98.0,0.0,2.0,1.0,
16.0,83.0,104.0,0.0,3.0,1.0,
64.0,38.0,124.0,0.0,3.0,1.0,
16.0,58.0,13.0,0.0,2.0,1.0,
256.0,80.0,2.0,0.0,2.0,1.0,
16.0,40.0,30.0,1.0,3.0,2.0,
16.0,49.0,10.0,0.0,2.0,1.0,
32.0,42.0,41.0,0.0,2.0,1.0,
128.0,41.0,53.0,0.0,3.0,2.0,
128.0,7.0,17.0,1.0,3.0,2.0,
64.0,75.0,14.0,1.0,3.0,2.0,
64.0,73.0,2.0,1.0,3.0,2.0,
32.0,27.0,35.0,0.0,2.0,1.0,
32.0,8.0,37.0,0.0,2.0,1.0,
32.0,35.0,8.0,0.0,3.0,2.0,
64.0,81.0,9.0,0.0,3.0,1.0,
32.0,21.0,64.0,0.0,2.0,1.0,
64.0,3.0,57.0,0.0,2.0,1.0,
16.0,3.0,24.0,0.0,3.0,1.0,
64.0,13.0,84.0,0.0,3.0,1.0,
128.0,8.0,31.0,0.0,3.0,1.0,
256.0,6.0,13.0,0.0,2.0,1.0,
32.0,49.0,99.0,0.0,2.0,1.0,
128.0,4.0,49.0,0.0,3.0,1.0,
32.0,75.0,51.0,0.0,2.0,1.0,
16.0,60.0,41.0,1.0,3.0,2.0,
32.0,38.0,32.0,0.0,2.0,1.0,
64.0,12.0,11.0,0.0,2.0,1.0,
64.0,48.0,64.0,0.0,3.0,1.0,
32.0,32.0,7.0,0.0,3.0,2.0,
32.0,24.0,46.0,0.0,2.0,1.0,
64.0,88.0,177.0,0.0,2.0,1.0,
256.0,39.0,56.0,0.0,3.0,1.0,
64.0,33.0,46.0,0.0,2.0,1.0,
128.0,71.0,74.0,0.0,2.0,1.0,
16.0,46.0,37.0,0.0,2.0,1.0,
128.0,6.0,4.0,0.0,3.0,1.0,
128.0,19.0,13.0,0.0,3.0,1.0,
32.0,96.0,82.0,0.0,2.0,1.0,
128.0,74.0,36.0,0.0,2.0,1.0,
128.0,62.0,36.0,0.0,3.0,1.0,
256.0,18.0,48.0,0.0,3.0,1.0,
32.0,49.0,12.0,0.0,2.0,1.0,
32.0,65.0,67.0,0.0,3.0,1.0,
256.0,82.0,21.0,0.0,2.0,1.0,
256.0,4.0,10.0,0.0,3.0,1.0,
32.0,12.0,15.0,0.0,3.0,1.0,
256.0,55.0,3.0,0.0,2.0,1.0,
16.0,68.0,5.0,0.0,2.0,1.0,
256.0,28.0,17.0,0.0,3.0,2.0,
64.0,69.0,27.0,0.0,2.0,1.0,
32.0,82.0,39.0,0.0,3.0,1.0,
128.0,81.0,8.0,0.0,3.0,2.0,
256.0,96.0,24.0,0.0,2.0,1.0,
32.0,9.0,77.0,0.0,2.0,1.0,
64.0,28.0,53.0,0.0,3.0,1.0,
32.0,53.0,3.0,1.0,3.0,2.0,
256.0,50.0,8.0,0.0,2.0,1.0,
256.0,53.0,21.0,0.0,2.0,1.0,
256.0,65.0,40.0,0.0,2.0,1.0,
32.0,24.0,4.0,0.0,3.0,2.0,
64.0,18.0,145.0,0.0,3.0,2.0,
256.0,52.0,10.0,0.0,2.0,1.0,
32.0,60.0,72.0,0.0,2.0,1.0,
128.0,72.0,134.0,0.0,2.0,1.0,
32.0,63.0,15.0,0.0,2.0,1.0,
16.0,19.0,15.0,0.0,3.0,1.0,
128.0,15.0,4.0,0.0,2.0,1.0,
128.0,33.0,5.0,1.0,3.0,2.0,
256.0,55.0,94.0,0.0,3.0,2.0,
16.0,47.0,12.0,0.0,2.0,1.0,
128.0,99.0,52.0,0.0,2.0,1.0,
64.0,80.0,41.0,0.0,2.0,1.0,
256.0,18.0,55.0,0.0,2.0,1.0,
32.0,69.0,9.0,0.0,2.0,1.0,
128.0,34.0,54.0,0.0,2.0,1.0,
64.0,60.0,51.0,0.0,2.0,1.0,
64.0,4.0,135.0,0.0,2.0,1.0,
256.0,52.0,10.0,0.0,3.0,2.0,
64.0,40.0,131.0,0.0,3.0,1.0,
32.0,3.0,75.0,0.0,2.0,1.0,
32.0,75.0,21.0,0.0,2.0,1.0,
32.0,67.0,18.0,1.0,3.0,2.0,
256.0,53.0,34.0,1.0,3.0,2.0,
16.0,71.0,2.0,0.0,2.0,1.0,
32.0,74.0,6.0,0.0,3.0,1.0,
32.0,65.0,142.0,0.0,2.0,1.0,
16.0,96.0,23.0,0.0,3.0,2.0,
32.0,74.0,4.0,0.0,3.0,1.0,
32.0,45.0,9.0,0.0,3.0,2.0,
16.0,71.0,24.0,0.0,2.0,1.0,
256.0,31.0,13.0,0.0,2.0,1.0,
128.0,78.0,20.0,0.0,2.0,1.0,
128.0,47.0,16.0,0.0,2.0,1.0,
16.0,67.0,13.0,0.0,2.0,1.0,
32.0,64.0,7.0,0.0,2.0,1.0,
128.0,17.0,8.0,0.0,3.0,1.0,
16.0,43.0,95.0,1.0,3.0,2.0,
16.0,97.0,3.0,0.0,3.0,2.0,
32.0,99.0,7.0,0.0,2.0,1.0,
32.0,43.0,49.0,0.0,2.0,1.0,
128.0,9.0,34.0,0.0,2.0,1.0,
64.0,30.0,47.0,0.0,2.0,1.0,
16.0,68.0,82.0,0.0,2.0,1.0,
32.0,39.0,4.0,1.0,3.0,2.0,
128.0,38.0,11.0,1.0,3.0,2.0,
16.0,14.0,8.0,0.0,3.0,1.0,
32.0,31.0,6.0,0.0,3.0,2.0,
32.0,88.0,41.0,1.0,3.0,2.0,
32.0,27.0,4.0,0.0,3.0,1.0,
32.0,72.0,45.0,0.0,3.0,1.0,
128.0,33.0,18.0,1.0,3.0,2.0,
128.0,59.0,11.0,0.0,3.0,1.0,
64.0,14.0,54.0,1.0,3.0,2.0,
32.0,26.0,60.0,1.0,3.0,2.0,
16.0,43.0,19.0,1.0,3.0,2.0,
64.0,20.0,6.0,0.0,3.0,2.0,
16.0,24.0,25.0,0.0,2.0,1.0,
128.0,8.0,3.0,0.0,2.0,1.0,
16.0,91.0,140.0,0.0,2.0,1.0,
128.0,41.0,7.0,0.0,2.0,1.0,
32.0,88.0,31.0,1.0,3.0,2.0,
256.0,24.0,21.0,0.0,2.0,1.0,
32.0,42.0,53.0,0.0,3.0,1.0,
256.0,28.0,22.0,0.0,2.0,1.0,
16.0,60.0,46.0,0.0,3.0,1.0,
64.0,5.0,71.0,0.0,2.0,1.0,
16.0,95.0,35.0,0.0,3.0,1.0,
16.0,83.0,83.0,1.0,3.0,2.0,
256.0,54.0,7.0,0.0,2.0,1.0,
16.0,79.0,94.0,0.0,2.0,1.0,
32.0,34.0,27.0,0.0,2.0,1.0,
16.0,25.0,23.0,0.0,3.0,1.0,
16.0,33.0,28.0,0.0,2.0,1.0,
128.0,14.0,86.0,1.0,3.0,2.0,
256.0,89.0,13.0,0.0,2.0,1.0,
256.0,55.0,26.0,0.0,2.0,1.0,
128.0,72.0,29.0,0.0,2.0,1.0,
256.0,34.0,29.0,0.0,2.0,1.0,
32.0,42.0,94.0,0.0,3.0,2.0,
256.0,4.0,43.0,0.0,2.0,1.0,
32.0,12.0,5.0,0.0,3.0,1.0,
128.0,49.0,2.0,0.0,2.0,1.0,
16.0,61.0,21.0,0.0,2.0,1.0,
32.0,37.0,12.0,0.0,3.0,1.0,
16.0,58.0,17.0,1.0,3.0,2.0,
64.0,94.0,5.0,0.0,2.0,1.0,
128.0,90.0,9.0,1.0,3.0,2.0,
128.0,78.0,12.0,0.0,2.0,1.0,
16.0,76.0,42.0,0.0,3.0,1.0,
256.0,80.0,10.0,0.0,2.0,1.0,
128.0,45.0,120.0,0.0,2.0,1.0,
16.0,85.0,6.0,0.0,3.0,1.0,
256.0,84.0,6.0,0.0,3.0,1.0,
32.0,6.0,7.0,0.0,3.0,2.0,
16.0,47.0,113.0,1.0,3.0,2.0,
128.0,16.0,16.0,1.0,3.0,2.0,
64.0,76.0,9.0,1.0,3.0,2.0,
64.0,51.0,47.0,1.0,3.0,2.0,
256.0,31.0,27.0,0.0,2.0,1.0,
128.0,89.0,28.0,0.0,2.0,1.0,
16.0,14.0,128.0,0.0,3.0,2.0,
16.0,10.0,49.0,0.0,2.0,1.0,
32.0,92.0,8.0,0.0,3.0,1.0,
128.0,32.0,13.0,0.0,3.0,1.0,
256.0,75.0,3.0,0.0,2.0,1.0,
64.0,36.0,143.0,0.0,3.0,1.0,
64.0,18.0,4.0,1.0,3.0,2.0,
64.0,60.0,114.0,0.0,2.0,1.0,
128.0,53.0,20.0,0.0,3.0,2.0,
256.0,44.0,13.0,0.0,2.0,1.0,
16.0,46.0,44.0,0.0,2.0,1.0,
128.0,6.0,25.0,0.0,2.0,1.0,
16.0,24.0,50.0,0.0,3.0,2.0,
16.0,71.0,13.0,0.0,3.0,1.0,
128.0,29.0,20.0,0.0,2.0,1.0,
16.0,97.0,29.0,0.0,2.0,1.0,
128.0,89.0,16.0,0.0,3.0,1.0,
16.0,7.0,7.0,0.0,3.0,1.0,
128.0,23.0,26.0,1.0,3.0,2.0,
64.0,37.0,3.0,0.0,2.0,1.0,
256.0,11.0,10.0,1.0,3.0,2.0,
32.0,6.0,5.0,0.0,2.0,1.0,
64.0,44.0,38.0,0.0,2.0,1.0,
256.0,13.0,5.0,0.0,2.0,1.0,
64.0,55.0,7.0,0.0,3.0,2.0,
256.0,95.0,23.0,0.0,2.0,1.0,
64.0,35.0,30.0,1.0,3.0,2.0,
32.0,24.0,1.0,1.0,3.0,2.0,
256.0,74.0,29.0,1.0,3.0,2.0,
32.0,38.0,113.0,1.0,3.0,2.0,
128.0,72.0,27.0,0.0,2.0,1.0,
128.0,31.0,18.0,0.0,2.0,1.0,
128.0,5.0,10.0,0.0,3.0,1.0,
256.0,11.0,29.0,1.0,3.0,2.0,
64.0,86.0,27.0,0.0,2.0,1.0,
64.0,14.0,8.0,0.0,3.0,2.0,
256.0,67.0,3.0,0.0,3.0,1.0,
64.0,91.0,2.0,0.0,2.0,1.0,
128.0,85.0,24.0,0.0,2.0,1.0,
16.0,20.0,48.0,0.0,2.0,1.0,
32.0,66.0,34.0,0.0,2.0,1.0,
128.0,11.0,153.0,1.0,3.0,2.0,
256.0,26.0,16.0,0.0,3.0,2.0,
128.0,4.0,18.0,0.0,3.0,1.0,
64.0,76.0,31.0,0.0,2.0,1.0,
64.0,100.0,20.0,0.0,3.0,2.0,
32.0,92.0,5.0,0.0,3.0,1.0,
64.0,59.0,10.0,0.0,2.0,1.0,
16.0,34.0,3.0,0.0,3.0,1.0,
256.0,50.0,44.0,0.0,2.0,1.0,
16.0,97.0,21.0,0.0,2.0,1.0,
64.0,42.0,157.0,0.0,2.0,1.0,
64.0,52.0,38.0,0.0,2.0,1.0,
16.0,51.0,88.0,0.0,2.0,1.0,
256.0,90.0,3.0,0.0,2.0,1.0,
64.0,27.0,30.0,0.0,3.0,1.0,
64.0,3.0,55.0,0.0,2.0,1.0,
32.0,87.0,64.0,0.0,2.0,1.0,
64.0,47.0,10.0,0.0,2.0,1.0,
32.0,38.0,9.0,0.0,2.0,1.0,
128.0,30.0,17.0,0.0,3.0,1.0,
256.0,28.0,35.0,0.0,3.0,2.0,
64.0,56.0,127.0,0.0,2.0,1.0,
128.0,82.0,6.0,0.0,2.0,1.0,
16.0,6.0,19.0,0.0,2.0,1.0,
32.0,44.0,5.0,0.0,2.0,1.0,
128.0,39.0,5.0,0.0,3.0,1.0,
128.0,15.0,67.0,0.0,2.0,1.0,
16.0,85.0,3.0,0.0,3.0,1.0,
16.0,31.0,73.0,0.0,2.0,1.0,
64.0,57.0,23.0,0.0,2.0,1.0,
256.0,92.0,19.0,0.0,2.0,1.0,
256.0,36.0,15.0,1.0,3.0,2.0,
32.0,44.0,10.0,0.0,2.0,1.0,
128.0,89.0,8.0,0.0,3.0,2.0,
64.0,6.0,3.0,0.0,3.0,2.0,
256.0,90.0,8.0,0.0,2.0,1.0,
64.0,47.0,9.0,0.0,3.0,1.0,
128.0,47.0,14.0,0.0,2.0,1.0,
16.0,66.0,12.0,0.0,2.0,1.0,
16.0,8.0,74.0,0.0,3.0,1.0,
128.0,44.0,7.0,1.0,3.0,2.0,
16.0,90.0,28.0,0.0,2.0,1.0,
128.0,74.0,130.0,0.0,3.0,2.0,
64.0,42.0,52.0,0.0,3.0,1.0,
128.0,47.0,21.0,0.0,2.0,1.0,
256.0,19.0,4.0,0.0,2.0,1.0,
64.0,88.0,26.0,0.0,2.0,1.0,
128.0,19.0,14.0,0.0,3.0,2.0,
128.0,95.0,31.0,0.0,2.0,1.0,
16.0,73.0,46.0,0.0,2.0,1.0,
256.0,32.0,11.0,0.0,3.0,1.0,
256.0,75.0,15.0,0.0,2.0,1.0,
32.0,59.0,22.0,0.0,3.0,1.0,
16.0,14.0,9.0,0.0,2.0,1.0,
128.0,58.0,12.0,0.0,3.0,1.0,
16.0,68.0,57.0,1.0,3.0,2.0,
64.0,17.0,8.0,0.0,2.0,1.0,
16.0,59.0,82.0,0.0,2.0,1.0,
128.0,42.0,18.0,0.0,3.0,1.0,
64.0,100.0,17.0,0.0,2.0,1.0,
128.0,54.0,2.0,0.0,3.0,2.0,
256.0,70.0,7.0,0.0,2.0,1.0,
32.0,84.0,5.0,0.0,3.0,1.0,
128.0,95.0,15.0,0.0,2.0,1.0,
128.0,9.0,8.0,0.0,2.0,1.0,
32.0,88.0,8.0,0.0,3.0,1.0,
64.0,13.0,24.0,0.0,3.0,1.0,
32.0,26.0,7.0,0.0,2.0,1.0,
128.0,27.0,9.0,0.0,2.0,1.0,
16.0,69.0,90.0,1.0,3.0,2.0,
128.0,85.0,19.0,0.0,2.0,1.0,
32.0,88.0,15.0,0.0,3.0,2.0,
32.0,86.0,23.0,0.0,3.0,2.0,
64.0,29.0,10.0,0.0,2.0,1.0,
64.0,83.0,8.0,0.0,2.0,1.0,
32.0,23.0,96.0,0.0,2.0,1.0,
16.0,35.0,18.0,0.0,2.0,1.0,
256.0,86.0,37.0,0.0,3.0,2.0,
32.0,88.0,12.0,0.0,2.0,1.0,
256.0,33.0,17.0,0.0,2.0,1.0,
64.0,30.0,21.0,0.0,3.0,1.0,
64.0,57.0,37.0,0.0,2.0,1.0,
128.0,59.0,2.0,0.0,3.0,2.0,
128.0,81.0,34.0,0.0,2.0,1.0,
64.0,17.0,18.0,0.0,3.0,1.0,
16.0,9.0,6.0,0.0,2.0,1.0,
256.0,8.0,13.0,0.0,3.0,1.0,
16.0,52.0,12.0,0.0,3.0,2.0,
32.0,4.0,70.0,0.0,3.0,1.0,
64.0,25.0,7.0,0.0,3.0,1.0,
64.0,29.0,25.0,0.0,2.0,1.0,
256.0,9.0,80.0,0.0,2.0,1.0,
16.0,11.0,43.0,1.0,3.0,2.0,
32.0,36.0,55.0,0.0,3.0,1.0,
256.0,90.0,4.0,1.0,3.0,2.0,
64.0,80.0,74.0,0.0,2.0,1.0,
16.0,83.0,3.0,1.0,3.0,2.0,
128.0,40.0,3.0,0.0,2.0,1.0,
64.0,10.0,10.0,0.0,3.0,1.0,
256.0,90.0,91.0,0.0,2.0,1.0,
128.0,61.0,58.0,0.0,3.0,2.0,
128.0,10.0,7.0,0.0,3.0,1.0,
64.0,47.0,5.0,0.0,3.0,1.0,
128.0,90.0,22.0,0.0,2.0,1.0,
256.0,48.0,6.0,0.0,2.0,1.0,
32.0,53.0,195.0,0.0,3.0,2.0,
32.0,89.0,8.0,0.0,2.0,1.0,
32.0,100.0,4.0,0.0,2.0,1.0,
256.0,48.0,56.0,0.0,2.0,1.0,
128.0,99.0,6.0,0.0,2.0,1.0,
32.0,44.0,2.0,0.0,2.0,1.0,
128.0,100.0,15.0,0.0,3.0,2.0,
32.0,12.0,5.0,0.0,3.0,1.0,
64.0,36.0,1.0,1.0,3.0,2.0,
64.0,63.0,9.0,0.0,3.0,2.0,
32.0,75.0,56.0,0.0,3.0,1.0,
128.0,71.0,23.0,0.0,3.0,1.0,
64.0,20.0,28.0,0.0,2.0,1.0,
128.0,5.0,85.0,0.0,2.0,1.0,
32.0,91.0,8.0,0.0,2.0,1.0,
128.0,70.0,77.0,0.0,2.0,1.0,
32.0,32.0,40.0,0.0,2.0,1.0,
64.0,85.0,33.0,0.0,3.0,1.0,
256.0,12.0,15.0,0.0,3.0,1.0,
256.0,61.0,12.0,0.0,2.0,1.0,
256.0,21.0,7.0,0.0,2.0,1.0,
64.0,73.0,94.0,0.0,3.0,2.0,
256.0,8.0,5.0,0.0,2.0,1.0,
16.0,96.0,36.0,0.0,2.0,1.0,
64.0,25.0,27.0,0.0,3.0,2.0,
64.0,49.0,4.0,0.0,2.0,1.0,
16.0,16.0,28.0,0.0,3.0,2.0,
32.0,58.0,127.0,0.0,2.0,1.0,
64.0,84.0,161.0,0.0,3.0,1.0,
16.0,66.0,39.0,0.0,3.0,1.0,
16.0,42.0,57.0,0.0,2.0,1.0,
16.0,45.0,33.0,0.0,2.0,1.0,
16.0,100.0,11.0,1.0,3.0,2.0,
16.0,23.0,36.0,0.0,2.0,1.0,
64.0,95.0,8.0,0.0,3.0,1.0,
128.0,36.0,45.0,0.0,2.0,1.0,
256.0,33.0,44.0,0.0,2.0,1.0,
128.0,66.0,18.0,0.0,2.0,1.0,
256.0,76.0,31.0,0.0,3.0,1.0,
256.0,62.0,6.0,1.0,3.0,2.0,
16.0,13.0,10.0,0.0,2.0,1.0,
256.0,84.0,2.0,0.0,2.0,1.0,
16.0,19.0,67.0,0.0,2.0,1.0,
16.0,52.0,16.0,0.0,3.0,1.0,
128.0,89.0,47.0,1.0,3.0,2.0,
256.0,85.0,5.0,0.0,3.0,2.0,
128.0,53.0,4.0,0.0,3.0,2.0,
32.0,68.0,99.0,0.0,2.0,1.0,
32.0,92.0,90.0,0.0,2.0,1.0,
256.0,13.0,30.0,0.0,2.0,1.0,
128.0,90.0,97.0,0.0,2.0,1.0,
16.0,28.0,40.0,0.0,2.0,1.0,
256.0,10.0,12.0,0.0,3.0,1.0,
16.0,33.0,8.0,0.0,3.0,1.0,
32.0,44.0,90.0,0.0,3.0,2.0,
16.0,70.0,37.0,0.0,2.0,1.0,
32.0,89.0,116.0,0.0,2.0,1.0,
128.0,26.0,17.0,0.0,3.0,2.0,
128.0,6.0,6.0,0.0,2.0,1.0,
32.0,37.0,34.0,1.0,3.0,2.0,
32.0,79.0,104.0,0.0,2.0,1.0,
32.0,26.0,11.0,0.0,2.0,1.0,
256.0,27.0,15.0,0.0,3.0,1.0,
32.0,9.0,26.0,0.0,3.0,1.0,
16.0,14.0,29.0,0.0,2.0,1.0,
128.0,30.0,50.0,0.0,2.0,1.0,
64.0,81.0,14.0,0.0,2.0,1.0,
256.0,3.0,11.0,1.0,3.0,2.0,
64.0,51.0,16.0,0.0,2.0,1.0,
32.0,28.0,70.0,0.0,2.0,1.0,
128.0,79.0,84.0,0.0,3.0,1.0,
64.0,27.0,10.0,0.0,2.0,1.0,
64.0,74.0,155.0,0.0,3.0,2.0,
256.0,47.0,83.0,1.0,3.0,2.0,
64.0,91.0,68.0,1.0,3.0,2.0,
64.0,42.0,60.0,0.0,3.0,2.0,
128.0,31.0,6.0,0.0,2.0,1.0,
256.0,79.0,20.0,0.0,3.0,2.0,
16.0,79.0,13.0,1.0,3.0,2.0,
16.0,73.0,66.0,0.0,3.0,1.0,
128.0,4.0,17.0,0.0,3.0,1.0,
32.0,93.0,64.0,1.0,3.0,2.0,
256.0,10.0,48.0,0.0,2.0,1.0,
16.0,36.0,16.0,0.0,2.0,1.0,
32.0,26.0,6.0,0.0,3.0,2.0,
128.0,38.0,38.0,0.0,2.0,1.0,
16.0,63.0,69.0,0.0,2.0,1.0,
128.0,97.0,4.0,0.0,3.0,2.0,
256.0,41.0,40.0,0.0,2.0,1.0,
128.0,77.0,6.0,0.0,2.0,1.0,
64.0,47.0,7.0,0.0,2.0,1.0,
16.0,41.0,8.0,0.0,2.0,1.0,
64.0,28.0,79.0,0.0,2.0,1.0,
16.0,10.0,48.0,0.0,3.0,2.0,
16.0,66.0,84.0,1.0,3.0,2.0,
32.0,87.0,55.0,1.0,3.0,2.0,
16.0,37.0,6.0,0.0,2.0,1.0,
32.0,70.0,7.0,0.0,2.0,1.0,
256.0,91.0,2.0,0.0,2.0,1.0,
256.0,52.0,21.0,0.0,3.0,1.0,
128.0,88.0,21.0,0.0,2.0,1.0,
64.0,62.0,32.0,0.0,3.0,2.0,
16.0,9.0,55.0,0.0,2.0,1.0,
16.0,61.0,100.0,0.0,2.0,1.0,
64.0,63.0,18.0,0.0,3.0,1.0,
128.0,80.0,7.0,0.0,3.0,1.0,
32.0,8.0,14.0,0.0,2.0,1.0,
128.0,91.0,69.0,0.0,3.0,1.0,
32.0,82.0,19.0,0.0,2.0,1.0,
64.0,54.0,25.0,0.0,2.0,1.0,
256.0,94.0,94.0,1.0,3.0,2.0,
64.0,4.0,2.0,0.0,2.0,1.0,
128.0,64.0,5.0,0.0,3.0,1.0,
256.0,56.0,20.0,0.0,2.0,1.0,
128.0,28.0,5.0,0.0,3.0,2.0,
64.0,54.0,6.0,0.0,3.0,2.0,
128.0,74.0,11.0,0.0,2.0,1.0,
128.0,57.0,38.0,0.0,3.0,2.0,
128.0,31.0,11.0,0.0,2.0,1.0,
16.0,24.0,4.0,0.0,2.0,1.0,
16.0,74.0,31.0,0.0,3.0,1.0,
16.0,66.0,26.0,1.0,3.0,2.0,
256.0,52.0,11.0,0.0,3.0,2.0,
64.0,40.0,26.0,1.0,3.0,2.0,
256.0,5.0,4.0,0.0,3.0,1.0,
32.0,22.0,7.0,0.0,2.0,1.0,
64.0,59.0,2.0,0.0,2.0,1.0,
16.0,61.0,11.0,0.0,3.0,1.0,
128.0,93.0,25.0,1.0,3.0,2.0,
256.0,50.0,35.0,0.0,2.0,1.0,
128.0,27.0,20.0,0.0,2.0,1.0,
16.0,54.0,14.0,0.0,2.0,1.0,
32.0,21.0,109.0,1.0,3.0,2.0,
128.0,72.0,122.0,0.0,2.0,1.0,
32.0,32.0,16.0,0.0,3.0,2.0,
16.0,14.0,5.0,1.0,3.0,2.0,
128.0,20.0,57.0,0.0,3.0,1.0,
256.0,6.0,24.0,0.0,2.0,1.0,
32.0,86.0,8.0,0.0,2.0,1.0,
256.0,68.0,2.0,0.0,2.0,1.0,
256.0,9.0,9.0,0.0,3.0,1.0,
128.0,50.0,16.0,0.0,2.0,1.0,
32.0,79.0,3.0,1.0,3.0,2.0,
256.0,58.0,1.0,1.0,3.0,2.0,
32.0,71.0,7.0,0.0,2.0,1.0,
128.0,12.0,18.0,0.0,3.0,2.0,
256.0,99.0,25.0,1.0,3.0,2.0,
16.0,73.0,2.0,1.0,3.0,2.0,
128.0,98.0,39.0,0.0,3.0,1.0,
32.0,3.0,151.0,0.0,2.0,1.0,
64.0,58.0,20.0,0.0,3.0,2.0,
64.0,94.0,5.0,0.0,2.0,1.0,
128.0,26.0,34.0,0.0,3.0,2.0,
32.0,36.0,146.0,0.0,3.0,2.0,
128.0,15.0,13.0,0.0,3.0,1.0,
256.0,11.0,2.0,0.0,2.0,1.0,
32.0,7.0,22.0,0.0,2.0,1.0,
32.0,7.0,44.0,0.0,2.0,1.0,
32.0,38.0,26.0,0.0,3.0,2.0,
16.0,34.0,7.0,0.0,3.0,2.0,
64.0,47.0,5.0,0.0,3.0,1.0,
16.0,17.0,54.0,0.0,2.0,1.0,
256.0,64.0,3.0,0.0,3.0,1.0,
32.0,4.0,14.0,0.0,3.0,1.0,
64.0,76.0,10.0,0.0,3.0,1.0,
64.0,13.0,8.0,0.0,3.0,2.0,
32.0,24.0,3.0,0.0,3.0,2.0,
256.0,29.0,102.0,0.0,2.0,1.0,
128.0,70.0,17.0,0.0,2.0,1.0,
16.0,53.0,36.0,0.0,2.0,1.0,
128.0,47.0,24.0,0.0,2.0,1.0,
64.0,23.0,17.0,0.0,3.0,2.0,
16.0,33.0,10.0,0.0,3.0,1.0,
64.0,43.0,125.0,1.0,3.0,2.0,
128.0,3.0,3.0,0.0,3.0,1.0,
32.0,20.0,5.0,1.0,3.0,2.0,
256.0,44.0,18.0,0.0,3.0,2.0,
128.0,58.0,49.0,0.0,2.0,1.0,
256.0,36.0,4.0,0.0,2.0,1.0,
128.0,47.0,30.0,0.0,3.0,1.0,
32.0,23.0,2.0,0.0,3.0,2.0,
32.0,60.0,7.0,0.0,3.0,2.0,
32.0,7.0,88.0,0.0,2.0,1.0,
16.0,35.0,11.0,1.0,3.0,2.0,
32.0,99.0,15.0,0.0,2.0,1.0,
16.0,32.0,22.0,1.0,3.0,2.0,
256.0,89.0,3.0,1.0,3.0,2.0,
128.0,50.0,75.0,0.0,2.0,1.0,
16.0,24.0,33.0,0.0,2.0,1.0,
32.0,16.0,6.0,1.0,3.0,2.0,
16.0,74.0,7.0,0.0,3.0,2.0,
128.0,3.0,20.0,1.0,3.0,2.0,
256.0,54.0,48.0,0.0,2.0,1.0,
128.0,6.0,66.0,0.0,3.0,1.0,
64.0,34.0,7.0,0.0,2.0,1.0,
32.0,86.0,47.0,0.0,2.0,1.0,
32.0,79.0,122.0,0.0,3.0,1.0,
32.0,72.0,35.0,0.0,3.0,1.0,
128.0,35.0,15.0,0.0,2.0,1.0,
64.0,10.0,11.0,0.0,2.0,1.0,
128.0,61.0,27.0,0.0,2.0,1.0,
32.0,58.0,25.0,1.0,3.0,2.0,
256.0,5.0,7.0,0.0,3.0,1.0,
256.0,25.0,7.0,0.0,2.0,1.0,
256.0,88.0,33.0,0.0,2.0,1.0,
16.0,45.0,3.0,0.0,3.0,1.0,
16.0,88.0,4.0,0.0,3.0,2.0,
256.0,52.0,7.0,0.0,2.0,1.0,
128.0,13.0,12.0,0.0,2.0,1.0,
256.0,44.0,54.0,0.0,3.0,1.0,
64.0,45.0,21.0,1.0,3.0,2.0,
16.0,53.0,70.0,0.0,2.0,1.0,
32.0,31.0,6.0,0.0,2.0,1.0,
256.0,22.0,155.0,0.0,3.0,1.0,
32.0,58.0,30.0,0.0,2.0,1.0,
32.0,44.0,19.0,0.0,3.0,2.0,
64.0,25.0,53.0,0.0,2.0,1.0,
16.0,35.0,10.0,0.0,3.0,2.0,
64.0,18.0,25.0,0.0,3.0,1.0,
32.0,77.0,48.0,0.0,3.0,1.0,
16.0,58.0,13.0,0.0,2.0,1.0,
64.0,69.0,7.0,0.0,2.0,1.0,
64.0,81.0,28.0,0.0,2.0,1.0,
128.0,100.0,19.0,0.0,2.0,1.0,
256.0,14.0,6.0,0.0,2.0,1.0,
64.0,83.0,29.0,0.0,3.0,2.0,
128.0,31.0,51.0,0.0,2.0,1.0,
256.0,5.0,58.0,0.0,2.0,1.0,
128.0,45.0,24.0,0.0,2.0,1.0,
32.0,9.0,32.0,0.0,2.0,1.0,
64.0,43.0,64.0,0.0,2.0,1.0,
256.0,70.0,7.0,0.0,2.0,1.0,
64.0,33.0,27.0,0.0,2.0,1.0,
256.0,63.0,7.0,0.0,2.0,1.0,
16.0,8.0,9.0,0.0,2.0,1.0,
16.0,100.0,22.0,0.0,3.0,2.0,
128.0,94.0,29.0,0.0,3.0,2.0,
16.0,98.0,35.0,0.0,2.0,1.0,
64.0,65.0,83.0,0.0,3.0,1.0,
256.0,58.0,11.0,0.0,2.0,1.0,
16.0,81.0,61.0,0.0,3.0,1.0,
128.0,45.0,2.0,0.0,2.0,1.0,
64.0,77.0,16.0,1.0,3.0,2.0,
64.0,33.0,29.0,0.0,2.0,1.0,
128.0,7.0,103.0,0.0,2.0,1.0,
16.0,23.0,55.0,0.0,2.0,1.0,
64.0,28.0,10.0,0.0,2.0,1.0,
16.0,62.0,3.0,0.0,3.0,1.0,
256.0,6.0,13.0,0.0,3.0,2.0,
64.0,55.0,7.0,0.0,2.0,1.0,
16.0,6.0,2.0,0.0,2.0,1.0,
256.0,95.0,19.0,1.0,3.0,2.0,
256.0,59.0,45.0,0.0,2.0,1.0,
256.0,12.0,2.0,1.0,3.0,2.0,
256.0,34.0,8.0,0.0,2.0,1.0,
64.0,27.0,5.0,0.0,3.0,1.0,
256.0,34.0,16.0,0.0,3.0,1.0,
16.0,11.0,4.0,0.0,2.0,1.0,
16.0,22.0,51.0,0.0,2.0,1.0,
32.0,70.0,23.0,0.0,2.0,1.0,
256.0,86.0,58.0,0.0,2.0,1.0,
16.0,49.0,8.0,0.0,2.0,1.0,
64.0,72.0,7.0,0.0,2.0,1.0,
32.0,68.0,3.0,0.0,3.0,2.0,
32.0,62.0,47.0,0.0,2.0,1.0,
16.0,34.0,38.0,0.0,3.0,2.0,
128.0,72.0,33.0,0.0,3.0,1.0,
16.0,12.0,49.0,0.0,3.0,2.0,
128.0,65.0,15.0,0.0,2.0,1.0,
16.0,15.0,35.0,0.0,3.0,1.0,
16.0,92.0,15.0,0.0,3.0,1.0,
16.0,20.0,42.0,1.0,3.0,2.0,
128.0,11.0,39.0,0.0,3.0,2.0,
128.0,44.0,38.0,0.0,2.0,1.0,
32.0,38.0,48.0,0.0,2.0,1.0,
256.0,19.0,4.0,0.0,2.0,1.0,
32.0,77.0,14.0,0.0,2.0,1.0,
32.0,42.0,120.0,0.0,2.0,1.0,
128.0,3.0,28.0,0.0,3.0,2.0,
128.0,85.0,5.0,0.0,2.0,1.0,
128.0,40.0,61.0,0.0,3.0,2.0,
32.0,79.0,49.0,0.0,2.0,1.0,
128.0,18.0,36.0,0.0,2.0,1.0,
16.0,55.0,8.0,0.0,2.0,1.0,
256.0,54.0,121.0,0.0,2.0,1.0,
16.0,64.0,8.0,0.0,2.0,1.0,
32.0,61.0,16.0,0.0,2.0,1.0,
64.0,21.0,18.0,0.0,3.0,2.0,
16.0,17.0,4.0,0.0,2.0,1.0,
32.0,4.0,12.0,0.0,2.0,1.0,
16.0,17.0,15.0,0.0,3.0,1.0,
32.0,29.0,5.0,0.0,2.0,1.0,
256.0,92.0,5.0,0.0,3.0,1.0,
256.0,39.0,22.0,0.0,2.0,1.0,
32.0,5.0,23.0,0.0,2.0,1.0,
32.0,41.0,22.0,1.0,3.0,2.0,
64.0,28.0,6.0,1.0,3.0,2.0,
256.0,8.0,6.0,0.0,2.0,1.0,
256.0,68.0,6.0,0.0,3.0,1.0,
64.0,17.0,23.0,0.0,2.0,1.0,
256.0,5.0,45.0,1.0,3.0,2.0,
256.0,28.0,17.0,0.0,3.0,2.0,
64.0,68.0,30.0,1.0,3.0,2.0,
128.0,64.0,17.0,0.0,3.0,1.0,
32.0,17.0,3.0,0.0,3.0,2.0,
64.0,92.0,53.0,1.0,3.0,2.0,
64.0,40.0,118.0,0.0,2.0,1.0,
128.0,33.0,94.0,0.0,3.0,1.0,
16.0,19.0,2.0,1.0,3.0,2.0,
256.0,5.0,7.0,0.0,3.0,1.0,
16.0,95.0,21.0,0.0,2.0,1.0,
128.0,17.0,11.0,0.0,2.0,1.0,
256.0,21.0,27.0,0.0,2.0,1.0,
128.0,35.0,2.0,0.0,2.0,1.0,
16.0,89.0,2.0,0.0,2.0,1.0,
32.0,89.0,3.0,0.0,3.0,1.0,
256.0,36.0,24.0,1.0,3.0,2.0,
16.0,38.0,10.0,0.0,3.0,1.0,
16.0,93.0,27.0,0.0,2.0,1.0,
128.0,40.0,10.0,0.0,2.0,1.0,
16.0,79.0,28.0,0.0,3.0,1.0,
64.0,78.0,14.0,0.0,2.0,1.0,
16.0,44.0,57.0,0.0,3.0,2.0,
16.0,44.0,29.0,0.0,2.0,1.0,
128.0,21.0,5.0,0.0,2.0,1.0,
128.0,49.0,51.0,0.0,3.0,1.0,
64.0,54.0,27.0,1.0,3.0,2.0,
16.0,52.0,67.0,0.0,2.0,1.0,
16.0,83.0,6.0,1.0,3.0,2.0,
256.0,83.0,31.0,0.0,2.0,1.0,
64.0,95.0,5.0,0.0,3.0,1.0,
16.0,68.0,4.0,0.0,3.0,2.0,
128.0,69.0,22.0,0.0,2.0,1.0,
64.0,83.0,80.0,0.0,3.0,1.0,
128.0,35.0,16.0,0.0,3.0,2.0,
64.0,52.0,5.0,0.0,2.0,1.0,
32.0,48.0,4.0,0.0,3.0,2.0,
128.0,15.0,9.0,0.0,3.0,2.0,
32.0,98.0,8.0,0.0,2.0,1.0,
32.0,79.0,3.0,0.0,2.0,1.0,
32.0,5.0,32.0,0.0,3.0,1.0,
64.0,66.0,19.0,0.0,3.0,1.0,
128.0,69.0,57.0,0.0,3.0,1.0,
32.0,44.0,18.0,0.0,2.0,1.0,
16.0,30.0,3.0,0.0,2.0,1.0,
128.0,94.0,82.0,0.0,2.0,1.0,
16.0,25.0,44.0,1.0,3.0,2.0,
16.0,41.0,39.0,0.0,3.0,2.0,
64.0,58.0,9.0,0.0,2.0,1.0,
64.0,14.0,22.0,0.0,3.0,1.0,
256.0,90.0,3.0,1.0,3.0,2.0,
64.0,42.0,4.0,0.0,2.0,1.0,
256.0,62.0,2.0,0.0,3.0,2.0,
64.0,82.0,33.0,0.0,3.0,2.0,
128.0,64.0,11.0,0.0,2.0,1.0,
32.0,87.0,13.0,0.0,2.0,1.0,
256.0,15.0,6.0,0.0,3.0,2.0,
128.0,90.0,100.0,0.0,3.0,1.0,
64.0,89.0,14.0,0.0,3.0,1.0,
256.0,51.0,46.0,0.0,3.0,1.0,
128.0,76.0,31.0,0.0,2.0,1.0,
64.0,52.0,90.0,0.0,3.0,2.0,
64.0,3.0,3.0,0.0,2.0,1.0,
64.0,72.0,25.0,0.0,3.0,2.0,
64.0,75.0,66.0,0.0,2.0,1.0,
16.0,77.0,7.0,0.0,2.0,1.0,
16.0,12.0,16.0,0.0,3.0,2.0,
128.0,6.0,46.0,1.0,3.0,2.0,
64.0,90.0,10.0,0.0,3.0,2.0,
64.0,49.0,33.0,0.0,2.0,1.0,
16.0,4.0,4.0,0.0,2.0,1.0,
128.0,81.0,91.0,0.0,2.0,1.0,
256.0,36.0,20.0,0.0,3.0,1.0,
64.0,68.0,121.0,0.0,3.0,2.0,
32.0,61.0,3.0,1.0,3.0,2.0,
32.0,18.0,14.0,0.0,3.0,1.0,
256.0,75.0,7.0,0.0,2.0,1.0,
256.0,27.0,16.0,0.0,2.0,1.0,
16.0,52.0,13.0,0.0,3.0,2.0,
64.0,53.0,1.0,1.0,3.0,2.0,
16.0,37.0,20.0,0.0,2.0,1.0,
64.0,78.0,3.0,0.0,3.0,1.0,
16.0,85.0,4.0,0.0,3.0,2.0,
16.0,52.0,47.0,0.0,3.0,2.0,
16.0,95.0,21.0,0.0,2.0,1.0,
16.0,60.0,99.0,0.0,3.0,1.0,
64.0,71.0,48.0,0.0,2.0,1.0,
16.0,58.0,68.0,0.0,2.0,1.0,
64.0,44.0,11.0,0.0,2.0,1.0,
64.0,67.0,6.0,0.0,2.0,1.0,
16.0,63.0,14.0,0.0,2.0,1.0,
16.0,49.0,1.0,1.0,3.0,2.0,
32.0,96.0,113.0,0.0,3.0,2.0,
16.0,11.0,27.0,0.0,3.0,2.0,
128.0,65.0,86.0,0.0,3.0,1.0,
128.0,53.0,30.0,0.0,2.0,1.0,
256.0,12.0,13.0,0.0,2.0,1.0,
32.0,99.0,5.0,0.0,3.0,1.0,
256.0,81.0,22.0,0.0,3.0,2.0,
256.0,43.0,101.0,0.0,2.0,1.0,
64.0,35.0,62.0,0.0,2.0,1.0,
128.0,60.0,23.0,0.0,2.0,1.0,
64.0,58.0,43.0,0.0,3.0,2.0,
32.0,11.0,68.0,0.0,2.0,1.0,
256.0,83.0,24.0,0.0,3.0,2.0,
128.0,34.0,151.0,0.0,2.0,1.0,
32.0,88.0,82.0,0.0,2.0,1.0,
32.0,3.0,48.0,0.0,3.0,1.0,
128.0,76.0,6.0,0.0,2.0,1.0,
16.0,36.0,14.0,0.0,2.0,1.0,
256.0,60.0,25.0,0.0,3.0,1.0,
64.0,4.0,26.0,0.0,2.0,1.0,
128.0,71.0,8.0,1.0,3.0,2.0,
16.0,20.0,21.0,0.0,2.0,1.0,
32.0,62.0,2.0,0.0,2.0,1.0,
16.0,27.0,9.0,0.0,3.0,2.0,
16.0,52.0,128.0,0.0,2.0,1.0,
32.0,69.0,2.0,0.0,2.0,1.0,
32.0,20.0,7.0,1.0,3.0,2.0,
32.0,61.0,58.0,0.0,3.0,2.0,
256.0,29.0,4.0,1.0,3.0,2.0,
16.0,98.0,82.0,1.0,3.0,2.0,
256.0,80.0,11.0,0.0,3.0,2.0,
128.0,46.0,9.0,0.0,3.0,2.0,
16.0,63.0,14.0,0.0,2.0,1.0,
256.0,18.0,12.0,0.0,2.0,1.0,
128.0,43.0,24.0,0.0,2.0,1.0,
16.0,70.0,7.0,0.0,3.0,1.0,
256.0,36.0,15.0,1.0,3.0,2.0,
16.0,82.0,60.0,0.0,3.0,1.0,
128.0,38.0,14.0,0.0,2.0,1.0,
64.0,31.0,10.0,0.0,3.0,1.0,
256.0,63.0,13.0,0.0,2.0,1.0,
64.0,60.0,11.0,0.0,3.0,1.0,
32.0,87.0,47.0,0.0,2.0,1.0,
32.0,75.0,140.0,0.0,2.0,1.0,
16.0,16.0,13.0,0.0,2.0,1.0,
32.0,24.0,41.0,0.0,2.0,1.0,
64.0,14.0,43.0,0.0,2.0,1.0,
128.0,96.0,16.0,0.0,3.0,2.0,
128.0,97.0,6.0,0.0,3.0,1.0,
32.0,42.0,10.0,0.0,2.0,1.0,
64.0,30.0,46.0,0.0,3.0,1.0,
16.0,44.0,34.0,0.0,2.0,1.0,
64.0,89.0,7.0,0.0,3.0,1.0,
256.0,30.0,3.0,1.0,3.0,2.0,
16.0,17.0,138.0,1.0,3.0,2.0,
128.0,56.0,20.0,0.0,3.0,1.0,
256.0,36.0,12.0,0.0,2.0,1.0,
128.0,21.0,11.0,0.0,3.0,1.0,
32.0,90.0,20.0,0.0,2.0,1.0,
32.0,7.0,66.0,1.0,3.0,2.0,
32.0,54.0,39.0,0.0,3.0,2.0,
16.0,63.0,27.0,0.0,2.0,1.0,
256.0,70.0,12.0,0.0,3.0,1.0,
32.0,83.0,71.0,0.0,3.0,1.0,
128.0,94.0,13.0,0.0,2.0,1.0,
128.0,50.0,12.0,1.0,3.0,2.0,
32.0,44.0,13.0,0.0,2.0,1.0,
16.0,74.0,3.0,0.0,2.0,1.0,
64.0,53.0,29.0,0.0,2.0,1.0,
256.0,44.0,66.0,0.0,3.0,1.0,
16.0,66.0,21.0,0.0,2.0,1.0,
64.0,67.0,37.0,0.0,2.0,1.0,
64.0,50.0,38.0,0.0,3.0,1.0,
16.0,17.0,11.0,0.0,3.0,1.0,
32.0,58.0,14.0,0.0,2.0,1.0,
256.0,50.0,51.0,0.0,3.0,2.0,
16.0,83.0,125.0,0.0,2.0,1.0,
16.0,70.0,67.0,0.0,2.0,1.0,
64.0,50.0,25.0,0.0,3.0,2.0,
128.0,22.0,4.0,0.0,2.0,1.0,
64.0,16.0,9.0,0.0,3.0,2.0,
256.0,80.0,7.0,0.0,3.0,1.0,
16.0,8.0,43.0,0.0,2.0,1.0,
128.0,7.0,116.0,0.0,3.0,1.0,
128.0,41.0,65.0,0.0,2.0,1.0,
128.0,62.0,26.0,1.0,3.0,2.0,
64.0,83.0,57.0,0.0,2.0,1.0,
64.0,58.0,33.0,0.0,2.0,1.0,
16.0,76.0,40.0,0.0,2.0,1.0,
128.0,22.0,166.0,0.0,2.0,1.0,
32.0,41.0,3.0,0.0,2.0,1.0,
256.0,86.0,62.0,0.0,2.0,1.0,
32.0,93.0,7.0,0.0,2.0,1.0,
128.0,76.0,15.0,1.0,3.0,2.0,
256.0,20.0,41.0,0.0,2.0,1.0,
16.0,69.0,26.0,0.0,2.0,1.0,
16.0,94.0,31.0,0.0,3.0,2.0,
32.0,20.0,41.0,0.0,2.0,1.0,
64.0,42.0,6.0,0.0,2.0,1.0,
256.0,7.0,17.0,0.0,2.0,1.0,
256.0,63.0,52.0,0.0,3.0,1.0,
32.0,5.0,24.0,0.0,2.0,1.0,
64.0,28.0,8.0,0.0,3.0,1.0,
16.0,87.0,33.0,0.0,3.0,1.0,
32.0,42.0,3.0,0.0,2.0,1.0,
32.0,41.0,6.0,0.0,3.0,1.0,
256.0,60.0,50.0,0.0,3.0,1.0,
128.0,6.0,55.0,1.0,3.0,2.0,
64.0,62.0,22.0,0.0,3.0,1.0,
128.0,98.0,12.0,1.0,3.0,2.0,
256.0,21.0,5.0,0.0,2.0,1.0,
64.0,51.0,16.0,0.0,2.0,1.0,
128.0,72.0,32.0,0.0,3.0,1.0,
32.0,76.0,135.0,0.0,3.0,2.0,
64.0,54.0,35.0,0.0,3.0,1.0,
64.0,70.0,16.0,0.0,3.0,1.0,
64.0,10.0,20.0,0.0,3.0,1.0,
32.0,82.0,3.0,1.0,3.0,2.0,
256.0,97.0,8.0,0.0,3.0,2.0,
256.0,62.0,13.0,0.0,2.0,1.0,
128.0,60.0,27.0,0.0,3.0,1.0,
256.0,24.0,11.0,0.0,3.0,2.0,
128.0,56.0,6.0,0.0,2.0,1.0,
32.0,14.0,112.0,1.0,3.0,2.0,
64.0,62.0,10.0,0.0,3.0,1.0,
256.0,46.0,95.0,0.0,2.0,1.0,
256.0,56.0,8.0,0.0,2.0,1.0,
128.0,21.0,2.0,0.0,2.0,1.0,
64.0,89.0,18.0,0.0,2.0,1.0,
16.0,76.0,9.0,0.0,3.0,1.0,
256.0,6.0,27.0,0.0,2.0,1.0,
256.0,14.0,3.0,0.0,2.0,1.0,
256.0,74.0,81.0,0.0,2.0,1.0,
32.0,31.0,37.0,0.0,2.0,1.0,
32.0,89.0,41.0,0.0,3.0,2.0,
256.0,9.0,5.0,0.0,2.0,1.0,
256.0,98.0,3.0,0.0,2.0,1.0,
256.0,92.0,24.0,0.0,2.0,1.0,
32.0,9.0,31.0,0.0,3.0,1.0,
16.0,34.0,4.0,0.0,2.0,1.0,
32.0,63.0,10.0,0.0,2.0,1.0,
16.0,25.0,146.0,0.0,2.0,1.0,
256.0,86.0,31.0,0.0,2.0,1.0,
256.0,59.0,28.0,0.0,2.0,1.0,
64.0,84.0,2.0,0.0,3.0,2.0,
64.0,63.0,18.0,0.0,2.0,1.0,
256.0,100.0,12.0,0.0,2.0,1.0,
256.0,23.0,13.0,1.0,3.0,2.0,
256.0,4.0,20.0,0.0,3.0,1.0,
32.0,28.0,16.0,0.0,2.0,1.0,
128.0,7.0,49.0,0.0,3.0,1.0,
256.0,31.0,7.0,0.0,2.0,1.0,
128.0,97.0,68.0,0.0,3.0,2.0,
128.0,45.0,14.0,0.0,2.0,1.0,
64.0,94.0,3.0,0.0,2.0,1.0,
64.0,100.0,10.0,0.0,3.0,1.0,
128.0,73.0,3.0,0.0,3.0,1.0,
32.0,31.0,16.0,0.0,2.0,1.0,
128.0,58.0,55.0,0.0,2.0,1.0,
256.0,62.0,23.0,0.0,3.0,1.0,
64.0,79.0,33.0,0.0,2.0,1.0,
32.0,75.0,4.0,0.0,2.0,1.0,
16.0,100.0,85.0,1.0,3.0,2.0,
64.0,98.0,16.0,0.0,2.0,1.0,
64.0,65.0,120.0,0.0,2.0,1.0,
16.0,50.0,18.0,0.0,3.0,2.0,
256.0,25.0,35.0,0.0,2.0,1.0,
128.0,93.0,30.0,1.0,3.0,2.0,
128.0,31.0,20.0,0.0,2.0,1.0,
128.0,29.0,8.0,0.0,2.0,1.0,
32.0,40.0,3.0,0.0,2.0,1.0,
128.0,81.0,12.0,0.0,2.0,1.0,
16.0,53.0,17.0,0.0,3.0,1.0,
16.0,78.0,3.0,0.0,2.0,1.0,
256.0,41.0,3.0,0.0,3.0,1.0,
16.0,22.0,24.0,0.0,2.0,1.0,
32.0,9.0,86.0,0.0,3.0,1.0,
128.0,10.0,10.0,0.0,2.0,1.0,
16.0,31.0,2.0,1.0,3.0,2.0,
32.0,71.0,19.0,1.0,3.0,2.0,
32.0,47.0,22.0,0.0,2.0,1.0,
64.0,92.0,27.0,0.0,2.0,1.0,
64.0,60.0,23.0,0.0,2.0,1.0,
256.0,27.0,17.0,0.0,3.0,1.0,
16.0,3.0,69.0,0.0,2.0,1.0,
16.0,88.0,9.0,1.0,3.0,2.0,
256.0,77.0,47.0,0.0,2.0,1.0,
256.0,38.0,6.0,0.0,2.0,1.0,
32.0,77.0,8.0,1.0,3.0,2.0,
16.0,14.0,29.0,0.0,2.0,1.0,
256.0,24.0,79.0,0.0,2.0,1.0,
256.0,3.0,159.0,0.0,2.0,1.0,
256.0,47.0,32.0,0.0,3.0,1.0,
128.0,47.0,23.0,0.0,2.0,1.0,
128.0,44.0,48.0,1.0,3.0,2.0,
256.0,62.0,32.0,0.0,3.0,2.0,
64.0,83.0,17.0,0.0,2.0,1.0,
32.0,70.0,17.0,0.0,3.0,1.0,
64.0,54.0,57.0,0.0,3.0,1.0,
256.0,63.0,106.0,1.0,3.0,2.0,
64.0,27.0,20.0,0.0,3.0,2.0,
64.0,26.0,4.0,0.0,2.0,1.0,
16.0,70.0,24.0,0.0,3.0,2.0,
64.0,50.0,3.0,0.0,2.0,1.0,
64.0,55.0,5.0,0.0,3.0,1.0,
64.0,74.0,10.0,0.0,3.0,1.0,
256.0,31.0,2.0,0.0,2.0,1.0,
16.0,57.0,26.0,0.0,3.0,1.0,
256.0,81.0,21.0,0.0,2.0,1.0,
32.0,41.0,69.0,0.0,2.0,1.0,
256.0,93.0,15.0,0.0,3.0,1.0,
32.0,59.0,17.0,0.0,2.0,1.0,
16.0,8.0,111.0,0.0,3.0,2.0,
256.0,86.0,73.0,0.0,3.0,2.0,
16.0,26.0,3.0,0.0,3.0,1.0,
128.0,19.0,17.0,0.0,3.0,1.0,
16.0,75.0,23.0,0.0,3.0,2.0,
32.0,41.0,2.0,0.0,2.0,1.0,
128.0,62.0,17.0,0.0,2.0,1.0,
64.0,70.0,16.0,0.0,3.0,1.0,
128.0,21.0,112.0,0.0,2.0,1.0,
256.0,10.0,6.0,0.0,2.0,1.0,
64.0,82.0,6.0,0.0,3.0,2.0,
128.0,85.0,37.0,0.0,3.0,1.0,
128.0,20.0,48.0,0.0,2.0,1.0,
128.0,92.0,16.0,0.0,3.0,1.0,
32.0,60.0,8.0,0.0,3.0,1.0,
16.0,81.0,72.0,0.0,3.0,2.0,
128.0,32.0,42.0,0.0,2.0,1.0,
32.0,92.0,36.0,0.0,2.0,1.0,
16.0,5.0,42.0,0.0,2.0,1.0,
32.0,66.0,12.0,0.0,3.0,1.0,
32.0,39.0,38.0,0.0,2.0,1.0,
256.0,81.0,14.0,0.0,3.0,1.0,
64.0,80.0,17.0,0.0,2.0,1.0,
64.0,76.0,6.0,1.0,3.0,2.0,
16.0,82.0,3.0,0.0,2.0,1.0,
256.0,15.0,19.0,0.0,2.0,1.0,
128.0,99.0,89.0,0.0,2.0,1.0,
64.0,59.0,69.0,0.0,2.0,1.0,
16.0,87.0,119.0,1.0,3.0,2.0,
256.0,84.0,19.0,0.0,2.0,1.0,
16.0,67.0,36.0,0.0,3.0,1.0,
256.0,18.0,3.0,1.0,3.0,2.0,
32.0,79.0,43.0,1.0,3.0,2.0,
16.0,56.0,2.0,0.0,3.0,2.0,
64.0,37.0,16.0,0.0,3.0,1.0,
128.0,30.0,42.0,0.0,2.0,1.0,
128.0,18.0,11.0,1.0,3.0,2.0,
64.0,20.0,23.0,0.0,3.0,1.0,
64.0,72.0,3.0,0.0,3.0,2.0,
16.0,90.0,7.0,0.0,2.0,1.0,
256.0,12.0,62.0,0.0,2.0,1.0,
64.0,48.0,2.0,0.0,2.0,1.0,
256.0,6.0,23.0,0.0,2.0,1.0,
256.0,11.0,9.0,0.0,2.0,1.0,
16.0,89.0,5.0,0.0,2.0,1.0,
16.0,53.0,9.0,0.0,3.0,2.0,
32.0,57.0,27.0,0.0,2.0,1.0,
64.0,99.0,15.0,0.0,2.0,1.0,
16.0,60.0,33.0,0.0,3.0,1.0,
16.0,6.0,24.0,0.0,2.0,1.0,
32.0,23.0,6.0,0.0,3.0,1.0,
128.0,66.0,54.0,0.0,2.0,1.0,
256.0,10.0,4.0,0.0,2.0,1.0,
16.0,69.0,27.0,0.0,3.0,1.0,
16.0,99.0,8.0,0.0,2.0,1.0,
16.0,83.0,73.0,0.0,2.0,1.0,
64.0,16.0,20.0,1.0,3.0,2.0,
256.0,65.0,60.0,0.0,2.0,1.0,
64.0,39.0,4.0,1.0,3.0,2.0,
64.0,71.0,13.0,0.0,3.0,1.0,
128.0,62.0,21.0,1.0,3.0,2.0,
128.0,92.0,9.0,0.0,2.0,1.0,
16.0,64.0,11.0,1.0,3.0,2.0,
32.0,66.0,8.0,0.0,2.0,1.0,
256.0,41.0,14.0,0.0,3.0,2.0,
256.0,10.0,34.0,0.0,3.0,2.0,
64.0,82.0,1.0,1.0,3.0,2.0,
32.0,22.0,12.0,0.0,2.0,1.0,
16.0,7.0,41.0,0.0,2.0,1.0,
128.0,24.0,16.0,0.0,3.0,1.0,
16.0,78.0,22.0,0.0,2.0,1.0,
16.0,91.0,5.0,1.0,3.0,2.0,
16.0,4.0,9.0,0.0,3.0,1.0,
16.0,37.0,4.0,0.0,2.0,1.0,
256.0,54.0,2.0,0.0,2.0,1.0,
32.0,76.0,46.0,0.0,3.0,1.0,
128.0,38.0,5.0,0.0,2.0,1.0,
32.0,44.0,13.0,0.0,2.0,1.0,
128.0,91.0,70.0,0.0,2.0,1.0,
256.0,48.0,21.0,0.0,2.0,1.0,
64.0,70.0,40.0,0.0,2.0,1.0,
128.0,83.0,36.0,0.0,2.0,1.0,
32.0,45.0,14.0,0.0,3.0,1.0,
16.0,6.0,16.0,0.0,2.0,1.0,
64.0,56.0,12.0,0.0,3.0,1.0,
128.0,58.0,14.0,0.0,2.0,1.0,
256.0,18.0,60.0,0.0,2.0,1.0,
32.0,29.0,4.0,0.0,2.0,1.0,
64.0,61.0,33.0,0.0,2.0,1.0,
256.0,18.0,6.0,0.0,3.0,1.0,
64.0,74.0,8.0,0.0,3.0,1.0,
128.0,74.0,21.0,0.0,2.0,1.0,
256.0,38.0,39.0,0.0,3.0,2.0,
256.0,34.0,42.0,0.0,2.0,1.0,
128.0,87.0,26.0,0.0,3.0,1.0,
16.0,68.0,16.0,0.0,2.0,1.0,
128.0,85.0,25.0,0.0,3.0,2.0,
32.0,17.0,10.0,0.0,3.0,2.0,
256.0,76.0,5.0,0.0,3.0,1.0,
128.0,56.0,30.0,0.0,3.0,1.0,
128.0,26.0,12.0,0.0,3.0,1.0,
16.0,89.0,42.0,0.0,2.0,1.0,
32.0,84.0,3.0,0.0,2.0,1.0,
16.0,88.0,20.0,1.0,3.0,2.0,
256.0,30.0,26.0,0.0,2.0,1.0,
64.0,19.0,33.0,0.0,3.0,2.0,
64.0,43.0,12.0,0.0,2.0,1.0,
32.0,76.0,36.0,0.0,3.0,1.0,
256.0,93.0,36.0,0.0,2.0,1.0,
16.0,17.0,26.0,0.0,3.0,2.0,
32.0,100.0,3.0,0.0,2.0,1.0,
64.0,13.0,15.0,0.0,2.0,1.0,
64.0,80.0,17.0,0.0,2.0,1.0,
32.0,6.0,60.0,0.0,3.0,1.0,
256.0,50.0,30.0,0.0,2.0,1.0,
32.0,84.0,2.0,0.0,2.0,1.0,
16.0,53.0,2.0,1.0,3.0,2.0,
32.0,75.0,24.0,0.0,2.0,1.0,
64.0,4.0,6.0,0.0,2.0,1.0,
64.0,82.0,68.0,0.0,2.0,1.0,
64.0,48.0,23.0,0.0,2.0,1.0,
256.0,33.0,11.0,0.0,2.0,1.0,
256.0,14.0,14.0,0.0,3.0,2.0,
16.0,4.0,18.0,0.0,3.0,1.0,
128.0,88.0,8.0,0.0,2.0,1.0,
32.0,3.0,9.0,0.0,3.0,1.0,
64.0,74.0,54.0,0.0,3.0,1.0,
256.0,62.0,5.0,0.0,3.0,1.0,
16.0,62.0,29.0,0.0,2.0,1.0,
16.0,86.0,29.0,0.0,2.0,1.0,
64.0,82.0,88.0,0.0,2.0,1.0,
32.0,91.0,13.0,0.0,2.0,1.0,
256.0,15.0,8.0,0.0,3.0,2.0,
64.0,13.0,22.0,0.0,2.0,1.0,
32.0,38.0,57.0,0.0,3.0,1.0,
128.0,30.0,4.0,0.0,3.0,2.0,
256.0,12.0,16.0,0.0,2.0,1.0,
64.0,44.0,43.0,0.0,2.0,1.0,
64.0,51.0,10.0,0.0,2.0,1.0,
64.0,30.0,6.0,0.0,3.0,1.0,
16.0,73.0,55.0,1.0,3.0,2.0,
64.0,71.0,81.0,0.0,3.0,1.0,
16.0,97.0,21.0,0.0,2.0,1.0,
64.0,46.0,7.0,1.0,3.0,2.0,
256.0,68.0,50.0,0.0,2.0,1.0,
32.0,39.0,10.0,0.0,3.0,2.0,
128.0,50.0,6.0,0.0,3.0,1.0,
128.0,87.0,25.0,0.0,3.0,1.0,
64.0,43.0,29.0,0.0,2.0,1.0,
16.0,79.0,71.0,0.0,2.0,1.0,
64.0,87.0,40.0,0.0,2.0,1.0,
16.0,76.0,99.0,0.0,2.0,1.0,
32.0,18.0,9.0,0.0,3.0,1.0,
128.0,4.0,18.0,0.0,2.0,1.0,
128.0,64.0,22.0,0.0,2.0,1.0,
64.0,53.0,67.0,0.0,3.0,1.0,
16.0,20.0,10.0,0.0,2.0,1.0,
256.0,8.0,11.0,0.0,2.0,1.0,
128.0,34.0,130.0,0.0,3.0,1.0,
64.0,75.0,61.0,1.0,3.0,2.0,
256.0,91.0,8.0,0.0,2.0,1.0,
64.0,29.0,3.0,0.0,3.0,1.0,
64.0,24.0,2.0,0.0,2.0,1.0,
64.0,17.0,14.0,0.0,3.0,1.0,
64.0,75.0,13.0,0.0,3.0,1.0,
256.0,82.0,4.0,0.0,3.0,2.0,
64.0,83.0,68.0,0.0,2.0,1.0,
128.0,48.0,65.0,0.0,3.0,1.0,
128.0,58.0,87.0,0.0,2.0,1.0,
128.0,67.0,3.0,0.0,3.0,2.0,
32.0,17.0,68.0,0.0,2.0,1.0,
256.0,71.0,19.0,0.0,2.0,1.0,
32.0,7.0,21.0,0.0,2.0,1.0,
32.0,12.0,60.0,0.0,2.0,1.0,
32.0,68.0,52.0,1.0,3.0,2.0,
64.0,59.0,128.0,1.0,3.0,2.0,
64.0,52.0,18.0,1.0,3.0,2.0,
256.0,25.0,10.0,0.0,3.0,1.0,
128.0,65.0,22.0,0.0,2.0,1.0,
64.0,27.0,8.0,0.0,2.0,1.0,
128.0,8.0,156.0,0.0,2.0,1.0,
64.0,84.0,13.0,0.0,2.0,1.0,
32.0,23.0,3.0,0.0,2.0,1.0,
256.0,64.0,36.0,0.0,2.0,1.0,
256.0,60.0,2.0,0.0,2.0,1.0,
64.0,79.0,13.0,0.0,2.0,1.0,
64.0,52.0,4.0,0.0,2.0,1.0,
64.0,97.0,69.0,1.0,3.0,2.0,
256.0,60.0,15.0,0.0,3.0,1.0,
32.0,15.0,53.0,0.0,3.0,1.0,
16.0,18.0,39.0,0.0,2.0,1.0,
16.0,80.0,12.0,0.0,3.0,1.0,
256.0,42.0,7.0,0.0,3.0,2.0,
64.0,19.0,3.0,1.0,3.0,2.0,
32.0,64.0,18.0,0.0,2.0,1.0,
128.0,4.0,56.0,0.0,2.0,1.0,
128.0,46.0,22.0,0.0,2.0,1.0,
64.0,27.0,77.0,0.0,3.0,1.0,
256.0,61.0,10.0,0.0,2.0,1.0,
16.0,75.0,30.0,0.0,2.0,1.0,
16.0,4.0,12.0,0.0,3.0,1.0,
64.0,10.0,24.0,0.0,3.0,2.0,
16.0,92.0,147.0,0.0,2.0,1.0,
64.0,66.0,9.0,0.0,2.0,1.0,
128.0,68.0,83.0,0.0,2.0,1.0,
16.0,30.0,5.0,0.0,3.0,2.0,
64.0,20.0,9.0,1.0,3.0,2.0,
256.0,4.0,5.0,1.0,3.0,2.0,
16.0,76.0,7.0,0.0,3.0,1.0,
128.0,21.0,17.0,1.0,3.0,2.0,
16.0,28.0,39.0,0.0,3.0,2.0,
256.0,11.0,3.0,0.0,3.0,1.0,
16.0,70.0,5.0,0.0,3.0,1.0,
32.0,57.0,43.0,0.0,3.0,1.0,
128.0,11.0,6.0,0.0,3.0,1.0,
128.0,7.0,27.0,0.0,2.0,1.0,
16.0,16.0,7.0,1.0,3.0,2.0,
32.0,40.0,23.0,0.0,3.0,2.0,
256.0,66.0,48.0,1.0,3.0,2.0,
16.0,97.0,12.0,0.0,2.0,1.0,
32.0,61.0,3.0,0.0,2.0,1.0,
256.0,63.0,23.0,0.0,3.0,1.0,
128.0,96.0,37.0,0.0,2.0,1.0,
256.0,47.0,7.0,1.0,3.0,2.0,
64.0,54.0,25.0,1.0,3.0,2.0,
256.0,38.0,13.0,0.0,2.0,1.0,
256.0,46.0,13.0,0.0,3.0,1.0,
256.0,80.0,26.0,0.0,2.0,1.0,
64.0,45.0,5.0,0.0,3.0,2.0,
128.0,6.0,5.0,0.0,2.0,1.0,
256.0,67.0,9.0,0.0,2.0,1.0,
128.0,99.0,31.0,0.0,3.0,2.0,
32.0,76.0,3.0,0.0,3.0,2.0,
16.0,68.0,14.0,0.0,2.0,1.0,
128.0,79.0,7.0,0.0,2.0,1.0,
256.0,70.0,6.0,0.0,2.0,1.0,
256.0,48.0,18.0,0.0,2.0,1.0,
16.0,16.0,22.0,0.0,3.0,1.0,
64.0,95.0,27.0,0.0,2.0,1.0,
128.0,17.0,23.0,0.0,3.0,2.0,
256.0,11.0,26.0,0.0,2.0,1.0,
256.0,18.0,39.0,0.0,3.0,1.0,
16.0,67.0,8.0,0.0,3.0,1.0,
16.0,24.0,10.0,1.0,3.0,2.0,
256.0,12.0,62.0,0.0,3.0,2.0,
64.0,66.0,3.0,0.0,3.0,2.0,
16.0,88.0,5.0,0.0,2.0,1.0,
128.0,27.0,10.0,0.0,3.0,2.0,
32.0,89.0,52.0,0.0,3.0,1.0,
128.0,56.0,9.0,1.0,3.0,2.0,
64.0,17.0,1.0,1.0,3.0,2.0,
64.0,89.0,14.0,0.0,2.0,1.0,
256.0,63.0,5.0,0.0,3.0,1.0,
128.0,37.0,69.0,0.0,3.0,1.0,
16.0,39.0,49.0,0.0,3.0,1.0,
128.0,83.0,2.0,0.0,2.0,1.0,
16.0,6.0,23.0,0.0,2.0,1.0,
32.0,28.0,20.0,0.0,2.0,1.0,
32.0,8.0,8.0,0.0,2.0,1.0,
128.0,48.0,4.0,0.0,3.0,2.0,
16.0,26.0,132.0,0.0,2.0,1.0,
32.0,67.0,22.0,0.0,2.0,1.0,
32.0,6.0,17.0,0.0,2.0,1.0,
16.0,97.0,9.0,1.0,3.0,2.0,
64.0,85.0,74.0,0.0,3.0,1.0,
16.0,42.0,39.0,0.0,2.0,1.0,
128.0,25.0,6.0,0.0,3.0,1.0,
64.0,66.0,4.0,0.0,2.0,1.0,
256.0,59.0,47.0,0.0,2.0,1.0,
128.0,97.0,9.0,0.0,3.0,2.0,
128.0,80.0,122.0,1.0,3.0,2.0,
32.0,13.0,7.0,0.0,2.0,1.0,
64.0,17.0,29.0,0.0,2.0,1.0,
16.0,80.0,45.0,0.0,3.0,1.0,
256.0,26.0,18.0,1.0,3.0,2.0,
256.0,54.0,4.0,0.0,2.0,1.0,
32.0,6.0,22.0,0.0,2.0,1.0,
64.0,62.0,10.0,0.0,3.0,2.0,
128.0,66.0,21.0,0.0,3.0,2.0,
32.0,47.0,10.0,0.0,2.0,1.0,
16.0,15.0,61.0,1.0,3.0,2.0,
256.0,12.0,48.0,1.0,3.0,2.0,
64.0,58.0,8.0,0.0,2.0,1.0,
64.0,9.0,19.0,0.0,2.0,1.0,
256.0,12.0,3.0,0.0,2.0,1.0,
32.0,11.0,130.0,0.0,2.0,1.0,
32.0,20.0,106.0,0.0,2.0,1.0,
32.0,8.0,112.0,0.0,2.0,1.0,
32.0,38.0,2.0,0.0,2.0,1.0,
256.0,77.0,15.0,0.0,3.0,1.0,
128.0,3.0,17.0,0.0,2.0,1.0,
64.0,35.0,20.0,0.0,2.0,1.0,
256.0,85.0,70.0,0.0,2.0,1.0,
64.0,87.0,123.0,0.0,2.0,1.0,
256.0,38.0,23.0,1.0,3.0,2.0,
64.0,43.0,47.0,0.0,2.0,1.0,
256.0,42.0,114.0,0.0,3.0,2.0,
256.0,69.0,20.0,0.0,2.0,1.0,
64.0,94.0,11.0,0.0,2.0,1.0,
16.0,56.0,62.0,0.0,3.0,1.0,
128.0,21.0,152.0,1.0,3.0,2.0,
16.0,38.0,36.0,0.0,2.0,1.0,
32.0,66.0,5.0,0.0,2.0,1.0,
64.0,29.0,43.0,0.0,2.0,1.0,
128.0,51.0,126.0,0.0,3.0,1.0,
64.0,65.0,42.0,1.0,3.0,2.0,
32.0,24.0,34.0,1.0,3.0,2.0,
16.0,83.0,66.0,0.0,3.0,2.0,
64.0,69.0,15.0,0.0,2.0,1.0,
64.0,72.0,17.0,0.0,2.0,1.0,
256.0,93.0,24.0,1.0,3.0,2.0,
16.0,6.0,7.0,1.0,3.0,2.0,
16.0,26.0,4.0,0.0,3.0,2.0,
64.0,21.0,9.0,0.0,2.0,1.0,
16.0,48.0,43.0,0.0,2.0,1.0,
128.0,32.0,11.0,0.0,3.0,2.0,
64.0,76.0,66.0,0.0,3.0,1.0,
16.0,72.0,45.0,0.0,3.0,1.0,
64.0,15.0,4.0,0.0,3.0,1.0,
32.0,12.0,25.0,0.0,2.0,1.0,
32.0,61.0,7.0,0.0,2.0,1.0,
128.0,58.0,64.0,0.0,2.0,1.0,
64.0,50.0,14.0,0.0,2.0,1.0,
128.0,20.0,81.0,0.0,3.0,2.0,
16.0,77.0,5.0,1.0,3.0,2.0,
32.0,57.0,5.0,0.0,3.0,1.0,
16.0,15.0,29.0,0.0,3.0,1.0,
32.0,4.0,4.0,1.0,3.0,2.0,
64.0,29.0,17.0,0.0,2.0,1.0,
64.0,43.0,23.0,0.0,2.0,1.0,
16.0,93.0,7.0,1.0,3.0,2.0,
64.0,17.0,26.0,0.0,3.0,2.0,
256.0,55.0,39.0,0.0,2.0,1.0,
32.0,72.0,52.0,0.0,2.0,1.0,
256.0,32.0,7.0,0.0,2.0,1.0,
64.0,63.0,151.0,0.0,2.0,1.0,
128.0,61.0,35.0,1.0,3.0,2.0,
32.0,99.0,6.0,0.0,2.0,1.0,
64.0,21.0,8.0,0.0,2.0,1.0,
128.0,62.0,34.0,1.0,3.0,2.0,
64.0,61.0,5.0,0.0,2.0,1.0,
32.0,38.0,18.0,1.0,3.0,2.0,
256.0,12.0,14.0,0.0,2.0,1.0,
256.0,34.0,22.0,1.0,3.0,2.0,
32.0,63.0,32.0,0.0,2.0,1.0,
64.0,45.0,9.0,0.0,3.0,1.0,
128.0,3.0,7.0,1.0,3.0,2.0,
16.0,6.0,5.0,0.0,2.0,1.0,
256.0,17.0,43.0,0.0,2.0,1.0,
256.0,43.0,32.0,0.0,3.0,2.0,
16.0,23.0,15.0,0.0,3.0,1.0,
256.0,98.0,64.0,0.0,3.0,2.0,
128.0,22.0,87.0,0.0,3.0,2.0,
128.0,34.0,4.0,0.0,3.0,1.0,
32.0,81.0,10.0,0.0,3.0,1.0,
128.0,39.0,23.0,0.0,3.0,1.0,
16.0,15.0,180.0,0.0,2.0,1.0,
64.0,37.0,9.0,1.0,3.0,2.0,
64.0,27.0,8.0,0.0,3.0,1.0,
16.0,78.0,40.0,0.0,2.0,1.0,
128.0,90.0,24.0,0.0,2.0,1.0,
64.0,31.0,86.0,1.0,3.0,2.0,
64.0,34.0,25.0,0.0,2.0,1.0,
16.0,66.0,35.0,1.0,3.0,2.0,
256.0,40.0,13.0,0.0,3.0,2.0,
32.0,72.0,61.0,0.0,3.0,1.0,
32.0,45.0,30.0,0.0,2.0,1.0,
16.0,18.0,3.0,0.0,3.0,1.0,
128.0,21.0,8.0,0.0,2.0,1.0,
256.0,27.0,3.0,0.0,3.0,1.0,
64.0,82.0,25.0,0.0,3.0,2.0,
128.0,68.0,64.0,0.0,3.0,1.0,
16.0,67.0,5.0,0.0,3.0,1.0,
64.0,73.0,8.0,0.0,2.0,1.0,
64.0,50.0,26.0,1.0,3.0,2.0,
64.0,56.0,59.0,0.0,2.0,1.0,
64.0,45.0,17.0,0.0,3.0,1.0,
16.0,32.0,4.0,0.0,3.0,1.0,
32.0,73.0,7.0,0.0,2.0,1.0,
64.0,11.0,30.0,0.0,3.0,1.0,
64.0,9.0,85.0,0.0,2.0,1.0,
64.0,69.0,12.0,0.0,3.0,1.0,
16.0,85.0,9.0,0.0,3.0,2.0,
32.0,88.0,19.0,0.0,2.0,1.0,
64.0,4.0,29.0,0.0,2.0,1.0,
128.0,15.0,70.0,0.0,2.0,1.0,
256.0,97.0,7.0,0.0,3.0,1.0,
16.0,88.0,37.0,0.0,3.0,2.0,
64.0,97.0,7.0,1.0,3.0,2.0,
256.0,94.0,12.0,0.0,2.0,1.0,
256.0,14.0,2.0,0.0,2.0,1.0,
64.0,29.0,17.0,1.0,3.0,2.0,
128.0,41.0,22.0,0.0,3.0,1.0,
64.0,60.0,68.0,0.0,2.0,1.0,
32.0,71.0,17.0,0.0,2.0,1.0,
32.0,69.0,31.0,0.0,2.0,1.0,
32.0,51.0,3.0,0.0,2.0,1.0,
128.0,38.0,7.0,0.0,2.0,1.0,
32.0,83.0,16.0,0.0,2.0,1.0,
256.0,48.0,7.0,0.0,3.0,2.0,
128.0,42.0,20.0,0.0,3.0,1.0,
128.0,36.0,8.0,0.0,2.0,1.0,
256.0,74.0,29.0,0.0,2.0,1.0,
256.0,89.0,88.0,1.0,3.0,2.0,
32.0,86.0,7.0,0.0,3.0,1.0,
256.0,74.0,25.0,0.0,2.0,1.0,
32.0,98.0,28.0,1.0,3.0,2.0,
16.0,60.0,68.0,0.0,3.0,1.0,
256.0,4.0,75.0,0.0,2.0,1.0,
256.0,74.0,25.0,0.0,3.0,1.0,
128.0,33.0,10.0,0.0,3.0,1.0,
64.0,79.0,19.0,0.0,3.0,2.0,
16.0,83.0,35.0,0.0,2.0,1.0,
32.0,85.0,11.0,1.0,3.0,2.0,
128.0,93.0,9.0,0.0,2.0,1.0,
16.0,48.0,6.0,0.0,3.0,2.0,
128.0,27.0,5.0,0.0,2.0,1.0,
16.0,46.0,11.0,1.0,3.0,2.0,
32.0,50.0,4.0,0.0,2.0,1.0,
16.0,13.0,3.0,0.0,2.0,1.0,
32.0,85.0,54.0,0.0,3.0,1.0,
64.0,23.0,36.0,0.0,2.0,1.0,
256.0,57.0,19.0,1.0,3.0,2.0,
128.0,63.0,22.0,0.0,2.0,1.0,
128.0,52.0,4.0,0.0,3.0,2.0,
256.0,86.0,16.0,0.0,2.0,1.0,
256.0,67.0,27.0,0.0,2.0,1.0,
16.0,48.0,33.0,0.0,2.0,1.0,
64.0,56.0,45.0,0.0,3.0,2.0,
256.0,91.0,11.0,0.0,3.0,1.0,
32.0,39.0,4.0,0.0,3.0,1.0,
32.0,71.0,71.0,1.0,3.0,2.0,
256.0,3.0,58.0,0.0,3.0,1.0,
64.0,62.0,38.0,0.0,3.0,1.0,
32.0,65.0,95.0,0.0,2.0,1.0,
32.0,55.0,23.0,0.0,3.0,2.0,
32.0,11.0,3.0,0.0,3.0,1.0,
32.0,100.0,36.0,0.0,3.0,2.0,
32.0,33.0,6.0,1.0,3.0,2.0,
32.0,89.0,26.0,0.0,2.0,1.0,
16.0,60.0,18.0,0.0,2.0,1.0,
64.0,33.0,23.0,0.0,2.0,1.0,
128.0,63.0,149.0,1.0,3.0,2.0,
32.0,45.0,76.0,0.0,2.0,1.0,
128.0,85.0,34.0,0.0,3.0,2.0,
16.0,57.0,24.0,1.0,3.0,2.0,
128.0,77.0,7.0,0.0,3.0,1.0,
64.0,3.0,6.0,0.0,3.0,2.0,
128.0,53.0,41.0,0.0,3.0,1.0,
128.0,89.0,17.0,0.0,3.0,1.0,
32.0,31.0,6.0,1.0,3.0,2.0,
32.0,13.0,5.0,0.0,2.0,1.0,
64.0,19.0,8.0,0.0,3.0,1.0,
64.0,75.0,18.0,1.0,3.0,2.0,
256.0,75.0,39.0,0.0,2.0,1.0,
64.0,15.0,39.0,0.0,2.0,1.0,
64.0,4.0,29.0,0.0,2.0,1.0,
128.0,28.0,43.0,0.0,3.0,1.0,
256.0,73.0,20.0,0.0,3.0,2.0,
32.0,30.0,18.0,0.0,2.0,1.0,
32.0,53.0,43.0,0.0,2.0,1.0,
256.0,4.0,3.0,0.0,3.0,1.0,
32.0,52.0,58.0,0.0,2.0,1.0,
256.0,47.0,25.0,1.0,3.0,2.0,
64.0,45.0,3.0,0.0,2.0,1.0,
64.0,23.0,1.0,1.0,3.0,2.0,
16.0,13.0,44.0,1.0,3.0,2.0,
256.0,17.0,9.0,0.0,2.0,1.0,
16.0,60.0,70.0,0.0,3.0,2.0,
16.0,20.0,21.0,0.0,2.0,1.0,
32.0,12.0,29.0,0.0,2.0,1.0,
64.0,28.0,150.0,0.0,2.0,1.0,
16.0,58.0,13.0,1.0,3.0,2.0,
256.0,13.0,32.0,0.0,3.0,1.0,
128.0,64.0,53.0,0.0,3.0,2.0,
128.0,100.0,5.0,0.0,3.0,1.0,
64.0,74.0,7.0,0.0,3.0,2.0,
128.0,99.0,2.0,0.0,2.0,1.0,
128.0,18.0,41.0,0.0,3.0,2.0,
64.0,57.0,31.0,0.0,2.0,1.0,
128.0,59.0,27.0,0.0,2.0,1.0,
32.0,36.0,9.0,0.0,3.0,1.0,
256.0,67.0,4.0,1.0,3.0,2.0,
128.0,92.0,6.0,0.0,3.0,2.0,
64.0,61.0,57.0,0.0,3.0,1.0,
64.0,5.0,17.0,0.0,3.0,1.0,
16.0,17.0,10.0,0.0,2.0,1.0,
256.0,25.0,3.0,0.0,2.0,1.0,
128.0,89.0,33.0,0.0,3.0,1.0,
64.0,84.0,28.0,0.0,3.0,1.0,
128.0,37.0,3.0,0.0,3.0,1.0,
128.0,31.0,28.0,0.0,3.0,2.0,
128.0,90.0,16.0,0.0,2.0,1.0,
32.0,85.0,7.0,0.0,2.0,1.0,
32.0,83.0,13.0,0.0,3.0,2.0,
32.0,97.0,43.0,0.0,3.0,2.0,
128.0,86.0,23.0,0.0,2.0,1.0,
32.0,31.0,34.0,0.0,2.0,1.0,
16.0,61.0,34.0,0.0,3.0,1.0,
64.0,15.0,86.0,0.0,3.0,1.0,
16.0,48.0,3.0,0.0,2.0,1.0,
256.0,57.0,8.0,0.0,2.0,1.0,
256.0,86.0,54.0,0.0,2.0,1.0,
16.0,95.0,42.0,1.0,3.0,2.0,
16.0,76.0,16.0,0.0,3.0,2.0,
128.0,39.0,30.0,0.0,2.0,1.0,
64.0,90.0,49.0,0.0,3.0,1.0,
32.0,27.0,4.0,0.0,2.0,1.0,
128.0,47.0,69.0,0.0,2.0,1.0,
32.0,60.0,74.0,0.0,2.0,1.0,
64.0,63.0,8.0,0.0,3.0,1.0,
64.0,34.0,2.0,0.0,2.0,1.0,
32.0,31.0,22.0,0.0,3.0,1.0,
256.0,71.0,25.0,0.0,3.0,1.0,
256.0,26.0,3.0,0.0,2.0,1.0,
64.0,58.0,5.0,0.0,3.0,2.0,
32.0,49.0,2.0,1.0,3.0,2.0,
128.0,19.0,11.0,0.0,3.0,1.0,
64.0,34.0,10.0,0.0,3.0,1.0,
128.0,38.0,6.0,0.0,3.0,2.0,
64.0,98.0,19.0,0.0,2.0,1.0,
16.0,11.0,5.0,0.0,3.0,1.0,
32.0,69.0,12.0,1.0,3.0,2.0,
32.0,83.0,8.0,0.0,2.0,1.0,
128.0,76.0,30.0,0.0,3.0,1.0,
32.0,95.0,22.0,0.0,3.0,1.0,
128.0,6.0,16.0,0.0,3.0,1.0,
128.0,99.0,1.0,1.0,3.0,2.0,
16.0,84.0,71.0,0.0,2.0,1.0,
128.0,62.0,6.0,0.0,3.0,1.0,
32.0,31.0,7.0,0.0,2.0,1.0,
64.0,30.0,20.0,0.0,3.0,1.0,
256.0,61.0,14.0,0.0,2.0,1.0,
256.0,27.0,15.0,0.0,2.0,1.0,
256.0,77.0,36.0,1.0,3.0,2.0,
256.0,96.0,46.0,0.0,3.0,1.0,
64.0,12.0,49.0,0.0,2.0,1.0,
256.0,48.0,2.0,0.0,2.0,1.0,
64.0,100.0,10.0,0.0,3.0,1.0,
64.0,76.0,6.0,0.0,2.0,1.0,
64.0,38.0,37.0,0.0,3.0,1.0,
32.0,11.0,19.0,0.0,2.0,1.0,
16.0,43.0,24.0,0.0,2.0,1.0,
32.0,97.0,27.0,0.0,2.0,1.0,
128.0,59.0,37.0,0.0,2.0,1.0,
128.0,32.0,4.0,0.0,3.0,1.0,
64.0,73.0,55.0,1.0,3.0,2.0,
64.0,16.0,5.0,0.0,2.0,1.0,
256.0,39.0,2.0,0.0,2.0,1.0,
256.0,46.0,4.0,0.0,2.0,1.0,
256.0,12.0,29.0,0.0,2.0,1.0,
64.0,30.0,37.0,0.0,3.0,1.0,
16.0,52.0,8.0,0.0,3.0,1.0,
64.0,91.0,11.0,1.0,3.0,2.0,
64.0,97.0,32.0,0.0,3.0,2.0,
256.0,47.0,5.0,0.0,3.0,1.0,
16.0,93.0,35.0,1.0,3.0,2.0,
32.0,21.0,2.0,0.0,2.0,1.0,
128.0,57.0,63.0,0.0,2.0,1.0,
16.0,62.0,6.0,0.0,3.0,1.0,
16.0,41.0,60.0,0.0,3.0,2.0,
16.0,54.0,88.0,0.0,2.0,1.0,
256.0,44.0,29.0,0.0,2.0,1.0,
16.0,38.0,73.0,0.0,3.0,1.0,
128.0,16.0,5.0,0.0,3.0,2.0,
128.0,68.0,7.0,0.0,2.0,1.0,
64.0,82.0,9.0,0.0,2.0,1.0,
16.0,79.0,92.0,0.0,2.0,1.0,
128.0,97.0,82.0,1.0,3.0,2.0,
16.0,7.0,7.0,0.0,2.0,1.0,
128.0,19.0,49.0,1.0,3.0,2.0,
32.0,24.0,17.0,0.0,3.0,1.0,
16.0,81.0,33.0,0.0,2.0,1.0,
128.0,85.0,25.0,0.0,2.0,1.0,
32.0,31.0,34.0,0.0,2.0,1.0,
128.0,61.0,10.0,0.0,2.0,1.0,
64.0,30.0,59.0,0.0,3.0,1.0,
256.0,50.0,38.0,0.0,2.0,1.0,
32.0,58.0,17.0,0.0,2.0,1.0,
64.0,38.0,101.0,0.0,3.0,1.0,
64.0,63.0,83.0,0.0,2.0,1.0,
64.0,46.0,10.0,0.0,2.0,1.0,
32.0,49.0,9.0,0.0,2.0,1.0,
16.0,26.0,24.0,0.0,2.0,1.0,
16.0,60.0,9.0,0.0,2.0,1.0,
64.0,21.0,83.0,0.0,2.0,1.0,
128.0,64.0,42.0,0.0,3.0,1.0,
16.0,74.0,117.0,0.0,2.0,1.0,
64.0,12.0,56.0,0.0,3.0,2.0,
128.0,15.0,4.0,1.0,3.0,2.0,
256.0,20.0,50.0,0.0,2.0,1.0,
256.0,47.0,19.0,0.0,2.0,1.0,
32.0,49.0,25.0,1.0,3.0,2.0,
32.0,10.0,34.0,0.0,2.0,1.0,
64.0,43.0,46.0,0.0,2.0,1.0,
32.0,79.0,176.0,0.0,3.0,1.0,
256.0,92.0,4.0,0.0,3.0,1.0,
32.0,9.0,4.0,0.0,2.0,1.0,
128.0,86.0,6.0,1.0,3.0,2.0,
64.0,57.0,48.0,0.0,2.0,1.0,
16.0,42.0,26.0,0.0,3.0,1.0,
16.0,23.0,9.0,0.0,3.0,2.0,
32.0,30.0,79.0,0.0,2.0,1.0,
128.0,93.0,10.0,0.0,2.0,1.0,
32.0,32.0,11.0,0.0,3.0,1.0,
128.0,62.0,5.0,0.0,3.0,1.0,
16.0,84.0,27.0,0.0,2.0,1.0,
32.0,36.0,23.0,0.0,2.0,1.0,
32.0,46.0,29.0,0.0,2.0,1.0,
32.0,86.0,45.0,0.0,3.0,1.0,
16.0,58.0,35.0,0.0,2.0,1.0,
64.0,79.0,43.0,0.0,3.0,1.0,
16.0,66.0,15.0,1.0,3.0,2.0,
256.0,65.0,52.0,1.0,3.0,2.0,
32.0,9.0,60.0,0.0,3.0,2.0,
64.0,70.0,3.0,1.0,3.0,2.0,
64.0,23.0,34.0,0.0,2.0,1.0,
32.0,71.0,22.0,0.0,3.0,1.0,
128.0,92.0,22.0,0.0,3.0,1.0,
16.0,36.0,13.0,0.0,2.0,1.0,
128.0,29.0,6.0,1.0,3.0,2.0,
16.0,88.0,4.0,0.0,2.0,1.0,
256.0,19.0,3.0,0.0,2.0,1.0,
64.0,73.0,154.0,0.0,2.0,1.0,
256.0,98.0,54.0,0.0,2.0,1.0,
128.0,39.0,7.0,0.0,3.0,1.0,
64.0,78.0,10.0,1.0,3.0,2.0,
16.0,88.0,14.0,0.0,2.0,1.0,
16.0,80.0,4.0,0.0,3.0,2.0,
32.0,98.0,32.0,0.0,3.0,1.0,
128.0,23.0,99.0,0.0,3.0,1.0,
128.0,56.0,121.0,0.0,2.0,1.0,
16.0,84.0,35.0,0.0,3.0,1.0,
32.0,97.0,9.0,0.0,3.0,1.0,
128.0,92.0,3.0,0.0,3.0,1.0,
128.0,24.0,10.0,1.0,3.0,2.0,
32.0,79.0,92.0,0.0,3.0,1.0,
64.0,51.0,51.0,0.0,3.0,2.0,
128.0,80.0,17.0,0.0,2.0,1.0,
16.0,42.0,21.0,0.0,3.0,1.0,
32.0,12.0,16.0,0.0,3.0,1.0,
