6.481935119628906250e+01
8.299483489990234375e+01
6.281407546997070312e+01
8.399213409423828125e+01
7.977441406250000000e+01
6.458678436279296875e+01
8.775767517089843750e+01
8.365567016601562500e+01
8.444822692871093750e+01
6.284811019897460938e+01
8.753926086425781250e+01
8.783629608154296875e+01
7.876617431640625000e+01
6.301651763916015625e+01
5.870279693603515625e+01
6.016860961914062500e+01
6.156363677978515625e+01
8.425648498535156250e+01
8.285470581054687500e+01
6.834825897216796875e+01
6.220998764038085938e+01
7.708831024169921875e+01
6.973703002929687500e+01
9.513848876953125000e+01
5.946170043945312500e+01
7.029567718505859375e+01
9.198785400390625000e+01
7.776052093505859375e+01
6.547724151611328125e+01
8.169522857666015625e+01
6.036131668090820312e+01
7.219878387451171875e+01
6.488227844238281250e+01
6.522262573242187500e+01
9.300846862792968750e+01
8.802841949462890625e+01
9.928147888183593750e+01
8.505290985107421875e+01
9.105538177490234375e+01
6.756157684326171875e+01
8.389154815673828125e+01
5.819016647338867188e+01
8.486874389648437500e+01
6.139823532104492188e+01
6.795173645019531250e+01
6.167438125610351562e+01
8.330767059326171875e+01
8.276281738281250000e+01
7.779457092285156250e+01
6.292958450317382812e+01
8.399421691894531250e+01
5.679001617431640625e+01
9.939379119873046875e+01
8.078195953369140625e+01
6.825914764404296875e+01
6.269943237304687500e+01
6.456423950195312500e+01
8.083852386474609375e+01
8.277011871337890625e+01
5.766799163818359375e+01
7.963758850097656250e+01
6.010793304443359375e+01
6.045199203491210938e+01
6.509716033935546875e+01
6.122562789916992188e+01
9.654739379882812500e+01
6.883004760742187500e+01
6.551465606689453125e+01
8.933300781250000000e+01
9.169251251220703125e+01
6.265478134155273438e+01
6.296482467651367188e+01
5.980816268920898438e+01
7.766725158691406250e+01
7.929100036621093750e+01
8.620378875732421875e+01
8.627201080322265625e+01
5.965569686889648438e+01
8.525040435791015625e+01
8.364346313476562500e+01
7.297077941894531250e+01
6.862224578857421875e+01
6.315296554565429688e+01
6.342967987060546875e+01
6.431746673583984375e+01
5.857459259033203125e+01
6.192731094360351562e+01
8.492655181884765625e+01
5.852763366699218750e+01
8.020094299316406250e+01
8.800344848632812500e+01
9.105794525146484375e+01
8.135437774658203125e+01
6.453869628906250000e+01
5.975326156616210938e+01
7.712265014648437500e+01
5.511470794677734375e+01
6.678279876708984375e+01
6.477976989746093750e+01
8.215541076660156250e+01
5.581993103027343750e+01
5.687543487548828125e+01
6.284888839721679688e+01
6.282986068725585938e+01
1.005975952148437500e+02
8.749372863769531250e+01
6.510942077636718750e+01
8.147698211669921875e+01
6.908444976806640625e+01
5.931529235839843750e+01
7.540237426757812500e+01
6.109121704101562500e+01
6.669086456298828125e+01
6.057667922973632812e+01
7.943741607666015625e+01
6.375234222412109375e+01
6.003007888793945312e+01
9.038634490966796875e+01
8.763841247558593750e+01
6.307622146606445312e+01
6.451761627197265625e+01
5.833415985107421875e+01
6.897118377685546875e+01
6.001914596557617188e+01
6.441187286376953125e+01
6.423808288574218750e+01
6.448925781250000000e+01
6.284609985351562500e+01
8.340720367431640625e+01
8.698887634277343750e+01
6.996472167968750000e+01
5.962776947021484375e+01
1.021419754028320312e+02
8.523983764648437500e+01
6.955198669433593750e+01
6.543466949462890625e+01
8.294265747070312500e+01
6.390290832519531250e+01
8.567344665527343750e+01
6.484439086914062500e+01
6.230828475952148438e+01
8.834033966064453125e+01
6.303202438354492188e+01
5.968776702880859375e+01
6.880178833007812500e+01
6.744370269775390625e+01
6.033890151977539062e+01
6.501882934570312500e+01
7.159168243408203125e+01
8.247208404541015625e+01
6.597023773193359375e+01
6.134406661987304688e+01
6.148753738403320312e+01
6.907795715332031250e+01
8.360841369628906250e+01
6.683906555175781250e+01
8.491642761230468750e+01
6.131514358520507812e+01
6.683536529541015625e+01
8.096926879882812500e+01
6.431353759765625000e+01
6.901250457763671875e+01
6.398495864868164062e+01
6.799098205566406250e+01
8.113197326660156250e+01
8.485530853271484375e+01
6.077156066894531250e+01
6.238920974731445312e+01
6.388883209228515625e+01
6.261278915405273438e+01
8.166457366943359375e+01
6.514196777343750000e+01
6.354638671875000000e+01
8.131051635742187500e+01
6.860038757324218750e+01
6.629757690429687500e+01
7.980135345458984375e+01
8.253073883056640625e+01
6.911976623535156250e+01
6.259383392333984375e+01
8.381146240234375000e+01
6.216209793090820312e+01
7.651332092285156250e+01
8.408474731445312500e+01
6.314962005615234375e+01
6.690979003906250000e+01
6.088439178466796875e+01
8.329913330078125000e+01
5.972679901123046875e+01
8.504702758789062500e+01
8.560729217529296875e+01
8.045558929443359375e+01
6.291554260253906250e+01
8.609624481201171875e+01
6.382294082641601562e+01
6.979724121093750000e+01
8.904500579833984375e+01
6.349026107788085938e+01
5.255249023437500000e+01
5.981084442138671875e+01
5.910117721557617188e+01
6.182159805297851562e+01
8.554734802246093750e+01
8.566968536376953125e+01
5.918389129638671875e+01
7.632554626464843750e+01
6.696736907958984375e+01
6.403327178955078125e+01
9.580304718017578125e+01
8.866711425781250000e+01
5.904348754882812500e+01
6.125170516967773438e+01
8.537089538574218750e+01
8.772922515869140625e+01
1.005821990966796875e+02
6.234763336181640625e+01
8.892484283447265625e+01
8.790790557861328125e+01
8.428413391113281250e+01
7.128238677978515625e+01
8.167661285400390625e+01
6.381782531738281250e+01
8.336247253417968750e+01
9.175090026855468750e+01
5.600781631469726562e+01
6.797117614746093750e+01
6.283876037597656250e+01
5.600025939941406250e+01
8.167391967773437500e+01
6.184492111206054688e+01
6.334646987915039062e+01
8.424302673339843750e+01
6.629033660888671875e+01
5.918315505981445312e+01
6.910872650146484375e+01
6.178985977172851562e+01
8.766712951660156250e+01
9.351364898681640625e+01
8.214557647705078125e+01
6.788758087158203125e+01
7.887596130371093750e+01
7.457168579101562500e+01
6.368288803100585938e+01
8.516605377197265625e+01
6.481276702880859375e+01
8.966909790039062500e+01
6.978533172607421875e+01
8.843529510498046875e+01
8.126132965087890625e+01
6.277245330810546875e+01
5.592964553833007812e+01
6.637618255615234375e+01
5.859789276123046875e+01
6.187191009521484375e+01
6.620813751220703125e+01
8.140098571777343750e+01
