4.543775177001953125e+01
7.021079254150390625e+01
3.783812713623046875e+01
5.113484191894531250e+01
6.075255584716796875e+01
6.255949020385742188e+01
4.160192871093750000e+01
6.787430572509765625e+01
5.489980697631835938e+01
5.501639938354492188e+01
5.532498550415039062e+01
4.255097961425781250e+01
5.922194290161132812e+01
5.917234802246093750e+01
8.367333984375000000e+01
6.104517745971679688e+01
5.805602645874023438e+01
6.802276611328125000e+01
3.518563842773437500e+01
4.417937469482421875e+01
5.386193084716796875e+01
5.250661468505859375e+01
5.478816604614257812e+01
5.015522766113281250e+01
4.849851226806640625e+01
4.492068099975585938e+01
7.132434082031250000e+01
4.486912155151367188e+01
5.507871246337890625e+01
3.969536209106445312e+01
4.396181488037109375e+01
4.723213195800781250e+01
4.326131820678710938e+01
4.149913024902343750e+01
5.006672286987304688e+01
4.825613784790039062e+01
5.590322494506835938e+01
6.892045593261718750e+01
4.887115478515625000e+01
6.248435974121093750e+01
4.931471252441406250e+01
8.287315368652343750e+01
4.183561325073242188e+01
5.236042785644531250e+01
5.162939071655273438e+01
4.896173858642578125e+01
5.874964523315429688e+01
1.396598911285400391e+01
5.357366561889648438e+01
5.776938247680664062e+01
5.050401687622070312e+01
5.492842864990234375e+01
5.000629806518554688e+01
5.581192016601562500e+01
4.316967010498046875e+01
5.464239883422851562e+01
5.693602752685546875e+01
4.520729827880859375e+01
6.526670837402343750e+01
5.067538452148437500e+01
3.079336547851562500e+01
4.515355682373046875e+01
4.326320648193359375e+01
6.231018447875976562e+01
6.135491943359375000e+01
6.294459152221679688e+01
4.819538116455078125e+01
8.166960144042968750e+01
5.343685150146484375e+01
5.553561401367187500e+01
6.219542694091796875e+01
5.352295684814453125e+01
3.819231796264648438e+01
4.108111572265625000e+01
4.616973495483398438e+01
8.336056518554687500e+01
5.050786972045898438e+01
5.221747207641601562e+01
4.502029418945312500e+01
4.797332000732421875e+01
5.382403564453125000e+01
5.567954254150390625e+01
4.952283477783203125e+01
5.921530914306640625e+01
5.842763900756835938e+01
8.274561309814453125e+01
4.799489593505859375e+01
4.750305557250976562e+01
7.548871612548828125e+01
4.498687362670898438e+01
7.431826782226562500e+01
4.069010162353515625e+01
4.860510253906250000e+01
3.780579757690429688e+01
6.034704208374023438e+01
4.835746765136718750e+01
3.417155456542968750e+01
6.782567596435546875e+01
2.245866966247558594e+01
4.316236114501953125e+01
4.436962509155273438e+01
4.371312713623046875e+01
8.627123260498046875e+01
5.358786010742187500e+01
8.306194305419921875e+01
5.954259109497070312e+01
3.631632232666015625e+01
5.466512680053710938e+01
5.985132980346679688e+01
6.502781677246093750e+01
3.741368103027343750e+01
4.822369384765625000e+01
2.451746702194213867e+00
6.757800292968750000e+01
5.407383728027343750e+01
2.367476272583007812e+01
4.346236419677734375e+01
3.683973312377929688e+01
4.238219833374023438e+01
4.393463516235351562e+01
4.521179199218750000e+01
2.106244468688964844e+01
4.747513580322265625e+01
6.755818939208984375e+01
4.541969680786132812e+01
4.805997085571289062e+01
6.493962860107421875e+01
3.629472351074218750e+01
5.014517211914062500e+01
4.613460159301757812e+01
4.159435272216796875e+01
4.897017669677734375e+01
1.618756866455078125e+01
4.102744674682617188e+01
3.284157943725585938e+01
3.762676239013671875e+01
2.643414497375488281e+01
5.154087448120117188e+01
3.865201568603515625e+01
8.566915893554687500e+01
5.616150665283203125e+01
9.315133094787597656e+00
6.417568969726562500e+01
4.711161041259765625e+01
6.521313476562500000e+01
4.167172622680664062e+01
6.276063156127929688e+01
5.125141525268554688e+01
4.898092269897460938e+01
4.437340164184570312e+01
7.255778503417968750e+01
6.535430908203125000e+00
4.517468643188476562e+01
4.892847824096679688e+01
5.959775161743164062e+01
2.515487861633300781e+01
4.597697448730468750e+01
2.143831253051757812e+01
5.549736022949218750e+01
5.402441787719726562e+01
8.350274658203125000e+01
4.695894241333007812e+01
6.734980010986328125e+01
9.066376495361328125e+01
3.103774452209472656e+01
3.627759552001953125e+01
6.163651275634765625e+01
5.609352874755859375e+01
6.405165863037109375e+01
5.112806320190429688e+01
6.370083618164062500e+01
6.377782440185546875e+01
4.855981445312500000e+01
2.176944255828857422e+00
3.903572082519531250e+01
3.590083312988281250e+01
5.786527252197265625e+01
7.077887725830078125e+01
4.664352416992187500e+01
6.381737136840820312e+01
5.474614715576171875e+01
6.549535369873046875e+01
6.663571166992187500e+01
5.388284301757812500e+01
7.681095123291015625e+01
6.307862854003906250e+01
5.447158813476562500e+01
3.001642799377441406e+01
3.868152618408203125e+01
5.790835952758789062e+01
4.955218505859375000e+01
5.810690307617187500e+01
5.083206558227539062e+01
3.303799438476562500e+01
2.134407281875610352e+00
6.049513244628906250e+01
5.496581649780273438e+01
5.566061401367187500e+01
3.519985198974609375e+01
4.869833755493164062e+01
7.447304534912109375e+01
6.179248046875000000e+01
1.793520355224609375e+01
7.642478179931640625e+01
6.040327072143554688e+01
4.551903152465820312e+01
4.681719589233398438e+01
4.975702667236328125e+01
5.361869812011718750e+01
6.765209960937500000e+01
5.048754501342773438e+01
3.177581405639648438e+01
7.178454589843750000e+01
5.280390548706054688e+01
6.447314453125000000e+01
4.430416107177734375e+01
6.810364532470703125e+01
4.051556015014648438e+01
9.103485107421875000e+01
5.060039901733398438e+01
2.416931533813476562e+01
5.820890045166015625e+01
5.571159744262695312e+01
4.638251876831054688e+01
5.060052108764648438e+01
4.205258941650390625e+01
5.490962600708007812e+01
3.113948249816894531e+01
7.446401977539062500e+01
4.689881515502929688e+01
4.644907379150390625e+01
2.459912490844726562e+01
4.520017623901367188e+01
7.674497985839843750e+01
5.368101501464843750e+01
3.910022354125976562e+01
3.999933242797851562e+01
6.255764007568359375e+01
5.898203277587890625e+01
5.755863666534423828e+00
4.367020797729492188e+01
6.578038787841796875e+01
5.768614196777343750e+01
4.121029281616210938e+01
4.311556625366210938e+01
8.830803680419921875e+01
3.879880905151367188e+01
4.868523025512695312e+01
3.909560012817382812e+01
4.316967010498046875e+01
4.548217010498046875e+01
5.521721649169921875e+01
4.171915435791015625e+01
6.794214630126953125e+01
7.168716430664062500e+01
5.094638061523437500e+01
