7.054480590820312500e+02
2.987979431152343750e+02
8.114211082458496094e+00
3.499589920043945312e+01
4.907805919647216797e+00
3.254529953002929688e+00
7.682289123535156250e+01
9.137127685546875000e+01
3.207039642333984375e+01
1.210275077819824219e+01
4.703420162200927734e+00
1.818724250793457031e+01
8.702080249786376953e-01
4.771669387817382812e+01
7.688959836959838867e-01
7.304220199584960938e+00
8.290299987792968750e+01
3.623680174350738525e-01
1.463192939758300781e+01
2.228160053491592407e-01
1.370408058166503906e+01
6.377149581909179688e+01
7.249440193176269531e+00
1.506161804199218750e+02
1.068704009056091309e+00
4.559359848499298096e-01
1.408006095886230469e+01
9.694109916687011719e+00
7.406360149383544922e+00
3.205030059814453125e+01
6.454998779296875000e+01
8.966768646240234375e+01
2.232254028320312500e+00
4.629119932651519775e-01
7.687650203704833984e+00
1.576039123535156250e+01
3.868790054321289062e+01
5.053520202636718750e+01
4.271720123291015625e+01
6.178929901123046875e+01
2.843640136718750000e+01
6.960168457031250000e+01
2.287012100219726562e+00
1.394732856750488281e+01
8.076000213623046875e+00
3.519469833374023438e+01
4.101239681243896484e+00
7.578608703613281250e+01
5.162760543823242188e+01
2.938179779052734375e+01
7.451449394226074219e+00
8.337828636169433594e+00
1.546932029724121094e+01
2.091464996337890625e+01
1.338035964965820312e+01
3.896429824829101562e+01
4.730648040771484375e+01
1.818431973457336426e+00
2.022572174072265625e+02
2.714090156555175781e+01
6.657479763031005859e+00
4.703420162200927734e+00
1.167135953903198242e+00
1.308319854736328125e+01
