1.033889282226562500e+03
2.672637023925781250e+02
7.654267311096191406e+00
3.507221603393554688e+01
4.655277729034423828e+00
3.515019655227661133e+00
1.076943817138671875e+02
6.525460052490234375e+01
2.929069709777832031e+01
1.359840106964111328e+01
6.318246364593505859e+00
1.746242523193359375e+01
1.653738379478454590e+00
5.201504898071289062e+01
1.703623652458190918e+00
7.485326766967773438e+00
6.078558731079101562e+01
2.681717872619628906e+00
1.750734710693359375e+01
1.924696713685989380e-01
1.375203418731689453e+01
6.390455245971679688e+01
6.088874340057373047e+00
8.548691558837890625e+01
1.815150737762451172e+00
8.915824890136718750e-01
1.392844390869140625e+01
7.919471740722656250e+00
1.232416057586669922e+01
3.363058471679687500e+01
7.344395446777343750e+01
8.840911865234375000e+01
5.134323120117187500e+00
8.127469420433044434e-01
7.540104389190673828e+00
1.504735374450683594e+01
3.673518371582031250e+01
5.406402969360351562e+01
4.494443893432617188e+01
2.955765533447265625e+01
2.804529380798339844e+01
6.531140899658203125e+01
2.069951534271240234e+00
1.453482532501220703e+01
1.002178668975830078e+01
3.755825042724609375e+01
2.581920385360717773e+00
4.730023193359375000e+01
4.372546768188476562e+01
2.922907829284667969e+01
8.687457084655761719e+00
9.597258567810058594e+00
1.440530204772949219e+01
2.235476875305175781e+01
1.044539642333984375e+01
2.751439094543457031e+01
5.377405166625976562e+01
1.479232788085937500e+00
4.175722961425781250e+02
2.325026512145996094e+01
5.115684509277343750e+00
5.762669086456298828e+00
2.681804180145263672e+00
1.398898410797119141e+01
