1.082820057868957520e+00
1.691720008850097656e+00
3.975680097937583923e-02
2.798789978027343750e+00
1.847999915480613708e-02
1.644479669630527496e-02
8.171899914741516113e-01
4.389759525656700134e-02
1.316480040550231934e+00
1.074519920349121094e+01
1.739999949932098389e-01
6.645820140838623047e-01
3.368319943547248840e-02
5.262829780578613281e+00
8.325120061635971069e-02
4.341120272874832153e-02
4.089919850230216980e-02
2.193180024623870850e-01
7.307199835777282715e-01
3.636159747838973999e-02
2.088990062475204468e-01
2.912479937076568604e-01
2.079680189490318298e-02
3.282279968261718750e+00
2.872959896922111511e-02
2.348480001091957092e-02
1.200410079956054688e+01
1.528320014476776123e-01
1.668480110168457031e+01
3.094650030136108398e+00
1.120580136775970459e-01
2.311679907143115997e-02
1.770559698343276978e-02
4.196529865264892578e+00
3.472319990396499634e-02
7.454400509595870972e-02
8.534500002861022949e-01
1.739999949932098389e-01
2.824319712817668915e-02
5.971840769052505493e-02
2.631199955940246582e-01
2.227900028228759766e-01
6.419840455055236816e-02
1.335719943046569824e+00
9.935400962829589844e+00
1.493439730256795883e-02
1.047739908099174500e-01
1.255519986152648926e+00
4.933120682835578918e-02
6.613758951425552368e-02
2.098369896411895752e-01
3.319360315799713135e-02
3.774080052971839905e-02
1.380480080842971802e-01
4.566889762878417969e+00
9.117440134286880493e-02
3.099839948117733002e-02
4.753609657287597656e+00
2.995299994945526123e-01
3.201280161738395691e-02
3.637760132551193237e-02
5.246660113334655762e-01
1.953920163214206696e-02
3.147040009498596191e-01
9.501758962869644165e-02
5.992029905319213867e-01
4.181340038776397705e-01
1.089840054512023926e+00
3.170559927821159363e-02
2.016960084438323975e-02
2.005119994282722473e-02
9.794560074806213379e-02
6.366080045700073242e-01
9.829059839248657227e-01
1.706819981336593628e-01
3.666910231113433838e-01
2.276160195469856262e-02
6.401789784431457520e-01
8.527839779853820801e-01
4.129600524902343750e-02
8.263679593801498413e-02
1.659200154244899750e-02
1.092480048537254333e-01
5.995660305023193359e+00
2.457789927721023560e-01
4.254119873046875000e+00
9.531779885292053223e-01
1.681149899959564209e-01
1.102339997887611389e-01
4.076800495386123657e-02
1.108159944415092468e-01
1.151460170745849609e+01
2.676479890942573547e-02
9.457920193672180176e-01
6.332300186157226562e+00
1.864320039749145508e-02
7.976960182189941406e+00
1.703679934144020081e-02
7.905499935150146484e-01
4.663519859313964844e-01
1.702080294489860535e-02
2.442559786140918732e-02
1.859999895095825195e-01
6.895229816436767578e-01
1.261639952659606934e+00
1.486969947814941406e+00
8.287360519170761108e-02
3.117759712040424347e-02
2.148159965872764587e-02
1.939519867300987244e-02
5.090560391545295715e-02
1.809279806911945343e-02
2.886720187962055206e-02
3.903360292315483093e-02
1.913600042462348938e-02
1.103230044245719910e-01
2.303359843790531158e-02
6.318400055170059204e-02
2.136319875717163086e-02
1.253120005130767822e-01
2.115839906036853790e-02
2.244799770414829254e-02
2.129919826984405518e-02
2.749819946289062500e+01
2.064860016107559204e-01
2.173760160803794861e-02
3.524800017476081848e-02
2.750399895012378693e-02
8.226240426301956177e-02
2.584000118076801300e-02
7.123360037803649902e-01
1.797120086848735809e-02
1.496480178833007812e+01
1.862720027565956116e-02
2.393600344657897949e-02
2.346880175173282623e-02
2.007360011339187622e-02
4.388479888439178467e-02
5.992960184812545776e-02
1.933670043945312500e+01
3.807039931416511536e-02
8.807520270347595215e-01
3.472319990396499634e-02
4.413439705967903137e-02
1.626400053501129150e-01
2.731519937515258789e-02
4.381670475006103516e+00
2.795840054750442505e-02
2.949760109186172485e-02
7.638720273971557617e-01
9.376710891723632812e+00
1.780639886856079102e-01
1.353000044822692871e+00
1.635579913854598999e-01
1.043739989399909973e-01
9.192320704460144043e-02
2.909019887447357178e-01
2.588799968361854553e-02
4.474009990692138672e+00
2.292160131037235260e-02
1.458639979362487793e+00
3.161280229687690735e-02
1.364030092954635620e-01
9.586110115051269531e-01
9.100030064582824707e-01
5.638720095157623291e-02
1.941720199584960938e+01
1.915519870817661285e-02
3.561280295252799988e-02
6.294689774513244629e-01
5.954369902610778809e-01
5.645759776234626770e-02
2.963520213961601257e-02
1.775359921157360077e-02
8.646080642938613892e-02
3.632960096001625061e-02
4.819199815392494202e-02
1.257089972496032715e-01
1.335719943046569824e+00
1.597660034894943237e-01
1.915840059518814087e-02
2.596799843013286591e-02
2.069820016622543335e-01
1.838179975748062134e-01
3.054820001125335693e-01
2.218239754438400269e-02
3.753600269556045532e-02
8.357119560241699219e-02
1.819999963045120239e-01
1.727680116891860962e-02
8.642209768295288086e-01
7.901439070701599121e-02
5.569790005683898926e-01
2.114880084991455078e-02
3.889600187540054321e-02
2.375359833240509033e-02
3.067010045051574707e-01
1.091939955949783325e-01
1.887490004301071167e-01
1.616130024194717407e-01
2.450559660792350769e-02
3.898879885673522949e-02
3.135159969329833984e+00
1.950080133974552155e-02
1.743330001831054688e+00
8.833599835634231567e-02
1.002980098128318787e-01
3.229309916496276855e-01
6.298590302467346191e-01
3.224959969520568848e-02
3.324799984693527222e-02
3.962030172348022461e+00
9.025539755821228027e-01
2.701379954814910889e-01
2.154240012168884277e-01
3.784219980239868164e+00
1.659999936819076538e-01
2.344930022954940796e-01
9.147670745849609375e+00
2.830429971218109131e-01
8.431360870599746704e-02
1.599170118570327759e-01
7.102719694375991821e-02
1.178240060806274414e+00
1.829760335385799408e-02
3.573440015316009521e-02
3.922300040721893311e-01
7.148480415344238281e-02
4.425899982452392578e+00
4.080639779567718506e-02
6.506880372762680054e-02
6.270939707756042480e-01
3.734720125794410706e-02
1.633469909429550171e-01
1.851839758455753326e-02
4.308480396866798401e-02
7.175740003585815430e-01
1.390659958124160767e-01
5.270720273256301880e-02
2.182839965820312500e+01
1.646239906549453735e-01
2.394559793174266815e-02
1.133789941668510437e-01
1.780350059270858765e-01
1.799969971179962158e-01
1.929920017719268799e-01
1.549089998006820679e-01
1.138689994812011719e+00
1.664859950542449951e-01
1.939519867300987244e-02
2.268159948289394379e-02
1.340480148792266846e-01
3.672919988632202148e+00
2.713920362293720245e-02
4.522239789366722107e-02
4.063069820404052734e+00
