1.991065502166748047e+00
1.568931579589843750e+00
3.194478526711463928e-02
1.835496187210083008e+00
3.126748278737068176e-02
3.117725439369678497e-02
6.933789849281311035e-01
4.766440019011497498e-02
1.456736683845520020e+00
5.774024486541748047e+00
1.494684517383575439e-01
9.902703166007995605e-01
2.766030654311180115e-02
4.920858383178710938e+00
9.271324425935745239e-02
4.026760160923004150e-02
4.909357428550720215e-02
2.362299114465713501e-01
7.786678671836853027e-01
4.026054590940475464e-02
3.376659750938415527e-01
3.376148045063018799e-01
2.396422810852527618e-02
2.642174482345581055e+00
3.486499562859535217e-02
1.979359053075313568e-02
8.596009254455566406e+00
1.399188339710235596e-01
1.029364089965820312e+02
3.536023855209350586e+00
1.148250102996826172e-01
3.153614327311515808e-02
2.270060591399669647e-02
6.709941387176513672e+00
3.359406441450119019e-02
6.054451689124107361e-02
6.842749118804931641e-01
1.646803319454193115e-01
2.739311382174491882e-02
5.125476047396659851e-02
2.202939242124557495e-01
3.018033802509307861e-01
6.845185160636901855e-02
1.313510894775390625e+00
2.055088233947753906e+01
1.741340942680835724e-02
1.035969704389572144e-01
2.145947694778442383e+00
4.045636951923370361e-02
8.208967745304107666e-02
2.636784017086029053e-01
3.010637313127517700e-02
4.054147377610206604e-02
1.388891190290451050e-01
6.520651340484619141e+00
9.382218122482299805e-02
4.619462788105010986e-02
1.111004161834716797e+01
2.897303700447082520e-01
3.358599171042442322e-02
4.206439480185508728e-02
4.324418604373931885e-01
3.021780773997306824e-02
3.270785808563232422e-01
8.515670895576477051e-02
2.505355775356292725e-01
4.656011164188385010e-01
1.004893302917480469e+00
4.179764539003372192e-02
1.932176388800144196e-02
3.700349479913711548e-02
8.890927582979202271e-02
7.932160496711730957e-01
8.740588426589965820e-01
1.456444263458251953e-01
2.610698640346527100e-01
2.497903257608413696e-02
5.898336172103881836e-01
1.064667344093322754e+00
4.847300797700881958e-02
1.003583148121833801e-01
1.429596543312072754e-02
1.256103217601776123e-01
3.578867197036743164e+00
1.965081840753555298e-01
1.814972400665283203e+00
4.565756618976593018e-01
1.350885480642318726e-01
8.805712312459945679e-02
4.199528321623802185e-02
1.279985904693603516e-01
6.765155029296875000e+01
4.051315411925315857e-02
2.700294971466064453e+00
2.667870521545410156e+00
1.864620856940746307e-02
6.921399593353271484e+00
2.424850873649120331e-02
7.752558588981628418e-01
8.661814928054809570e-01
1.447398867458105087e-02
3.871173784136772156e-02
3.286505341529846191e-01
6.226986050605773926e-01
1.164939880371093750e+00
1.290637135505676270e+00
7.296203821897506714e-02
4.425854608416557312e-02
1.563181914389133453e-02
2.236801572144031525e-02
4.993386939167976379e-02
2.153371460735797882e-02
4.370031505823135376e-02
3.738125041127204895e-02
3.476816415786743164e-02
1.139206513762474060e-01
2.660050429403781891e-02
8.504292368888854980e-02
1.684517227113246918e-02
1.765963137149810791e-01
3.620831668376922607e-02
1.883952133357524872e-02
3.428746759891510010e-02
1.747059822082519531e+01
4.436870217323303223e-01
2.065935730934143066e-02
3.988457098603248596e-02
3.881774470210075378e-02
7.715534418821334839e-02
2.815760858356952667e-02
6.636633276939392090e-01
1.636990159749984741e-02
6.369472980499267578e+00
1.828259415924549103e-02
1.706494763493537903e-02
2.617662772536277771e-02
2.151120267808437347e-02
5.523053556680679321e-02
5.645180866122245789e-02
1.183321666717529297e+01
4.530351608991622925e-02
6.445916891098022461e-01
2.742395736277103424e-02
4.678975045680999756e-02
1.828111261129379272e-01
1.953504048287868500e-02
9.858193397521972656e+00
2.387367375195026398e-02
3.837476298213005066e-02
3.618090152740478516e-01
7.656039237976074219e+00
1.626526564359664917e-01
8.368676304817199707e-01
2.159496098756790161e-01
1.272845864295959473e-01
1.075080707669258118e-01
3.100438416004180908e-01
3.206901997327804565e-02
3.493619918823242188e+00
2.731068618595600128e-02
1.030728697776794434e+00
3.623911365866661072e-02
1.754986345767974854e-01
5.182507038116455078e-01
8.628434538841247559e-01
5.735342949628829956e-02
2.130906486511230469e+01
1.432670094072818756e-02
3.948656469583511353e-02
1.162074565887451172e+00
1.438801884651184082e+00
5.789257586002349854e-02
3.910478577017784119e-02
1.501751225441694260e-02
8.419914543628692627e-02
3.531396389007568359e-02
5.312127247452735901e-02
1.769793331623077393e-01
2.261012315750122070e+00
1.926519423723220825e-01
2.807140722870826721e-02
3.713236749172210693e-02
1.847740113735198975e-01
1.470845043659210205e-01
2.926341295242309570e-01
4.230516403913497925e-02
4.745859652757644653e-02
7.737612724304199219e-02
1.323081403970718384e-01
2.085114270448684692e-02
1.817636966705322266e+00
6.907497346401214600e-02
3.880422711372375488e-01
2.303272113204002380e-02
4.937188327312469482e-02
3.129783272743225098e-02
2.278660982847213745e-01
9.409354627132415771e-02
1.792322695255279541e-01
1.780342161655426025e-01
2.572451718151569366e-02
2.984464168548583984e-02
2.253335952758789062e+00
2.217459864914417267e-02
2.180098056793212891e+00
8.651445806026458740e-02
1.002446264028549194e-01
3.029410243034362793e-01
5.458526015281677246e-01
2.555116638541221619e-02
2.955491840839385986e-02
1.105734348297119141e+01
7.990369796752929688e-01
1.832505017518997192e-01
2.989243865013122559e-01
2.332031488418579102e+00
1.973279565572738647e-01
4.108029901981353760e-01
1.557140445709228516e+01
3.380491137504577637e-01
8.926657587289810181e-02
1.971411406993865967e-01
7.117594778537750244e-02
1.110777854919433594e+00
1.673519238829612732e-02
3.667185828089714050e-02
4.907969534397125244e-01
7.174739241600036621e-02
2.597927570343017578e+00
4.798585548996925354e-02
6.270183622837066650e-02
4.139181673526763916e-01
3.886151686310768127e-02
1.957217156887054443e-01
2.158163674175739288e-02
4.714687913656234741e-02
9.116783738136291504e-01
1.669748276472091675e-01
3.705540671944618225e-02
1.505761051177978516e+01
1.063098460435867310e-01
2.896071411669254303e-02
1.073611006140708923e-01
1.513213664293289185e-01
1.301423609256744385e-01
2.096151411533355713e-01
2.241070419549942017e-01
9.127614498138427734e-01
1.423804461956024170e-01
2.161053195595741272e-02
2.878100425004959106e-02
1.342587321996688843e-01
6.887373924255371094e+00
2.166834659874439240e-02
5.707231163978576660e-02
3.843227624893188477e+00
