1.245759706944227219e-02
1.450880151242017746e-02
4.628479480743408203e-02
1.171200163662433624e-02
1.248320192098617554e-02
1.548480149358510971e-02
2.709439955651760101e-02
1.118400227278470993e-02
1.719040237367153168e-02
1.205440144985914230e-02
1.679040119051933289e-02
1.358720287680625916e-02
1.288000214844942093e-02
1.632960326969623566e-02
1.300479937344789505e-02
1.321600284427404404e-02
1.890560239553451538e-02
1.050879806280136108e-02
2.233919873833656311e-02
1.052799727767705917e-02
2.497920021414756775e-02
1.026560179889202118e-02
1.044800132513046265e-02
1.287680305540561676e-02
9.974402375519275665e-03
1.662080176174640656e-02
1.150399725884199142e-02
2.765439823269844055e-02
1.264000218361616135e-02
1.469119917601346970e-02
1.780160330235958099e-02
2.077119797468185425e-02
1.261440012603998184e-02
1.253760047256946564e-02
1.440319884568452835e-02
1.201920025050640106e-02
1.763519831001758575e-02
1.541440375149250031e-02
9.776000864803791046e-03
1.290240138769149780e-02
3.600960224866867065e-02
1.165439747273921967e-02
1.502079889178276062e-02
1.044800132513046265e-02
1.273920014500617981e-02
1.167679857462644577e-02
9.824002161622047424e-03
9.721598587930202484e-03
1.462399680167436600e-02
1.330560259521007538e-02
1.511040236800909042e-02
1.485759951174259186e-02
1.345919724553823471e-02
1.668159663677215576e-02
1.454400364309549332e-02
1.304959971457719803e-02
2.437120303511619568e-02
1.150080002844333649e-02
1.522240322083234787e-02
1.696639880537986755e-02
1.324480213224887848e-02
1.751360297203063965e-02
2.435519918799400330e-02
1.369920279830694199e-02
1.521600224077701569e-02
1.541440375149250031e-02
1.438079960644245148e-02
3.524480015039443970e-02
1.287359837442636490e-02
1.615039817988872528e-02
1.105919852852821350e-02
1.410879753530025482e-02
1.040960103273391724e-02
2.133120037615299225e-02
1.266240142285823822e-02
1.222719997167587280e-02
1.180799771100282669e-02
1.084160245954990387e-02
1.811840385198593140e-02
1.690559647977352142e-02
1.065279915928840637e-02
1.847680099308490753e-02
1.330560259521007538e-02
2.408319711685180664e-02
1.182720251381397247e-02
9.376001544296741486e-03
9.664000943303108215e-03
6.036160141229629517e-02
1.381120271980762482e-02
1.457600202411413193e-02
1.107519865036010742e-02
1.242239773273468018e-02
9.107200428843498230e-03
2.436800114810466766e-02
1.083839777857065201e-02
1.245440170168876648e-02
1.029120013117790222e-02
9.619198739528656006e-03
1.610880345106124878e-02
1.647999696433544159e-02
1.266240142285823822e-02
1.371520292013883591e-02
1.804479770362377167e-02
1.485439762473106384e-02
1.191999856382608414e-02
9.875199757516384125e-03
1.490559801459312439e-02
2.052160166203975677e-02
1.383359916508197784e-02
7.533119618892669678e-02
1.025279983878135681e-02
2.771199867129325867e-02
9.561601094901561737e-03
1.211200095713138580e-02
1.229759957641363144e-02
1.232640165835618973e-02
1.050240080803632736e-02
1.120959781110286713e-02
1.677439548075199127e-02
1.067840121686458588e-02
1.474879682064056396e-02
9.686399251222610474e-03
1.396479923278093338e-02
1.322559732943773270e-02
2.765760198235511780e-02
1.307519897818565369e-02
1.083519868552684784e-02
2.709439955651760101e-02
1.763840205967426300e-02
1.163520198315382004e-02
1.121599785983562469e-02
9.824002161622047424e-03
1.149440184235572815e-02
2.058880031108856201e-02
3.699200227856636047e-02
9.468797594308853149e-03
1.607359945774078369e-02
1.256640162318944931e-02
1.045119948685169220e-02
9.753599762916564941e-03
1.206399872899055481e-02
1.014400087296962738e-02
1.064959913492202759e-02
1.656319759786128998e-02
1.567360013723373413e-02
1.241279952228069305e-02
1.343360170722007751e-02
1.272640097886323929e-02
1.362240314483642578e-02
2.658239752054214478e-02
1.163200195878744125e-02
1.312320120632648468e-02
2.663999982178211212e-02
1.330560259521007538e-02
1.890879869461059570e-02
1.016319822520017624e-02
1.077439915388822556e-02
1.256960257887840271e-02
1.428479701280593872e-02
1.187520287930965424e-02
2.052480168640613556e-02
1.484480313956737518e-02
1.738880015909671783e-02
1.180159766227006912e-02
1.064640097320079803e-02
1.128959935158491135e-02
1.030720025300979614e-02
2.150399796664714813e-02
1.182079687714576721e-02
1.223040092736482620e-02
1.568640209734439850e-02
1.973120123147964478e-02
1.875199750065803528e-02
1.960320211946964264e-02
9.353597648441791534e-03
1.457600202411413193e-02
1.111680176109075546e-02
1.583040133118629456e-02
1.243199780583381653e-02
1.063359994441270828e-02
1.307200081646442413e-02
1.366719882935285568e-02
1.931519992649555206e-02
9.167999960482120514e-03
2.278399839997291565e-02
2.101760171353816986e-02
1.124160178005695343e-02
1.366080064326524734e-02
1.108160149306058884e-02
2.531199902296066284e-02
1.092480029910802841e-02
1.796159707009792328e-02
1.305599790066480637e-02
1.820479705929756165e-02
1.744320243597030640e-02
1.481920108199119568e-02
1.092799939215183258e-02
1.017600018531084061e-02
2.749440073966979980e-02
3.762239962816238403e-02
1.147200074046850204e-02
1.155200228095054626e-02
1.568640209734439850e-02
1.023999880999326706e-02
1.712959818542003632e-02
1.250559743493795395e-02
1.381120271980762482e-02
1.812479831278324127e-02
1.394239719957113266e-02
2.286720275878906250e-02
1.126399915665388107e-02
2.658239752054214478e-02
9.184001013636589050e-03
1.271040271967649460e-02
1.148800179362297058e-02
1.302719861268997192e-02
2.004159800708293915e-02
2.260159887373447418e-02
1.958400197327136993e-02
1.241600234061479568e-02
1.120000239461660385e-02
8.467200212180614471e-03
1.111999899148941040e-02
2.112959884107112885e-02
2.159359864890575409e-02
1.439679972827434540e-02
1.584320142865180969e-02
1.377280242741107941e-02
1.198720000684261322e-02
1.154880225658416748e-02
1.749760098755359650e-02
1.122240163385868073e-02
1.306879799813032150e-02
1.129279751330614090e-02
1.340159866958856583e-02
2.472000010311603546e-02
1.095359865576028824e-02
1.234879810363054276e-02
1.280960254371166229e-02
1.173440087586641312e-02
1.272640097886323929e-02
1.322240103036165237e-02
1.730560138821601868e-02
1.052159909158945084e-02
3.124159574508666992e-02
1.135999988764524460e-02
1.465599797666072845e-02
2.088960073888301849e-02
1.534400321543216705e-02
2.139840275049209595e-02
2.035840228199958801e-02
1.651519909501075745e-02
2.765120007097721100e-02
1.764800213277339935e-02
1.396479923278093338e-02
1.471039932221174240e-02
