6.301609420776367188e+01
9.775181579589843750e+01
9.970832061767578125e+01
9.931826782226562500e+01
9.915236663818359375e+01
9.960662841796875000e+01
9.666435241699218750e+01
9.719347381591796875e+01
9.989324951171875000e+01
8.763252258300781250e+01
7.843956756591796875e+01
9.834914398193359375e+01
6.182840728759765625e+01
9.975169372558593750e+01
9.986538696289062500e+01
7.215906524658203125e+01
9.974841308593750000e+01
9.881970214843750000e+01
9.914149475097656250e+01
8.341018676757812500e+01
7.880832672119140625e+01
9.903787994384765625e+01
9.968051147460937500e+01
8.966413879394531250e+01
9.998464965820312500e+01
9.854978942871093750e+01
8.935836029052734375e+01
9.989553833007812500e+01
9.868088531494140625e+01
9.982173156738281250e+01
9.957746887207031250e+01
9.923301696777343750e+01
9.704306030273437500e+01
9.707180023193359375e+01
9.743356323242187500e+01
9.959523010253906250e+01
6.531085205078125000e+01
3.435941314697265625e+01
9.956351470947265625e+01
9.994952392578125000e+01
6.277358055114746094e+00
9.902772521972656250e+01
9.675317382812500000e+01
8.864685821533203125e+01
9.869171142578125000e+01
9.587895202636718750e+01
8.979454803466796875e+01
9.555804443359375000e+01
9.986257934570312500e+01
9.250350189208984375e+01
7.766284179687500000e+01
7.833460998535156250e+01
9.000708770751953125e+01
2.085021972656250000e+01
9.940075683593750000e+01
9.697528839111328125e+01
9.751736450195312500e+01
9.299826812744140625e+01
9.493334197998046875e+01
2.891276931762695312e+01
9.984825134277343750e+01
9.985229492187500000e+01
8.837522888183593750e+01
9.977185821533203125e+01
9.953080749511718750e+01
8.782138824462890625e+01
9.977766418457031250e+01
9.317261505126953125e+01
9.891983795166015625e+01
9.386926269531250000e+01
9.663246154785156250e+01
8.000934600830078125e+01
9.783608245849609375e+01
9.878234100341796875e+01
6.750502777099609375e+01
9.716941833496093750e+01
6.589176940917968750e+01
9.911318206787109375e+01
9.857211303710937500e+01
9.732374572753906250e+01
9.692915344238281250e+01
9.943161773681640625e+01
8.823959350585937500e+01
9.017823791503906250e+01
9.814124298095703125e+01
9.931159210205078125e+01
9.984548950195312500e+01
9.489889526367187500e+01
9.842205047607421875e+01
9.968721771240234375e+01
9.681187438964843750e+01
9.921276092529296875e+01
9.975597381591796875e+01
9.947202301025390625e+01
8.654114532470703125e+01
9.898664855957031250e+01
9.352880859375000000e+01
9.250350189208984375e+01
9.995738983154296875e+01
9.727238464355468750e+01
9.507531738281250000e+01
7.468798065185546875e+01
9.836007690429687500e+01
9.996630096435546875e+01
9.976234436035156250e+01
1.844444084167480469e+01
9.986996459960937500e+01
9.932414245605468750e+01
8.021938323974609375e+01
8.761685180664062500e+01
9.569392395019531250e+01
9.894412994384765625e+01
9.872187805175781250e+01
9.017823791503906250e+01
8.927330780029296875e+01
9.216457366943359375e+01
9.955444335937500000e+01
7.903966522216796875e+01
9.953455352783203125e+01
8.908339691162109375e+01
9.984453582763671875e+01
9.987086486816406250e+01
9.901592254638671875e+01
9.978594207763671875e+01
9.962914276123046875e+01
9.889347076416015625e+01
6.301609420776367188e+01
7.763426208496093750e+01
9.794554138183593750e+01
9.962914276123046875e+01
9.900331115722656250e+01
8.087396240234375000e+01
9.480676269531250000e+01
9.799071502685546875e+01
9.907646942138671875e+01
6.320679855346679688e+01
9.997049713134765625e+01
7.788230895996093750e+01
8.503308105468750000e+01
9.968498229980468750e+01
8.755462646484375000e+01
9.503230094909667969e+00
9.990177917480468750e+01
9.530204010009765625e+01
8.988446807861328125e+01
9.818589782714843750e+01
6.843588256835937500e+01
9.505233764648437500e+01
7.971300506591796875e+01
9.984691619873046875e+01
8.341500091552734375e+01
9.976091766357421875e+01
9.721205902099609375e+01
9.732328033447265625e+01
3.825727844238281250e+01
9.584663391113281250e+01
9.947942352294921875e+01
9.981602478027343750e+01
4.127415466308593750e+01
9.698005676269531250e+01
9.977352905273437500e+01
8.602762603759765625e+01
9.741846466064453125e+01
8.914403533935546875e+01
9.998822784423828125e+01
9.631757354736328125e+01
7.497322082519531250e+01
8.032046508789062500e+01
8.576038360595703125e+01
9.855974578857421875e+01
9.920452880859375000e+01
9.960791015625000000e+01
9.688165283203125000e+01
9.993103027343750000e+01
9.948667907714843750e+01
9.748983764648437500e+01
9.914986419677734375e+01
6.567805480957031250e+01
8.085556793212890625e+01
6.237178039550781250e+01
9.912409973144531250e+01
8.636873626708984375e+01
9.878639221191406250e+01
9.870785522460937500e+01
9.650923919677734375e+01
9.986967468261718750e+01
9.475343322753906250e+01
9.903669738769531250e+01
6.115466690063476562e+01
9.948648834228515625e+01
6.797104644775390625e+01
6.369877243041992188e+01
6.407172393798828125e+01
9.818542480468750000e+01
9.852295684814453125e+01
9.837353515625000000e+01
9.588165283203125000e+01
6.514081573486328125e+01
9.993045806884765625e+01
3.132992362976074219e+01
9.980850219726562500e+01
9.117764282226562500e+01
9.817788696289062500e+01
9.990611267089843750e+01
9.888267517089843750e+01
9.232736206054687500e+01
9.327045440673828125e+01
9.907013702392578125e+01
9.969419860839843750e+01
9.906584167480468750e+01
9.890441894531250000e+01
9.964781951904296875e+01
6.350468158721923828e+00
9.939772033691406250e+01
6.487299346923828125e+01
9.552633666992187500e+01
9.968926239013671875e+01
9.854701232910156250e+01
8.624605560302734375e+01
9.982511138916015625e+01
9.975644683837890625e+01
9.632777404785156250e+01
7.625108337402343750e+01
9.928437042236328125e+01
9.980159759521484375e+01
9.799496459960937500e+01
9.992841339111328125e+01
9.961147308349609375e+01
9.794955444335937500e+01
9.438015747070312500e+01
9.837714385986328125e+01
5.994866943359375000e+01
9.843730163574218750e+01
9.628630065917968750e+01
9.885519409179687500e+01
9.924531555175781250e+01
9.764685821533203125e+01
8.872691345214843750e+01
4.395480346679687500e+01
9.581104278564453125e+01
9.921153259277343750e+01
6.891989898681640625e+01
6.801245117187500000e+01
6.552168273925781250e+01
9.909366607666015625e+01
9.685606384277343750e+01
9.493827819824218750e+01
8.200007629394531250e+01
9.968193817138671875e+01
9.994384765625000000e+01
9.775559234619140625e+01
8.499591064453125000e+01
8.668370819091796875e+01
9.921015930175781250e+01
9.955397033691406250e+01
9.953655242919921875e+01
