1.374042892456054688e+01
1.790339660644531250e+01
7.901965141296386719e+00
2.043747520446777344e+01
3.768610763549804688e+01
2.203207731246948242e+00
8.168219566345214844e+00
1.253939533233642578e+01
1.548804473876953125e+01
1.439479637145996094e+01
1.115591812133789062e+01
7.438200950622558594e+00
2.515444755554199219e+01
8.224383354187011719e+00
1.264079570770263672e+01
2.032731437683105469e+01
2.049648094177246094e+01
1.129450607299804688e+01
2.367282104492187500e+01
2.851788902282714844e+01
2.604731941223144531e+01
1.849263000488281250e+01
3.578281402587890625e+01
7.205105304718017578e+00
2.625014114379882812e+01
5.158844947814941406e+00
1.786109924316406250e+01
1.288740921020507812e+01
3.668515396118164062e+01
5.186579132080078125e+01
1.119536876678466797e+01
7.801206111907958984e+00
7.265439510345458984e+00
1.195190334320068359e+01
1.351599407196044922e+01
1.533689785003662109e+01
2.926616859436035156e+01
2.359768295288085938e+01
2.542609977722167969e+01
9.588476181030273438e+00
1.726662063598632812e+01
1.565235042572021484e+01
1.682922172546386719e+01
1.695519828796386719e+01
2.168526458740234375e+01
4.789631366729736328e+00
1.735435867309570312e+01
1.575965499877929688e+01
6.611235618591308594e+00
1.837134933471679688e+01
2.553400802612304688e+01
3.161826324462890625e+01
1.192909431457519531e+01
1.647306060791015625e+01
1.585798740386962891e+01
5.205767822265625000e+01
2.365135574340820312e+01
1.119524288177490234e+01
2.729314041137695312e+01
9.431488037109375000e+00
1.833034133911132812e+01
5.782855510711669922e+00
2.080122756958007812e+01
1.560471916198730469e+01
5.853221130371093750e+01
2.800219917297363281e+01
1.487515354156494141e+01
2.534668350219726562e+01
1.243884181976318359e+01
5.058516693115234375e+01
1.116238021850585938e+01
7.142957687377929688e+00
1.565701961517333984e+01
5.132378005981445312e+01
3.874155426025390625e+01
1.660903739929199219e+01
1.680482101440429688e+01
7.724334239959716797e+00
1.769740295410156250e+01
1.857825088500976562e+01
1.259141826629638672e+01
8.931916236877441406e+00
1.049016189575195312e+01
6.757648944854736328e+00
3.453232574462890625e+01
5.407135963439941406e+00
8.425594329833984375e+00
5.186170959472656250e+01
3.132915306091308594e+01
1.699722671508789062e+01
2.571569061279296875e+01
2.682168769836425781e+01
1.171403598785400391e+01
1.685724449157714844e+01
3.875362777709960938e+01
1.667957878112792969e+01
3.350280380249023438e+01
1.010432720184326172e+01
3.693368148803710938e+01
1.160636997222900391e+01
2.764223861694335938e+01
2.213521766662597656e+01
1.128711700439453125e+01
3.843273544311523438e+01
6.278164291381835938e+01
1.780207633972167969e+01
1.375092220306396484e+01
1.113722515106201172e+01
4.943283843994140625e+01
8.301237487792968750e+01
2.345927238464355469e+01
2.987352561950683594e+01
1.632641601562500000e+01
4.141773223876953125e+01
3.658664321899414062e+01
2.102794647216796875e+00
8.223281860351562500e+00
2.718226242065429688e+01
1.568154525756835938e+01
1.082924461364746094e+01
2.442171478271484375e+01
2.315955543518066406e+01
8.856614112854003906e+00
7.581102371215820312e+00
1.634943389892578125e+01
1.559449100494384766e+01
7.763381481170654297e+00
1.018945121765136719e+01
1.369982433319091797e+01
1.888557434082031250e+01
4.831676006317138672e+00
1.253270721435546875e+01
1.852122116088867188e+01
4.400669479370117188e+01
1.952280235290527344e+01
1.454378986358642578e+01
2.058909797668457031e+01
6.731990337371826172e+00
1.100183391571044922e+01
2.176861190795898438e+01
5.428900718688964844e+00
7.737756729125976562e+00
5.947519683837890625e+01
2.568328857421875000e+01
4.702263355255126953e+00
1.418762302398681641e+01
9.150600433349609375e+00
6.880995750427246094e+00
1.816152572631835938e+01
4.778782844543457031e+00
6.120733737945556641e+00
1.092880535125732422e+01
3.168369483947753906e+01
3.762834930419921875e+01
1.886670875549316406e+01
1.191111278533935547e+01
1.674117279052734375e+01
3.360705184936523438e+01
9.664834022521972656e+00
4.211396408081054688e+01
9.509959220886230469e+00
7.735960006713867188e+00
4.431532382965087891e+00
3.118546485900878906e+01
7.806114196777343750e+00
4.746457576751708984e+00
2.799210548400878906e+01
2.931150817871093750e+01
1.665976333618164062e+01
2.311491584777832031e+01
1.345239067077636719e+01
9.536542892456054688e+00
1.563439941406250000e+01
1.259072494506835938e+01
1.672130775451660156e+01
2.638647270202636719e+01
5.528197479248046875e+01
3.684702301025390625e+01
4.357097148895263672e+00
1.451181983947753906e+01
1.446049022674560547e+01
1.807432937622070312e+01
1.570100975036621094e+01
4.310683822631835938e+01
2.245141983032226562e+01
1.254708766937255859e+01
4.150915527343750000e+01
2.764384078979492188e+01
3.945720672607421875e+01
4.419612884521484375e+01
4.390345001220703125e+01
7.879074096679687500e+00
1.553972434997558594e+01
1.374224376678466797e+01
3.051689910888671875e+01
1.255584907531738281e+01
1.225195312500000000e+01
1.703043365478515625e+01
2.405677223205566406e+01
1.447504997253417969e+01
1.669929885864257812e+01
2.751950836181640625e+01
8.782303810119628906e+00
7.236831188201904297e+00
7.876198768615722656e+00
1.446914577484130859e+01
1.109286594390869141e+01
9.171973228454589844e+00
1.774152374267578125e+01
4.882830619812011719e+00
4.558143234252929688e+01
2.035361862182617188e+01
7.930460929870605469e+00
3.746883010864257812e+01
2.356524276733398438e+01
1.065693378448486328e+01
1.321067047119140625e+01
1.180495357513427734e+01
9.584430694580078125e+00
9.086492538452148438e+00
1.734868240356445312e+01
2.333569335937500000e+01
2.262332344055175781e+01
2.194624137878417969e+01
1.151066017150878906e+01
1.241214370727539062e+01
2.398554611206054688e+01
1.007613182067871094e+01
3.000093841552734375e+01
7.881389141082763672e+00
2.393659210205078125e+01
1.411814308166503906e+01
1.469272041320800781e+01
2.719018173217773438e+01
1.598782062530517578e+01
3.159555053710937500e+01
2.766162872314453125e+01
1.201139831542968750e+01
3.136673164367675781e+01
2.684114837646484375e+01
1.265940189361572266e+01
1.040677738189697266e+01
1.342837715148925781e+01
1.797886466979980469e+01
1.272004985809326172e+01
1.871623611450195312e+01
2.463935470581054688e+01
1.042717552185058594e+01
1.660484886169433594e+01
2.336845970153808594e+01
2.297362899780273438e+01
2.662916374206542969e+01
1.160504436492919922e+01
1.033571052551269531e+01
7.441530227661132812e+00
1.365583229064941406e+01
