1.636149787902832031e+01
2.000380009412765503e-01
4.630860328674316406e+00
3.565110206604003906e+00
3.656930029392242432e-01
7.973570227622985840e-01
4.862659871578216553e-01
7.789440155029296875e-01
5.128580093383789062e+00
5.918239951133728027e-01
1.238870024681091309e+00
1.659329980611801147e-01
1.296280026435852051e+00
5.365930080413818359e+00
1.424860000610351562e+00
1.142780017852783203e+01
3.436159896850585938e+01
7.388629913330078125e+01
5.505919933319091797e+00
1.238319993019104004e+00
4.593579864501953125e+01
7.382819652557373047e-01
2.381030082702636719e+01
2.227920055389404297e+00
3.519120216369628906e+00
6.644690036773681641e+00
2.731000185012817383e+00
2.109249572753906250e+02
3.128379881381988525e-01
2.058910131454467773e+00
2.148490142822265625e+01
6.253041381835937500e+02
4.489890136718750000e+02
9.294679260253906250e+01
2.006100082397460938e+01
2.633049964904785156e+00
1.042670011520385742e+00
8.185570240020751953e-01
9.797090291976928711e-01
2.355550080537796021e-01
9.980159252882003784e-02
4.838910102844238281e-01
1.438699960708618164e+00
1.283019924163818359e+01
4.688000082969665527e-01
2.578009796142578125e+01
1.691819953918457031e+01
4.934400022029876709e-01
1.933820098638534546e-01
2.539740085601806641e+00
8.863710165023803711e-01
8.821889758110046387e-01
1.459859967231750488e+00
3.319490432739257812e+01
2.943490147590637207e-01
2.757449865341186523e+00
6.667839735746383667e-02
5.231640243530273438e+01
8.884579658508300781e+00
3.448929977416992188e+01
1.076060086488723755e-01
5.030080080032348633e-01
9.794078063964843750e+01
2.587660074234008789e+00
1.402099800109863281e+01
2.366109848022460938e+00
6.767940044403076172e+00
3.555390119552612305e+00
1.193490028381347656e+00
3.857989788055419922e+00
1.319969844818115234e+01
7.620030212402343750e+01
3.800770187377929688e+01
1.240599989891052246e+00
1.053210067749023438e+01
3.175659942626953125e+01
1.650660037994384766e-01
1.746060180664062500e+01
1.788810157775878906e+01
2.920199871063232422e+00
2.789789915084838867e+00
1.703579902648925781e+00
2.719489932060241699e-01
1.389720058441162109e+01
1.786700286865234375e+02
7.663040608167648315e-02
2.107900083065032959e-01
2.056910037994384766e+00
8.931149482727050781e+00
3.484090042114257812e+01
2.474720180034637451e-01
3.535789966583251953e+00
1.725229644775390625e+02
1.541020035743713379e+00
2.842369842529296875e+01
3.364449977874755859e+00
7.625760555267333984e+00
7.827839255332946777e-02
7.695300579071044922e+00
3.491329848766326904e-01
2.025749921798706055e+00
3.576739788055419922e+00
7.196130156517028809e-01
1.026430130004882812e+02
1.490909904241561890e-01
4.736440181732177734e+00
4.114389896392822266e+00
5.876421356201171875e+01
2.522689998149871826e-01
2.795739889144897461e+00
2.816829919815063477e+00
2.444530010223388672e+00
2.164739817380905151e-01
6.404878997802734375e+01
2.961150109767913818e-01
2.383139878511428833e-01
5.722240358591079712e-02
1.673019975423812866e-01
1.463369965553283691e+00
3.133250176906585693e-01
3.106880187988281250e-01
2.073919868469238281e+01
1.305889934301376343e-01
1.030719947814941406e+01
3.984029769897460938e+00
4.434720039367675781e+00
1.869059944152832031e+01
9.181339740753173828e-01
3.035180091857910156e+00
4.307099878787994385e-01
3.380900323390960693e-01
2.544449806213378906e+01
1.163579896092414856e-01
4.954889774322509766e+00
1.276029944419860840e-01
1.082140064239501953e+01
1.066719964146614075e-01
1.358270263671875000e+02
1.747599792480468750e+01
8.544909477233886719e+00
3.085370063781738281e+01
1.181570053100585938e+00
2.409820079803466797e+00
4.877730011940002441e-01
5.836129665374755859e+00
7.994530200958251953e-01
9.758300185203552246e-01
2.690520048141479492e+00
1.072020111083984375e+02
1.446390032768249512e+00
9.109860062599182129e-01
3.112290143966674805e+00
1.977979838848114014e-01
1.532869873046875000e+02
1.500520172119140625e+02
4.948190152645111084e-01
9.150678634643554688e+00
9.150678634643554688e+00
2.037310004234313965e-01
2.031369972229003906e+01
1.390809917449951172e+01
1.558869957923889160e+00
6.825730204582214355e-01
4.304639995098114014e-01
1.332190036773681641e+00
2.122059822082519531e+00
4.040910243988037109e+00
1.481979966163635254e+00
2.175329923629760742e+00
2.490159988403320312e+00
1.051839947700500488e+00
1.177679920196533203e+01
4.878859996795654297e+00
1.349840044975280762e+00
1.096179885864257812e+02
1.046909904479980469e+01
1.013010101318359375e+02
1.337040042877197266e+01
4.517940139770507812e+01
1.593960046768188477e+00
2.016969909667968750e+02
1.182669997215270996e+00
6.345710277557373047e+00
5.614789962768554688e+00
2.689499855041503906e-01
1.387899965047836304e-01
4.198949813842773438e+00
1.414690113067626953e+01
1.522180140018463135e-01
1.051200106739997864e-01
3.814019393920898438e+01
6.197789907455444336e-01
4.853950023651123047e+00
9.395949363708496094e+00
1.387679874897003174e-01
7.567330002784729004e-01
7.486399263143539429e-02
7.797759771347045898e-01
6.665230560302734375e+01
2.430490016937255859e+00
1.478320121765136719e+01
4.953239917755126953e+00
1.943650096654891968e-01
4.860399723052978516e+00
2.385259866714477539e+00
1.526929974555969238e+00
1.161980032920837402e-01
1.718620061874389648e-01
3.208449780941009521e-01
2.657690048217773438e+00
2.190079689025878906e+01
7.895900011062622070e-01
3.790270090103149414e-01
1.522180140018463135e-01
1.794149994850158691e+00
4.616359710693359375e+00
3.273390054702758789e+00
5.684020042419433594e+00
2.974399924278259277e-01
4.834080040454864502e-01
2.800450134277343750e+01
2.212310075759887695e+00
3.768160045146942139e-01
2.871190071105957031e+00
6.848930120468139648e-01
6.401319980621337891e+00
3.094530105590820312e+01
5.818850326538085938e+01
2.510370016098022461e+00
2.338749885559082031e+00
1.086879968643188477e+00
1.720739960670471191e+00
1.387679874897003174e-01
6.610330104827880859e+00
7.630079239606857300e-02
5.666140317916870117e-01
1.343430137634277344e+01
3.963099956512451172e+00
1.156530022621154785e+00
3.064169883728027344e+00
4.609960079193115234e+00
1.678319854736328125e+02
2.732099890708923340e-01
1.725499987602233887e+00
3.823960065841674805e+00
2.303690147399902344e+01
1.471299976110458374e-01
1.084069967269897461e+00
1.065260052680969238e+00
4.818000030517578125e+01
1.589539945125579834e-01
3.150540466308593750e+02
3.112050056457519531e+00
2.049609985351562500e+02
1.025529861450195312e+01
2.153410017490386963e-01
