1.768046569824218750e+01
1.598209887742996216e-01
5.157917976379394531e+00
3.617210626602172852e+00
4.786125421524047852e-01
3.127560317516326904e-01
5.618821382522583008e-01
6.902632117271423340e-01
4.524089336395263672e+00
6.133573055267333984e-01
1.243327021598815918e+00
1.673900783061981201e-01
8.088173866271972656e-01
3.932382822036743164e+00
1.445429444313049316e+00
1.242151069641113281e+01
3.072624015808105469e+01
3.033064270019531250e+01
3.925054073333740234e+00
9.985748529434204102e-01
2.479444694519042969e+01
6.211166381835937500e-01
5.586754226684570312e+01
2.256747722625732422e+00
2.257404565811157227e+00
3.360245704650878906e+00
2.077686071395874023e+00
5.682273864746093750e+01
3.375296890735626221e-01
2.113996982574462891e+00
1.653607559204101562e+01
3.127809143066406250e+02
3.468944091796875000e+02
7.956179046630859375e+01
4.103171157836914062e+01
3.012301921844482422e+00
5.214645862579345703e-01
1.186984896659851074e+00
1.094498991966247559e+00
4.257668852806091309e-01
6.980560719966888428e-02
5.239619016647338867e-01
1.265276789665222168e+00
1.023211479187011719e+01
2.931945323944091797e-01
9.671467781066894531e+00
2.201795768737792969e+01
4.847625494003295898e-01
2.255354672670364380e-01
2.325924396514892578e+00
5.456600189208984375e-01
7.452312111854553223e-01
2.087965250015258789e+00
1.643955421447753906e+01
1.468794196844100952e-01
2.417499065399169922e+00
5.800281092524528503e-02
3.007207107543945312e+01
7.941977977752685547e+00
3.209550094604492188e+01
3.144138678908348083e-02
4.179748892784118652e-01
7.199605560302734375e+01
3.172664165496826172e+00
9.008602142333984375e+00
2.171009302139282227e+00
3.704567909240722656e+00
3.364449501037597656e+00
1.047406673431396484e+00
4.018187046051025391e+00
1.810004234313964844e+01
1.232250137329101562e+02
3.446947479248046875e+01
1.159402847290039062e+00
5.013713836669921875e+00
3.005914688110351562e+01
1.544845402240753174e-01
1.429866600036621094e+01
1.534678459167480469e+01
3.662240266799926758e+00
2.497914552688598633e+00
1.164234399795532227e+00
2.811665236949920654e-01
2.414978218078613281e+01
4.509825897216796875e+01
1.386309415102005005e-01
2.125007957220077515e-01
3.287412881851196289e+00
4.326819896697998047e+00
2.313415145874023438e+01
2.540910542011260986e-01
2.888789415359497070e+00
1.436710052490234375e+02
1.727580428123474121e+00
1.135113239288330078e+01
3.883637905120849609e+00
5.873231887817382812e+00
6.693643331527709961e-02
8.821614265441894531e+00
2.843892276287078857e-01
2.516354560852050781e+00
2.755061864852905273e+00
9.402816295623779297e-01
4.175754547119140625e+01
1.850071102380752563e-01
4.103979110717773438e+00
3.109310388565063477e+00
3.829508590698242188e+01
2.173931151628494263e-01
1.532651185989379883e+00
2.545932531356811523e+00
2.849874019622802734e+00
2.758923470973968506e-01
4.388624572753906250e+01
2.392582446336746216e-01
1.639612317085266113e-01
6.639906018972396851e-02
4.256553351879119873e-01
1.291519761085510254e+00
3.262431025505065918e-01
3.347425758838653564e-01
8.414869308471679688e+00
2.361023128032684326e-01
9.415003776550292969e+00
2.865217208862304688e+00
4.898680686950683594e+00
9.939731597900390625e+00
8.555133342742919922e-01
2.328341960906982422e+00
8.613317012786865234e-01
2.752759754657745361e-01
1.926004791259765625e+01
1.435361951589584351e-01
3.151382446289062500e+00
9.745501726865768433e-02
6.382494449615478516e+00
9.320015460252761841e-02
2.943552246093750000e+02
1.022711944580078125e+01
1.035674381256103516e+01
3.476536560058593750e+01
1.416725039482116699e+00
2.217870473861694336e+00
4.034759998321533203e-01
5.307286739349365234e+00
8.638975620269775391e-01
1.392388463020324707e+00
2.299535751342773438e+00
7.588683319091796875e+01
1.796694397926330566e+00
7.075438499450683594e-01
3.189431190490722656e+00
1.657517105340957642e-01
1.578015747070312500e+02
7.503098297119140625e+01
3.585254549980163574e-01
6.214919090270996094e+00
6.047783851623535156e+00
1.114545613527297974e-01
1.723841476440429688e+01
6.774385452270507812e+00
1.873869419097900391e+00
1.009242892265319824e+00
1.560911238193511963e-01
1.937974929809570312e+00
1.972544431686401367e+00
3.385877370834350586e+00
1.430799961090087891e+00
2.295396804809570312e+00
2.791981935501098633e+00
1.154916524887084961e+00
8.104609489440917969e+00
4.653433322906494141e+00
1.599224567413330078e+00
1.140842285156250000e+02
7.116719722747802734e+00
5.151363754272460938e+01
1.056273460388183594e+01
6.761943054199218750e+01
1.754060149192810059e+00
2.377659454345703125e+02
1.024286627769470215e+00
7.338715553283691406e+00
3.497169256210327148e+00
4.112108945846557617e-01
2.691598236560821533e-01
3.055670499801635742e+00
1.616465568542480469e+01
2.605999112129211426e-01
7.605346292257308960e-02
2.815568351745605469e+01
5.937945246696472168e-01
3.870877265930175781e+00
7.035783290863037109e+00
2.013605386018753052e-01
5.994026064872741699e-01
9.425318986177444458e-02
5.267088413238525391e-01
2.907055854797363281e+01
2.037407398223876953e+00
1.137002658843994141e+01
5.814622402191162109e+00
9.569250941276550293e-01
6.101636409759521484e+00
2.299226045608520508e+00
1.552543640136718750e+00
8.839776366949081421e-02
1.620684862136840820e-01
8.867038041353225708e-02
1.783357739448547363e+00
1.289505004882812500e+01
9.181021451950073242e-01
4.428417384624481201e-01
1.385200321674346924e-01
1.659779429435729980e+00
7.464600563049316406e+00
3.980094909667968750e+00
5.134400844573974609e+00
2.991623282432556152e-01
3.714145720005035400e-01
2.409422683715820312e+01
1.442481517791748047e+00
5.023078322410583496e-01
1.862042784690856934e+00
6.061397194862365723e-01
6.095288276672363281e+00
2.645693206787109375e+01
1.147161407470703125e+02
2.879077911376953125e+00
3.187134027481079102e+00
1.331249833106994629e+00
1.196828722953796387e+00
4.494208842515945435e-02
4.630802154541015625e+00
5.912679061293601990e-02
3.515555560588836670e-01
2.017106819152832031e+01
2.254334926605224609e+00
9.806367754936218262e-01
1.957728147506713867e+00
4.582322597503662109e+00
1.891913146972656250e+02
2.671176195144653320e-01
1.693582892417907715e+00
3.068421363830566406e+00
2.340876388549804688e+01
1.028294786810874939e-01
1.152055740356445312e+00
1.520464539527893066e+00
2.550780105590820312e+01
1.343873143196105957e-01
2.099435119628906250e+02
2.994412660598754883e+00
1.152237319946289062e+02
1.217084050178527832e+00
5.864166617393493652e-01
