6.166474342346191406e+00
7.364959716796875000e+00
5.642738819122314453e+00
6.742719173431396484e+00
5.306067943572998047e+00
6.117960929870605469e+00
3.444750785827636719e+00
7.304509639739990234e+00
7.880645751953125000e+00
6.351148605346679688e+00
4.404442787170410156e+00
6.435567378997802734e+00
6.184931278228759766e+00
6.145368099212646484e+00
7.611470222473144531e+00
4.748849868774414062e+00
6.793881416320800781e+00
6.551455497741699219e+00
5.714365482330322266e+00
6.057384967803955078e+00
6.118685722351074219e+00
5.776717185974121094e+00
6.421329498291015625e+00
6.553846836090087891e+00
6.502103805541992188e+00
6.133676052093505859e+00
3.260218620300292969e+00
7.420529842376708984e+00
4.322885990142822266e+00
5.780679225921630859e+00
6.590665817260742188e+00
5.893924713134765625e+00
3.368687391281127930e+00
7.523065567016601562e+00
5.660095691680908203e+00
5.578594207763671875e+00
6.435567378997802734e+00
6.210811614990234375e+00
6.033395767211914062e+00
6.536357879638671875e+00
5.684617042541503906e+00
7.282190799713134766e+00
5.792221546173095703e+00
6.544873237609863281e+00
7.389439582824707031e+00
7.378135681152343750e+00
7.880645751953125000e+00
7.396132946014404297e+00
4.504306316375732422e+00
6.369444847106933594e+00
5.849753856658935547e+00
5.766290664672851562e+00
7.662659645080566406e+00
6.357844352722167969e+00
4.921584129333496094e+00
5.463671684265136719e+00
7.408911228179931641e+00
4.390009880065917969e+00
5.833858489990234375e+00
6.140876770019531250e+00
5.886899471282958984e+00
6.137974739074707031e+00
7.379887580871582031e+00
6.828950405120849609e+00
6.139378547668457031e+00
4.191494941711425781e+00
4.436634540557861328e+00
6.587737560272216797e+00
5.473368167877197266e+00
5.770410537719726562e+00
5.403778076171875000e+00
7.880645751953125000e+00
6.921201229095458984e+00
4.155247211456298828e+00
5.567743778228759766e+00
5.838039398193359375e+00
6.685535430908203125e+00
5.232654571533203125e+00
6.198326587677001953e+00
5.881061077117919922e+00
6.509950637817382812e+00
6.982084751129150391e+00
4.223162651062011719e+00
4.124405384063720703e+00
5.738627910614013672e+00
6.586620330810546875e+00
7.581655025482177734e+00
6.244539260864257812e+00
4.169141292572021484e+00
7.451607227325439453e+00
6.443514823913574219e+00
7.439871788024902344e+00
5.469373703002929688e+00
6.725013256072998047e+00
7.295619964599609375e+00
5.830290794372558594e+00
4.552253723144531250e+00
6.084530353546142578e+00
6.197949409484863281e+00
6.166474342346191406e+00
6.689476966857910156e+00
5.323697090148925781e+00
5.185108661651611328e+00
6.547164916992187500e+00
6.232923030853271484e+00
5.099290370941162109e+00
5.266656875610351562e+00
5.309793472290039062e+00
4.266839027404785156e+00
6.836917400360107422e+00
5.475734710693359375e+00
4.400196075439453125e+00
7.880645751953125000e+00
6.338527679443359375e+00
6.369809627532958984e+00
6.446802139282226562e+00
4.879684448242187500e+00
5.685515403747558594e+00
6.258749008178710938e+00
5.604866027832031250e+00
6.639760017395019531e+00
5.115205287933349609e+00
6.104779243469238281e+00
5.867402076721191406e+00
7.075782775878906250e+00
5.706190586090087891e+00
4.627731323242187500e+00
3.800186634063720703e+00
