7.607728987932205200e-02
8.814109861850738525e-02
1.075333505868911743e-01
9.762189537286758423e-02
9.174091368913650513e-02
1.211197301745414734e-01
1.212668865919113159e-01
8.431931585073471069e-02
1.299351602792739868e-01
9.670108556747436523e-02
8.943578600883483887e-02
1.163394600152969360e-01
9.705582261085510254e-02
9.913836419582366943e-02
1.082088723778724670e-01
9.990343451499938965e-02
1.154959276318550110e-01
1.589382737874984741e-01
9.609110653400421143e-02
9.592247754335403442e-02
8.635557442903518677e-02
8.924144506454467773e-02
9.426712244749069214e-02
9.403539448976516724e-02
9.203766286373138428e-02
9.290398657321929932e-02
9.070412814617156982e-02
8.548822999000549316e-02
1.018039062619209290e-01
9.158064424991607666e-02
1.069252043962478638e-01
9.341412037611007690e-02
7.869983464479446411e-02
1.603253483772277832e-01
9.738394618034362793e-02
1.558071970939636230e-01
1.293218284845352173e-01
8.659477531909942627e-02
8.798974007368087769e-02
8.797031641006469727e-02
8.865780383348464966e-02
8.550027757883071899e-02
8.975596725940704346e-02
8.678610622882843018e-02
1.339352428913116455e-01
8.551664650440216064e-02
8.688593655824661255e-02
8.870131522417068481e-02
8.318725228309631348e-02
8.702581375837326050e-02
9.901135414838790894e-02
9.782573580741882324e-02
8.631596714258193970e-02
8.672469109296798706e-02
9.258274734020233154e-02
8.756530284881591797e-02
9.263019263744354248e-02
9.663991630077362061e-02
9.650962054729461670e-02
7.912505418062210083e-02
8.044137060642242432e-02
1.082242503762245178e-01
8.619611710309982300e-02
8.808507770299911499e-02
1.244019940495491028e-01
1.267788559198379517e-01
8.242604136466979980e-02
9.615945070981979370e-02
9.101541340351104736e-02
9.236674010753631592e-02
8.754324167966842651e-02
8.851891010999679565e-02
9.059359878301620483e-02
9.501815587282180786e-02
1.088423281908035278e-01
8.694281429052352905e-02
8.778057992458343506e-02
9.120026975870132446e-02
9.540121257305145264e-02
1.091851964592933655e-01
8.967716991901397705e-02
8.758148550987243652e-02
1.233406588435173035e-01
9.523638337850570679e-02
9.544523805379867554e-02
9.544175863265991211e-02
9.218040853738784790e-02
1.105768531560897827e-01
8.869928121566772461e-02
9.377606958150863647e-02
9.668790549039840698e-02
8.615580201148986816e-02
9.153401851654052734e-02
9.455909579992294312e-02
8.624684810638427734e-02
8.638261258602142334e-02
1.084100306034088135e-01
9.379952400922775269e-02
8.636638522148132324e-02
9.236588329076766968e-02
1.233530417084693909e-01
9.490814059972763062e-02
8.573801070451736450e-02
8.729336410760879517e-02
9.238301962614059448e-02
1.091480031609535217e-01
8.917223662137985229e-02
9.188512712717056274e-02
8.806633949279785156e-02
1.112640127539634705e-01
1.095968559384346008e-01
8.871891349554061890e-02
9.098406881093978882e-02
1.093372553586959839e-01
9.177064895629882812e-02
9.323151409626007080e-02
1.132924184203147888e-01
9.205976128578186035e-02
8.914697915315628052e-02
8.640605211257934570e-02
9.444524347782135010e-02
9.637223184108734131e-02
8.731671422719955444e-02
1.386239528656005859e-01
8.662851899862289429e-02
9.432501345872879028e-02
8.993285894393920898e-02
9.157884865999221802e-02
9.681010991334915161e-02
8.314681798219680786e-02
7.817109674215316772e-02
9.170223027467727661e-02
7.882348448038101196e-02
1.353549361228942871e-01
9.178905189037322998e-02
9.180892258882522583e-02
1.114396825432777405e-01
8.807048201560974121e-02
7.958045601844787598e-02
8.724700659513473511e-02
9.170112013816833496e-02
9.762510657310485840e-02
1.054820790886878967e-01
9.329139441251754761e-02
9.739752858877182007e-02
1.515286564826965332e-01
9.290861338376998901e-02
1.441217660903930664e-01
1.214249953627586365e-01
9.825836122035980225e-02
9.360498189926147461e-02
1.128171384334564209e-01
9.537437558174133301e-02
8.570704609155654907e-02
1.391277760267257690e-01
1.237775087356567383e-01
9.003618359565734863e-02
1.061084568500518799e-01
1.383221447467803955e-01
8.716558665037155151e-02
8.902481198310852051e-02
9.062613546848297119e-02
9.130837768316268921e-02
9.608684480190277100e-02
1.397623419761657715e-01
1.068651303648948669e-01
1.134578511118888855e-01
8.467107266187667847e-02
9.170149266719818115e-02
8.203554153442382812e-02
1.064142957329750061e-01
1.252405792474746704e-01
9.555646777153015137e-02
9.116076678037643433e-02
1.048948839306831360e-01
9.962851554155349731e-02
9.438629448413848877e-02
8.415505290031433105e-02
8.974259346723556519e-02
9.202157706022262573e-02
9.443817287683486938e-02
9.466812014579772949e-02
1.099389120936393738e-01
1.053461134433746338e-01
9.892518073320388794e-02
1.000612676143646240e-01
9.048072993755340576e-02
8.972658962011337280e-02
9.913763403892517090e-02
9.692082554101943970e-02
9.391499310731887817e-02
8.702596276998519897e-02
9.779204428195953369e-02
8.783817291259765625e-02
1.006211861968040466e-01
8.897046744823455811e-02
9.662459790706634521e-02
1.150531694293022156e-01
9.050387889146804810e-02
1.257984638214111328e-01
1.058616787195205688e-01
9.471105784177780151e-02
8.445610851049423218e-02
9.701741486787796021e-02
1.071368977427482605e-01
1.089062392711639404e-01
9.132729470729827881e-02
1.000728830695152283e-01
9.065680205821990967e-02
1.443278044462203979e-01
9.488441050052642822e-02
8.045774698257446289e-02
8.617934584617614746e-02
8.659632503986358643e-02
9.863143414258956909e-02
9.010537713766098022e-02
9.262354671955108643e-02
1.128961890935897827e-01
9.123380482196807861e-02
8.961159735918045044e-02
1.423711776733398438e-01
9.023898839950561523e-02
9.574230015277862549e-02
8.499496430158615112e-02
8.862785249948501587e-02
9.671702235937118530e-02
9.267611801624298096e-02
8.630345761775970459e-02
8.360676467418670654e-02
9.892801195383071899e-02
9.490180760622024536e-02
8.385103195905685425e-02
8.686474710702896118e-02
1.137550920248031616e-01
9.464433044195175171e-02
9.118848294019699097e-02
1.379026323556900024e-01
8.904215693473815918e-02
9.010025858879089355e-02
8.969447016716003418e-02
8.981982618570327759e-02
9.423977136611938477e-02
1.005757600069046021e-01
9.351921081542968750e-02
8.934343606233596802e-02
9.128754585981369019e-02
9.881057590246200562e-02
9.506227076053619385e-02
9.771513193845748901e-02
1.054134517908096313e-01
8.696255087852478027e-02
9.118526428937911987e-02
9.221753478050231934e-02
8.728541433811187744e-02
1.126448288559913635e-01
1.292897760868072510e-01
1.063512414693832397e-01
1.043351367115974426e-01
1.053779646754264832e-01
9.345693886280059814e-02
1.322840154170989990e-01
9.945778548717498779e-02
1.118503510951995850e-01
8.935406804084777832e-02
1.265864372253417969e-01
8.583773672580718994e-02
9.528592228889465332e-02
8.686035871505737305e-02
8.896289765834808350e-02
9.442487359046936035e-02
1.067779809236526489e-01
9.866833686828613281e-02
8.782068639993667603e-02
1.254734098911285400e-01
8.922312408685684204e-02
9.629233181476593018e-02
1.606037765741348267e-01
8.110974729061126709e-02
9.127185493707656860e-02
8.588777482509613037e-02
9.062710404396057129e-02
1.267922520637512207e-01
1.003770753741264343e-01
1.270991265773773193e-01
9.657740592956542969e-02
1.314463317394256592e-01
8.643992245197296143e-02
8.438672870397567749e-02
9.873451292514801025e-02
9.179318696260452271e-02
9.079556167125701904e-02
9.395866096019744873e-02
8.534364402294158936e-02
9.156247973442077637e-02
9.592906385660171509e-02
1.240517273545265198e-01
8.953804522752761841e-02
8.928871154785156250e-02
8.862595260143280029e-02
8.878493309020996094e-02
1.237965971231460571e-01
1.128284335136413574e-01
8.963674306869506836e-02
1.095988452434539795e-01
9.859625995159149170e-02
9.229671955108642578e-02
8.745497465133666992e-02
8.439391106367111206e-02
9.596084058284759521e-02
1.214820966124534607e-01
1.098584160208702087e-01
1.079835668206214905e-01
1.088493093848228455e-01
1.427214145660400391e-01
8.836822211742401123e-02
9.209819883108139038e-02
8.671057224273681641e-02
9.071441739797592163e-02
8.524785935878753662e-02
9.496685862541198730e-02
9.016814827919006348e-02
1.444583982229232788e-01
9.888728708028793335e-02
8.762160688638687134e-02
9.547739475965499878e-02
9.178964048624038696e-02
9.399247169494628906e-02
1.516522616147994995e-01
9.902235865592956543e-02
8.932755142450332642e-02
1.041130125522613525e-01
1.041727513074874878e-01
9.662342071533203125e-02
8.428882807493209839e-02
1.073956638574600220e-01
8.083942532539367676e-02
1.091988384723663330e-01
9.067089110612869263e-02
8.822494745254516602e-02
1.237829923629760742e-01
1.220615580677986145e-01
1.006823778152465820e-01
8.447538316249847412e-02
1.022671386599540710e-01
9.200365841388702393e-02
1.248199120163917542e-01
9.288620203733444214e-02
9.835588932037353516e-02
8.575687557458877563e-02
9.447675198316574097e-02
9.074187278747558594e-02
1.345655024051666260e-01
9.527512639760971069e-02
8.540765941143035889e-02
8.900004625320434570e-02
8.805664628744125366e-02
9.839104861021041870e-02
8.788723498582839966e-02
8.909063041210174561e-02
1.450577676296234131e-01
1.056495532393455505e-01
1.053474694490432739e-01
8.686023205518722534e-02
8.257474005222320557e-02
9.559123963117599487e-02
9.538470208644866943e-02
9.366648644208908081e-02
1.044595390558242798e-01
8.916486054658889771e-02
9.666784852743148804e-02
9.244411438703536987e-02
8.878020942211151123e-02
1.030139327049255371e-01
9.498470276594161987e-02
1.209328919649124146e-01
9.661222994327545166e-02
9.836883842945098877e-02
9.792787581682205200e-02
8.695187419652938843e-02
8.789446204900741577e-02
9.659043699502944946e-02
8.920051902532577515e-02
9.164328873157501221e-02
8.695309609174728394e-02
7.874012738466262817e-02
9.562492370605468750e-02
9.439241141080856323e-02
1.094886809587478638e-01
1.050679907202720642e-01
9.529889374971389771e-02
1.437394171953201294e-01
1.280933469533920288e-01
1.008583679795265198e-01
7.488780468702316284e-02
9.702819585800170898e-02
9.013085812330245972e-02
9.205298125743865967e-02
9.233193099498748779e-02
8.896325528621673584e-02
1.392780244350433350e-01
8.373050391674041748e-02
9.114712476730346680e-02
9.141393750905990601e-02
9.423700720071792603e-02
8.967947959899902344e-02
1.058470159769058228e-01
8.452220261096954346e-02
1.196109876036643982e-01
8.968610316514968872e-02
8.973932266235351562e-02
8.724361658096313477e-02
9.384511411190032959e-02
9.626007825136184692e-02
1.307934075593948364e-01
7.752386480569839478e-02
1.082167625427246094e-01
1.155026257038116455e-01
1.318342834711074829e-01
8.002954721450805664e-02
1.449568420648574829e-01
1.344568580389022827e-01
1.114881038665771484e-01
1.122453436255455017e-01
9.732301533222198486e-02
9.133243560791015625e-02
8.966938406229019165e-02
8.955924212932586670e-02
9.064990282058715820e-02
9.334693104028701782e-02
8.133311569690704346e-02
9.036792814731597900e-02
9.486556798219680786e-02
1.060367897152900696e-01
9.062267839908599854e-02
1.193545162677764893e-01
8.761045336723327637e-02
1.173364594578742981e-01
9.693184494972229004e-02
1.086010038852691650e-01
1.235378161072731018e-01
9.617173671722412109e-02
9.374365210533142090e-02
8.686352521181106567e-02
9.327351301908493042e-02
9.903094917535781860e-02
8.175792545080184937e-02
8.647426962852478027e-02
1.268455833196640015e-01
9.500049054622650146e-02
9.089222550392150879e-02
9.571970254182815552e-02
9.544933587312698364e-02
9.081344306468963623e-02
8.884595334529876709e-02
9.311726689338684082e-02
9.682855010032653809e-02
8.051265031099319458e-02
1.076476052403450012e-01
1.181754842400550842e-01
9.862955659627914429e-02
8.569660037755966187e-02
9.053303301334381104e-02
9.066157788038253784e-02
9.255374222993850708e-02
1.225224137306213379e-01
1.531770825386047363e-01
9.374159574508666992e-02
9.294813871383666992e-02
9.168520569801330566e-02
9.995177388191223145e-02
9.927479177713394165e-02
9.498612582683563232e-02
1.329558938741683960e-01
1.259098201990127563e-01
9.644857048988342285e-02
8.744275569915771484e-02
9.582704305648803711e-02
7.999744266271591187e-02
1.195379421114921570e-01
9.178701788187026978e-02
9.937235713005065918e-02
8.456608653068542480e-02
9.358081966638565063e-02
8.999199420213699341e-02
1.541057080030441284e-01
1.080710589885711670e-01
8.922237902879714966e-02
8.636510372161865234e-02
9.086801856756210327e-02
9.450705349445343018e-02
9.535139054059982300e-02
9.105550497770309448e-02
9.687219560146331787e-02
8.729644119739532471e-02
1.274922043085098267e-01
8.645354956388473511e-02
1.094331741333007812e-01
7.846789807081222534e-02
1.453335881233215332e-01
9.897278994321823120e-02
9.548242390155792236e-02
8.385136723518371582e-02
8.917899429798126221e-02
9.048978984355926514e-02
9.488316625356674194e-02
9.244378656148910522e-02
9.508398920297622681e-02
8.304952085018157959e-02
9.109489619731903076e-02
9.458816051483154297e-02
8.696705102920532227e-02
1.312160342931747437e-01
9.872608631849288940e-02
9.544862806797027588e-02
8.575753122568130493e-02
9.582195430994033813e-02
1.007955297827720642e-01
8.765573054552078247e-02
9.087855368852615356e-02
8.422856032848358154e-02
9.639856964349746704e-02
1.323710680007934570e-01
9.353519976139068604e-02
8.749766647815704346e-02
8.809504657983779907e-02
8.888625353574752808e-02
8.937488496303558350e-02
1.278649270534515381e-01
8.499155938625335693e-02
8.544158935546875000e-02
9.909942001104354858e-02
1.497795432806015015e-01
9.323560446500778198e-02
9.099176526069641113e-02
9.220528602600097656e-02
9.230697154998779297e-02
9.889860451221466064e-02
1.232681348919868469e-01
9.569101780652999878e-02
1.593018323183059692e-01
9.122197329998016357e-02
9.106757491827011108e-02
9.388904273509979248e-02
1.108242347836494446e-01
9.964780509471893311e-02
9.207481890916824341e-02
9.315352886915206909e-02
9.513056278228759766e-02
1.087959930300712585e-01
1.439604163169860840e-01
8.580195158720016479e-02
8.313133567571640015e-02
1.185548827052116394e-01
9.581754356622695923e-02
9.217823296785354614e-02
7.848219573497772217e-02
8.854094147682189941e-02
9.388389438390731812e-02
8.606709539890289307e-02
1.085723936557769775e-01
1.086670979857444763e-01
1.068416684865951538e-01
1.010590866208076477e-01
1.284156441688537598e-01
9.310700744390487671e-02
8.674731850624084473e-02
9.112419933080673218e-02
9.936854243278503418e-02
1.007341742515563965e-01
8.768288046121597290e-02
9.672363847494125366e-02
1.081927195191383362e-01
8.438206464052200317e-02
1.355820745229721069e-01
1.307590752840042114e-01
8.667530864477157593e-02
1.231352761387825012e-01
1.125290542840957642e-01
8.912058919668197632e-02
9.940176457166671753e-02
9.865199029445648193e-02
1.220795437693595886e-01
8.238912373781204224e-02
8.612606674432754517e-02
9.732698649168014526e-02
7.833460718393325806e-02
1.000264137983322144e-01
9.072075784206390381e-02
8.557126671075820923e-02
9.940840303897857666e-02
1.229994297027587891e-01
9.517305344343185425e-02
1.288010627031326294e-01
9.589147567749023438e-02
9.468987584114074707e-02
1.340207159519195557e-01
9.711563587188720703e-02
9.985935688018798828e-02
9.587638825178146362e-02
8.222867548465728760e-02
8.033315837383270264e-02
9.491997957229614258e-02
1.072410643100738525e-01
8.071023970842361450e-02
9.209844470024108887e-02
9.589302539825439453e-02
1.645200550556182861e-01
8.769738674163818359e-02
7.863570749759674072e-02
9.763889014720916748e-02
8.658201992511749268e-02
9.735415875911712646e-02
1.212550923228263855e-01
9.898445010185241699e-02
8.813223242759704590e-02
9.771869331598281860e-02
9.193813800811767578e-02
1.330382674932479858e-01
9.375375509262084961e-02
9.943801164627075195e-02
1.092656403779983521e-01
1.065326705574989319e-01
9.228225797414779663e-02
8.895755559206008911e-02
1.107709258794784546e-01
1.143543049693107605e-01
9.299087524414062500e-02
9.517274051904678345e-02
8.809899538755416870e-02
9.049015492200851440e-02
1.260546296834945679e-01
1.432875096797943115e-01
8.653523027896881104e-02
1.536741256713867188e-01
8.746615052223205566e-02
8.281126618385314941e-02
1.258789896965026855e-01
8.867720514535903931e-02
9.130365401506423950e-02
1.224495768547058105e-01
9.151073545217514038e-02
1.037201955914497375e-01
9.615357965230941772e-02
8.586643636226654053e-02
1.012464985251426697e-01
9.473910927772521973e-02
9.108911454677581787e-02
1.126163303852081299e-01
9.119913727045059204e-02
1.439888030290603638e-01
1.447966992855072021e-01
8.299376070499420166e-02
1.429468393325805664e-01
9.053651243448257446e-02
9.291366487741470337e-02
1.089322790503501892e-01
1.056127101182937622e-01
9.160527586936950684e-02
8.572515100240707397e-02
9.563618898391723633e-02
1.469248086214065552e-01
9.104493260383605957e-02
1.176289990544319153e-01
1.173782348632812500e-01
9.947056323289871216e-02
9.286230802536010742e-02
8.783574402332305908e-02
9.683012217283248901e-02
1.276304125785827637e-01
8.021327108144760132e-02
9.187785536050796509e-02
1.147613227367401123e-01
8.486622571945190430e-02
8.784707635641098022e-02
8.467357605695724487e-02
9.461112320423126221e-02
8.716244995594024658e-02
1.279587000608444214e-01
9.763390570878982544e-02
1.091047152876853943e-01
8.910577744245529175e-02
9.290010482072830200e-02
8.573375642299652100e-02
1.036586165428161621e-01
1.111914068460464478e-01
8.929658681154251099e-02
9.410986304283142090e-02
9.241341799497604370e-02
8.014483749866485596e-02
1.193954423069953918e-01
9.715864062309265137e-02
9.668264538049697876e-02
9.253280609846115112e-02
1.164616271853446960e-01
9.512405842542648315e-02
8.787763863801956177e-02
9.105363488197326660e-02
9.082483500242233276e-02
9.501040726900100708e-02
1.138438358902931213e-01
1.691693961620330811e-01
1.309236586093902588e-01
1.009568125009536743e-01
8.943292498588562012e-02
9.965697675943374634e-02
8.788359165191650391e-02
9.692443162202835083e-02
1.272344887256622314e-01
9.651979058980941772e-02
9.025979787111282349e-02
9.603796899318695068e-02
8.616636693477630615e-02
1.295681446790695190e-01
9.503587335348129272e-02
9.808581322431564331e-02
9.427152574062347412e-02
8.405418694019317627e-02
9.650886058807373047e-02
8.930391073226928711e-02
9.007478505373001099e-02
8.904215693473815918e-02
1.146791577339172363e-01
1.257341206073760986e-01
9.133637696504592896e-02
1.417507380247116089e-01
8.812402188777923584e-02
9.473407268524169922e-02
1.357419490814208984e-01
1.241688132286071777e-01
9.000630676746368408e-02
9.219372272491455078e-02
1.085740998387336731e-01
9.758313000202178955e-02
1.010484620928764343e-01
8.443696051836013794e-02
9.979316592216491699e-02
9.094142913818359375e-02
9.329464286565780640e-02
8.681209385395050049e-02
1.472483873367309570e-01
8.824640512466430664e-02
8.778637647628784180e-02
8.884941041469573975e-02
8.894711732864379883e-02
9.802377223968505859e-02
1.084237843751907349e-01
9.470615535974502563e-02
9.069798141717910767e-02
9.488787502050399780e-02
1.096670404076576233e-01
1.114270910620689392e-01
8.359048515558242798e-02
1.117333695292472839e-01
8.823992311954498291e-02
1.481013447046279907e-01
9.081786125898361206e-02
9.912307560443878174e-02
9.032028913497924805e-02
9.340975433588027954e-02
9.065738320350646973e-02
1.074671223759651184e-01
9.749336540699005127e-02
8.843122422695159912e-02
1.223704889416694641e-01
1.429606378078460693e-01
8.839340507984161377e-02
8.358909189701080322e-02
7.792013883590698242e-02
9.918044507503509521e-02
8.727987855672836304e-02
9.528432786464691162e-02
8.945384621620178223e-02
8.834229409694671631e-02
7.784569263458251953e-02
8.151967823505401611e-02
9.151776134967803955e-02
9.686958789825439453e-02
1.415598243474960327e-01
9.020724147558212280e-02
8.945205807685852051e-02
9.913860261440277100e-02
9.044869989156723022e-02
9.048853814601898193e-02
1.188701540231704712e-01
9.690229594707489014e-02
8.792024105787277222e-02
1.007159426808357239e-01
8.684227615594863892e-02
8.445576578378677368e-02
9.690414369106292725e-02
9.293260425329208374e-02
9.822042286396026611e-02
8.542971312999725342e-02
9.346805512905120850e-02
9.085743129253387451e-02
9.522838890552520752e-02
9.092343598604202271e-02
8.421474695205688477e-02
8.762431889772415161e-02
8.251581341028213501e-02
9.527067840099334717e-02
7.942771166563034058e-02
9.588889032602310181e-02
8.697178214788436890e-02
8.764477819204330444e-02
8.562075346708297729e-02
8.878552168607711792e-02
9.330663084983825684e-02
1.089491620659828186e-01
9.394948184490203857e-02
8.684986084699630737e-02
8.841848373413085938e-02
8.367370814085006714e-02
1.113850176334381104e-01
1.148162186145782471e-01
8.857244998216629028e-02
8.198149502277374268e-02
9.290619939565658569e-02
8.922016620635986328e-02
1.192896813154220581e-01
8.643685281276702881e-02
8.645919710397720337e-02
9.469762444496154785e-02
9.689021110534667969e-02
9.494041651487350464e-02
8.920221775770187378e-02
7.864937186241149902e-02
9.755765646696090698e-02
9.393163025379180908e-02
1.554559767246246338e-01
1.435185819864273071e-01
9.580148756504058838e-02
1.103065088391304016e-01
9.631589055061340332e-02
8.049696683883666992e-02
1.078343242406845093e-01
9.404373914003372192e-02
9.067997336387634277e-02
8.828857541084289551e-02
8.634179830551147461e-02
1.117393374443054199e-01
9.229810535907745361e-02
8.860410749912261963e-02
1.193104758858680725e-01
8.879968523979187012e-02
9.190427511930465698e-02
8.913675695657730103e-02
1.151326373219490051e-01
9.033986181020736694e-02
9.495212137699127197e-02
9.938529878854751587e-02
8.613733947277069092e-02
1.332420259714126587e-01
8.912568539381027222e-02
9.523054957389831543e-02
1.093878895044326782e-01
9.302803874015808105e-02
9.847569465637207031e-02
9.648314118385314941e-02
9.791804850101470947e-02
9.669193625450134277e-02
9.453274309635162354e-02
8.981081098318099976e-02
8.839698880910873413e-02
9.597209841012954712e-02
8.714631944894790649e-02
9.498649090528488159e-02
8.713991940021514893e-02
8.783538639545440674e-02
1.156808212399482727e-01
8.916496485471725464e-02
9.572798758745193481e-02
8.810095489025115967e-02
9.226488322019577026e-02
1.320544928312301636e-01
8.572860807180404663e-02
1.068434268236160278e-01
8.044335991144180298e-02
8.794892579317092896e-02
8.643423765897750854e-02
8.552078902721405029e-02
9.683894366025924683e-02
9.474045783281326294e-02
8.476135879755020142e-02
9.506080299615859985e-02
9.341420978307723999e-02
1.174269393086433411e-01
9.002482891082763672e-02
8.905952423810958862e-02
1.061065569519996643e-01
1.215974316000938416e-01
9.065178781747817993e-02
9.071917831897735596e-02
9.749878197908401489e-02
8.268658071756362915e-02
9.317505359649658203e-02
1.016287654638290405e-01
9.307666867971420288e-02
1.108731031417846680e-01
1.105583459138870239e-01
8.991778641939163208e-02
8.810529857873916626e-02
8.936569839715957642e-02
1.113149523735046387e-01
9.717397391796112061e-02
8.760154992341995239e-02
8.530671894550323486e-02
8.926078677177429199e-02
8.972201496362686157e-02
8.274371176958084106e-02
9.272091835737228394e-02
1.068712696433067322e-01
9.087309241294860840e-02
1.125118285417556763e-01
8.691348880529403687e-02
9.526275098323822021e-02
1.389168053865432739e-01
8.666999638080596924e-02
9.627084434032440186e-02
9.199555963277816772e-02
9.868111461400985718e-02
1.065473258495330811e-01
9.192068874835968018e-02
9.259338676929473877e-02
1.173379719257354736e-01
1.455535888671875000e-01
9.620781242847442627e-02
9.606524556875228882e-02
8.995460718870162964e-02
1.290320158004760742e-01
1.069083288311958313e-01
8.410869538784027100e-02
9.449067711830139160e-02
9.811933338642120361e-02
8.752007037401199341e-02
1.030040830373764038e-01
8.979471027851104736e-02
8.941700309514999390e-02
8.734097331762313843e-02
9.437798708677291870e-02
1.422619521617889404e-01
1.226338446140289307e-01
9.562629461288452148e-02
1.162472739815711975e-01
1.072045862674713135e-01
1.138044595718383789e-01
1.276866793632507324e-01
9.422598034143447876e-02
9.185545146465301514e-02
1.121443137526512146e-01
1.262279152870178223e-01
8.671198040246963501e-02
1.054684817790985107e-01
8.642805367708206177e-02
1.086475625634193420e-01
9.882772713899612427e-02
9.892334043979644775e-02
9.720896929502487183e-02
1.163642853498458862e-01
1.289871484041213989e-01
9.547314047813415527e-02
9.172121435403823853e-02
1.244896352291107178e-01
8.958237618207931519e-02
1.371008455753326416e-01
8.806705474853515625e-02
1.079798117280006409e-01
8.667493611574172974e-02
9.253406524658203125e-02
1.299773901700973511e-01
8.855413645505905151e-02
9.611769020557403564e-02
1.149360463023185730e-01
9.251879900693893433e-02
9.011963754892349243e-02
9.670072048902511597e-02
9.140445291996002197e-02
9.111236035823822021e-02
1.033128499984741211e-01
8.276928216218948364e-02
8.790913224220275879e-02
9.097198396921157837e-02
9.550984203815460205e-02
1.061140000820159912e-01
1.315967738628387451e-01
8.528812974691390991e-02
8.859555423259735107e-02
9.686055779457092285e-02
1.134297177195549011e-01
9.398028254508972168e-02
1.022641137242317200e-01
7.994624227285385132e-02
9.233483672142028809e-02
1.087259799242019653e-01
9.773845225572586060e-02
9.599072486162185669e-02
8.856188505887985229e-02
7.916183024644851685e-02
9.916952252388000488e-02
1.293546706438064575e-01
8.104553073644638062e-02
1.220744550228118896e-01
8.485962450504302979e-02
8.668194711208343506e-02
9.065115451812744141e-02
1.626051217317581177e-01
9.358309209346771240e-02
9.338479489088058472e-02
1.344236731529235840e-01
9.532445669174194336e-02
9.880027920007705688e-02
9.539746493101119995e-02
8.589901030063629150e-02
9.382573515176773071e-02
1.113374382257461548e-01
9.054108709096908569e-02
9.749936312437057495e-02
1.073803231120109558e-01
8.926206082105636597e-02
1.103995144367218018e-01
1.139649823307991028e-01
8.975470811128616333e-02
9.575058519840240479e-02
9.003369510173797607e-02
9.111253172159194946e-02
9.642006456851959229e-02
9.702273458242416382e-02
1.079392209649085999e-01
8.899658918380737305e-02
9.415414184331893921e-02
9.410554915666580200e-02
8.781516551971435547e-02
8.884760737419128418e-02
8.891041576862335205e-02
1.074625328183174133e-01
8.983704447746276855e-02
9.879309684038162231e-02
9.426847100257873535e-02
9.274870902299880981e-02
1.036977693438529968e-01
9.484595805406570435e-02
9.821321070194244385e-02
8.418985456228256226e-02
8.160713315010070801e-02
9.106553345918655396e-02
9.528224170207977295e-02
9.506428986787796021e-02
9.218370169401168823e-02
9.365201741456985474e-02
9.306725859642028809e-02
1.243974193930625916e-01
8.912849426269531250e-02
9.187570959329605103e-02
1.044490262866020203e-01
9.707553684711456299e-02
9.525813907384872437e-02
8.747027814388275146e-02
1.151578649878501892e-01
8.979852497577667236e-02
1.063884720206260681e-01
9.159514307975769043e-02
9.025723487138748169e-02
8.986682444810867310e-02
1.102710142731666565e-01
9.437821060419082642e-02
8.703096210956573486e-02
8.834962546825408936e-02
8.503870666027069092e-02
9.202789515256881714e-02
9.241831302642822266e-02
8.186118304729461670e-02
8.508157730102539062e-02
1.149573102593421936e-01
9.566888958215713501e-02
1.084905192255973816e-01
1.073274165391921997e-01
8.963976055383682251e-02
9.020119160413742065e-02
8.918114751577377319e-02
1.029605716466903687e-01
9.385900944471359253e-02
1.502689719200134277e-01
1.242855712771415710e-01
9.457731246948242188e-02
7.903027534484863281e-02
9.435202181339263916e-02
8.025775104761123657e-02
9.046705067157745361e-02
1.040827333927154541e-01
8.451577275991439819e-02
1.157718971371650696e-01
8.390712738037109375e-02
1.088696271181106567e-01
8.593805879354476929e-02
9.054855257272720337e-02
9.544776380062103271e-02
8.936263620853424072e-02
8.848188072443008423e-02
1.081705614924430847e-01
1.206787377595901489e-01
8.608482778072357178e-02
9.243294596672058105e-02
9.198386967182159424e-02
1.192087680101394653e-01
1.085543036460876465e-01
9.513108432292938232e-02
9.380676597356796265e-02
9.207919239997863770e-02
8.084825426340103149e-02
9.579319506883621216e-02
1.502418816089630127e-01
8.592513203620910645e-02
8.480039238929748535e-02
8.355997502803802490e-02
1.031181216239929199e-01
9.881104528903961182e-02
9.042041003704071045e-02
9.752105176448822021e-02
9.596122801303863525e-02
9.395736455917358398e-02
9.542103111743927002e-02
8.918888121843338013e-02
9.311642497777938843e-02
9.406448155641555786e-02
9.179935604333877563e-02
9.256815165281295776e-02
9.413427859544754028e-02
1.092310249805450439e-01
1.543093472719192505e-01
1.130278632044792175e-01
9.145189076662063599e-02
8.824413269758224487e-02
8.916026353836059570e-02
8.005257695913314819e-02
1.154272779822349548e-01
1.124841496348381042e-01
8.117742091417312622e-02
1.119001209735870361e-01
9.781929850578308105e-02
8.491184562444686890e-02
9.113542735576629639e-02
9.424202144145965576e-02
1.064986363053321838e-01
1.013443619012832642e-01
8.825661242008209229e-02
9.821730852127075195e-02
9.471069276332855225e-02
9.770991653203964233e-02
8.952540904283523560e-02
9.649082273244857788e-02
9.533759206533432007e-02
1.128112450242042542e-01
8.915533870458602905e-02
1.242386400699615479e-01
9.841851890087127686e-02
9.598154574632644653e-02
8.824680745601654053e-02
8.369567990303039551e-02
8.368214964866638184e-02
9.333101660013198853e-02
8.960824459791183472e-02
9.077078104019165039e-02
1.083596646785736084e-01
8.204808086156845093e-02
8.943039178848266602e-02
1.133145689964294434e-01
1.017651259899139404e-01
9.228703379631042480e-02
1.281339973211288452e-01
9.096877276897430420e-02
1.096039116382598877e-01
8.653859794139862061e-02
9.192597121000289917e-02
9.741903096437454224e-02
8.322166651487350464e-02
1.076785326004028320e-01
8.421805500984191895e-02
1.084974557161331177e-01
9.165423363447189331e-02
9.623867273330688477e-02
9.254297614097595215e-02
1.268424689769744873e-01
9.867339581251144409e-02
8.924067765474319458e-02
1.059148013591766357e-01
8.953002095222473145e-02
1.262422055006027222e-01
1.086575388908386230e-01
9.156754612922668457e-02
1.174774542450904846e-01
9.404285997152328491e-02
9.976362437009811401e-02
9.521604329347610474e-02
9.924320131540298462e-02
1.464974582195281982e-01
1.067092418670654297e-01
9.554664790630340576e-02
1.392022669315338135e-01
9.608989208936691284e-02
8.858437836170196533e-02
9.224570542573928833e-02
9.363478422164916992e-02
9.444781392812728882e-02
1.426664292812347412e-01
8.644373714923858643e-02
8.649432659149169922e-02
1.092073023319244385e-01
8.803239464759826660e-02
9.495033323764801025e-02
8.131923526525497437e-02
1.207999587059020996e-01
1.264348030090332031e-01
9.340877830982208252e-02
8.651459962129592896e-02
9.402544051408767700e-02
1.036255508661270142e-01
8.660198003053665161e-02
9.302996844053268433e-02
9.511727094650268555e-02
1.178486272692680359e-01
8.876084536314010620e-02
9.156110137701034546e-02
8.866160362958908081e-02
1.124671474099159241e-01
9.523386508226394653e-02
1.264666765928268433e-01
8.907232433557510376e-02
8.837796002626419067e-02
1.123264357447624207e-01
1.398536264896392822e-01
8.736708760261535645e-02
1.275181174278259277e-01
1.195888593792915344e-01
8.894760906696319580e-02
8.888371288776397705e-02
8.833039551973342896e-02
8.776664733886718750e-02
1.434126943349838257e-01
8.705171197652816772e-02
9.274145960807800293e-02
8.272820711135864258e-02
1.128129661083221436e-01
9.434338659048080444e-02
1.076329499483108521e-01
7.757078856229782104e-02
8.573386073112487793e-02
1.014739051461219788e-01
8.875174820423126221e-02
8.650022745132446289e-02
9.214210510253906250e-02
9.045135229825973511e-02
1.194967404007911682e-01
9.251108020544052124e-02
1.042010709643363953e-01
8.707124739885330200e-02
8.971082419157028198e-02
9.889148175716400146e-02
8.245775848627090454e-02
8.405050635337829590e-02
1.493792980909347534e-01
9.135643392801284790e-02
8.822627365589141846e-02
9.967719763517379761e-02
9.167962521314620972e-02
8.886913210153579712e-02
1.075269952416419983e-01
9.589462727308273315e-02
9.194995462894439697e-02
1.380922198295593262e-01
8.557597547769546509e-02
9.119070321321487427e-02
9.365934133529663086e-02
1.192335262894630432e-01
1.111708059906959534e-01
1.213001683354377747e-01
9.570756554603576660e-02
8.901320397853851318e-02
8.851245045661926270e-02
1.160887926816940308e-01
9.636258333921432495e-02
1.090593561530113220e-01
1.105464622378349304e-01
8.986208587884902954e-02
8.732510358095169067e-02
8.454211056232452393e-02
9.098564833402633667e-02
1.228960379958152771e-01
9.510654956102371216e-02
8.023858070373535156e-02
9.460823237895965576e-02
9.445488452911376953e-02
8.511611074209213257e-02
9.479272365570068359e-02
8.446332067251205444e-02
1.216453015804290771e-01
9.798778593540191650e-02
9.779840707778930664e-02
9.378530085086822510e-02
9.500454366207122803e-02
9.923572838306427002e-02
1.223212778568267822e-01
9.473422914743423462e-02
1.609113961458206177e-01
9.412368386983871460e-02
8.312414586544036865e-02
8.916623890399932861e-02
9.446222335100173950e-02
8.439886569976806641e-02
8.432239294052124023e-02
8.623880892992019653e-02
1.443562507629394531e-01
9.495957195758819580e-02
9.282660484313964844e-02
9.085723012685775757e-02
1.328062266111373901e-01
8.613744378089904785e-02
1.261083483695983887e-01
9.331557899713516235e-02
9.601805359125137329e-02
8.681958913803100586e-02
9.167475253343582153e-02
8.966720849275588989e-02
1.271435171365737915e-01
9.947998076677322388e-02
8.975898474454879761e-02
9.237620979547500610e-02
9.472722560167312622e-02
1.314006745815277100e-01
9.047917276620864868e-02
9.194158017635345459e-02
1.310692876577377319e-01
9.141276031732559204e-02
8.609092235565185547e-02
8.963360637426376343e-02
1.083110272884368896e-01
8.762283623218536377e-02
8.647301048040390015e-02
9.197345376014709473e-02
1.244695410132408142e-01
1.045121997594833374e-01
8.508419990539550781e-02
9.291581064462661743e-02
9.448630362749099731e-02
8.119129389524459839e-02
9.569914638996124268e-02
8.880375325679779053e-02
8.952160924673080444e-02
9.585487842559814453e-02
8.728755265474319458e-02
8.384834975004196167e-02
8.837195485830307007e-02
1.119232773780822754e-01
1.072028502821922302e-01
8.511755615472793579e-02
9.362822026014328003e-02
9.240040183067321777e-02
1.011999249458312988e-01
1.066879704594612122e-01
8.056092262268066406e-02
1.092006340622901917e-01
8.417265117168426514e-02
8.553587645292282104e-02
8.864586055278778076e-02
9.292910248041152954e-02
8.894393593072891235e-02
1.069763749837875366e-01
9.832616150379180908e-02
9.291899949312210083e-02
1.306064575910568237e-01
9.688711911439895630e-02
9.442482888698577881e-02
9.311722218990325928e-02
9.416814893484115601e-02
9.740006178617477417e-02
9.929889440536499023e-02
1.084704026579856873e-01
1.058837175369262695e-01
9.808441251516342163e-02
9.435389190912246704e-02
1.137325540184974670e-01
8.608092367649078369e-02
8.506129682064056396e-02
1.081253662705421448e-01
8.902022987604141235e-02
9.148019552230834961e-02
1.407298296689987183e-01
8.521760255098342896e-02
9.151568263769149780e-02
8.910112828016281128e-02
9.222098439931869507e-02
1.227736249566078186e-01
9.104888141155242920e-02
9.285380691289901733e-02
9.725723415613174438e-02
8.984548598527908325e-02
9.400087594985961914e-02
1.480636745691299438e-01
8.740928024053573608e-02
1.075624525547027588e-01
8.535717427730560303e-02
8.752675354480743408e-02
9.720419347286224365e-02
9.769435226917266846e-02
8.893458545207977295e-02
1.316495537757873535e-01
8.461698889732360840e-02
8.629531413316726685e-02
9.654549509286880493e-02
1.267172098159790039e-01
1.171179264783859253e-01
8.972571790218353271e-02
9.065321087837219238e-02
1.069052964448928833e-01
8.836647868156433105e-02
1.105457767844200134e-01
9.444838017225265503e-02
1.191487237811088562e-01
8.936297148466110229e-02
9.690229594707489014e-02
8.354053646326065063e-02
9.386945515871047974e-02
9.003893285989761353e-02
8.878421038389205933e-02
1.082732081413269043e-01
9.812438488006591797e-02
8.276282995939254761e-02
1.374038755893707275e-01
1.043099388480186462e-01
7.661577314138412476e-02
9.036071598529815674e-02
9.049993008375167847e-02
9.871949255466461182e-02
9.138460457324981689e-02
9.348586201667785645e-02
8.512735366821289062e-02
8.122864365577697754e-02
1.491971015930175781e-01
9.735395014286041260e-02
8.625198900699615479e-02
9.012152999639511108e-02
8.926008641719818115e-02
1.547884643077850342e-01
9.240998327732086182e-02
9.452375024557113647e-02
7.945909351110458374e-02
9.846447408199310303e-02
8.462987840175628662e-02
1.633497327566146851e-01
7.894918322563171387e-02
9.173356741666793823e-02
8.899053931236267090e-02
9.112220257520675659e-02
8.622150123119354248e-02
1.249499693512916565e-01
9.338594973087310791e-02
9.981901198625564575e-02
9.405362606048583984e-02
9.036345034837722778e-02
8.968854695558547974e-02
1.575955599546432495e-01
9.596203267574310303e-02
8.857094496488571167e-02
9.996607899665832520e-02
8.523265272378921509e-02
8.906444907188415527e-02
1.110447421669960022e-01
1.349267661571502686e-01
1.327330768108367920e-01
1.164107695221900940e-01
8.171686530113220215e-02
8.985197544097900391e-02
8.561924099922180176e-02
1.052126809954643250e-01
9.923806786537170410e-02
1.158356219530105591e-01
1.207630410790443420e-01
9.037396311759948730e-02
1.154319271445274353e-01
9.434975683689117432e-02
9.537099301815032959e-02
8.916649222373962402e-02
9.234241396188735962e-02
8.690721541643142700e-02
9.207194298505783081e-02
9.177955240011215210e-02
9.294284135103225708e-02
1.101100966334342957e-01
9.567297250032424927e-02
8.636747300624847412e-02
9.880942106246948242e-02
1.370275467634201050e-01
9.280881285667419434e-02
9.389296174049377441e-02
9.964284300804138184e-02
1.233682483434677124e-01
9.804499149322509766e-02
9.890688210725784302e-02
1.103625670075416565e-01
1.062440648674964905e-01
9.238663315773010254e-02
1.084825545549392700e-01
1.169152706861495972e-01
1.392781585454940796e-01
1.419591903686523438e-01
9.883425384759902954e-02
8.977629989385604858e-02
1.465353518724441528e-01
9.066265821456909180e-02
1.106031164526939392e-01
9.122197329998016357e-02
8.761015534400939941e-02
9.284014999866485596e-02
9.519615769386291504e-02
9.519749879837036133e-02
8.664198219776153564e-02
1.524085104465484619e-01
8.826509118080139160e-02
7.803732156753540039e-02
9.786833822727203369e-02
9.784183651208877563e-02
8.326112478971481323e-02
1.154030859470367432e-01
9.092471003532409668e-02
9.039986878633499146e-02
9.164062142372131348e-02
9.484494477510452271e-02
9.413851797580718994e-02
9.688164293766021729e-02
9.497550874948501587e-02
8.209961652755737305e-02
1.232402175664901733e-01
9.422094374895095825e-02
9.369353204965591431e-02
9.305523335933685303e-02
1.128607690334320068e-01
8.910749852657318115e-02
9.069284051656723022e-02
9.235993772745132446e-02
9.109960496425628662e-02
7.827173173427581787e-02
9.825956076383590698e-02
9.353067725896835327e-02
9.864086657762527466e-02
1.044130995869636536e-01
9.311131387948989868e-02
8.785807341337203979e-02
1.069481968879699707e-01
8.705563098192214966e-02
9.000637382268905640e-02
9.059949964284896851e-02
9.371381998062133789e-02
1.256416440010070801e-01
1.392600387334823608e-01
9.220550954341888428e-02
8.330397307872772217e-02
8.210676163434982300e-02
9.290396422147750854e-02
8.948930352926254272e-02
9.454166889190673828e-02
8.793634176254272461e-02
1.232229992747306824e-01
9.201718866825103760e-02
1.171125099062919617e-01
9.315430372953414917e-02
8.582270145416259766e-02
8.728751540184020996e-02
9.147805720567703247e-02
8.739002794027328491e-02
9.077659994363784790e-02
9.316778928041458130e-02
1.001985073089599609e-01
9.570363909006118774e-02
1.157992854714393616e-01
8.494367450475692749e-02
8.591453731060028076e-02
8.975616097450256348e-02
9.079599380493164062e-02
9.391780942678451538e-02
8.906514942646026611e-02
9.480644017457962036e-02
9.107517451047897339e-02
9.688912332057952881e-02
1.292794793844223022e-01
1.000183597207069397e-01
1.097154766321182251e-01
1.235118955373764038e-01
1.082020103931427002e-01
9.419527649879455566e-02
8.307591825723648071e-02
9.171097725629806519e-02
8.783499151468276978e-02
9.345863014459609985e-02
9.182728826999664307e-02
9.197295457124710083e-02
8.995488286018371582e-02
9.451307356357574463e-02
9.865001589059829712e-02
9.029918164014816284e-02
1.095551103353500366e-01
9.259676188230514526e-02
9.698305279016494751e-02
8.945107460021972656e-02
9.056403487920761108e-02
9.154955297708511353e-02
8.991827815771102905e-02
9.119555354118347168e-02
9.560333937406539917e-02
9.015683829784393311e-02
1.312944740056991577e-01
9.070133417844772339e-02
9.110731631517410278e-02
9.487214684486389160e-02
9.863185882568359375e-02
9.904065728187561035e-02
9.419246762990951538e-02
1.254811882972717285e-01
1.333008706569671631e-01
1.029273942112922668e-01
9.268289804458618164e-02
8.982293307781219482e-02
9.181485325098037720e-02
1.056619510054588318e-01
