6.86821,0.924302
6.54073,0.947506
6.847,0.915195
6.41014,0.923068
6.78755,0.837878
6.88983,0.931127
6.48941,0.956577
6.96829,0.813784
6.38913,0.923888
6.80448,0.841654
6.52831,0.959267
6.52554,0.955992
6.18469,0.22082
6.81449,0.869059
6.77637,0.516181
6.72011,0.939861
6.86588,0.858754
6.52209,0.941691
6.78441,0.869447
6.25406,0.773096
6.95765,0.92668
6.85392,0.92483
6.74442,0.94822
5.71022,0.635053
6.06541,0.476679
6.721,0.955776
6.79132,0.818438
6.84401,0.80687
6.81321,0.823592
6.91832,0.911222
6.90686,0.560996
6.85973,0.814543
6.90333,0.864151
6.7953,0.909957
6.84505,0.768029
6.73461,0.90612
6.86384,0.947013
6.86629,0.933668
6.81734,0.913992
6.92365,0.885232
6.83408,0.739366
5.76819,0.385486
6.66371,0.677888
6.81078,0.902666
5.86459,0.496285
6.73755,0.939317
6.75738,0.93869
6.68123,0.929967
6.13616,0.480782
6.28492,0.550224
5.81156,0.529692
6.76683,0.505905
6.97583,0.831341
6.79563,0.858851
6.01416,0.57465
6.71061,0.542036
6.90732,0.928236
6.89585,0.149486
6.33909,0.865786
6.93726,0.271113
6.83106,0.894854
6.21414,0.770885
5.6605,0.393008
5.88674,0.432978
6.07233,0.950836
6.88506,0.880082
6.80507,0.880572
6.82789,0.900253
6.29595,0.491513
6.70427,0.949359
6.81092,0.880554
6.96971,0.848115
6.76898,0.827168
6.6513,0.700314
6.64382,0.851256
6.46884,0.947714
6.769,0.829925
6.71584,0.779673
6.96762,0.926959
6.90353,0.820567
6.68357,0.662736
6.37253,0.941648
6.93492,0.88234
5.74717,0.304359
6.7051,0.513572
6.67771,0.658439
6.95141,0.912411
6.85292,0.935554
6.4398,0.953285
6.94266,0.939184
6.77728,0.857451
6.64582,0.953023
6.87063,0.144333
6.31991,0.944152
6.80152,0.888739
6.17191,0.839641
6.94951,0.139558
6.88296,0.271151
6.53382,0.789593
6.46869,0.950821
5.69262,0.444618
6.67127,0.869377
6.71668,0.856848
5.65997,0.441927
6.77094,0.885193
6.40851,0.881545
6.43063,0.853644
6.38872,0.747689
6.15654,0.705075
6.35938,0.83373
6.88553,0.841289
6.83887,0.820103
6.38288,0.773241
6.87649,0.817169
6.9002,0.811208
6.80608,0.827012
6.78093,0.814346
6.49492,0.952316
6.85695,0.832444
6.86784,0.708657
6.55129,0.537773
6.72535,0.950722
6.81503,0.269953
6.12608,0.749842
6.60094,0.841001
6.66001,0.859247
6.87439,0.818517
6.41695,0.852487
6.79467,0.825256
6.81545,0.913461
6.21684,0.981057
6.5585,0.829166
6.17321,0.940201
6.86157,0.888663
6.85279,0.848144
6.80851,0.909742
6.78863,0.600071
6.01449,0.185187
6.50008,0.937652
6.67095,0.922681
6.65481,0.557607
6.16607,0.748212
6.84307,0.935225
6.48311,0.753348
6.96924,0.928989
6.29246,0.889284
6.74023,0.730326
6.76612,0.931277
6.70192,0.946433
6.85935,0.731994
6.13787,0.777309
6.65003,0.933604
5.59566,0.490273
6.35705,0.945372
6.85942,0.928365
5.84802,0.425855
6.95015,0.926449
6.92073,0.936535
5.96846,0.578812
6.21504,0.80725
6.96093,0.853835
6.63397,0.825148
6.69048,0.623624
6.18408,0.765692
6.91617,0.930319
6.69836,0.946332
6.49924,0.494054
6.91247,0.93473
5.73708,0.643357
6.89235,0.94714
6.9048,0.836034
6.86168,0.882436
6.45966,0.905789
6.83178,0.930424
6.63272,0.64213
6.46317,0.951806
6.20908,0.95143
5.78745,0.505292
6.46527,0.957249
6.65845,0.936462
5.41959,0.975221
6.91433,0.847397
6.86729,0.941367
6.9801,0.31332
6.93165,0.822898
6.82241,0.931939
6.88782,0.820156
6.95051,0.911136
6.78557,0.827163
6.53548,0.784736
5.95779,0.505565
6.71463,0.747495
6.50559,0.936523
6.70745,0.891888
5.92395,0.570196
6.2316,0.890276
6.76536,0.88234
6.07711,0.961772
6.69181,0.94819
6.59138,0.825678
6.00544,0.49046
6.87619,0.832854
6.57693,0.73609
6.1339,0.632031
6.65538,0.511771
6.22845,0.804032
6.81538,0.935262
5.88161,0.340604
6.10657,0.779302
6.32205,0.884513
6.55128,0.956672
6.78448,0.870555
5.87454,0.512149
6.45959,0.933007
6.42573,0.860986
6.58088,0.884874
6.72847,0.812682
6.39974,0.849276
6.38625,0.668469
5.00235,0.920943
6.83819,0.862209
6.63179,0.904904
6.46442,0.95719
6.93984,0.92026
6.92095,0.870597
6.21519,0.712986
6.79218,0.825163
5.94029,0.745403
6.15064,0.736933
6.91676,0.892753
6.74976,0.948054
5.67907,0.336245
6.65949,0.806338
6.71615,0.555845
5.75067,0.358132
6.82876,0.915504
6.682,0.957339
6.85013,0.854639
6.78385,0.938047
6.88691,0.935127
6.80601,0.897912
6.64957,0.323284
6.80277,0.849947
6.72385,0.939863
5.9874,0.964736
5.72051,0.45691
6.58374,0.856598
6.06131,0.730399
6.72761,0.60831
6.90121,0.911309
6.93306,0.902525
6.35478,0.929745
6.24428,0.910951
6.74374,0.936858
3.97227,1.05056
6.89711,0.840944
6.30242,0.859573
5.89858,0.129958
6.42668,0.943172
6.64704,0.912433
6.78211,0.92067
6.57227,0.86727
6.07979,0.483112
5.72016,0.423632
6.41847,0.860315
5.56748,0.282044
6.71267,0.494218
6.74343,0.952771
5.90818,0.560026
5.51297,0.981367
5.90767,0.518546
6.22643,0.739682
6.92459,0.928643
6.1027,0.718909
6.92494,0.492732
6.98248,0.929606
5.83606,0.497065
5.79665,0.483142
6.88055,0.910314
6.56901,0.747359
6.78933,0.834684
6.80698,0.939549
5.76737,0.312536
6.17608,0.811118
6.91113,0.650614
6.74129,0.731214
6.67191,0.777069
6.40949,0.881019
6.77072,0.846682
6.7365,0.819722
6.26347,0.788192
6.79264,0.298352
5.91942,0.575945
6.78421,0.537607
6.55406,0.830557
6.88326,0.894615
6.73629,0.958656
6.75294,0.936694
6.78409,0.936909
6.82994,0.890442
6.90932,0.946616
6.55079,0.683596
6.75662,0.903017
6.87766,0.812725
5.55185,0.977604
6.43819,0.946066
5.87876,0.446965
6.75467,0.955822
6.60977,0.420508
6.85533,0.932802
6.07149,0.92635
6.82274,0.878577
6.74291,0.934143
6.79169,0.922503
6.56346,0.54755
6.22898,0.6872
5.80277,0.47831
6.20061,0.863757
6.92755,0.892496
6.56785,0.866307
6.83185,0.928586
6.45168,0.911996
6.79326,0.936261
6.24911,0.87288
6.75113,0.288247
6.74913,0.941732
6.90631,0.920552
6.64872,0.707077
6.63563,0.929782
6.90628,0.886558
6.91398,0.92934
6.70515,0.943145
6.45212,0.957432
6.66291,0.939605
6.05759,0.64319
4.36842,1.01897
6.4632,0.948108
6.6923,0.831123
6.9006,0.809065
6.97415,0.871019
6.26956,0.945416
6.76558,0.956753
6.84622,0.950365
6.40226,0.800841
6.82355,0.903741
6.41196,0.922568
6.86705,0.818393
6.67648,0.655668
6.80494,0.863577
6.79089,0.910392
6.74744,0.955521
6.63028,0.920647
6.80584,0.889719
6.67457,0.93164
6.78605,0.92435
6.54698,0.94393
6.86296,0.773462
6.91944,0.927258
6.89327,0.887147
6.92375,0.67256
6.85187,0.821257
6.54518,0.958867
6.85129,0.896083
6.72371,0.947466
6.55742,0.745804
6.92451,0.936409
6.26314,0.620754
6.91436,0.142818
6.77565,0.280895
6.3583,0.698274
6.73799,0.952534
6.8532,0.914989
6.85339,0.930903
6.71896,0.959652
6.03977,0.532927
6.96013,0.919423
6.42055,0.943613
6.18982,0.775193
6.55474,0.912584
6.41169,0.914426
6.02685,0.55964
6.95035,0.767557
6.79439,0.950706
6.50543,0.954886
6.77475,0.854149
6.14245,0.961191
6.67685,0.423177
6.43254,0.940684
6.807,0.948426
6.80625,0.271795
6.90909,0.1484
6.92504,0.929657
6.89576,0.820404
6.92686,0.937596
6.85829,0.928315
6.43794,0.692126
5.99712,0.515597
6.85584,0.801488
6.77237,0.881059
6.87999,0.833163
6.44505,0.954433
5.73239,0.408962
6.87756,0.90104
6.77933,0.840067
6.22777,0.949462
5.71777,0.63429
6.32983,0.834853
6.69,0.806818
6.46668,0.7719
6.19479,0.946736
6.83494,0.847159
5.97392,0.467902
6.25309,0.750812
6.68842,0.457493
5.95491,0.439797
6.19566,0.167105
6.70735,0.943565
6.42601,0.931922
6.86648,0.908118
6.63773,0.772379
6.8148,0.492853
6.45879,0.897316
6.97165,0.844937
6.53813,0.737604
6.87577,0.16488
6.91713,0.811039
6.55092,0.793944
5.74509,0.427254
6.36383,0.940832
6.78772,0.828881
6.82882,0.934577
6.85818,0.882575
6.53509,0.905497
5.97306,0.965839
6.79673,0.847504
6.43125,0.693543
6.5834,0.944089
6.37546,0.840175
6.41974,0.935992
6.81124,0.848645
6.85449,0.892863
6.83558,0.928258
6.84693,0.929329
6.80606,0.932102
6.68425,0.834319
6.67318,0.932799
6.19239,0.747465
6.07519,0.891993
6.33788,0.951278
6.38729,0.899531
6.35813,0.917605
6.81494,0.145141
6.88382,0.810099
6.11532,0.963983
6.88203,0.296482
6.86914,0.836407
6.77489,0.853752
6.36575,0.750352
6.45858,0.960398
6.87929,0.827371
6.56728,0.886383
6.69544,0.603567
5.85201,0.495954
6.32586,0.949473
6.11137,0.964398
6.51833,0.878512
6.76948,0.827066
6.72074,0.461591
6.60857,0.96298
6.84853,0.923667
6.2201,0.836954
6.23816,0.173022
5.96376,0.515796
6.71331,0.907935
6.82173,0.922721
6.85088,0.809783
6.8772,0.299865
6.66674,0.930716
6.80463,0.898075
6.95788,0.292632
6.55172,0.944704
6.272,0.864883
6.46168,0.962657
6.66322,0.862426
6.95534,0.833565
6.91102,0.822897
6.42608,0.849179
6.57337,0.839756
5.90316,0.37429
6.52667,0.884665
6.06515,0.122038
6.09588,0.714717
4.79722,1.00658
6.46586,0.950406
6.8528,0.92567
6.50747,0.759584
6.61801,0.928101
6.81587,0.736944
6.67517,0.931141
6.7875,0.921739
6.83463,0.922401
5.90013,0.359934
6.91431,0.859892
6.64176,0.83375
6.36806,0.885128
5.67593,0.336129
6.92866,0.269378
6.39613,0.788771
6.87448,0.862244
5.9038,0.520885
6.79508,0.82732
6.08662,0.772084
6.908,0.926882
6.57464,0.934627
6.44395,0.30383
6.66929,0.957366
6.40812,0.827616
6.22041,0.781653
5.81291,0.470462
6.11776,0.136059
6.54621,0.703771
6.83107,0.84644
6.82449,0.918719
6.23269,0.863827
6.12263,0.509326
6.841,0.146768
6.87195,0.929268
6.76762,0.821155
6.88934,0.929359
5.91258,0.36605
6.77436,0.846196
6.5781,0.816492
5.83227,0.483765
5.85538,0.564069
6.82552,0.930007
6.77532,0.945718
6.96116,0.225313
5.63252,0.669271
6.48856,0.825018
6.77483,0.793631
4.71508,1.01332
6.29202,0.876949
6.79507,0.859951
6.86709,0.171883
6.80191,0.787845
6.84293,0.945464
6.92025,0.88122
5.79746,0.494469
6.28461,0.925018
6.8917,0.811657
6.86536,0.92144
6.86243,0.850338
5.81363,0.356255
6.24367,0.493148
6.79166,0.827099
6.92843,0.912047
6.34838,0.848612
6.86797,0.827616
6.58577,0.853909
6.77505,0.857303
6.94523,0.838392
5.70163,0.412193
6.10689,0.958889
5.83497,0.342189
6.19383,0.939012
6.81475,0.885054
6.66641,0.945115
6.11544,0.73828
6.49497,0.949647
6.43861,0.928025
6.91108,0.197667
6.49952,0.944421
6.93184,0.928359
5.78177,0.663987
5.59146,0.397224
6.82398,0.766074
6.57105,0.926915
6.16309,0.711852
6.10381,0.729782
5.85383,0.125401
5.79336,0.928582
6.90744,0.930935
5.99618,0.967146
6.76413,0.928945
6.7527,0.947069
5.81483,0.463987
6.66155,0.357643
5.85911,0.430841
5.61253,0.902254
6.46738,0.960198
6.89592,0.906799
6.71062,0.919432
6.56722,0.929234
5.83913,0.393459
6.08234,0.620731
5.45141,0.977244
6.07465,0.496142
6.85147,0.489668
5.98628,0.535017
6.56272,0.95865
6.865,0.831662
6.86886,0.930952
6.25303,0.550487
6.45309,0.953654
6.20976,0.820465
5.69309,0.410144
6.42751,0.917402
6.47794,0.92246
6.50917,0.148827
6.86335,0.928595
6.33124,0.155727
6.77705,0.943298
6.22875,0.707755
6.55184,0.913766
6.8988,0.894179
6.19403,0.736031
6.47494,0.931753
6.85156,0.873364
6.42502,0.852274
6.47675,0.950252
6.83743,0.908592
6.87608,0.870531
5.81843,0.709764
6.01252,0.602997
6.29338,0.523839
6.82917,0.924349
6.80946,0.902447
6.81506,0.949443
6.30786,0.779234
6.87158,0.561774
6.4324,0.90762
5.99334,0.436128
6.37114,0.804978
6.75968,0.896485
6.34958,0.778188
6.85551,0.805968
6.71027,0.48877
6.61712,0.713474
6.29728,0.59426
6.81022,0.942838
6.64105,0.590443
6.85826,0.885876
6.01729,0.497432
6.89677,0.925885
6.77122,0.912526
6.87194,0.907186
6.41141,0.690371
6.44469,0.945906
6.07989,0.96363
6.77528,0.488468
6.46524,0.904057
6.7961,0.58225
6.72373,0.927922
6.90842,0.924555
5.96069,0.454465
6.28709,0.868644
6.86178,0.904915
5.87652,0.511357
6.90022,0.794931
6.9699,0.812827
6.84617,0.895104
6.9147,0.92335
6.80736,0.303738
6.8427,0.150594
6.50253,0.563476
5.97724,0.446728
6.75555,0.953466
6.85585,0.909997
6.6048,0.534443
6.05385,0.955883
6.13842,0.960957
6.95724,0.805203
6.75644,0.955417
6.82438,0.865754
6.57663,0.773279
6.74244,0.937123
6.23614,0.80779
6.17912,0.965346
6.62482,0.943902
6.10075,0.710268
6.7325,0.897875
6.04888,0.601305
6.82434,0.902151
6.1019,0.911281
6.71602,0.517711
6.79279,0.87945
6.33189,0.708577
6.87211,0.945122
6.27252,0.871295
5.79396,0.359164
6.79874,0.838383
6.01584,0.572055
6.13596,0.966486
6.93285,0.949484
6.09965,0.832168
6.3673,0.837157
6.27917,0.708321
6.7527,0.946974
6.79729,0.830786
6.92298,0.909071
6.92351,0.825717
6.8294,0.146568
6.08967,0.720711
6.93219,0.904412
5.78519,0.166608
6.16906,0.856507
5.92151,0.430104
6.86731,0.834215
6.54528,0.957131
6.17363,0.764293
6.81375,0.831398
6.06014,0.62304
5.81547,0.423959
6.39029,0.7385
6.91645,0.928885
6.40052,0.855119
6.89901,0.810308
6.34752,0.626875
6.80359,0.946362
6.85469,0.933671
6.06217,0.515076
6.78199,0.834168
6.22057,0.853241
6.0281,0.740844
6.10978,0.72292
5.98447,0.490166
5.58475,0.942605
5.81728,0.486122
6.77947,0.850284
6.78553,0.821092
6.77693,0.881251
6.5464,0.709706
6.49485,0.778679
6.46934,0.958994
6.29404,0.763298
6.23975,0.677392
6.58672,0.939016
5.67274,0.105752
5.78225,0.508028
6.71518,0.620835
5.99745,0.174678
6.42891,0.948893
6.89883,0.888352
6.78314,0.835161
6.67582,0.937828
5.96555,0.532664
6.98194,0.1511
6.88704,0.81887
6.49507,0.92794
6.53681,0.922503
6.62443,0.529604
6.79399,0.906093
6.69119,0.959571
6.9673,0.856697
6.39653,0.874977
6.48734,0.937277
6.78109,0.752948
6.13752,0.730054
6.05573,0.560932
6.39053,0.946052
5.84069,0.183967
6.50731,0.818814
6.7464,0.908637
6.1938,0.752722
6.87261,0.912865
6.8107,0.82002
5.78627,0.103371
6.68996,0.763945
6.7802,0.85313
6.4228,0.865801
6.97448,0.144709
5.77385,0.539586
4.22003,1.02718
6.09154,0.599524
6.4591,0.944768
6.94184,0.937706
5.16149,0.940713
6.23468,0.792384
6.87592,0.285538
6.31704,0.910307
6.41612,0.939914
6.77213,0.28503
6.81955,0.840935
6.18814,0.706342
6.79438,0.873755
6.15758,0.829852
6.86544,0.946318
6.90609,0.823672
6.13625,0.62825
6.5665,0.926354
6.15665,0.738527
6.81625,0.828296
4.69798,0.986812
6.93361,0.84617
6.87106,0.934308
6.49629,0.949432
5.76307,0.717089
6.82112,0.924562
6.84308,0.875442
6.73921,0.887439
6.52227,0.504618
6.75312,0.929751
6.65879,0.949892
6.49106,0.956141
6.81032,0.899792
6.88474,0.833113
6.45871,0.94923
6.94452,0.899683
5.69617,0.284366
6.69516,0.112514
6.89627,0.875094
6.60911,0.963435
6.01886,0.571823
6.80149,0.826521
6.82802,0.942154
6.84378,0.934877
6.88336,0.85746
6.21492,0.872377
6.5893,0.837658
6.90271,0.181916
6.84341,0.864879
6.51603,0.919172
6.6676,0.940237
6.85458,0.801088
6.78417,0.9308
6.74782,0.931228
6.11176,0.743001
5.99183,0.491324
6.74082,0.923428
6.90262,0.856659
6.32043,0.93726
6.19492,0.785685
6.71611,0.753494
6.54461,0.939134
6.78904,0.71993
6.72684,0.401458
6.51273,0.936584
6.42982,0.73499
6.85311,0.248824
5.66991,0.29286
6.49342,0.930146
6.85589,0.948274
6.78196,0.821373
5.68017,0.124688
6.83303,0.894541
6.84643,0.933314
5.76956,0.661953
6.39109,0.857715
6.43562,0.943316
6.39748,0.737949
6.60892,0.938658
6.62378,0.95832
5.67367,0.397141
6.91241,0.849091
6.78573,0.848836
6.60883,0.940387
6.45454,0.961987
6.49941,0.918278
6.33138,0.755015
6.91632,0.876983
6.51202,0.943886
6.73359,0.812915
6.62927,0.743196
6.82413,0.742484
5.74197,0.0983319
6.7403,0.798628
6.76545,0.750218
6.76674,0.4878
6.54021,0.943883
6.93687,0.837339
6.8408,0.91858
6.79798,0.895769
6.20754,0.737565
6.70561,0.651796
6.89553,0.850475
6.86843,0.812874
5.95784,0.962175
5.83808,0.133517
6.22409,0.939643
6.25946,0.717531
6.79513,0.905692
4.2259,1.06091
6.90018,0.835204
5.96881,0.174432
5.99206,0.387206
6.93471,0.141774
6.45591,0.892857
6.77593,0.820569
6.87801,0.576295
6.42191,0.790948
6.30813,0.880928
5.89808,0.404057
6.92707,0.931753
6.22204,0.587209
6.3008,0.816625
6.56178,0.945472
6.46557,0.902099
6.78623,0.27746
6.72793,0.949135
6.17347,0.519583
5.26237,0.900908
5.49353,0.971898
6.24666,0.774578
6.91912,0.145205
6.76655,0.947884
6.39505,0.225808
6.88926,0.81332
6.47974,0.963039
6.28087,0.896674
6.73485,0.937682
6.43555,0.951261
6.62398,0.840536
6.71109,0.95692
6.70125,0.848574
6.80647,0.90345
6.83538,0.918553
6.65826,0.945375
5.71188,0.414125
6.48706,0.900163
6.80738,0.500281
6.9257,0.881722
6.67715,0.713327
6.77295,0.943171
6.38937,0.864635
6.20841,0.753667
6.63855,0.850072
6.91603,0.872291
5.57463,0.476787
6.74781,0.953945
6.73033,0.838856
6.92287,0.81603
6.19362,0.594587
6.459,0.930717
6.74165,0.46894
5.59054,0.377318
6.10152,0.831104
6.85342,0.864457
6.82979,0.927231
6.79862,0.826588
6.44847,0.891306
6.31915,0.787897
6.20694,0.817196
6.81426,0.897639
6.75002,0.571607
6.77603,0.860146
6.4524,0.895555
6.40429,0.94878
6.86458,0.942647
6.81195,0.843484
6.26558,0.750559
6.73171,0.493079
6.6811,0.848474
6.94053,0.143871
6.38979,0.783453
6.89876,0.817256
6.80374,0.879193
6.47014,0.947704
6.48531,0.962808
6.81444,0.900485
6.82595,0.925918
6.89298,0.929907
6.39051,0.921816
6.39227,0.943618
6.10223,0.715006
6.15869,0.667001
6.30816,0.603433
6.78055,0.825669
6.84341,0.887345
6.77027,0.272606
6.83299,0.925144
6.33502,0.951814
6.20345,0.75117
6.8912,0.857594
6.79056,0.630477
6.76716,0.481501
5.73151,0.476187
6.54436,0.957618
6.85902,0.846734
6.44946,0.92055
6.82197,0.923592
6.79026,0.830421
6.37612,0.795987
6.82341,0.927361
6.39857,0.681476
6.87858,0.818679
6.18531,0.894698
6.55019,0.506018
6.87326,0.93635
6.3809,0.828864
6.21488,0.963307
6.82231,0.916193
6.74395,0.951777
5.95467,0.67834
6.87215,0.812636
6.04585,0.132143
6.45854,0.797494
5.90444,0.69202
6.15819,0.76084
6.86838,0.832655
6.92559,0.929737
5.61099,0.630308
5.96515,0.516123
6.90656,0.849985
6.94559,0.923992
5.68638,0.628234
6.78094,0.499014
6.09848,0.768414
6.86311,0.926297
6.88602,0.865632
6.84345,0.856494
5.76953,0.430399
6.88806,0.846068
5.64293,0.673875
6.58089,0.701943
6.75849,0.899423
6.91812,0.930802
6.19839,0.942413
6.7362,0.950419
6.72263,0.679733
5.95535,0.171765
6.80226,0.927106
6.90564,0.816465
5.67273,0.493751
6.03697,0.744949
6.90788,0.585685
6.05312,0.649652
6.882,0.724312
5.70133,0.396219
6.71693,0.695747
6.1616,0.763821
6.85409,0.908905
6.79632,0.906272
6.9496,0.869267
5.43976,0.954396
6.82696,0.942116
6.75757,0.951752
6.14572,0.957453
6.74435,0.937008
6.87869,0.935349
6.41636,0.868531
6.81852,0.904866
6.21379,0.664216
6.07431,0.565704
6.80515,0.893014
6.49182,0.566374
6.14611,0.78121
6.87547,0.838514
6.06784,0.947624
6.09374,0.529582
6.45199,0.954045
5.81616,0.466973
6.86087,0.934636
6.35551,0.870998
6.84977,0.882717
6.25119,0.818326
6.468,0.956533
6.66447,0.862577
6.48596,0.95497
6.41148,0.919444
6.17042,0.600338
5.98269,0.612508
6.26353,0.729309
6.83138,0.926838
6.57965,0.75734
6.84786,0.833346
6.50974,0.932412
6.5365,0.934793
6.2661,0.945014
6.58874,0.520403
6.60336,0.849091
6.85038,0.947052
6.85392,0.85342
6.87894,0.82015
5.9301,0.469518
6.97337,0.92369
6.85251,0.946261
6.8881,0.23364
6.30249,0.868714
6.84024,0.870175
6.13275,0.733299
6.70184,0.731602
6.23411,0.515381
6.75639,0.809994
6.81412,0.950736
6.5169,0.920134
6.10377,0.249357
6.80848,0.822756
6.51452,0.958698
6.70208,0.488665
6.16059,0.719787
6.02316,0.0912985
6.62742,0.15783
6.05256,0.545458
5.5955,0.309335
6.5948,0.8532
6.36872,0.852506
6.32635,0.671329
6.8746,0.822366
6.12661,0.745498
6.3983,0.930895
5.83463,0.684381
6.77898,0.874926
6.8942,0.893715
6.29562,0.577133
6.92504,0.142397
5.7983,0.454357
4.96983,0.966134
6.49582,0.141415
6.79544,0.874458
5.86762,0.521076
6.38783,0.75343
6.87107,0.899631
6.77855,0.871631
6.18458,0.789263
6.24603,0.97106
6.6245,0.929415
6.87149,0.925665
6.93701,0.948836
6.20467,0.771875
6.46657,0.852603
5.82338,0.308933
6.15366,0.739358
5.8604,0.454219
6.81288,0.931498
5.88931,0.364733
5.75576,0.386265
6.81484,0.148309
6.28976,0.879437
6.83557,0.931219
6.68977,0.895268
6.89306,0.842728
6.50259,0.965546
6.31603,0.762813
6.81684,0.915887
6.90534,0.14341
6.47684,0.935627
6.79684,0.852629
6.22656,0.554083
6.77222,0.857482
6.27948,0.492729
6.08059,0.960655
6.42928,0.914896
6.6574,0.942195
6.00691,0.742983
6.84924,0.921829
5.66594,0.333969
7.01653,0.748338
6.66173,0.953153
6.26518,0.865106
6.32922,0.762456
6.51553,0.9325
6.08547,0.718253
6.34125,0.938347
6.85077,0.912465
6.79942,0.868583
6.79377,0.84075
6.73339,0.865988
6.80012,0.493861
6.74286,0.865955
5.8093,0.568496
6.71003,0.943371
6.47434,0.95766
6.08217,0.662203
6.80488,0.838882
6.90927,0.869662
4.94409,0.965039
5.78506,0.450578
5.93296,0.764567
6.8285,0.92388
6.91997,0.924465
6.80223,0.849985
6.70406,0.498089
6.60697,0.912919
6.63725,0.948661
6.83618,0.910293
6.32152,0.950264
6.90172,0.842609
6.44306,0.944051
6.82653,0.774143
6.76523,0.839391
6.87122,0.815753
6.24752,0.261703
6.90063,0.928292
6.95708,0.839694
6.84277,0.930756
6.74729,0.766876
5.76641,0.33809
6.86835,0.902165
6.61262,0.900884
6.79068,0.835062
5.93263,0.500103
6.90736,0.829313
6.13426,0.934388
5.97119,0.526098
6.78875,0.736837
6.80591,0.865797
6.69089,0.947902
6.86092,0.929522
6.75741,0.947631
6.84067,0.945507
6.40048,0.86886
6.79893,0.936556
4.7842,1.00656
6.14268,0.509696
6.42723,0.695012
6.53572,0.912186
6.76138,0.954945
6.82294,0.915944
6.81256,0.77299
6.53739,0.675831
5.67158,0.302458
6.29478,0.537155
6.71807,0.946674
6.89469,0.817582
6.4805,0.94562
6.81388,0.862144
6.82365,0.827143
6.20531,0.551778
6.68392,0.947229
6.7808,0.892256
6.51992,0.773037
6.33029,0.758966
5.92555,0.736822
6.73292,0.932604
6.81041,0.871535
6.84295,0.894164
6.1158,0.962651
6.25488,0.705515
6.70972,0.867575
6.83042,0.520771
6.4599,0.93457
6.81806,0.859554
6.87952,0.27252
6.37704,0.779084
6.42197,0.938641
6.33577,0.946769
6.13699,0.498803
6.29818,0.314122
6.37488,0.888469
5.91481,0.500755
5.85293,0.509068
6.2178,0.558677
6.19018,0.937831
6.68019,0.945948
5.85704,0.729734
6.83331,0.927403
6.77505,0.466284
6.80461,0.839154
6.80607,0.861241
6.83103,0.841613
6.45892,0.77815
6.59639,0.55338
6.49666,0.955333
6.4669,0.776918
6.83134,0.275392
5.73599,0.298131
6.90685,0.846925
6.80983,0.911198
6.4213,0.935978
6.9099,0.857815
6.51871,0.942018
6.73082,0.90737
6.83553,0.929185
6.9014,0.829831
6.86021,0.937712
6.08926,0.72018
4.27581,1.0379
6.20208,0.816577
6.66595,0.86062
6.73817,0.766242
5.60444,0.287251
6.12635,0.734004
6.82102,0.950232
6.74182,0.948312
6.70213,0.557197
6.24244,0.696883
6.56223,0.943352
6.84991,0.835022
6.52252,0.930129
6.89372,0.908362
6.03507,0.116401
6.90754,0.930415
6.22693,0.774761
6.89751,0.832857
6.56675,0.438893
6.62495,0.460957
6.45502,0.708522
6.92444,0.82382
6.29325,0.950611
6.83427,0.927147
6.22676,0.746379
6.40171,0.906535
6.0815,0.709491
6.9079,0.934096
6.92909,0.931325
6.72377,0.944667
6.80261,0.90107
5.66497,0.639915
6.85952,0.941738
6.45095,0.429003
5.74559,0.302609
6.77046,0.844842
6.55167,0.485509
6.48359,0.910511
5.81646,0.541442
6.21515,0.957932
6.33367,0.904858
6.9499,0.837483
6.19162,0.949153
6.60417,0.455325
6.13185,0.765463
6.37678,0.901761
5.77879,0.486777
6.74996,0.928629
5.8303,0.485364
6.84577,0.9123
6.94479,0.921776
5.95116,0.535541
6.60974,0.768116
6.06027,0.516112
6.39561,0.630552
6.64335,0.871499
6.01794,0.488701
6.85699,0.822668
6.21443,0.939221
6.64034,0.707235
6.84665,0.932103
6.97022,0.899362
6.84359,0.927157
6.86997,0.847799
6.15031,0.717477
6.08424,0.961732
6.11686,0.582734
6.77926,0.89817
6.90965,0.295593
6.14904,0.714026
6.77996,0.547984
5.94678,0.229323
6.42701,0.93241
6.62057,0.949588
6.3283,0.760151
6.84111,0.934947
5.82599,0.438153
6.91215,0.798277
5.86722,0.319559
6.8673,0.865596
6.10331,0.96303
6.46698,0.961709
5.93859,0.461637
5.10386,0.968414
6.81518,0.827524
6.84533,0.791884
6.71815,0.725585
6.23259,0.196487
6.33597,0.76367
6.45365,0.9553
6.00704,0.953918
6.11952,0.736563
6.9382,0.89862
6.89363,0.812561
6.90752,0.939269
6.22552,0.146575
6.80491,0.274976
6.74545,0.924053
5.25633,0.995915
6.79789,0.832951
6.83808,0.937401
6.76734,0.953935
6.80997,0.946027
6.79876,0.798571
6.63409,0.86427
6.86459,0.939568
6.84206,0.893608
6.88173,0.818002
6.32452,0.895056
5.77809,0.450674
6.92289,0.936258
6.85533,0.927586
6.82027,0.871891
5.83437,0.508667
6.40614,0.879279
6.85206,0.924638
6.85546,0.893805
6.98436,0.807744
6.55697,0.872383
5.80625,0.430241
6.26364,0.735388
6.52632,0.942485
6.78093,0.895014
5.8314,0.538875
6.94635,0.935929
4.16729,1.04176
6.57146,0.867744
6.5812,0.427601
6.36697,0.338907
5.7228,0.963501
6.22029,0.778592
6.82418,0.925308
6.46874,0.695969
6.26683,0.873498
6.74426,0.924378
6.79521,0.860799
6.9574,0.809336
5.70608,0.334068
6.8672,0.916702
6.68454,0.948008
6.79975,0.147217
6.66786,0.904368
5.79509,0.461531
6.42887,0.932844
6.78932,0.922478
6.00512,0.516908
5.88256,0.393461
6.78277,0.94834
6.27915,0.204808
6.14322,0.744811
6.555,0.484314
6.27726,0.820478
6.08647,0.200068
6.83381,0.162537
6.61482,0.741653
6.20181,0.723294
6.91161,0.878154
6.72641,0.939959
6.63186,0.939368
6.10573,0.857805
6.83603,0.927624
6.2459,0.834033
6.52228,0.239804
6.95789,0.834279
6.01726,0.971716
6.84691,0.939039
6.91871,0.924631
6.81844,0.875776
6.66432,0.894653
6.06228,0.732638
5.73457,0.408929
5.81385,0.675586
6.7355,0.911476
5.97032,0.419261
6.9128,0.803458
6.54698,0.7092
5.09038,0.991085
5.8176,0.678656
6.54148,0.946969
6.40338,0.940323
6.8964,0.929582
6.94146,0.848811
5.61122,0.295492
6.6849,0.620188
5.94096,0.386283
6.79834,0.291801
5.7473,0.366088
6.15562,0.958688
6.17032,0.857487
6.89353,0.894329
6.94423,0.844153
6.07001,0.0990087
6.27144,0.568364
6.64905,0.412779
6.85676,0.92921
6.29842,0.943709
6.88218,0.89507
6.82105,0.887919
5.83012,0.351121
5.97925,0.487232
5.83737,0.5684
7.06573,0.146537
6.83027,0.871664
6.87688,0.885811
6.7773,0.906201
6.88552,0.839698
6.5039,0.861465
6.81088,0.836687
6.83689,0.30528
6.36046,0.931695
6.88021,0.803571
6.43271,0.869475
6.80681,0.835519
6.88943,0.200353
5.74335,0.971037
6.81443,0.902358
6.83199,0.900564
5.90157,0.508358
5.9268,0.546091
6.92127,0.513717
6.83718,0.922911
5.83155,0.67975
6.79967,0.488978
6.68217,0.844221
6.81014,0.935983
5.91135,0.720019
5.66603,0.130749
6.79723,0.48768
6.39797,0.428689
6.46128,0.928953
6.97079,0.935304
6.86887,0.145549
6.90921,0.923724
6.84795,0.146488
5.71154,0.38928
6.58864,0.678741
5.68168,0.395579
6.38173,0.69137
6.61371,0.47158
6.95413,0.934678
6.79566,0.797973
6.24482,0.647894
6.88677,0.844068
6.02631,0.496409
6.25409,0.746656
5.83022,0.315691
6.78204,0.824217
6.45693,0.935095
6.53,0.940757
6.84308,0.912734
6.18694,0.796967
6.06642,0.187685
6.63812,0.927435
6.8219,0.90697
6.4123,0.347133
6.7085,0.90101
6.85716,0.693973
6.74986,0.298264
6.56111,0.835744
6.80872,0.886788
6.71682,0.936305
6.20957,0.894247
6.84616,0.928163
6.67469,0.938759
6.71648,0.927146
6.79256,0.866784
6.91169,0.886401
6.8027,0.847136
5.84489,0.444663
6.74993,0.791099
5.80143,0.454983
6.86544,0.857393
6.8084,0.742054
5.90565,0.712076
6.82661,0.811803
6.445,0.220906
5.90088,0.680887
6.18247,0.752261
6.81531,0.877449
6.1888,0.604457
6.50789,0.944374
6.59418,0.885313
6.24112,0.921496
5.87201,0.326802
6.78276,0.877908
6.80408,0.898271
6.80964,0.89998
6.60637,0.9025
6.78001,0.781252
6.77486,0.499395
6.61627,0.758073
6.01597,0.461599
6.1688,0.785483
5.65163,0.961853
6.29686,0.696705
6.18638,0.858655
6.5508,0.730664
6.29852,0.864037
6.88562,0.893066
6.79295,0.853464
6.73179,0.939353
5.84662,0.443648
6.42719,0.880424
6.19241,0.819639
6.88217,0.929083
6.73,0.953387
6.70272,0.721716
6.63974,0.710016
6.37646,0.869195
5.87037,0.714067
6.92034,0.834646
6.71576,0.768362
6.21399,0.759752
5.84644,0.431191
6.21813,0.756494
6.9239,0.296562
6.8345,0.904378
6.93097,0.931856
6.77993,0.861548
6.47755,0.941869
6.86261,0.143204
6.54454,0.740021
6.02445,0.625963
6.81577,0.29032
5.59385,0.665095
6.81334,0.897715
6.30773,0.761191
6.0792,0.510427
6.85013,0.926122
6.92984,0.925968
6.68813,0.935605
6.25323,0.145132
6.85127,0.940189
6.72745,0.611071
6.83747,0.928697
6.45338,0.932615
6.14715,0.703927
6.84049,0.890247
6.9502,0.81813
6.45608,0.513923
6.51096,0.664091
5.7738,0.403734
6.81051,0.898021
6.31443,0.658691
6.31364,0.869106
6.69983,0.711665
6.29038,0.882451
6.74973,0.935851
6.43509,0.948613
6.34763,0.88765
5.68823,0.509207
6.60728,0.946596
6.87452,0.828095
6.63839,0.92478
6.33599,0.853101
5.7697,0.645378
6.06302,0.783856
6.8903,0.943806
6.90479,0.829505
5.98241,0.490013
6.87723,0.931074
6.78702,0.869156
6.70261,0.864982
6.86711,0.901188
6.35181,0.842662
6.76111,0.879248
5.63586,0.982169
6.48867,0.921915
6.12675,0.717921
6.86704,0.945492
6.4504,0.92616
5.69226,0.517374
6.80444,0.87575
6.01641,0.537663
6.54315,0.739739
6.90812,0.930169
6.3812,0.904482
6.78944,0.856708
6.83458,0.147722
5.85743,0.381695
6.78322,0.87859
6.86457,0.926469
6.44843,0.960972
6.79578,0.945367
6.3533,0.653077
6.48648,0.905993
6.59973,0.945825
6.85502,0.915048
6.58984,0.957461
6.63336,0.922976
6.63868,0.939932
6.88864,0.940493
6.71515,0.755259
6.72347,0.887419
6.82119,0.812482
6.53424,0.936779
6.21427,0.737396
6.54888,0.960188
6.33955,0.775841
6.70612,0.894748
6.86821,0.799974
6.45736,0.885948
6.83836,0.939943
6.26362,0.96387
4.89448,0.941073
6.7707,0.290426
6.45747,0.898491
6.78599,0.939841
6.12251,0.851209
6.76045,0.948407
6.86817,0.932163
6.98061,0.941594
6.48471,0.949923
6.89845,0.394957
6.72494,0.944866
6.46853,0.956574
6.52753,0.950684
6.79051,0.865916
6.51886,0.938691
6.12493,0.839409
5.80843,0.414255
6.64989,0.936253
6.89285,0.81102
6.42261,0.936037
5.73917,0.443731
4.61312,0.99045
5.65285,0.417276
6.30278,0.695352
6.9701,0.930446
6.84122,0.918859
6.45663,0.960871
6.79163,0.819059
6.24801,0.573506
6.53337,0.960904
6.34484,0.517868
6.74766,0.290476
6.80278,0.827001
6.5939,0.808265
6.83804,0.143918
6.19799,0.857505
6.14544,0.969939
6.79773,0.269756
6.35359,0.914159
6.52346,0.814288
5.78142,0.667192
6.70994,0.807039
6.53163,0.951516
5.73025,0.62937
6.86685,0.897429
6.11197,0.952653
6.71229,0.93019
6.59382,0.834948
6.94642,0.147914
6.12238,0.93892
6.57787,0.640755
6.37314,0.884907
6.79933,0.483604
6.92729,0.913444
6.81536,0.357285
6.66658,0.407277
6.48587,0.94614
6.41539,0.868546
6.52406,0.825783
6.80553,0.658972
6.29891,0.845254
6.33844,0.117844
6.65917,0.925122
5.63998,0.409757
6.58451,0.95661
6.85044,0.862261
6.5806,0.85208
6.4858,0.950049
6.5459,0.502028
5.87453,0.460822
6.18905,0.155943
6.2983,0.930737
6.3763,0.914912
6.76194,0.941666
5.84254,0.726541
5.98763,0.534909
6.93495,0.269714
6.7923,0.270284
6.16279,0.137244
6.7891,0.843298
6.75513,0.926501
6.27101,0.745754
6.88752,0.270069
5.79517,0.399299
6.57017,0.805042
6.042,0.173725
5.70953,0.497975
6.17073,0.824043
5.79101,0.361703
6.76535,0.841782
6.6358,0.947021
6.84649,0.940689
6.55223,0.737171
6.6428,0.4864
6.90637,0.812652
6.3453,0.21511
6.58589,0.956768
6.74736,0.87425
6.20257,0.706009
6.8385,0.932158
6.89164,0.142786
6.85733,0.934726
6.88747,0.86964
6.82114,0.638024
6.80951,0.894701
6.44438,0.794257
6.04764,0.548284
6.3097,0.916247
6.92222,0.916106
6.79237,0.8244
6.41589,0.944628
6.5691,0.931061
5.9445,0.455345
6.85377,0.947455
6.73181,0.616024
6.76907,0.884535
6.42965,0.907976
5.98185,0.934634
6.65728,0.80988
6.7135,0.941503
6.3247,0.892878
6.89194,0.907355
6.90696,0.938116
4.77086,0.982765
6.36664,0.918002
6.39072,0.928913
6.69049,0.553416
6.82241,0.953921
6.7339,0.929989
6.90882,0.922081
6.29362,0.934249
6.40981,0.931587
6.1624,0.729184
5.71657,0.392678
6.7424,0.947001
6.8482,0.266541
6.02009,0.645262
5.8994,0.552321
6.82092,0.942074
6.47906,0.950735
6.71893,0.826873
6.58332,0.911281
6.69173,0.884874
6.92355,0.891756
6.93739,0.826023
6.45207,0.950668
6.93567,0.918067
6.74456,0.953764
5.70896,0.331872
6.87922,0.896202
6.91822,0.845771
6.16597,0.51021
6.1224,0.752672
6.91123,0.77285
5.93535,0.709878
6.69552,0.865333
6.19718,0.859162
6.47295,0.86204
5.84309,0.539025
6.40016,0.80321
6.10993,0.962534
6.84517,0.781718
6.86063,0.145697
6.61349,0.459725
6.69112,0.931406
6.15745,0.729384
6.29854,0.883178
6.28723,0.90345
6.15928,0.959767
5.7239,0.326754
5.72983,0.387509
5.84096,0.949141
6.35182,0.907007
6.86169,0.938595
6.22634,0.213269
6.76268,0.643287
6.83134,0.896433
6.03126,0.172093
6.94784,0.811282
6.51626,0.941563
6.62232,0.955782
6.77378,0.851083
6.45514,0.318711
6.8609,0.83705
6.07765,0.706905
6.85018,0.884467
6.83634,0.927543
6.19558,0.788945
6.5567,0.926585
6.89375,0.859365
5.87263,0.470407
5.70142,0.394265
6.81842,0.916447
6.43431,0.91844
6.79869,0.939023
6.79536,0.549173
6.53806,0.816519
6.19333,0.770405
6.87918,0.879882
6.71943,0.94728
6.2613,0.714751
6.73293,0.6589
6.86543,0.886912
6.40123,0.935526
5.91912,0.437278
5.77745,0.444973
6.75167,0.966189
5.9454,0.418617
6.52871,0.654302
6.89498,0.84386
6.82977,0.934329
6.95459,0.933126
7.00368,0.193892
5.82482,0.451847
6.2969,0.866228
6.51769,0.96236
6.46475,0.944007
6.87659,0.560271
6.8669,0.909577
6.89376,0.920742
5.79305,0.443678
6.42439,0.68253
6.20649,0.757763
6.65384,0.884308
6.81115,0.924483
6.53216,0.925867
6.90445,0.844974
6.11019,0.70904
6.11652,0.659798
6.83008,0.943618
6.11847,0.582767
6.21534,0.764359
6.79158,0.802115
6.20875,0.524103
6.82506,0.938485
6.38822,0.955905
5.97628,0.49294
6.5941,0.828142
6.84956,0.867617
6.75853,0.934253
5.84238,0.391099
6.02081,0.944261
6.41602,0.938387
6.05351,0.476227
6.89869,0.685024
5.89341,0.701727
6.02675,0.553897
5.71534,0.490648
6.8763,0.839131
6.84607,0.791822
5.82827,0.417045
5.9371,0.474897
6.73555,0.950789
6.90297,0.942627
6.84915,0.930381
6.17268,0.516594
5.79128,0.505728
6.7507,0.948581
6.65419,0.953626
5.97935,0.451536
6.67642,0.560582
6.78786,0.909063
6.8372,0.903085
6.02564,0.486052
6.4342,0.94271
6.85053,0.841401
6.05376,0.961577
6.27077,0.908165
6.89564,0.928516
6.86287,0.144109
6.46126,0.886233
6.82101,0.928818
5.57694,0.936624
5.92303,0.558764
6.35219,0.902896
6.79375,0.723495
6.75306,0.721375
6.14978,0.754785
6.17948,0.755743
6.46962,0.121016
6.95863,0.943653
4.98687,0.926486
6.91253,0.863385
6.80533,0.846097
6.81942,0.881214
5.66407,0.104765
6.93049,0.878964
6.85812,0.926621
6.87458,0.9285
6.69203,0.860158
