1.340891141444444656e-02
1.138374581933021545e-02
1.211440376937389374e-02
1.370576862245798111e-02
1.131525821983814240e-02
1.146284770220518112e-02
1.147241704165935516e-02
1.176220364868640900e-02
1.142936851829290390e-02
1.138337142765522003e-02
1.118480227887630463e-02
1.151087787002325058e-02
1.063713524490594864e-02
1.070664171129465103e-02
1.064463891088962555e-02
1.041861902922391891e-02
1.139601971954107285e-02
1.226576417684555054e-02
1.292541995644569397e-02
1.174068637192249298e-02
1.070202793926000595e-02
1.144102588295936584e-02
1.077758427709341049e-02
1.050465926527976990e-02
1.132322475314140320e-02
1.114525645971298218e-02
1.070036925375461578e-02
1.092349272221326828e-02
1.180358976125717163e-02
1.101895608007907867e-02
1.201854180544614792e-02
1.152953878045082092e-02
1.122855208814144135e-02
1.125402376055717468e-02
3.078402578830718994e-02
1.130932476371526718e-02
1.293735112994909286e-02
1.176948659121990204e-02
1.135766040533781052e-02
1.326165627688169479e-02
1.147021818906068802e-02
1.162678934633731842e-02
1.077794469892978668e-02
1.145272888243198395e-02
1.233951561152935028e-02
1.469355262815952301e-02
1.182983629405498505e-02
1.179012935608625412e-02
1.081742532551288605e-02
1.052402704954147339e-02
1.165105309337377548e-02
1.965731382369995117e-02
1.114961039274930954e-02
1.164705399423837662e-02
1.167207770049571991e-02
1.114387996494770050e-02
1.194776222109794617e-02
1.084642205387353897e-02
1.064739096909761429e-02
1.068437006324529648e-02
1.193566154688596725e-02
1.168257929384708405e-02
1.362923812121152878e-02
1.096675824373960495e-02
1.087030582129955292e-02
1.171132642775774002e-02
1.085642911493778229e-02
1.106082275509834290e-02
1.061225496232509613e-02
1.103297341614961624e-02
9.873270057141780853e-03
1.391770038753747940e-02
1.115890685468912125e-02
1.120425947010517120e-02
1.143862027674913406e-02
1.136323995888233185e-02
2.649258635938167572e-02
1.094850804656744003e-02
3.848883137106895447e-02
1.119850669056177139e-02
1.038824860006570816e-02
1.117107179015874863e-02
1.242438796907663345e-02
1.155230496078729630e-02
1.108210347592830658e-02
1.189364865422248840e-02
1.124605722725391388e-02
1.268141716718673706e-02
1.040579378604888916e-02
1.173797715455293655e-02
1.178123801946640015e-02
5.122349783778190613e-02
1.189136318862438202e-02
1.056509092450141907e-02
1.146998256444931030e-02
1.082248613238334656e-02
1.098566316068172455e-02
1.151511073112487793e-02
1.163772121071815491e-02
1.222230959683656693e-02
1.085137203335762024e-02
1.125545147806406021e-02
1.132803130894899368e-02
1.106272730976343155e-02
1.132754515856504440e-02
1.082281675189733505e-02
1.628323830664157867e-02
1.106683164834976196e-02
1.068389602005481720e-02
1.232519093900918961e-02
1.153517514467239380e-02
1.136978715658187866e-02
1.128377113491296768e-02
1.018764730542898178e-02
1.224486157298088074e-02
1.119724661111831665e-02
1.082809735089540482e-02
1.162271481007337570e-02
1.181481871753931046e-02
1.114727649837732315e-02
1.090304180979728699e-02
1.128264144062995911e-02
1.080236304551362991e-02
1.247248612344264984e-02
1.104453764855861664e-02
1.062560174614191055e-02
1.044485811144113541e-02
1.010811142623424530e-02
1.095272693783044815e-02
1.232669595628976822e-02
1.150930859148502350e-02
1.061616651713848114e-02
1.191264018416404724e-02
1.220238208770751953e-02
1.136462204158306122e-02
1.170995831489562988e-02
1.100393384695053101e-02
1.205540727823972702e-02
1.162260957062244415e-02
1.286075636744499207e-02
1.094971876591444016e-02
1.177887897938489914e-02
1.221269089728593826e-02
1.439456827938556671e-02
1.168247312307357788e-02
1.138558052480220795e-02
1.148201618343591690e-02
1.115974783897399902e-02
1.112118642777204514e-02
3.834448382258415222e-02
1.141447760164737701e-02
1.086604595184326172e-02
1.169588975608348846e-02
1.124119479209184647e-02
1.019110158085823059e-02
1.121236197650432587e-02
1.159932278096675873e-02
1.130648888647556305e-02
1.185693219304084778e-02
1.083766389638185501e-02
1.103938277810811996e-02
1.133336964994668961e-02
1.208563614636659622e-02
1.134700700640678406e-02
1.156616210937500000e-02
1.162446103990077972e-02
1.100669987499713898e-02
1.706453971564769745e-02
1.185105368494987488e-02
1.098795793950557709e-02
1.116304751485586166e-02
1.241375226527452469e-02
1.243001129478216171e-02
1.195318158715963364e-02
1.071183010935783386e-02
1.509253680706024170e-02
1.168545428663492203e-02
1.089150644838809967e-02
1.113868970423936844e-02
1.340948045253753662e-02
1.124088373035192490e-02
1.132513117045164108e-02
1.143912225961685181e-02
1.003927737474441528e-02
1.073566917330026627e-02
1.159141026437282562e-02
1.274579856544733047e-02
1.094538066536188126e-02
2.747269906103610992e-02
1.053814776241779327e-02
1.091195084154605865e-02
1.317072566598653793e-02
1.136074215173721313e-02
1.211888156831264496e-02
1.076371781527996063e-02
1.145946979522705078e-02
1.088213548064231873e-02
1.215036492794752121e-02
1.212669722735881805e-02
1.177672296762466431e-02
1.122423727065324783e-02
1.084343250840902328e-02
1.086970977485179901e-02
1.132255047559738159e-02
1.201142556965351105e-02
1.214612461626529694e-02
1.070414576679468155e-02
1.146786566823720932e-02
1.100325211882591248e-02
1.149924751371145248e-02
1.116283982992172241e-02
1.119580026715993881e-02
1.266818679869174957e-02
1.086132228374481201e-02
1.200872287154197693e-02
1.186060812324285507e-02
1.142773870378732681e-02
1.154798176139593124e-02
1.136476825922727585e-02
1.171009708195924759e-02
9.141236543655395508e-03
1.293990574777126312e-02
1.193352229893207550e-02
1.128550339490175247e-02
1.170500088483095169e-02
1.088928338140249252e-02
1.186272315680980682e-02
1.122262049466371536e-02
1.148386113345623016e-02
1.137023698538541794e-02
1.111033186316490173e-02
1.143960841000080109e-02
1.294509600847959518e-02
1.096249744296073914e-02
1.161985006183385849e-02
1.034937240183353424e-02
1.112044975161552429e-02
1.294370088726282120e-02
1.131061930209398270e-02
1.189212314784526825e-02
2.309629507362842560e-02
9.661660529673099518e-03
1.160860713571310043e-02
1.208140142261981964e-02
1.353567745536565781e-02
1.150164939463138580e-02
1.069777272641658783e-02
1.241137273609638214e-02
1.114139892160892487e-02
1.082498952746391296e-02
1.084427069872617722e-02
1.209287624806165695e-02
1.116892043501138687e-02
1.159707736223936081e-02
1.128020416945219040e-02
1.093372795730829239e-02
