8.171988278627395630e-02
8.817601203918457031e-02
1.124770417809486389e-01
9.443056583404541016e-02
9.029121696949005127e-02
1.353442370891571045e-01
1.131242662668228149e-01
8.088235557079315186e-02
1.329337358474731445e-01
9.744377434253692627e-02
8.336099237203598022e-02
1.202462092041969299e-01
9.135090559720993042e-02
9.988857805728912354e-02
1.066125780344009399e-01
9.999951720237731934e-02
1.223682090640068054e-01
1.503503918647766113e-01
9.277307987213134766e-02
9.268809109926223755e-02
8.858617395162582397e-02
8.501683920621871948e-02
9.391809999942779541e-02
9.360899776220321655e-02
9.179675579071044922e-02
9.251041710376739502e-02
9.365737438201904297e-02
7.977665215730667114e-02
9.977720677852630615e-02
9.155564755201339722e-02
1.054166406393051147e-01
9.337771683931350708e-02
8.371651172637939453e-02
1.496235281229019165e-01
9.609738737344741821e-02
1.369306892156600952e-01
1.295237541198730469e-01
8.538460731506347656e-02
9.194666147232055664e-02
8.312184363603591919e-02
9.170680493116378784e-02
7.995486259460449219e-02
9.282219409942626953e-02
8.934627473354339600e-02
1.344130039215087891e-01
8.904372155666351318e-02
9.055472910404205322e-02
9.131933003664016724e-02
8.590460568666458130e-02
9.386952221393585205e-02
9.803038090467453003e-02
9.330770373344421387e-02
8.728029578924179077e-02
8.631607145071029663e-02
9.291840344667434692e-02
8.648680150508880615e-02
9.290982782840728760e-02
9.663263708353042603e-02
9.140678495168685913e-02
8.225851505994796753e-02
8.111645281314849854e-02
1.135410293936729431e-01
9.431271255016326904e-02
9.104964137077331543e-02
1.205582171678543091e-01
1.258516013622283936e-01
9.212148189544677734e-02
9.531606733798980713e-02
9.154512733221054077e-02
9.164240956306457520e-02
8.710922300815582275e-02
9.162980318069458008e-02
8.486855030059814453e-02
9.610652923583984375e-02
1.088678166270256042e-01
9.161873161792755127e-02
9.221977740526199341e-02
9.081974625587463379e-02
9.468130022287368774e-02
1.082918420433998108e-01
9.468217939138412476e-02
9.433589875698089600e-02
1.112767755985260010e-01
9.581891447305679321e-02
9.423584491014480591e-02
9.371352940797805786e-02
9.347113221883773804e-02
1.102270111441612244e-01
8.938264101743698120e-02
9.383539855480194092e-02
9.323580563068389893e-02
8.679535239934921265e-02
8.819394558668136597e-02
9.461247175931930542e-02
8.398808538913726807e-02
8.826323598623275757e-02
1.052178442478179932e-01
9.291962534189224243e-02
8.716107159852981567e-02
9.048105031251907349e-02
1.205807551741600037e-01
9.278075397014617920e-02
9.177819639444351196e-02
9.172989428043365479e-02
8.890800178050994873e-02
1.086470484733581543e-01
9.152901917695999146e-02
8.881825208663940430e-02
8.722506463527679443e-02
1.119731366634368896e-01
1.118862777948379517e-01
9.029793739318847656e-02
9.182166308164596558e-02
1.041457355022430420e-01
9.254769980907440186e-02
9.281648695468902588e-02
1.092615798115730286e-01
9.187851101160049438e-02
9.207335114479064941e-02
8.628083020448684692e-02
8.864560723304748535e-02
9.602645784616470337e-02
8.919758349657058716e-02
1.358996927738189697e-01
9.234393388032913208e-02
9.589071571826934814e-02
9.184592217206954956e-02
9.358567744493484497e-02
8.808795362710952759e-02
8.367225527763366699e-02
8.021011948585510254e-02
9.148821979761123657e-02
8.023161441087722778e-02
1.216231435537338257e-01
9.135948866605758667e-02
9.099187701940536499e-02
1.109847649931907654e-01
8.222173154354095459e-02
8.269780129194259644e-02
8.877409249544143677e-02
8.790810406208038330e-02
9.714011102914810181e-02
1.044653877615928650e-01
9.172598272562026978e-02
9.785564243793487549e-02
1.485222429037094116e-01
9.167495369911193848e-02
1.440929919481277466e-01
1.148145794868469238e-01
9.904244542121887207e-02
9.242518246173858643e-02
1.145051792263984680e-01
9.421638399362564087e-02
8.278258144855499268e-02
1.289051771163940430e-01
1.202186048030853271e-01
9.065666794776916504e-02
1.096884831786155701e-01
1.259034872055053711e-01
9.077075868844985962e-02
9.216284751892089844e-02
9.153733402490615845e-02
8.969812095165252686e-02
9.092412889003753662e-02
1.328608542680740356e-01
1.034592166543006897e-01
1.112721040844917297e-01
8.811481297016143799e-02
9.065911173820495605e-02
8.113396167755126953e-02
1.025314703583717346e-01
1.187421455979347229e-01
9.274594485759735107e-02
9.492767602205276489e-02
1.112134605646133423e-01
1.008048057556152344e-01
9.440762549638748169e-02
8.464030921459197998e-02
8.253695070743560791e-02
9.178674966096878052e-02
9.509792923927307129e-02
9.591516107320785522e-02
1.126107797026634216e-01
1.115904599428176880e-01
1.011049747467041016e-01
1.012294143438339233e-01
9.093191474676132202e-02
8.975995332002639771e-02
9.568807482719421387e-02
9.503474086523056030e-02
9.034884721040725708e-02
8.564504981040954590e-02
9.385652095079421997e-02
9.326021373271942139e-02
1.025697365403175354e-01
8.769910037517547607e-02
9.559848159551620483e-02
1.128089278936386108e-01
9.017702937126159668e-02
1.159389317035675049e-01
1.060694307088851929e-01
9.393715858459472656e-02
8.581447601318359375e-02
9.628048539161682129e-02
1.055714264512062073e-01
1.086615771055221558e-01
9.465446323156356812e-02
9.898187220096588135e-02
9.472831338644027710e-02
1.426099389791488647e-01
9.215113520622253418e-02
8.205819129943847656e-02
8.880189061164855957e-02
8.809813857078552246e-02
9.563653171062469482e-02
8.392319083213806152e-02
9.372314065694808960e-02
1.056203693151473999e-01
9.061829000711441040e-02
8.662021160125732422e-02
1.448644697666168213e-01
9.340675175189971924e-02
9.389217942953109741e-02
8.113639801740646362e-02
8.692710846662521362e-02
9.917798638343811035e-02
9.059614688158035278e-02
9.346681088209152222e-02
8.823929727077484131e-02
9.567781537771224976e-02
9.798383712768554688e-02
7.922933250665664673e-02
9.032267332077026367e-02
1.154753640294075012e-01
9.500667452812194824e-02
9.106118977069854736e-02
1.322004050016403198e-01
8.906884491443634033e-02
9.313247352838516235e-02
8.797790855169296265e-02
9.385486692190170288e-02
9.421389549970626831e-02
1.014847904443740845e-01
9.459841996431350708e-02
9.091103821992874146e-02
9.188975393772125244e-02
9.531097859144210815e-02
9.506922960281372070e-02
9.816674143075942993e-02
1.043193414807319641e-01
9.053216874599456787e-02
9.326700121164321899e-02
9.166782349348068237e-02
9.182008355855941772e-02
1.079968810081481934e-01
1.229643598198890686e-01
1.146091595292091370e-01
1.105794906616210938e-01
1.102188080549240112e-01
9.392564743757247925e-02
1.231104433536529541e-01
9.754260629415512085e-02
1.092676222324371338e-01
8.737452328205108643e-02
1.188582479953765869e-01
8.860140293836593628e-02
9.533229470252990723e-02
9.175892174243927002e-02
9.158112108707427979e-02
9.539634734392166138e-02
1.042482554912567139e-01
9.948332607746124268e-02
9.223573654890060425e-02
1.260514110326766968e-01
9.298551082611083984e-02
9.627371281385421753e-02
1.466465890407562256e-01
8.210496604442596436e-02
9.375455975532531738e-02
8.201646804809570312e-02
8.999514579772949219e-02
1.250185966491699219e-01
1.005210056900978088e-01
1.131121069192886353e-01
9.161660820245742798e-02
1.342144608497619629e-01
9.393079578876495361e-02
8.297955244779586792e-02
9.902638942003250122e-02
9.188421070575714111e-02
9.274475276470184326e-02
9.361103177070617676e-02
8.613292872905731201e-02
9.221439063549041748e-02
9.685337543487548828e-02
1.253103315830230713e-01
9.221194684505462646e-02
8.394340425729751587e-02
8.545543998479843140e-02
8.968815952539443970e-02
1.206682696938514709e-01
1.061121746897697449e-01
8.591175079345703125e-02
1.096429601311683655e-01
9.997799247503280640e-02
9.479258954524993896e-02
8.376766741275787354e-02
7.771981507539749146e-02
9.314198046922683716e-02
1.295946538448333740e-01
1.135222986340522766e-01
1.051509901881217957e-01
1.069984957575798035e-01
1.467871665954589844e-01
8.938229829072952271e-02
9.482676535844802856e-02
8.772993087768554688e-02
8.974850177764892578e-02
8.349553495645523071e-02
9.277867525815963745e-02
8.097764104604721069e-02
1.409703195095062256e-01
9.632041305303573608e-02
8.994015306234359741e-02
9.547382593154907227e-02
8.750987052917480469e-02
9.339893609285354614e-02
1.382212638854980469e-01
9.702562540769577026e-02
7.951612025499343872e-02
1.017351672053337097e-01
1.020590066909790039e-01
9.708338230848312378e-02
8.382891863584518433e-02
1.109808459877967834e-01
8.442444354295730591e-02
1.090090051293373108e-01
9.009768068790435791e-02
8.128893375396728516e-02
1.199556887149810791e-01
1.253253221511840820e-01
1.027102991938591003e-01
8.223720639944076538e-02
1.008079573512077332e-01
9.306877106428146362e-02
1.151907667517662048e-01
9.325268119573593140e-02
9.795685857534408569e-02
8.939911425113677979e-02
9.431228786706924438e-02
9.171747416257858276e-02
1.443980634212493896e-01
9.181507676839828491e-02
8.656063675880432129e-02
8.582114428281784058e-02
8.541364222764968872e-02
9.585282206535339355e-02
9.195172786712646484e-02
9.446889162063598633e-02
1.473721861839294434e-01
1.044585406780242920e-01
1.022588536143302917e-01
8.268121629953384399e-02
8.513068407773971558e-02
9.388496726751327515e-02
9.175080060958862305e-02
9.254480898380279541e-02
1.087905466556549072e-01
9.223309904336929321e-02
9.501865506172180176e-02
9.324441105127334595e-02
8.868464827537536621e-02
1.084587648510932922e-01
9.557712823152542114e-02
1.155467480421066284e-01
9.592588990926742554e-02
9.896255284547805786e-02
9.794037044048309326e-02
9.470534324645996094e-02
8.849015086889266968e-02
9.389530867338180542e-02
9.115207940340042114e-02
9.241930395364761353e-02
9.121644496917724609e-02
8.022411912679672241e-02
9.228483587503433228e-02
9.387014806270599365e-02
1.074910312891006470e-01
1.068475767970085144e-01
9.571796655654907227e-02
1.472907811403274536e-01
1.194269284605979919e-01
1.001027822494506836e-01
8.449304848909378052e-02
9.387049078941345215e-02
9.236811101436614990e-02
9.379717707633972168e-02
9.366146475076675415e-02
9.260416030883789062e-02
1.385906487703323364e-01
8.579387515783309937e-02
8.403211086988449097e-02
8.692321181297302246e-02
9.355210512876510620e-02
8.629010617733001709e-02
1.026510074734687805e-01
8.745189011096954346e-02
1.126314550638198853e-01
9.201157838106155396e-02
9.234412759542465210e-02
8.693397045135498047e-02
9.248011559247970581e-02
9.380851686000823975e-02
1.239548474550247192e-01
8.155992627143859863e-02
1.068148240447044373e-01
1.135157272219657898e-01
1.264543980360031128e-01
8.207597583532333374e-02
1.433540433645248413e-01
1.425192207098007202e-01
1.066868752241134644e-01
1.104741618037223816e-01
9.413391351699829102e-02
9.067562967538833618e-02
9.094929695129394531e-02
9.255184978246688843e-02
8.722399920225143433e-02
9.161742031574249268e-02
8.063590526580810547e-02
9.346038848161697388e-02
9.433501958847045898e-02
1.063462495803833008e-01
8.612282574176788330e-02
1.201661899685859680e-01
9.007147699594497681e-02
1.173871904611587524e-01
9.850221127271652222e-02
1.054236292839050293e-01
1.154114529490470886e-01
9.334979951381683350e-02
9.061904996633529663e-02
7.909436523914337158e-02
9.171528369188308716e-02
9.606272727251052856e-02
9.015340358018875122e-02
9.662377089262008667e-02
1.210025399923324585e-01
9.630004316568374634e-02
9.186821430921554565e-02
9.427132457494735718e-02
9.892954677343368530e-02
8.938803523778915405e-02
8.658430725336074829e-02
9.132008999586105347e-02
9.365134686231613159e-02
8.077981323003768921e-02
1.101538464426994324e-01
1.159903556108474731e-01
9.398969262838363647e-02
9.148889780044555664e-02
9.201973676681518555e-02
9.266533702611923218e-02
9.174866229295730591e-02
1.155001968145370483e-01
1.350023746490478516e-01
9.180953353643417358e-02
9.551573544740676880e-02
9.175091236829757690e-02
9.869245439767837524e-02
9.990660101175308228e-02
9.488040953874588013e-02
1.323702782392501831e-01
1.251679956912994385e-01
9.510396420955657959e-02
9.323896467685699463e-02
9.164435416460037231e-02
8.504501730203628540e-02
1.128586456179618835e-01
9.248529374599456787e-02
9.929148107767105103e-02
8.567748218774795532e-02
9.257334470748901367e-02
9.049945324659347534e-02
1.339902132749557495e-01
1.059877276420593262e-01
8.559016138315200806e-02
8.668014407157897949e-02
9.307961910963058472e-02
9.150571376085281372e-02
9.356354922056198120e-02
9.273106604814529419e-02
9.201718866825103760e-02
8.343514055013656616e-02
1.246910318732261658e-01
8.559861034154891968e-02
1.091065853834152222e-01
7.796475291252136230e-02
1.468380689620971680e-01
9.433065354824066162e-02
9.647747874259948730e-02
8.401980996131896973e-02
8.720154315233230591e-02
9.274525940418243408e-02
9.294370561838150024e-02
9.205776453018188477e-02
9.491115063428878784e-02
7.998689264059066772e-02
9.142825752496719360e-02
9.339675307273864746e-02
8.473022282123565674e-02
1.395442038774490356e-01
9.812340140342712402e-02
9.622758626937866211e-02
8.478458225727081299e-02
9.473985433578491211e-02
9.848628938198089600e-02
8.816318958997726440e-02
8.926682919263839722e-02
9.329064190387725830e-02
9.689573198556900024e-02
1.262515783309936523e-01
9.204268455505371094e-02
8.453761786222457886e-02
9.146067500114440918e-02
9.279613196849822998e-02
8.685087412595748901e-02
1.357942372560501099e-01
7.886785268783569336e-02
8.784560859203338623e-02
9.563969820737838745e-02
1.506159901618957520e-01
8.955849707126617432e-02
9.127561748027801514e-02
9.179885685443878174e-02
9.064707159996032715e-02
1.004192754626274109e-01
1.179612651467323303e-01
9.534900635480880737e-02
1.435818821191787720e-01
8.846888691186904907e-02
8.795569837093353271e-02
9.063367545604705811e-02
1.084203943610191345e-01
9.607999771833419800e-02
9.375972300767898560e-02
9.265764802694320679e-02
9.306324273347854614e-02
1.151038184762001038e-01
1.383378058671951294e-01
9.107769280672073364e-02
8.653283864259719849e-02
1.079772636294364929e-01
9.816741943359375000e-02
9.212343394756317139e-02
8.698666840791702271e-02
8.502642065286636353e-02
9.423428773880004883e-02
8.833929896354675293e-02
1.127330064773559570e-01
1.089194789528846741e-01
1.058196425437927246e-01
1.019644886255264282e-01
1.267902851104736328e-01
9.203378111124038696e-02
8.253576606512069702e-02
8.666580170392990112e-02
9.552343189716339111e-02
1.008955463767051697e-01
8.610820770263671875e-02
9.718910604715347290e-02
1.056781709194183350e-01
8.889625966548919678e-02
1.428155303001403809e-01
1.283987164497375488e-01
8.423791825771331787e-02
1.239732280373573303e-01
1.164795905351638794e-01
8.649727702140808105e-02
9.764254093170166016e-02
9.750428795814514160e-02
1.174814924597740173e-01
8.924684673547744751e-02
9.028002619743347168e-02
9.888386726379394531e-02
8.648175001144409180e-02
1.004947647452354431e-01
9.020235389471054077e-02
7.842809706926345825e-02
9.561295807361602783e-02
1.174853593111038208e-01
9.670288860797882080e-02
1.243392750620841980e-01
9.368094056844711304e-02
9.460275620222091675e-02
1.315232515335083008e-01
9.431799501180648804e-02
1.029957607388496399e-01
9.075760096311569214e-02
8.817670494318008423e-02
8.314733207225799561e-02
9.509316831827163696e-02
1.036547794938087463e-01
8.292704820632934570e-02
8.899098634719848633e-02
9.591406583786010742e-02
1.569727361202239990e-01
8.637425303459167480e-02
8.048593252897262573e-02
9.613893181085586548e-02
8.548718690872192383e-02
9.839478135108947754e-02
1.112342774868011475e-01
1.001434624195098877e-01
9.080737829208374023e-02
9.932167083024978638e-02
9.064505994319915771e-02
1.302824616432189941e-01
9.419058263301849365e-02
9.933220595121383667e-02
1.067332103848457336e-01
1.092738211154937744e-01
9.195084869861602783e-02
9.310366213321685791e-02
1.101196855306625366e-01
1.084991618990898132e-01
9.532906860113143921e-02
9.261484444141387939e-02
9.297314286231994629e-02
9.336161613464355469e-02
1.210521757602691650e-01
1.593734323978424072e-01
8.727338165044784546e-02
1.523713469505310059e-01
9.095311909914016724e-02
7.774969190359115601e-02
1.299371719360351562e-01
9.296234697103500366e-02
8.790886402130126953e-02
1.234412416815757751e-01
9.244636446237564087e-02
1.008705794811248779e-01
9.601096063852310181e-02
9.022044390439987183e-02
1.007163301110267639e-01
9.498771280050277710e-02
9.087454527616500854e-02
1.097751557826995850e-01
9.155861288309097290e-02
1.543287485837936401e-01
1.457140296697616577e-01
8.596354722976684570e-02
1.371523886919021606e-01
9.259428828954696655e-02
9.659739583730697632e-02
1.105135232210159302e-01
1.039770469069480896e-01
9.364973753690719604e-02
9.152878075838088989e-02
9.564300626516342163e-02
1.356191188097000122e-01
9.046062082052230835e-02
1.198064014315605164e-01
1.129895225167274475e-01
9.837689995765686035e-02
9.095729887485504150e-02
8.505326509475708008e-02
9.686339646577835083e-02
1.176565960049629211e-01
8.377988636493682861e-02
9.397514909505844116e-02
1.117358207702636719e-01
7.943446934223175049e-02
8.146364986896514893e-02
8.754751831293106079e-02
9.655288606882095337e-02
9.204924851655960083e-02
1.212731301784515381e-01
9.752605110406875610e-02
1.060667484998703003e-01
8.566191792488098145e-02
9.506916254758834839e-02
9.234195202589035034e-02
1.025726720690727234e-01
1.091423332691192627e-01
9.134293347597122192e-02
9.215895831584930420e-02
9.355701506137847900e-02
8.518026024103164673e-02
1.111235842108726501e-01
9.653718769550323486e-02
9.577268362045288086e-02
9.030798822641372681e-02
1.182418540120124817e-01
9.377770125865936279e-02
8.796773850917816162e-02
9.130164980888366699e-02
8.771319687366485596e-02
9.677162021398544312e-02
1.140125170350074768e-01
1.659290492534637451e-01
1.425713002681732178e-01
9.931845217943191528e-02
8.825082331895828247e-02
9.685163944959640503e-02
9.147360920906066895e-02
9.586628526449203491e-02
1.151843890547752380e-01
9.142420440912246704e-02
9.172643721103668213e-02
9.126695990562438965e-02
8.064708858728408813e-02
1.435528695583343506e-01
9.344472736120223999e-02
9.405120462179183960e-02
9.102144837379455566e-02
7.796856760978698730e-02
9.160802513360977173e-02
8.811956644058227539e-02
8.581322431564331055e-02
9.236901253461837769e-02
1.084739938378334045e-01
1.134781911969184875e-01
9.113781899213790894e-02
1.294898539781570435e-01
9.017059952020645142e-02
9.518270194530487061e-02
1.462424397468566895e-01
1.164001375436782837e-01
9.240356832742691040e-02
8.832344412803649902e-02
1.119808256626129150e-01
9.776756167411804199e-02
1.022855788469314575e-01
8.738210797309875488e-02
1.008752733469009399e-01
9.420145303010940552e-02
9.225315600633621216e-02
9.142775088548660278e-02
1.395085006952285767e-01
9.427894651889801025e-02
8.866765350103378296e-02
9.156570583581924438e-02
8.931215107440948486e-02
1.001456826925277710e-01
1.105808913707733154e-01
9.689009934663772583e-02
9.413807094097137451e-02
9.707139432430267334e-02
1.111225262284278870e-01
1.130643784999847412e-01
8.929418027400970459e-02
1.083603128790855408e-01
8.713229745626449585e-02
1.332807242870330811e-01
8.928398787975311279e-02
9.707486629486083984e-02
9.284165501594543457e-02
9.305454790592193604e-02
8.629076182842254639e-02
1.123745664954185486e-01
9.831771999597549438e-02
8.614719659090042114e-02
1.209022179245948792e-01
1.375347226858139038e-01
9.382037073373794556e-02
8.163776248693466187e-02
8.301012963056564331e-02
1.019591912627220154e-01
8.525143563747406006e-02
9.076108038425445557e-02
9.071675688028335571e-02
8.953446149826049805e-02
8.262141048908233643e-02
8.217327296733856201e-02
9.248452633619308472e-02
9.784483909606933594e-02
1.426095068454742432e-01
8.486375212669372559e-02
8.993403613567352295e-02
9.579823911190032959e-02
9.390261024236679077e-02
9.235929697751998901e-02
1.174672320485115051e-01
9.429650008678436279e-02
8.544366806745529175e-02
9.783332049846649170e-02
9.346983581781387329e-02
8.782833069562911987e-02
9.476406872272491455e-02
8.875293284654617310e-02
9.313818067312240601e-02
8.674694597721099854e-02
8.845435082912445068e-02
9.205205738544464111e-02
9.537453949451446533e-02
9.428253769874572754e-02
7.888837158679962158e-02
8.360826224088668823e-02
8.058433979749679565e-02
9.278987348079681396e-02
8.089755475521087646e-02
9.547457098960876465e-02
8.964439481496810913e-02
9.236956387758255005e-02
8.428989350795745850e-02
9.196382761001586914e-02
9.436311572790145874e-02
1.068818718194961548e-01
9.156191349029541016e-02
8.647342026233673096e-02
8.617367595434188843e-02
8.703348785638809204e-02
1.096579656004905701e-01
1.125255674123764038e-01
9.335509687662124634e-02
8.032662421464920044e-02
9.173761308193206787e-02
8.791013807058334351e-02
1.329712569713592529e-01
8.683211356401443481e-02
9.222283214330673218e-02
9.674481302499771118e-02
9.760269522666931152e-02
9.107713401317596436e-02
8.946032822132110596e-02
8.221346139907836914e-02
9.800741076469421387e-02
9.246838837862014771e-02
1.435253769159317017e-01
1.592690199613571167e-01
9.507387876510620117e-02
1.101107820868492126e-01
9.414774179458618164e-02
7.635074108839035034e-02
1.067342534661293030e-01
9.341639280319213867e-02
8.705908060073852539e-02
8.891668915748596191e-02
9.153348952531814575e-02
1.094607040286064148e-01
9.119165688753128052e-02
8.747666329145431519e-02
1.154152750968933105e-01
8.627868443727493286e-02
9.303046017885208130e-02
9.220308810472488403e-02
1.144684404134750366e-01
8.360522985458374023e-02
9.596205502748489380e-02
9.864307940006256104e-02
7.889506220817565918e-02
1.300350427627563477e-01
8.555847406387329102e-02
9.255614876747131348e-02
1.066388115286827087e-01
9.483786672353744507e-02
9.877232462167739868e-02
9.351078420877456665e-02
9.914460778236389160e-02
9.323225170373916626e-02
9.407513588666915894e-02
8.003894984722137451e-02
9.258625656366348267e-02
9.569843858480453491e-02
9.138312190771102905e-02
9.490945935249328613e-02
9.294106811285018921e-02
8.468367159366607666e-02
1.155287325382232666e-01
9.217097610235214233e-02
9.045673906803131104e-02
7.925651222467422485e-02
9.076102077960968018e-02
1.461691409349441528e-01
8.399777859449386597e-02
1.067137420177459717e-01
8.387350291013717651e-02
8.826826512813568115e-02
9.060748666524887085e-02
8.901158720254898071e-02
9.731793403625488281e-02
9.581347554922103882e-02
8.438792079687118530e-02
9.229683130979537964e-02
9.255357086658477783e-02
1.205036193132400513e-01
9.224321693181991577e-02
9.365244209766387939e-02
1.065702885389328003e-01
1.274446547031402588e-01
8.699527382850646973e-02
9.328025579452514648e-02
1.053313463926315308e-01
8.893089741468429565e-02
9.518494457006454468e-02
9.764026105403900146e-02
9.369637072086334229e-02
1.092938035726547241e-01
1.095456331968307495e-01
8.875665068626403809e-02
9.079984575510025024e-02
8.195655792951583862e-02
1.084671691060066223e-01
9.697553515434265137e-02
9.342382848262786865e-02
8.075483888387680054e-02
9.278725832700729370e-02
8.865614980459213257e-02
8.349607139825820923e-02
9.314569085836410522e-02
1.145978197455406189e-01
9.484670311212539673e-02
1.130875945091247559e-01
8.839087933301925659e-02
9.497915208339691162e-02
1.460448652505874634e-01
8.208793401718139648e-02
9.484973549842834473e-02
9.537776559591293335e-02
9.543185681104660034e-02
1.092153713107109070e-01
9.043020009994506836e-02
8.670181035995483398e-02
1.117059811949729919e-01
1.406772136688232422e-01
9.762738645076751709e-02
9.659760445356369019e-02
8.688431978225708008e-02
1.313630789518356323e-01
1.073421835899353027e-01
8.620139956474304199e-02
9.335966408252716064e-02
9.621112048625946045e-02
8.823033422231674194e-02
1.054700389504432678e-01
9.418027102947235107e-02
8.632850646972656250e-02
8.262706547975540161e-02
9.471173584461212158e-02
1.441877484321594238e-01
1.305129230022430420e-01
8.950652182102203369e-02
1.200473532080650330e-01
1.063743978738784790e-01
1.063394770026206970e-01
1.261520683765411377e-01
9.198123961687088013e-02
9.163723140954971313e-02
1.111456528306007385e-01
1.311225444078445435e-01
8.628265559673309326e-02
1.051072999835014343e-01
8.476905524730682373e-02
1.104486957192420959e-01
1.010460779070854187e-01
9.513051807880401611e-02
9.535036981105804443e-02
1.150381416082382202e-01
1.300772726535797119e-01
9.454006701707839966e-02
9.210860729217529297e-02
1.188497170805931091e-01
9.331226348876953125e-02
1.372915059328079224e-01
8.518245816230773926e-02
1.037447303533554077e-01
8.596607297658920288e-02
9.420616924762725830e-02
1.277320235967636108e-01
8.680785447359085083e-02
9.680415689945220947e-02
1.090412363409996033e-01
9.273577481508255005e-02
9.123484790325164795e-02
9.296853095293045044e-02
9.179574996232986450e-02
8.811575919389724731e-02
1.029715761542320251e-01
8.453193306922912598e-02
9.239143133163452148e-02
9.223663806915283203e-02
9.337860345840454102e-02
1.071389168500900269e-01
1.348906159400939941e-01
8.877311646938323975e-02
8.752435445785522461e-02
9.493976086378097534e-02
1.159946694970130920e-01
8.679808676242828369e-02
1.039118692278862000e-01
8.081313967704772949e-02
9.004410356283187866e-02
1.023989915847778320e-01
9.849619865417480469e-02
9.386155754327774048e-02
8.808349817991256714e-02
7.527081668376922607e-02
9.662742912769317627e-02
1.270349025726318359e-01
8.222175389528274536e-02
1.193781122565269470e-01
8.563022315502166748e-02
9.020644426345825195e-02
8.922587335109710693e-02
1.521985232830047607e-01
9.413602948188781738e-02
9.279796481132507324e-02
1.371155381202697754e-01
9.732278436422348022e-02
9.892112761735916138e-02
9.196343272924423218e-02
8.614596724510192871e-02
9.298378229141235352e-02
1.118837967514991760e-01
9.139978885650634766e-02
9.676396101713180542e-02
1.062249690294265747e-01
9.268791973590850830e-02
1.076206564903259277e-01
1.144849210977554321e-01
8.875263482332229614e-02
9.224031120538711548e-02
8.956005424261093140e-02
9.069263935089111328e-02
9.611846506595611572e-02
9.827780723571777344e-02
1.093184053897857666e-01
9.169153869152069092e-02
9.423109889030456543e-02
9.449932724237442017e-02
8.869236707687377930e-02
9.118898212909698486e-02
8.458010107278823853e-02
1.067669317126274109e-01
9.335596859455108643e-02
9.677593410015106201e-02
9.286323934793472290e-02
8.719108998775482178e-02
1.073220446705818176e-01
9.271163493394851685e-02
9.567359089851379395e-02
8.452099561691284180e-02
7.949661463499069214e-02
8.891906589269638062e-02
9.541738778352737427e-02
9.747333079576492310e-02
9.263129532337188721e-02
9.451239556074142456e-02
9.270084649324417114e-02
1.183001175522804260e-01
8.632852137088775635e-02
9.216660261154174805e-02
1.041515693068504333e-01
9.507472068071365356e-02
9.543686360120773315e-02
8.446928113698959351e-02
1.143233627080917358e-01
9.051943570375442505e-02
1.095101982355117798e-01
9.401071816682815552e-02
9.063196927309036255e-02
9.559645503759384155e-02
1.122792810201644897e-01
9.042232483625411987e-02
7.919406890869140625e-02
9.271424263715744019e-02
8.148384839296340942e-02
9.263493865728378296e-02
9.158372133970260620e-02
8.189292252063751221e-02
8.703384548425674438e-02
1.304481923580169678e-01
9.431675821542739868e-02
1.050454005599021912e-01
1.042084991931915283e-01
9.237641096115112305e-02
9.306202828884124756e-02
8.363689482212066650e-02
1.025601029396057129e-01
9.140663594007492065e-02
1.293430477380752563e-01
1.289102286100387573e-01
9.471360594034194946e-02
8.351866900920867920e-02
9.020231664180755615e-02
8.757173269987106323e-02
9.062902629375457764e-02
1.080917790532112122e-01
8.849578350782394409e-02
1.114384829998016357e-01
8.948121219873428345e-02
1.088251471519470215e-01
9.081543236970901489e-02
9.228575974702835083e-02
9.384468942880630493e-02
8.924714475870132446e-02
8.586444705724716187e-02
1.112719699740409851e-01
1.108914464712142944e-01
8.060814440250396729e-02
9.086056798696517944e-02
9.185770153999328613e-02
1.162959784269332886e-01
1.083702594041824341e-01
9.332574158906936646e-02
9.302569180727005005e-02
9.210841357707977295e-02
8.123157173395156860e-02
9.728863090276718140e-02
1.359436064958572388e-01
8.620671927928924561e-02
8.471088856458663940e-02
8.730799704790115356e-02
1.003496050834655762e-01
9.958641231060028076e-02
8.442281186580657959e-02
9.131935238838195801e-02
9.389316290616989136e-02
9.246181696653366089e-02
9.285650402307510376e-02
8.713745325803756714e-02
9.227456152439117432e-02
9.499672800302505493e-02
8.998976647853851318e-02
9.120602905750274658e-02
9.457007795572280884e-02
1.109384670853614807e-01
1.485539376735687256e-01
1.158063262701034546e-01
8.805053681135177612e-02
8.924514800310134888e-02
8.832038938999176025e-02
8.042027056217193604e-02
1.124969944357872009e-01
1.119062826037406921e-01
8.136741071939468384e-02
1.091021671891212463e-01
9.821964800357818604e-02
8.089105784893035889e-02
9.185981005430221558e-02
9.450403600931167603e-02
1.054563075304031372e-01
9.865298122167587280e-02
8.373223990201950073e-02
9.559490531682968140e-02
9.186764806509017944e-02
9.767145663499832153e-02
9.205396473407745361e-02
9.477717429399490356e-02
9.025800973176956177e-02
1.087883934378623962e-01
9.092837572097778320e-02
1.389723420143127441e-01
9.923698008060455322e-02
9.765678644180297852e-02
8.837249875068664551e-02
8.513610064983367920e-02
8.467414230108261108e-02
9.480809420347213745e-02
9.300723671913146973e-02
8.815026283264160156e-02
1.129410937428474426e-01
8.189704269170761108e-02
8.745439350605010986e-02
1.156232729554176331e-01
1.025875359773635864e-01
9.315454959869384766e-02
1.250818073749542236e-01
9.146735072135925293e-02
1.127915307879447937e-01
8.110802620649337769e-02
9.025420248508453369e-02
9.565076231956481934e-02
8.497644960880279541e-02
1.064626649022102356e-01
8.963339030742645264e-02
1.061965078115463257e-01
8.943650871515274048e-02
9.233939647674560547e-02
9.303602576255798340e-02
1.293788850307464600e-01
9.594064205884933472e-02
9.092348068952560425e-02
1.056205928325653076e-01
9.330696612596511841e-02
1.061890348792076111e-01
1.085404008626937866e-01
9.203480929136276245e-02
1.127473264932632446e-01
9.538377076387405396e-02
9.569232165813446045e-02
9.536985307931900024e-02
9.588585048913955688e-02
1.433868110179901123e-01
1.073685511946678162e-01
9.681740403175354004e-02
1.462157666683197021e-01
9.416925162076950073e-02
9.164062142372131348e-02
9.182345867156982422e-02
9.296959638595581055e-02
9.704707562923431396e-02
1.489258855581283569e-01
8.724028617143630981e-02
8.650379627943038940e-02
1.061569899320602417e-01
9.176217764616012573e-02
9.415972977876663208e-02
7.860443741083145142e-02
1.195814162492752075e-01
1.279487609863281250e-01
9.282111376523971558e-02
8.903094381093978882e-02
9.269295632839202881e-02
1.072118952870368958e-01
8.337174355983734131e-02
9.170251339673995972e-02
9.112168103456497192e-02
1.102576032280921936e-01
9.208579361438751221e-02
9.206105768680572510e-02
9.347832947969436646e-02
1.159822270274162292e-01
9.685986489057540894e-02
1.216240152716636658e-01
8.380813896656036377e-02
9.064292162656784058e-02
1.079455241560935974e-01
1.389994323253631592e-01
8.702004700899124146e-02
1.120461225509643555e-01
1.124019846320152283e-01
9.242510050535202026e-02
9.122123569250106812e-02
9.035300463438034058e-02
8.231227099895477295e-02
1.449384689331054688e-01
8.654612302780151367e-02
9.521676599979400635e-02
8.184225112199783325e-02
1.128323599696159363e-01
9.395198523998260498e-02
1.133041456341743469e-01
8.460365235805511475e-02
9.153735637664794922e-02
1.022943556308746338e-01
8.098950982093811035e-02
8.957859128713607788e-02
8.764394372701644897e-02
9.289211034774780273e-02
1.188308745622634888e-01
9.200920909643173218e-02
1.027631536126136780e-01
8.997691422700881958e-02
8.896890282630920410e-02
9.549146890640258789e-02
8.979404717683792114e-02
8.488433808088302612e-02
1.614839583635330200e-01
9.162567555904388428e-02
9.174962341785430908e-02
9.873311966657638550e-02
9.139950573444366455e-02
8.508064597845077515e-02
1.106194928288459778e-01
9.849239140748977661e-02
9.454523026943206787e-02
1.229138299822807312e-01
8.782984316349029541e-02
9.053806215524673462e-02
9.242624044418334961e-02
1.149908378720283508e-01
1.136339753866195679e-01
1.205932274460792542e-01
9.385921061038970947e-02
8.574026077985763550e-02
8.174823224544525146e-02
1.119257360696792603e-01
9.784425795078277588e-02
1.109130233526229858e-01
1.137999296188354492e-01
9.201262891292572021e-02
8.007247000932693481e-02
8.753599971532821655e-02
9.284579008817672729e-02
1.207714751362800598e-01
9.214722365140914917e-02
8.211573213338851929e-02
9.294860064983367920e-02
9.532827138900756836e-02
8.996417373418807983e-02
9.465645253658294678e-02
8.479798585176467896e-02
1.149039342999458313e-01
9.648707509040832520e-02
9.414235502481460571e-02
9.271229803562164307e-02
9.395667165517807007e-02
9.796617925167083740e-02
1.171282306313514709e-01
9.250865131616592407e-02
1.405600458383560181e-01
9.217451512813568115e-02
8.102184534072875977e-02
9.175277501344680786e-02
9.528614580631256104e-02
8.329477906227111816e-02
8.715415745973587036e-02
8.223453909158706665e-02
1.328001767396926880e-01
9.469511359930038452e-02
9.316536784172058105e-02
9.353756159543991089e-02
1.311689466238021851e-01
8.580365031957626343e-02
1.235601976513862610e-01
8.923087269067764282e-02
9.111392498016357422e-02
8.720106631517410278e-02
9.218809753656387329e-02
9.218803048133850098e-02
1.293570101261138916e-01
9.547208994626998901e-02
9.137477725744247437e-02
9.381381422281265259e-02
9.499106556177139282e-02
1.429571062326431274e-01
8.963166177272796631e-02
9.197604656219482422e-02
1.223329454660415649e-01
8.413168042898178101e-02
8.731517940759658813e-02
9.137465059757232666e-02
1.092762723565101624e-01
8.680605143308639526e-02
8.279389142990112305e-02
9.269841760396957397e-02
1.304927021265029907e-01
1.015361249446868896e-01
8.725228905677795410e-02
9.406504034996032715e-02
9.253882616758346558e-02
8.452911674976348877e-02
9.404429793357849121e-02
9.210562705993652344e-02
8.528949320316314697e-02
8.967310935258865356e-02
8.777271211147308350e-02
7.526803761720657349e-02
8.526962995529174805e-02
1.129496842622756958e-01
1.088211536407470703e-01
9.161444753408432007e-02
8.960426598787307739e-02
9.273402392864227295e-02
9.817455708980560303e-02
1.085492521524429321e-01
8.087611198425292969e-02
1.103384122252464294e-01
8.554119616746902466e-02
8.198225498199462891e-02
8.756373822689056396e-02
9.236081689596176147e-02
8.815209567546844482e-02
1.051741093397140503e-01
9.317291527986526489e-02
9.507020562887191772e-02
1.265610605478286743e-01
9.461103379726409912e-02
9.245687723159790039e-02
9.403385221958160400e-02
9.404519200325012207e-02
9.529580175876617432e-02
1.018441766500473022e-01
1.062543019652366638e-01
1.093510463833808899e-01
9.549841284751892090e-02
9.112837165594100952e-02
1.180639937520027161e-01
7.898553460836410522e-02
9.260115772485733032e-02
1.095923110842704773e-01
8.944840729236602783e-02
8.721978217363357544e-02
1.478928774595260620e-01
7.944358140230178833e-02
9.097057580947875977e-02
8.962396532297134399e-02
9.383278340101242065e-02
1.233459860086441040e-01
9.251224994659423828e-02
8.905620872974395752e-02
9.330930560827255249e-02
8.948087692260742188e-02
9.021119773387908936e-02
1.297971010208129883e-01
8.657361567020416260e-02
1.090895757079124451e-01
8.372040838003158569e-02
8.284122496843338013e-02
9.631634503602981567e-02
9.760052710771560669e-02
8.402185142040252686e-02
1.411148905754089355e-01
8.770090341567993164e-02
8.959551155567169189e-02
9.360966831445693970e-02
1.210100129246711731e-01
1.225156038999557495e-01
9.291056543588638306e-02
8.484295755624771118e-02
1.070353910326957703e-01
9.336774051189422607e-02
1.078572571277618408e-01
9.482723474502563477e-02
1.130900457501411438e-01
8.538314700126647949e-02
9.466854482889175415e-02
8.560493588447570801e-02
9.290952235460281372e-02
8.536972850561141968e-02
8.624649792909622192e-02
1.129477173089981079e-01
9.543028473854064941e-02
8.687826991081237793e-02
1.267868429422378540e-01
1.073350682854652405e-01
8.292073756456375122e-02
8.902453631162643433e-02
9.268345683813095093e-02
9.881266951560974121e-02
8.931317180395126343e-02
9.266939759254455566e-02
8.307518810033798218e-02
8.622267097234725952e-02
1.477438807487487793e-01
9.887960553169250488e-02
7.647038251161575317e-02
8.984908461570739746e-02
9.141212701797485352e-02
1.391555964946746826e-01
9.297180920839309692e-02
9.252071380615234375e-02
8.020415157079696655e-02
9.829543530941009521e-02
8.681213855743408203e-02
1.504729390144348145e-01
8.057695627212524414e-02
8.988267928361892700e-02
9.084592759609222412e-02
9.271539002656936646e-02
8.287279307842254639e-02
1.120399236679077148e-01
9.215491265058517456e-02
1.003000885248184204e-01
9.443061053752899170e-02
8.995634317398071289e-02
8.915741741657257080e-02
1.603691577911376953e-01
9.789491444826126099e-02
8.489163964986801147e-02
9.733545035123825073e-02
9.585709124803543091e-02
9.358102083206176758e-02
1.092438623309135437e-01
1.392453759908676147e-01
1.518643945455551147e-01
1.125116720795631409e-01
8.024209737777709961e-02
8.821798861026763916e-02
7.899331301450729370e-02
1.063828691840171814e-01
9.822301566600799561e-02
1.219690516591072083e-01
1.258401721715927124e-01
9.305629879236221313e-02
1.123961359262466431e-01
9.166194498538970947e-02
9.467987716197967529e-02
8.897021412849426270e-02
9.420477598905563354e-02
9.183624386787414551e-02
9.385900944471359253e-02
9.318258613348007202e-02
9.445774555206298828e-02
1.161635145545005798e-01
9.347441047430038452e-02
8.743245899677276611e-02
9.470080584287643433e-02
1.257749944925308228e-01
9.165608882904052734e-02
9.170255810022354126e-02
9.530384838581085205e-02
1.142634749412536621e-01
9.469380974769592285e-02
1.012661010026931763e-01
1.131999716162681580e-01
1.094659194350242615e-01
9.128569811582565308e-02
1.129209250211715698e-01
1.101224645972251892e-01
1.301165670156478882e-01
1.392600834369659424e-01
9.349076449871063232e-02
9.393225610256195068e-02
1.440007835626602173e-01
9.367644786834716797e-02
1.114032343029975891e-01
8.606943488121032715e-02
8.627889305353164673e-02
9.417787194252014160e-02
9.454452991485595703e-02
9.476544708013534546e-02
8.528890460729598999e-02
1.347747147083282471e-01
8.844418823719024658e-02
8.118943870067596436e-02
9.593693166971206665e-02
9.789981693029403687e-02
8.573196083307266235e-02
1.134597659111022949e-01
8.783938735723495483e-02
8.856298774480819702e-02
9.378816187381744385e-02
9.425348043441772461e-02
9.546069055795669556e-02
9.352771192789077759e-02
9.224887192249298096e-02
8.192522078752517700e-02
1.189088970422744751e-01
9.369382262229919434e-02
9.150152653455734253e-02
9.502126276493072510e-02
1.144827082753181458e-01
8.557685464620590210e-02
9.057643264532089233e-02
8.969187736511230469e-02
9.079930186271667480e-02
8.071770519018173218e-02
9.612412750720977783e-02
9.554320573806762695e-02
9.506991505622863770e-02
1.001171544194221497e-01
9.253362566232681274e-02
9.001302719116210938e-02
1.048704832792282104e-01
8.631487935781478882e-02
9.407228231430053711e-02
9.361255168914794922e-02
9.264715760946273804e-02
1.186960414052009583e-01
1.375499069690704346e-01
9.219478070735931396e-02
8.397759497165679932e-02
9.355781972408294678e-02
8.940173685550689697e-02
9.226125478744506836e-02
9.142319858074188232e-02
9.060150384902954102e-02
1.195048019289970398e-01
9.240861982107162476e-02
1.294851005077362061e-01
9.353116154670715332e-02
8.256952464580535889e-02
8.393729478120803833e-02
8.951650559902191162e-02
8.457509428262710571e-02
9.255237877368927002e-02
9.294845163822174072e-02
9.835866093635559082e-02
9.198525547981262207e-02
1.094257906079292297e-01
8.530549705028533936e-02
9.251987934112548828e-02
8.956114947795867920e-02
8.169291913509368896e-02
9.156881272792816162e-02
8.599382638931274414e-02
9.639716893434524536e-02
9.052340686321258545e-02
9.290185570716857910e-02
1.199552863836288452e-01
1.011358872056007385e-01
1.069727540016174316e-01
1.170344948768615723e-01
1.075709164142608643e-01
9.274512529373168945e-02
8.016878366470336914e-02
9.146987646818161011e-02
8.645505458116531372e-02
8.992874622344970703e-02
9.210371226072311401e-02
9.112678468227386475e-02
9.479733556509017944e-02
9.418157488107681274e-02
1.017740741372108459e-01
9.132558107376098633e-02
1.075820699334144592e-01
8.929669857025146484e-02
9.326955676078796387e-02
8.756069093942642212e-02
8.344359695911407471e-02
9.125781804323196411e-02
8.343695104122161865e-02
8.970148116350173950e-02
9.420122206211090088e-02
9.024466574192047119e-02
1.388070136308670044e-01
9.398223459720611572e-02
8.883373439311981201e-02
9.660561382770538330e-02
9.981869906187057495e-02
9.779959917068481445e-02
9.316109865903854370e-02
1.213550120592117310e-01
1.256079524755477905e-01
1.080700308084487915e-01
9.541504085063934326e-02
9.108879417181015015e-02
8.796559274196624756e-02
1.133965179324150085e-01
