6.82623,0.929739
6.48603,0.95386
6.82623,0.923006
6.71196,0.923425
6.84688,0.940033
6.76549,0.938913
6.62781,0.952308
6.75002,0.616922
6.68132,0.929861
6.83482,0.921569
6.4806,0.962601
6.53919,0.94371
5.91756,0.0337279
6.85751,0.919545
6.87056,0.90721
6.65435,0.949362
6.83964,0.922412
6.68556,0.947485
6.90062,0.935882
6.84762,0.921794
6.80307,0.927305
6.83937,0.926745
6.65369,0.942314
6.81998,0.830315
6.75277,0.916751
6.73165,0.945278
6.87747,0.919179
6.63284,0.659196
6.86543,0.933191
6.71576,0.561866
6.83337,0.771406
6.70202,0.636728
6.74515,0.925711
6.8501,0.921796
6.57848,0.385621
6.72561,0.944194
6.76426,0.940118
6.82627,0.92915
6.80945,0.938589
6.89657,0.934689
6.46284,0.176469
6.87698,0.873123
6.59609,0.205542
6.90484,0.917434
6.80014,0.923752
6.67041,0.948708
6.35059,0.954242
6.8234,0.934563
6.75942,0.912754
6.8346,0.938188
6.21908,0.467056
6.4968,0.678814
6.80769,0.924427
6.87435,0.932717
6.90973,0.907368
6.83839,0.854966
6.85143,0.924671
6.60988,0.730008
6.71238,0.918118
6.53346,0.674695
6.87124,0.934139
6.75419,0.943616
6.86476,0.934673
6.73265,0.916522
6.17416,0.958473
6.85284,0.939909
6.82929,0.921545
6.82759,0.9232
6.46224,0.909332
6.90556,0.933708
6.59836,0.316277
6.82572,0.922204
6.84291,0.925648
6.80984,0.906102
6.83605,0.905462
6.53286,0.960454
6.88426,0.920514
6.85019,0.87868
6.60093,0.951586
6.84119,0.923574
6.80094,0.866363
6.50901,0.960476
6.87433,0.921834
6.82885,0.857465
6.85273,0.917414
6.23741,0.101636
6.69552,0.947023
6.44434,0.954256
6.57468,0.938805
6.91331,0.932995
6.81248,0.92497
6.54086,0.95184
6.5148,0.237918
4.93844,0.977332
6.87464,0.926883
6.91005,0.898902
5.9236,0.0321139
6.79289,0.335854
6.87856,0.92644
6.40524,0.966336
6.82791,0.910316
6.82704,0.933514
6.72076,0.918328
6.73904,0.912615
6.82069,0.93734
6.73067,0.932723
6.91465,0.918062
5.97481,0.0438889
6.72974,0.927967
6.80789,0.921414
6.81125,0.926012
6.51766,0.786552
6.72179,0.913582
6.70976,0.585135
6.67813,0.554497
6.86862,0.926365
6.81488,0.930457
6.5263,0.960338
6.86354,0.922612
6.55586,0.656108
6.76245,0.926021
5.54236,0.968528
6.67751,0.308125
6.73342,0.91714
6.80119,0.926578
6.72031,0.927793
6.71846,0.752115
4.88152,0.959504
6.85468,0.917264
6.94871,0.922485
6.5945,0.903423
6.85317,0.924393
4.2046,0.906287
6.83936,0.926039
6.84357,0.926394
6.80435,0.929584
6.72428,0.914029
5.89969,0.0337257
6.5858,0.957861
6.76143,0.9429
6.85823,0.893216
6.76868,0.908232
6.62487,0.953029
6.74895,0.926382
6.87477,0.919821
6.77183,0.93266
6.63482,0.251432
6.36467,0.967067
6.02126,0.96201
6.6183,0.423156
6.77232,0.926282
6.78424,0.94738
6.86276,0.931876
5.14377,0.953226
6.83148,0.936881
6.88059,0.898206
6.75689,0.654663
6.65969,0.946619
6.9228,0.873429
6.73726,0.913133
6.84142,0.925131
6.84864,0.925176
6.76496,0.930344
6.69096,0.911349
6.87829,0.923286
6.53534,0.957118
6.06497,0.0516973
6.36696,0.959638
6.74819,0.918117
6.42008,0.950192
6.86239,0.919828
6.95129,0.93379
6.84512,0.939137
6.83314,0.938761
6.84206,0.831081
6.30114,0.968955
6.27797,0.971413
6.91933,0.857391
6.72042,0.940384
6.52156,0.959399
5.84257,0.941312
6.8559,0.91924
6.42191,0.957877
5.66576,0.596732
6.87779,0.652348
6.86936,0.921645
6.9198,0.93709
6.89582,0.919568
6.90086,0.933459
6.07736,0.0477289
6.56453,0.910408
6.79796,0.91227
6.70611,0.945196
6.7599,0.939708
6.75063,0.91774
6.75616,0.942142
6.81969,0.941993
6.23739,0.971604
6.62254,0.952532
6.80888,0.921317
6.52674,0.894003
6.86749,0.925191
6.73695,0.914243
6.78079,0.931725
6.76351,0.92738
6.71277,0.914134
6.55661,0.953858
6.81052,0.888553
6.75884,0.914011
6.73185,0.931135
6.89739,0.934421
6.77352,0.915016
6.49532,0.138138
6.93254,0.929521
6.57183,0.943635
6.8544,0.926973
6.72096,0.915604
6.82106,0.932105
6.82092,0.919023
6.52249,0.951953
6.84001,0.925856
6.56147,0.940594
6.26713,0.969053
6.85562,0.922705
6.87861,0.91698
6.71168,0.92688
6.80866,0.92352
6.83579,0.9174
6.72866,0.916647
6.81622,0.937671
6.38729,0.95673
6.80953,0.86214
6.20469,0.0922542
6.73797,0.91373
6.87521,0.906325
6.82233,0.94371
6.69756,0.948777
6.88286,0.921505
6.66403,0.940479
6.6212,0.954029
6.81523,0.92668
6.90176,0.896233
6.82838,0.925189
6.41175,0.957324
6.64759,0.950481
6.93384,0.902781
6.71633,0.91321
6.8455,0.923477
6.59083,0.932629
6.81727,0.926141
6.81514,0.938911
6.2964,0.921234
5.64249,0.570596
6.90785,0.932628
6.27557,0.951924
6.85622,0.919995
6.73227,0.931399
5.90451,0.0328119
6.67538,0.941953
6.69578,0.946579
6.69641,0.949464
6.43351,0.950823
6.75247,0.933866
6.88345,0.856364
5.514,0.725579
6.84053,0.857071
6.6626,0.339824
6.6198,0.951719
6.78696,0.86029
6.66838,0.949564
6.79724,0.917072
6.72947,0.928161
6.88982,0.928757
6.84291,0.910692
6.52652,0.740363
6.36579,0.957283
6.61071,0.893743
6.83252,0.828909
6.82028,0.924251
6.88756,0.938992
6.90627,0.92354
6.81735,0.937326
6.83706,0.858455
6.73349,0.923356
6.49873,0.782953
6.63735,0.254815
6.33746,0.127082
5.16202,0.817519
6.73768,0.931617
6.70075,0.917085
6.68604,0.917258
5.55607,0.817769
6.94256,0.869594
6.78633,0.941219
6.76805,0.927336
6.84371,0.923742
6.52759,0.955805
6.89276,0.932318
6.73507,0.940071
6.86842,0.919394
6.40107,0.963962
6.52133,0.182886
6.56912,0.949004
6.68588,0.512051
5.98034,0.940236
6.74103,0.925411
6.82197,0.929951
6.81333,0.933855
6.77617,0.841687
6.92037,0.741341
6.50551,0.813649
6.93266,0.920858
6.75866,0.937191
6.91973,0.930491
6.91646,0.9022
6.72515,0.925199
6.81797,0.870004
6.74059,0.9267
6.68513,0.605856
6.91195,0.926493
6.79016,0.936407
6.81432,0.938338
6.70531,0.943677
4.923,0.811409
4.16814,0.830482
6.63586,0.952654
6.6829,0.946192
6.70422,0.91289
6.6957,0.93967
6.86018,0.923991
6.69636,0.948719
6.33826,0.967559
6.47573,0.956477
6.3792,0.957911
6.50147,0.92912
4.66862,0.972319
6.92241,0.927864
6.69929,0.917044
6.909,0.567931
6.89885,0.923208
6.70028,0.948998
6.72494,0.942166
6.4177,0.958393
6.83579,0.923467
6.87261,0.933778
6.75784,0.943841
6.61837,0.658311
6.80058,0.881901
6.82914,0.925254
6.72867,0.940109
6.35498,0.96494
6.74428,0.931557
6.80916,0.923788
6.2942,0.971435
6.7072,0.92606
6.64137,0.949962
6.78372,0.91847
6.90696,0.926172
6.89948,0.91639
6.55957,0.88109
6.54893,0.205536
6.59468,0.946323
6.87116,0.932983
6.62545,0.946137
6.79503,0.910473
6.83508,0.938989
6.83233,0.910206
6.58772,0.714206
5.04639,0.731752
6.79079,0.905204
6.55911,0.945989
6.84061,0.936428
6.85431,0.92623
6.63011,0.949306
6.53239,0.751214
6.80262,0.924506
6.68485,0.931159
6.72956,0.929103
6.70513,0.947925
6.72692,0.923404
6.78377,0.940695
6.58864,0.651641
6.47776,0.956171
6.26572,0.970821
6.85373,0.938871
5.16379,0.964679
6.80562,0.912403
6.67579,0.943699
6.30051,0.968442
6.43726,0.190007
5.69532,0.582456
6.7889,0.92861
6.85418,0.919013
6.68575,0.938115
6.82565,0.924579
6.72067,0.923765
6.39534,0.579865
6.71071,0.914077
6.82223,0.924334
6.71334,0.665472
6.51554,0.961477
6.26791,0.208718
6.89878,0.733652
6.85866,0.92282
6.35305,0.946925
6.81482,0.916869
5.90862,0.749238
6.93429,0.920827
6.81502,0.923523
5.4957,0.996966
6.80823,0.924266
6.80004,0.866199
6.7737,0.936281
6.87787,0.893221
6.84814,0.917019
5.85213,0.0297806
6.38733,0.957193
6.73941,0.923814
6.83051,0.923849
6.81506,0.917107
6.52027,0.73205
6.75082,0.948031
6.90111,0.920497
6.83173,0.911186
6.6101,0.670767
6.72212,0.588447
6.7547,0.936063
5.8776,0.0308174
6.58192,0.936214
6.91306,0.866118
6.78189,0.936697
6.85985,0.9248
6.81355,0.924835
6.56392,0.960083
6.83128,0.926177
6.87933,0.928265
6.07134,0.95817
6.80882,0.910064
6.70377,0.946449
6.60672,0.430502
6.862,0.922925
6.89024,0.936142
6.87177,0.925099
6.68111,0.948449
6.72488,0.930525
6.67516,0.950513
6.82311,0.905973
6.4226,0.95682
6.34287,0.969995
4.82267,0.759567
6.24432,0.930643
6.65336,0.185025
6.68359,0.701987
5.96331,0.926017
4.8246,0.826558
6.88813,0.932032
6.82826,0.924274
6.83004,0.920186
6.27171,0.96898
6.62953,0.56899
6.70416,0.936033
6.78022,0.914876
6.79521,0.929925
6.68238,0.94877
6.53961,0.954825
6.08352,0.925258
6.81258,0.925699
6.85331,0.844668
6.48567,0.962905
6.85371,0.935011
6.7205,0.913063
5.90673,0.0330143
6.78755,0.582497
6.71854,0.932897
6.80606,0.925384
6.82666,0.596319
6.50679,0.885379
6.33481,0.968243
6.94785,0.93188
5.11963,0.765141
6.81572,0.919073
4.46182,0.755856
6.74508,0.947187
6.74705,0.935767
6.68155,0.584027
6.95043,0.931563
6.74051,0.911432
6.72635,0.927135
6.85196,0.850626
5.32402,0.941203
5.79385,0.0301989
6.77076,0.929541
6.26022,0.954011
6.45881,0.956143
6.85004,0.919746
6.86241,0.908583
6.54398,0.941399
6.31833,0.10747
6.54446,0.961695
6.68495,0.945319
6.86071,0.921236
6.80945,0.896064
6.90542,0.610881
6.71176,0.91548
6.90447,0.91643
6.85148,0.846852
6.39048,0.188002
6.71049,0.912369
6.91009,0.923897
6.72368,0.916642
6.83572,0.923983
6.74143,0.923201
6.85161,0.933992
6.76935,0.927144
6.53099,0.146449
6.59098,0.944318
6.72149,0.928329
6.73715,0.92645
6.79664,0.909176
6.55778,0.146318
6.8032,0.91466
6.88506,0.920534
6.83177,0.926332
5.409,0.801275
6.50957,0.148886
6.2245,0.358988
6.81832,0.937792
6.84515,0.938858
6.65647,0.946576
6.89234,0.905972
6.78768,0.386335
6.81749,0.921643
6.7423,0.91975
6.81329,0.878776
6.85723,0.923508
6.36009,0.967915
6.84359,0.654877
6.83281,0.880066
6.81986,0.923611
6.78766,0.908689
6.2847,0.954008
6.73725,0.917456
6.85525,0.940815
6.46085,0.890935
6.69924,0.912515
6.33595,0.959079
6.81828,0.936865
6.83717,0.874294
5.35005,0.919143
6.66286,0.561103
6.72379,0.660212
6.90311,0.930672
6.80431,0.89156
6.50311,0.832725
6.83291,0.936672
6.85733,0.919389
6.81281,0.92369
6.88273,0.694189
6.80523,0.926807
6.80681,0.923581
6.82175,0.942089
6.841,0.906459
6.33397,0.969518
6.83513,0.871481
5.38926,0.938618
6.91653,0.870684
6.92235,0.933962
6.69883,0.915417
6.51692,0.953783
6.71488,0.924983
6.60501,0.665862
6.70186,0.943546
6.35424,0.966986
6.85675,0.920118
6.76651,0.83321
6.63556,0.260859
6.71834,0.934754
6.69671,0.911346
6.7725,0.905196
5.87268,0.0295146
6.57785,0.912112
6.88146,0.929359
6.43487,0.957772
6.77501,0.943668
6.76699,0.940607
6.83775,0.908939
6.38243,0.225274
6.82433,0.907011
6.41116,0.961171
6.49975,0.956861
6.87296,0.919048
6.70493,0.928651
6.62303,0.951918
6.81607,0.872798
6.81672,0.907538
5.43771,0.956567
6.79701,0.928889
6.50444,0.697249
6.80498,0.86271
6.56821,0.95649
6.82428,0.925067
6.91483,0.931871
6.82689,0.916194
6.76491,0.946879
6.69671,0.910267
6.80439,0.909483
5.82333,0.587344
6.6996,0.942256
5.91788,0.0309672
6.77693,0.934376
6.47449,0.138716
6.63138,0.953271
6.92404,0.931595
6.70251,0.942496
6.91407,0.917815
6.80557,0.906458
6.64967,0.951876
6.87011,0.936355
4.44589,0.765588
6.54277,0.950957
6.81536,0.924583
6.53578,0.180459
6.79068,0.933468
6.85838,0.911917
6.88294,0.84221
6.87,0.940634
6.80617,0.921038
6.7547,0.941268
6.7878,0.908603
6.5786,0.662479
6.78328,0.943312
6.72549,0.913937
6.80721,0.921379
6.93875,0.932468
6.68608,0.912806
6.88694,0.632746
6.54478,0.675176
6.69867,0.911606
6.7285,0.916562
6.59955,0.951852
6.54758,0.177575
6.83058,0.924883
6.82405,0.888109
6.63672,0.621769
6.67524,0.945966
6.79092,0.747842
6.77674,0.934884
6.81005,0.945342
6.27421,0.969042
6.00073,0.708774
6.80378,0.935837
6.78155,0.9294
6.71368,0.928726
6.71786,0.53769
6.7296,0.914913
6.8403,0.923098
6.84265,0.936962
6.81745,0.916621
6.92297,0.730705
6.6749,0.560618
6.61795,0.786172
6.89035,0.924197
5.35204,0.675029
6.01156,0.511513
6.84936,0.926667
6.71824,0.912559
6.5997,0.950717
6.83617,0.924259
6.47736,0.31901
5.9068,0.962147
6.46997,0.963537
6.75592,0.549225
6.41722,0.956304
6.7087,0.929406
6.82417,0.921689
6.65001,0.950264
6.82453,0.925302
6.55817,0.962499
6.60689,0.932638
6.72065,0.925839
6.69433,0.9224
6.92407,0.923854
6.85854,0.938371
6.52984,0.954365
6.08496,0.0602689
6.86043,0.921178
6.90343,0.900237
6.40937,0.964123
6.76734,0.90779
6.85132,0.8971
6.8404,0.923407
6.91096,0.919779
6.34063,0.968966
6.50431,0.954431
6.71659,0.927304
6.79622,0.910483
6.8196,0.905398
6.2824,0.970377
6.83697,0.922043
6.90148,0.93245
6.82681,0.940811
6.55012,0.557686
6.70997,0.927993
6.64483,0.557197
5.80777,0.0308338
6.72378,0.916345
6.87037,0.928289
6.68282,0.539759
6.78324,0.943381
6.81065,0.915523
6.85829,0.925194
6.72153,0.920716
6.72395,0.916796
5.97292,0.0393058
6.62803,0.682139
6.8324,0.934326
6.80934,0.748547
6.9201,0.910939
6.63812,0.949669
6.81082,0.932531
6.81635,0.887621
6.80889,0.923361
6.25652,0.794044
6.84957,0.923304
6.74469,0.929308
6.82416,0.8236
6.23775,0.941954
6.8339,0.911907
6.83251,0.937719
6.82395,0.924344
6.8583,0.91868
6.14442,0.066471
6.80589,0.914323
6.56572,0.957875
6.75886,0.933763
6.91031,0.88131
6.27653,0.958057
5.79034,0.0290526
6.14724,0.541125
6.54724,0.172037
5.94373,0.0353788
6.2182,0.915842
6.83687,0.938911
6.93197,0.914724
6.82621,0.946003
6.81708,0.912765
6.60238,0.739265
6.96284,0.69486
6.67876,0.947064
6.69125,0.933329
6.48548,0.162093
6.94715,0.917882
6.33285,0.968678
6.87435,0.936171
5.73651,0.951092
6.6429,0.951563
6.62281,0.204412
6.82708,0.9216
6.78402,0.883993
6.55561,0.954065
6.25417,0.190459
6.79088,0.919035
6.68249,0.928108
6.83059,0.90918
6.87256,0.922115
6.82563,0.925001
5.89316,0.0330114
6.60969,0.925359
6.87019,0.936232
6.81929,0.931487
6.05285,0.356321
6.49451,0.574544
6.19611,0.96178
6.77918,0.875019
6.8372,0.92495
6.57422,0.9518
6.49397,0.954681
6.73256,0.919859
6.46461,0.889486
6.54235,0.951474
6.62328,0.953021
6.61105,0.669278
6.81338,0.920984
6.72239,0.926032
6.85601,0.922228
6.76117,0.907933
6.32068,0.958445
6.84446,0.527617
6.77457,0.875733
6.78067,0.947042
6.84117,0.926337
6.61368,0.222639
5.96128,0.954798
6.82909,0.923555
6.75068,0.942123
6.25198,0.970601
6.73658,0.913647
6.81719,0.921232
6.84557,0.92357
6.73556,0.942363
6.7979,0.918225
6.64524,0.94749
6.38986,0.966383
6.49043,0.962656
6.89169,0.919952
6.6887,0.561071
6.70077,0.951431
6.88122,0.919072
6.8884,0.832558
6.45409,0.132752
6.63161,0.742291
6.30183,0.969141
6.85913,0.927719
6.84346,0.924308
6.84797,0.932417
6.86647,0.930252
6.84597,0.718544
6.79936,0.912677
4.75019,0.770479
6.44003,0.806814
6.89865,0.933531
6.72964,0.931227
4.84108,0.988497
6.86577,0.63455
6.749,0.943091
6.6869,0.947239
6.73524,0.913921
6.89778,0.936665
6.66401,0.945468
6.86876,0.924534
6.15297,0.955869
6.54227,0.147148
6.22049,0.0982056
5.50124,0.992109
6.84107,0.888038
6.55053,0.156971
6.69142,0.951348
6.93412,0.913216
6.59141,0.664778
6.83027,0.855169
6.73035,0.943276
6.80018,0.936923
6.85682,0.925224
5.84247,0.0289401
6.84188,0.940624
6.79648,0.938169
6.92793,0.917675
4.56224,0.83236
6.13948,0.971388
6.81674,0.910085
6.61873,0.951133
6.49451,0.962305
6.75994,0.926025
6.88619,0.933123
6.81997,0.927031
6.87216,0.936817
6.5468,0.961939
6.70611,0.928785
6.71357,0.924171
6.87336,0.937619
6.44349,0.962743
6.80144,0.895084
6.73621,0.913922
6.72039,0.931176
6.421,0.13121
6.66259,0.499509
6.7131,0.554116
5.86649,0.810128
6.77392,0.949806
6.86533,0.924069
6.865,0.920631
6.86626,0.920764
6.73134,0.931491
6.61343,0.181653
6.80882,0.68958
6.78671,0.731857
6.46683,0.954514
6.1977,0.195816
5.14229,0.932237
6.73148,0.923981
6.87263,0.936435
6.06257,0.95878
6.85695,0.924064
5.91148,0.0367186
6.74786,0.928114
6.52135,0.72469
6.73293,0.937363
6.82823,0.921594
6.58364,0.741378
6.69759,0.912037
6.74801,0.930419
6.80909,0.908848
6.81804,0.931504
6.77326,0.943633
6.73507,0.925794
6.53026,0.952636
6.85299,0.932006
6.47451,0.785576
6.50439,0.957259
6.55959,0.948301
6.49569,0.927309
5.49564,0.956761
6.815,0.914129
6.529,0.675281
6.24121,0.970734
6.23729,0.199171
6.67274,0.542293
6.51843,0.956435
6.69808,0.916117
6.73207,0.950721
6.55216,0.953502
6.70274,0.912587
6.59354,0.952192
6.77873,0.921495
6.86223,0.921545
6.80496,0.924862
6.52551,0.955451
6.83296,0.925907
6.77291,0.929566
6.58045,0.804693
6.80371,0.920283
6.74039,0.926089
6.67642,0.950861
5.54884,0.84896
6.87592,0.903576
6.74364,0.931649
6.8103,0.92362
6.93939,0.848792
6.55273,0.951517
6.77771,0.939254
6.7258,0.648193
6.83283,0.889241
6.58432,0.952909
4.4825,0.797273
6.82779,0.883135
6.71318,0.911627
6.86854,0.919813
6.76867,0.938292
6.82267,0.940961
6.77972,0.916442
6.82517,0.923004
5.30874,0.692319
6.86198,0.922145
5.32955,0.815908
6.90333,0.940004
6.70271,0.942487
6.60744,0.931549
6.31621,0.960821
6.9201,0.932226
6.90539,0.924469
6.47885,0.68025
6.68892,0.918889
6.44652,0.963072
6.86185,0.919313
6.71455,0.742483
6.82006,0.938448
6.33146,0.967225
6.49642,0.957417
6.89169,0.927825
6.85567,0.926432
6.80076,0.942743
6.85836,0.908642
6.20967,0.969385
6.82375,0.93962
6.46371,0.136898
6.776,0.943909
6.83059,0.924831
6.84874,0.923678
6.60908,0.35177
6.90904,0.920213
6.60781,0.94269
6.80654,0.917429
6.89776,0.924742
6.83725,0.851164
6.78427,0.401567
6.79491,0.887676
6.42043,0.963277
6.65202,0.409083
4.07816,0.845733
6.85287,0.924288
6.87455,0.93636
6.72111,0.912525
6.91405,0.918199
6.76461,0.921617
6.86477,0.934736
4.25813,0.850019
6.12276,0.0570127
6.36028,0.958424
6.91638,0.915285
6.29877,0.969958
6.89795,0.918617
6.36193,0.966416
6.26506,0.205099
6.55232,0.745349
5.83149,0.0293942
6.82966,0.903687
6.83906,0.922462
6.71742,0.916916
6.83006,0.718847
6.83358,0.935396
6.22267,0.186719
6.72784,0.917296
6.86888,0.926449
6.87221,0.919727
6.78454,0.937992
6.80671,0.901069
6.70916,0.926715
6.89647,0.929222
6.67125,0.601529
6.81175,0.923983
6.77068,0.927881
6.61423,0.349823
6.79374,0.889599
6.53706,0.170227
6.76922,0.938358
6.94718,0.926143
6.57352,0.955521
6.62942,0.952498
6.60626,0.211438
5.93372,0.0334408
6.80142,0.939669
6.7594,0.577222
6.84101,0.838947
6.78558,0.934447
6.02437,0.799102
6.85409,0.92223
6.68042,0.737846
6.82238,0.905693
6.23242,0.101348
6.75269,0.914599
6.7012,0.848613
6.85965,0.924856
6.75117,0.930055
6.61209,0.950412
6.75067,0.939446
6.63309,0.951511
6.49528,0.955561
6.89951,0.933521
6.65725,0.947189
6.70775,0.930869
6.84261,0.922928
5.63468,0.62186
6.80349,0.912351
6.84829,0.924854
6.81001,0.922876
5.25712,0.727238
6.65536,0.619774
6.76204,0.948584
6.90803,0.887947
6.33717,0.96965
6.84904,0.93229
6.81963,0.926567
6.77834,0.910314
6.8491,0.922328
6.91364,0.913216
6.78793,0.947348
6.77113,0.913252
6.76688,0.939781
6.72419,0.917322
6.74883,0.919156
6.53891,0.938096
6.8157,0.922337
6.72492,0.942376
6.75457,0.92566
6.86658,0.921563
6.39217,0.966263
6.67447,0.943376
6.32422,0.969856
6.79464,0.908308
6.75866,0.934248
6.33265,0.957531
6.82737,0.923315
6.75509,0.520177
6.82519,0.899271
6.82427,0.925597
6.39082,0.953704
6.59841,0.665827
6.77404,0.927118
6.67828,0.622205
6.74355,0.931702
6.84231,0.938321
6.14269,0.456994
6.78395,0.907277
6.5362,0.941504
6.73725,0.93176
6.52754,0.142255
6.83657,0.922421
6.57122,0.960671
6.84274,0.872936
6.69951,0.912896
5.82697,0.0293763
5.82728,0.0295682
6.83471,0.912449
6.77616,0.842817
6.82691,0.920015
4.27444,0.843155
6.84052,0.929641
6.66144,0.64916
6.7421,0.912721
6.67096,0.949588
6.77453,0.942441
6.87612,0.925404
6.9605,0.808319
6.77808,0.919087
6.61383,0.554679
6.83718,0.921855
5.97433,0.962568
5.86661,0.0303262
6.86561,0.917165
6.57321,0.942878
6.80034,0.903806
6.92357,0.932402
6.87854,0.919651
6.52451,0.938572
5.18671,0.961359
6.64286,0.949979
6.82982,0.927715
6.37599,0.952259
6.82541,0.935685
6.74577,0.937252
6.77845,0.839674
6.71424,0.912924
6.85218,0.909262
6.68252,0.949221
6.87251,0.859079
6.78035,0.840356
6.45071,0.881431
6.69045,0.918403
6.66691,0.945961
6.9191,0.928205
6.92881,0.918198
6.74777,0.947983
6.70159,0.926863
6.81582,0.926573
6.42302,0.595997
6.54926,0.956499
6.83566,0.929073
6.00791,0.0400925
6.81755,0.925931
6.30022,0.416616
6.48957,0.956394
6.8061,0.924447
6.58248,0.944344
6.7479,0.914029
6.70521,0.94215
6.8292,0.862994
5.93193,0.0326713
6.53569,0.945515
6.72959,0.932462
6.86135,0.924124
6.71514,0.951686
6.71443,0.910562
5.63168,0.941031
6.90172,0.915709
6.83179,0.921665
6.85216,0.920235
6.82649,0.930294
6.51282,0.183171
6.82531,0.864647
6.81405,0.874511
6.34929,0.939146
6.30616,0.968518
6.82621,0.922804
6.88506,0.921443
6.83874,0.925863
6.42255,0.964319
6.86785,0.927336
6.74402,0.917968
6.80878,0.922013
6.72298,0.637135
6.80286,0.920322
6.37899,0.221557
6.68879,0.948417
6.37316,0.958001
6.77027,0.919775
6.73667,0.947781
6.66334,0.606995
6.69376,0.947185
6.77846,0.551808
6.8907,0.921978
6.81917,0.555886
5.96631,0.0366827
6.79021,0.941567
6.77424,0.8265
6.59322,0.951869
6.43433,0.171748
6.82754,0.88897
6.86146,0.935312
6.83586,0.93974
6.84017,0.920211
6.74496,0.928922
6.85724,0.935981
5.18343,0.950464
6.76896,0.916934
6.42777,0.171274
6.88163,0.920425
6.35895,0.967835
6.7052,0.645067
6.68396,0.94986
6.39601,0.959211
6.7568,0.94153
6.35529,0.95792
6.0619,0.95559
6.85256,0.891378
6.79999,0.912825
6.72275,0.92011
6.82627,0.932266
6.82599,0.926624
6.61488,0.234463
6.8159,0.916079
6.77168,0.836051
5.82682,0.028184
5.9088,0.964122
6.86015,0.939486
6.48899,0.962741
6.93284,0.913421
6.79551,0.892314
6.58238,0.938843
6.3104,0.967745
6.74731,0.944805
6.84511,0.928691
6.37546,0.252728
6.74682,0.915527
6.60731,0.951037
6.80635,0.924723
6.84049,0.924287
6.3384,0.968883
6.89171,0.910725
6.80747,0.92429
6.78105,0.833294
6.42754,0.957207
6.81514,0.924139
6.62187,0.722947
6.71967,0.928159
6.77144,0.939903
6.26307,0.970778
6.8338,0.869491
6.00988,0.040765
6.73275,0.924331
6.61648,0.845219
6.84435,0.855229
5.89394,0.0333414
6.80578,0.901904
6.28582,0.968018
6.7682,0.929695
6.81045,0.943043
6.80824,0.896851
6.8477,0.92661
6.81467,0.923947
6.88855,0.902093
6.82955,0.907202
6.20257,0.0638425
6.55851,0.944602
6.91426,0.896874
6.55675,0.73763
6.86056,0.880522
6.60742,0.698253
6.76879,0.933655
6.67861,0.949369
6.87658,0.922221
6.53811,0.96061
6.83996,0.933337
6.81722,0.924857
6.77324,0.739585
6.63377,0.95194
6.74211,0.924218
4.81751,0.963039
6.89434,0.919353
6.84542,0.937084
6.52392,0.170861
6.83372,0.830476
6.73474,0.941994
6.81692,0.940598
6.61199,0.944512
4.15322,0.77817
6.94806,0.90826
6.71313,0.941577
6.84454,0.924283
4.12738,0.841063
6.78817,0.94598
5.82195,0.0311525
6.68041,0.941793
6.72793,0.91425
6.85245,0.939157
6.88845,0.864022
6.87958,0.862019
6.79919,0.912258
6.90436,0.920633
4.715,0.976674
6.8269,0.92937
6.79375,0.918746
6.76093,0.91443
6.70557,0.929072
6.86389,0.553604
6.66449,0.941687
6.32539,0.97018
6.83499,0.923308
6.81836,0.891196
6.42227,0.956364
6.08205,0.0521759
6.80873,0.833231
6.89224,0.92096
6.07353,0.0541516
6.70342,0.941694
6.52357,0.53458
6.47941,0.961665
6.7987,0.91132
6.83554,0.924356
6.17104,0.933692
6.78693,0.847134
6.84273,0.924509
5.52074,0.819048
6.72994,0.912836
6.60249,0.953745
6.83655,0.883989
6.88206,0.918956
6.71134,0.940462
6.52637,0.921405
6.77327,0.907457
6.76119,0.930447
6.08684,0.0505332
6.77252,0.936715
6.56512,0.805794
6.69439,0.629822
4.72277,0.97681
6.83554,0.930675
6.78587,0.942374
6.86059,0.917874
6.84921,0.924166
6.81731,0.91862
6.7,0.912082
6.26142,0.97001
6.73687,0.920818
6.78831,0.913658
4.5239,0.735656
6.72899,0.912211
6.56859,0.741135
5.83981,0.0330229
6.66953,0.942197
6.08692,0.963495
6.83547,0.92588
6.92112,0.939435
6.74199,0.925964
6.6271,0.652266
6.92367,0.930171
6.58975,0.295886
6.38284,0.957899
6.90554,0.93568
6.86681,0.927128
6.61797,0.930667
6.61543,0.741858
6.90725,0.865079
6.59265,0.205
6.43202,0.143138
6.84385,0.918879
6.52158,0.959163
4.6082,0.988538
6.76775,0.912908
6.82365,0.926803
6.79987,0.721147
6.46172,0.957668
6.23046,0.184477
6.75762,0.521958
6.53716,0.944002
6.18413,0.962582
6.87737,0.936725
6.62015,0.952193
6.56392,0.949209
6.59851,0.948303
6.82524,0.905201
6.83799,0.928062
6.43019,0.954226
6.88722,0.920033
6.97267,0.933526
6.69204,0.924212
6.78652,0.928893
6.59546,0.951863
6.8671,0.918794
6.81369,0.921805
6.44303,0.645448
6.82188,0.913477
6.66761,0.595068
6.64734,0.701504
6.8506,0.736472
6.72411,0.928647
6.83028,0.908841
6.7246,0.932626
6.35445,0.967762
6.81325,0.923664
6.86382,0.872397
6.7815,0.942145
5.74747,0.94791
6.77031,0.929477
6.78492,0.871963
5.95714,0.0374318
4.48034,0.979854
6.75128,0.914221
6.34431,0.967144
6.73145,0.931904
6.72274,0.921358
6.81724,0.939503
6.8418,0.936442
6.68289,0.543147
6.79082,0.889915
6.81737,0.923772
6.53029,0.954313
6.16956,0.251584
6.7174,0.918032
6.8353,0.845017
6.23684,0.971342
5.33115,0.569292
6.82088,0.915766
6.90819,0.867518
6.72268,0.942883
5.9012,0.0364157
6.80581,0.90592
6.1307,0.0539754
6.72166,0.915867
5.97276,0.0362722
6.53236,0.742579
6.80412,0.908638
6.76755,0.937053
6.88195,0.940156
6.42148,0.942145
6.67128,0.954226
6.79919,0.926786
6.79284,0.932394
6.71197,0.916804
6.28538,0.209465
6.82157,0.921353
6.52363,0.962093
6.55597,0.952137
6.62184,0.954392
6.87366,0.919815
6.79415,0.938473
6.59212,0.947701
6.8194,0.908803
6.75805,0.915248
6.78472,0.91979
6.8905,0.935307
6.67994,0.566492
6.7953,0.907533
6.66381,0.923603
6.91929,0.920912
6.60984,0.95137
6.60677,0.951495
6.82223,0.924918
6.89798,0.928154
6.78795,0.866867
6.87503,0.901436
6.72035,0.912391
4.14132,0.831321
6.83478,0.850562
6.34417,0.969203
6.75139,0.918357
6.84334,0.926874
6.71577,0.402753
5.89676,0.0310498
6.03726,0.0438267
6.83307,0.864883
6.79218,0.94101
6.03428,0.970011
6.65274,0.7488
6.88842,0.924733
6.88047,0.917311
6.80927,0.904594
6.89215,0.874396
6.50524,0.416917
6.83384,0.925998
6.82522,0.925052
6.8222,0.93727
6.91619,0.924292
4.75816,0.725488
6.82539,0.923484
6.52533,0.670971
5.1987,0.92861
6.87832,0.557064
6.76061,0.934334
6.80789,0.924469
6.52571,0.87126
4.83026,0.961573
6.73975,0.940218
6.75312,0.938258
6.82825,0.857372
6.73137,0.916016
6.56512,0.662667
6.83378,0.924771
6.84637,0.91023
6.18544,0.366048
6.94175,0.923489
6.70748,0.946589
6.83028,0.868537
6.17468,0.169196
6.84298,0.868605
6.06984,0.0487871
5.39146,0.98059
6.78774,0.94093
6.17253,0.241073
6.93558,0.916908
6.5145,0.678669
6.77066,0.929039
6.75282,0.915021
6.74303,0.913644
6.75852,0.935261
6.93322,0.931253
6.83145,0.934007
6.80114,0.92803
6.73257,0.920581
6.66579,0.857883
6.80126,0.902619
6.78062,0.906183
6.87515,0.854972
6.84266,0.922885
6.69193,0.928025
6.5597,0.959539
6.88915,0.937723
6.72837,0.915787
5.92656,0.032879
6.62336,0.957419
6.80196,0.92425
5.99726,0.0430575
6.81808,0.941169
6.78102,0.884896
5.31254,0.704976
6.69229,0.915546
6.82098,0.907195
6.77982,0.938512
5.73698,0.913145
6.93458,0.91672
6.5307,0.958322
6.76359,0.943553
6.85313,0.938238
6.67324,0.615335
6.81908,0.927678
6.82603,0.906546
6.78649,0.887569
5.87175,0.0303684
6.64319,0.633636
6.794,0.892265
6.79734,0.942245
6.7353,0.438899
5.94391,0.039005
6.87567,0.922583
6.73736,0.913642
6.82211,0.922914
6.79738,0.889113
6.46848,0.960586
6.77682,0.929878
6.17424,0.919955
6.79412,0.87353
6.82118,0.924317
6.90584,0.919308
6.89527,0.938011
6.78113,0.937918
6.95153,0.875872
6.79868,0.875419
6.71556,0.916878
6.72622,0.915384
6.69736,0.915265
6.28943,0.93833
6.79122,0.900974
6.72819,0.915947
6.72602,0.914509
6.73904,0.930732
6.89075,0.621523
6.89429,0.918305
6.69528,0.944628
6.78959,0.924749
6.78898,0.933332
6.74899,0.921998
6.88599,0.924913
6.56556,0.955371
6.80281,0.905807
6.87659,0.900593
6.69273,0.918871
6.77283,0.923159
6.69355,0.613214
6.82639,0.905455
6.88765,0.900384
6.7582,0.927156
6.7463,0.914966
4.55412,0.751836
6.74893,0.943323
6.76122,0.939298
6.81199,0.921209
6.56679,0.960142
6.53947,0.674966
6.70856,0.92788
6.80607,0.92437
4.43201,0.762072
6.82272,0.853673
6.79563,0.910273
6.72527,0.913022
6.797,0.88996
6.88313,0.923387
6.90399,0.933557
6.28368,0.971369
5.79666,0.0306068
6.27413,0.960739
6.83374,0.908652
6.84529,0.938077
6.70078,0.950919
6.81145,0.920548
6.56654,0.831001
6.69284,0.504697
5.84273,0.0300904
6.7498,0.933048
6.86861,0.831846
6.80646,0.924756
6.80966,0.920262
6.74971,0.918319
6.73693,0.920541
6.74953,0.927456
6.65752,0.950155
6.65965,0.945568
6.78629,0.935793
6.78018,0.833793
6.31553,0.969747
6.69642,0.515474
6.75715,0.946802
6.87853,0.924456
6.88177,0.933817
6.75368,0.931679
6.47972,0.951428
6.70348,0.594812
6.36838,0.703699
6.88989,0.921871
6.7821,0.940676
6.72527,0.932668
6.64009,0.544509
6.71834,0.918565
6.91852,0.922941
5.62521,0.960332
6.76116,0.943169
6.77318,0.927022
6.43045,0.951376
6.0021,0.927206
6.77883,0.837892
6.86101,0.919048
6.80102,0.913049
6.74798,0.922304
6.80362,0.936922
6.69597,0.921745
6.84531,0.936657
6.62817,0.73055
6.27428,0.192101
6.82717,0.924386
6.82784,0.922983
6.58501,0.955761
6.3972,0.955928
6.74764,0.921582
6.77081,0.940726
6.66757,0.940953
6.803,0.926687
6.5451,0.953863
6.58383,0.955073
6.46519,0.954592
6.74269,0.944772
6.15406,0.0623513
6.81619,0.928621
6.60883,0.226386
6.55355,0.956273
6.89434,0.912792
6.51226,0.955783
6.71107,0.911971
6.71207,0.91751
6.554,0.758913
5.95258,0.915558
6.61284,0.95256
6.47036,0.963229
6.51702,0.960921
6.09523,0.727167
6.82953,0.929681
6.86218,0.936193
6.83716,0.923315
6.53579,0.954498
6.79869,0.937328
6.56395,0.953272
6.53237,0.960439
6.85833,0.851118
6.39609,0.960422
6.78882,0.929932
6.71056,0.939216
6.86805,0.938448
6.57133,0.953694
6.89362,0.918238
6.82528,0.874713
6.66347,0.953372
6.68362,0.817043
6.66467,0.953086
6.77639,0.932407
6.46332,0.938449
6.84377,0.863005
6.84441,0.917978
6.92154,0.923397
6.78483,0.940007
6.51312,0.955108
6.91466,0.928701
6.77751,0.883567
6.25749,0.970429
5.95598,0.036295
4.18931,0.890481
6.80648,0.934015
6.81874,0.923947
6.54722,0.742048
6.69681,0.92764
4.80276,0.969069
6.12756,0.398145
6.72271,0.935661
6.86301,0.899909
6.82344,0.851061
6.51159,0.160736
6.55814,0.959916
6.77508,0.929087
6.76837,0.597531
5.28248,0.953348
6.70613,0.940014
6.74762,0.912797
6.47727,0.80644
6.50296,0.929024
6.5583,0.334009
5.51234,0.934449
6.17176,0.350537
6.82945,0.938714
6.82296,0.781064
6.83838,0.833365
6.59387,0.951953
6.20214,0.921457
6.83412,0.933837
6.7752,0.866412
6.87092,0.917752
6.50281,0.133627
6.62789,0.95244
6.86069,0.883323
6.56805,0.949293
6.89863,0.924552
6.83543,0.922017
6.58933,0.953957
6.8064,0.906408
6.76749,0.92718
5.94122,0.0363947
4.87531,0.977644
6.7009,0.927565
6.63043,0.948667
5.94748,0.0340785
6.85642,0.924978
6.56998,0.623571
6.42578,0.412817
6.25131,0.194238
6.84044,0.922967
6.66897,0.94471
6.78241,0.935872
6.5356,0.191257
6.8139,0.911976
6.00137,0.0473387
6.36074,0.222285
6.81253,0.858432
6.83181,0.907281
6.78418,0.890542
6.84582,0.924438
6.32397,0.969329
6.58228,0.951287
6.77542,0.912555
6.12073,0.0539733
6.68498,0.532745
5.89057,0.0329963
6.61126,0.942158
6.8968,0.911552
6.83208,0.917568
6.65383,0.951074
6.39327,0.184823
6.38003,0.958758
6.57478,0.654436
6.77116,0.91693
6.82285,0.926744
6.8073,0.943521
5.93529,0.0367751
5.3762,0.915486
6.86573,0.923455
6.92153,0.922047
6.58197,0.9559
6.52986,0.951306
6.84214,0.861553
6.31922,0.959402
6.23416,0.0792742
6.81618,0.923892
6.78279,0.931394
6.31887,0.968682
6.71247,0.91793
6.40285,0.966077
6.72444,0.932526
6.62061,0.643475
6.39806,0.959013
5.97179,0.955532
6.91414,0.923563
6.84083,0.930912
6.1304,0.0517681
6.64965,0.948478
6.79107,0.947391
6.91403,0.920628
6.34544,0.93407
6.6062,0.934025
6.831,0.9239
6.74433,0.911909
6.8234,0.939999
4.38234,0.731725
6.75565,0.913602
6.7969,0.907272
6.61892,0.951301
6.48926,0.961719
6.76563,0.915637
6.88613,0.926231
6.60095,0.479779
6.8683,0.924459
6.70538,0.839385
6.38505,0.968235
6.68867,0.572177
6.56474,0.948599
6.76235,0.844095
6.85101,0.539571
6.85367,0.922291
6.53355,0.912024
6.79532,0.926132
6.91806,0.920371
6.78133,0.940502
6.7596,0.942956
4.2672,0.934682
5.4433,0.828566
6.77843,0.853736
6.79901,0.917882
6.29556,0.96965
6.65457,0.811715
6.39717,0.320997
6.54317,0.157883
6.35187,0.966895
6.69137,0.926026
6.81992,0.902455
5.84509,0.69226
6.46517,0.955899
6.76503,0.847139
6.79781,0.830949
6.4057,0.966165
6.66616,0.927776
6.84678,0.935046
6.26226,0.188768
6.2085,0.0904575
6.8366,0.926093
5.88395,0.0329826
6.71753,0.553241
6.70032,0.951091
6.66148,0.943952
6.89137,0.920758
6.0053,0.0443823
6.8166,0.940639
6.86328,0.899158
6.90683,0.92032
6.83349,0.930148
6.79806,0.923166
6.75078,0.937419
6.82961,0.926217
6.79361,0.844685
6.75033,0.911396
6.86843,0.921772
6.719,0.911643
6.75044,0.938483
6.13152,0.0596667
6.82836,0.933241
6.86472,0.941928
6.88142,0.920508
6.54686,0.95182
6.76453,0.931998
6.5906,0.414877
6.62743,0.613137
6.70526,0.947436
6.79055,0.898893
6.77584,0.844334
6.52042,0.955871
6.81057,0.922029
6.80965,0.91332
6.85461,0.919047
6.89615,0.926739
6.46294,0.954523
6.54231,0.671403
6.884,0.905282
6.77555,0.916592
6.36546,0.967067
6.68436,0.939405
6.54253,0.783649
6.6741,0.560289
6.86942,0.927805
6.74709,0.916371
6.81194,0.937145
6.73775,0.932596
6.79253,0.927213
6.79745,0.93994
6.74342,0.945683
6.86171,0.939396
6.73638,0.912592
6.84048,0.880571
6.55744,0.952908
6.21298,0.80197
6.87512,0.916684
6.86414,0.675721
6.51192,0.919258
6.77595,0.939647
6.24561,0.97095
6.80312,0.908203
6.79978,0.929041
6.87955,0.719145
6.67708,0.945335
6.78248,0.857206
4.96873,0.950871
6.72672,0.943403
6.88018,0.870067
6.74978,0.942317
6.74067,0.919797
6.00546,0.838882
6.79568,0.832503
6.60646,0.712657
6.82161,0.925405
6.85024,0.856525
6.88918,0.834528
6.78099,0.941392
6.31499,0.959533
6.89329,0.942708
6.83155,0.912197
6.74112,0.916128
6.75127,0.941757
6.56932,0.954704
6.74964,0.928122
6.85553,0.909485
6.83204,0.93784
6.80717,0.926475
6.81942,0.867231
6.70836,0.951084
6.92213,0.931316
6.53995,0.952349
6.62354,0.937113
6.68609,0.943759
6.58259,0.675779
6.73919,0.941693
6.82398,0.926413
6.02623,0.94277
6.77757,0.857464
6.7831,0.907281
6.35779,0.12304
6.81653,0.928698
6.72842,0.929223
6.78478,0.906497
6.4519,0.133707
6.4116,0.958247
6.56627,0.959888
6.87776,0.92463
6.90998,0.921597
6.89567,0.928175
6.4992,0.143367
6.85179,0.923129
6.65094,0.947864
6.84179,0.928128
6.73575,0.918391
