7.819104194641113281e-02
8.895918726921081543e-02
1.110950559377670288e-01
9.470477700233459473e-02
9.104158729314804077e-02
1.283763349056243896e-01
1.215408518910408020e-01
8.535519987344741821e-02
1.252225786447525024e-01
9.700030088424682617e-02
8.749159425497055054e-02
1.196923702955245972e-01
9.471110254526138306e-02
1.020497381687164307e-01
1.040564551949501038e-01
9.933336824178695679e-02
1.215885579586029053e-01
1.466201394796371460e-01
9.423483163118362427e-02
9.500554203987121582e-02
8.589837700128555298e-02
8.615734428167343140e-02
9.637887775897979736e-02
9.142991155385971069e-02
9.105771780014038086e-02
9.193664789199829102e-02
9.208432585000991821e-02
8.551988750696182251e-02
1.004912927746772766e-01
9.412282705307006836e-02
1.086811646819114685e-01
9.196507930755615234e-02
7.975576817989349365e-02
1.688355207443237305e-01
9.527540206909179688e-02
1.593468338251113892e-01
1.116307973861694336e-01
8.512238413095474243e-02
9.402376413345336914e-02
8.729858696460723877e-02
9.179169684648513794e-02
8.313564211130142212e-02
8.916022628545761108e-02
8.944796025753021240e-02
1.357663273811340332e-01
8.727155625820159912e-02
8.471167832612991333e-02
9.293741732835769653e-02
8.330719172954559326e-02
9.254425764083862305e-02
9.854228049516677856e-02
9.765071421861648560e-02
8.568453043699264526e-02
8.441153913736343384e-02
9.129562228918075562e-02
8.594590425491333008e-02
9.418655931949615479e-02
9.805399179458618164e-02
9.599216282367706299e-02
7.907324284315109253e-02
7.863266766071319580e-02
1.054219976067543030e-01
9.212064743041992188e-02
9.247224777936935425e-02
1.230657249689102173e-01
1.231753602623939514e-01
9.125431627035140991e-02
9.599395096302032471e-02
9.270100295543670654e-02
9.220273792743682861e-02
8.681801706552505493e-02
9.154774248600006104e-02
8.788321167230606079e-02
9.429811686277389526e-02
1.063207983970642090e-01
9.207666665315628052e-02
9.263023734092712402e-02
9.069889038801193237e-02
9.667126089334487915e-02
1.084631606936454773e-01
9.158895909786224365e-02
8.946327120065689087e-02
1.174527034163475037e-01
9.515529125928878784e-02
9.249826520681381226e-02
9.349235147237777710e-02
9.343708306550979614e-02
1.077519059181213379e-01
8.826031535863876343e-02
9.215254336595535278e-02
9.620019793510437012e-02
8.981306105852127075e-02
8.931328356266021729e-02
9.540255367755889893e-02
8.964078873395919800e-02
8.339311927556991577e-02
1.055969744920730591e-01
9.468947350978851318e-02
8.642059564590454102e-02
9.120144695043563843e-02
1.137823238968849182e-01
9.185700118541717529e-02
9.042144566774368286e-02
8.525811880826950073e-02
9.169143438339233398e-02
1.094156950712203979e-01
9.003341197967529297e-02
9.070211648941040039e-02
9.011766314506530762e-02
1.110166534781455994e-01
1.070556268095970154e-01
9.615640342235565186e-02
9.307403117418289185e-02
1.054355651140213013e-01
9.038069099187850952e-02
9.331748634576797485e-02
1.086338609457015991e-01
9.067623317241668701e-02
9.063116461038589478e-02
8.854157477617263794e-02
9.028512984514236450e-02
9.819372743368148804e-02
8.770435303449630737e-02
1.455350816249847412e-01
9.151612222194671631e-02
9.508994966745376587e-02
9.089339524507522583e-02
8.956833928823471069e-02
9.475541859865188599e-02
8.039417862892150879e-02
7.990251481533050537e-02
9.211821109056472778e-02
8.012130111455917358e-02
1.337599754333496094e-01
9.035211801528930664e-02
9.029832482337951660e-02
1.122369989752769470e-01
8.606024086475372314e-02
8.055740594863891602e-02
8.914370834827423096e-02
9.315035492181777954e-02
9.840087592601776123e-02
1.052148640155792236e-01
9.358226507902145386e-02
9.924483299255371094e-02
1.504133790731430054e-01
9.262350201606750488e-02
1.482670754194259644e-01
1.157657429575920105e-01
9.697000682353973389e-02
9.309611469507217407e-02
1.184305772185325623e-01
9.420473128557205200e-02
8.431415259838104248e-02
1.418991684913635254e-01
1.259804219007492065e-01
9.368835389614105225e-02
1.058053597807884216e-01
1.345596015453338623e-01
8.959034085273742676e-02
9.223525226116180420e-02
9.244733303785324097e-02
9.152941405773162842e-02
9.398955851793289185e-02
1.233104020357131958e-01
1.014035716652870178e-01
1.191544085741043091e-01
8.605406433343887329e-02
9.002109616994857788e-02
7.940567284822463989e-02
1.019052863121032715e-01
1.312791407108306885e-01
9.400934725999832153e-02
9.249693900346755981e-02
1.088375523686408997e-01
1.016584709286689758e-01
9.743949770927429199e-02
8.428255468606948853e-02
8.670318871736526489e-02
9.043020009994506836e-02
9.236306697130203247e-02
9.389967471361160278e-02
1.181584671139717102e-01
1.078554838895797729e-01
1.025167778134346008e-01
1.034403443336486816e-01
8.542753010988235474e-02
9.336633980274200439e-02
9.569831937551498413e-02
9.412484616041183472e-02
8.855017274618148804e-02
8.679508417844772339e-02
9.473492950201034546e-02
9.392444044351577759e-02
1.038356646895408630e-01
9.141297638416290283e-02
9.612387418746948242e-02
1.066037118434906006e-01
8.961731940507888794e-02
1.156589761376380920e-01
1.080527678132057190e-01
9.242326766252517700e-02
8.515612035989761353e-02
9.565568715333938599e-02
1.068098023533821106e-01
1.080628708004951477e-01
9.386068582534790039e-02
9.739174693822860718e-02
9.191197156906127930e-02
1.311601400375366211e-01
9.556435048580169678e-02
7.925309240818023682e-02
8.593365550041198730e-02
8.611857146024703979e-02
9.746245294809341431e-02
9.057901799678802490e-02
9.284318238496780396e-02
1.072167754173278809e-01
9.223978221416473389e-02
8.964884281158447266e-02
1.416497528553009033e-01
9.193973988294601440e-02
9.462819993495941162e-02
8.572416752576828003e-02
8.465686440467834473e-02
1.011311337351799011e-01
9.365724027156829834e-02
9.056513756513595581e-02
8.968336880207061768e-02
9.643413126468658447e-02
9.475150704383850098e-02
7.551081478595733643e-02
8.675854653120040894e-02
1.186998039484024048e-01
9.406326711177825928e-02
8.984991908073425293e-02
1.526500880718231201e-01
9.088104218244552612e-02
9.264282882213592529e-02
8.616504818201065063e-02
9.260691702365875244e-02
9.251338988542556763e-02
1.003339812159538269e-01
9.254363924264907837e-02
9.156457334756851196e-02
9.239096939563751221e-02
9.778029471635818481e-02
9.394773095846176147e-02
9.629327058792114258e-02
1.028910279273986816e-01
9.171390533447265625e-02
9.181214123964309692e-02
9.120246767997741699e-02
9.150724112987518311e-02
1.071949750185012817e-01
1.195157468318939209e-01
1.065320372581481934e-01
1.068029776215553284e-01
1.061563566327095032e-01
9.406621009111404419e-02
1.386450827121734619e-01
9.747416526079177856e-02
1.108918711543083191e-01
8.340805023908615112e-02
1.172507777810096741e-01
8.913499861955642700e-02
9.608176350593566895e-02
9.406997263431549072e-02
8.974792063236236572e-02
9.657155722379684448e-02
1.073565930128097534e-01
1.002734750509262085e-01
9.214953333139419556e-02
1.272988468408584595e-01
9.302990138530731201e-02
9.459145367145538330e-02
1.274667382240295410e-01
8.108571171760559082e-02
9.426995366811752319e-02
8.590997010469436646e-02
9.142986685037612915e-02
1.276959329843521118e-01
1.046730428934097290e-01
1.219203248620033264e-01
9.302455931901931763e-02
1.294407099485397339e-01
9.147657454013824463e-02
8.655487746000289917e-02
1.011666059494018555e-01
9.000023454427719116e-02
9.176418930292129517e-02
9.408517926931381226e-02
8.417429774999618530e-02
9.086585789918899536e-02
9.584438800811767578e-02
1.223426014184951782e-01
8.907039463520050049e-02
8.707249164581298828e-02
8.538741618394851685e-02
9.153364598751068115e-02
1.203215196728706360e-01
1.085823625326156616e-01
8.566453307867050171e-02
1.087214648723602295e-01
1.016250550746917725e-01
9.118172526359558105e-02
8.728393167257308960e-02
8.620414882898330688e-02
9.247110038995742798e-02
1.214155033230781555e-01
1.096624881029129028e-01
1.037127748131752014e-01
1.075981557369232178e-01
1.484697163105010986e-01
8.734886348247528076e-02
9.275976568460464478e-02
8.626832067966461182e-02
8.190752565860748291e-02
8.120699971914291382e-02
9.136497229337692261e-02
8.001401275396347046e-02
1.466978192329406738e-01
9.783343970775604248e-02
9.029728919267654419e-02
9.314902126789093018e-02
8.985887467861175537e-02
9.475474059581756592e-02
1.378969550132751465e-01
9.799614548683166504e-02
8.538499474525451660e-02
1.015604585409164429e-01
1.016669347882270813e-01
9.610024839639663696e-02
8.480691909790039062e-02
1.067807003855705261e-01
8.464729785919189453e-02
1.100084483623504639e-01
8.947680145502090454e-02
8.783949166536331177e-02
1.224131509661674500e-01
1.207381114363670349e-01
9.961248189210891724e-02
8.407110720872879028e-02
9.987890720367431641e-02
9.287855774164199829e-02
1.186497509479522705e-01
9.301559627056121826e-02
9.460376948118209839e-02
8.928945660591125488e-02
9.427800029516220093e-02
9.192057698965072632e-02
1.586481034755706787e-01
9.224042296409606934e-02
8.806564658880233765e-02
8.636704087257385254e-02
8.575442433357238770e-02
9.683159738779067993e-02
8.889513462781906128e-02
9.257300943136215210e-02
1.423581391572952271e-01
1.069884151220321655e-01
1.026545315980911255e-01
8.891671150922775269e-02
7.995522022247314453e-02
9.173059463500976562e-02
9.110429883003234863e-02
9.499520808458328247e-02
1.104859635233879089e-01
9.271068125963211060e-02
9.465938061475753784e-02
9.382173418998718262e-02
8.345131576061248779e-02
1.053261980414390564e-01
9.401696920394897461e-02
1.185849905014038086e-01
9.605340659618377686e-02
9.824480116367340088e-02
9.450423717498779297e-02
9.185256063938140869e-02
8.835548162460327148e-02
9.630980342626571655e-02
9.296330064535140991e-02
9.243860840797424316e-02
9.230089932680130005e-02
7.589511573314666748e-02
9.104710072278976440e-02
9.249532967805862427e-02
1.077838167548179626e-01
1.064001396298408508e-01
9.545160830020904541e-02
1.477401703596115112e-01
1.388878673315048218e-01
9.964364767074584961e-02
8.208087086677551270e-02
9.706579893827438354e-02
9.064231812953948975e-02
9.384558349847793579e-02
9.080593287944793701e-02
9.167093038558959961e-02
1.317266672849655151e-01
8.265977352857589722e-02
8.897434920072555542e-02
8.657656610012054443e-02
9.254965931177139282e-02
8.904796838760375977e-02
1.034304574131965637e-01
8.506002277135848999e-02
1.235738098621368408e-01
9.165274351835250854e-02
9.210663288831710815e-02
8.349201083183288574e-02
9.190120548009872437e-02
9.662491828203201294e-02
1.227800622582435608e-01
8.043590188026428223e-02
1.048748046159744263e-01
1.106749475002288818e-01
1.269123852252960205e-01
7.970079779624938965e-02
1.440411806106567383e-01
1.250249743461608887e-01
1.072342172265052795e-01
1.100830137729644775e-01
9.578350931406021118e-02
9.161643683910369873e-02
8.966049551963806152e-02
9.141749143600463867e-02
8.718780428171157837e-02
9.327411651611328125e-02
8.217450231313705444e-02
8.994428813457489014e-02
9.134683012962341309e-02
1.077646985650062561e-01
8.465732634067535400e-02
1.245102062821388245e-01
8.898553252220153809e-02
1.220221668481826782e-01
9.580134600400924683e-02
1.024658530950546265e-01
1.217688843607902527e-01
9.502119570970535278e-02
9.264940768480300903e-02
8.616233617067337036e-02
9.214448183774948120e-02
9.703818708658218384e-02
8.864357322454452515e-02
9.174181520938873291e-02
1.174051016569137573e-01
9.661415964365005493e-02
9.053117781877517700e-02
9.780663996934890747e-02
9.589421749114990234e-02
9.032873064279556274e-02
8.746012300252914429e-02
9.176152199506759644e-02
9.758189320564270020e-02
8.000354468822479248e-02
1.041142269968986511e-01
1.170373409986495972e-01
9.546599537134170532e-02
9.180145710706710815e-02
9.121773391962051392e-02
9.161210805177688599e-02
9.196685254573822021e-02
1.211578249931335449e-01
1.576278954744338989e-01
9.056107699871063232e-02
9.429578483104705811e-02
9.186070412397384644e-02
9.892924129962921143e-02
9.966702759265899658e-02
9.438698738813400269e-02
1.183240339159965515e-01
1.237683296203613281e-01
9.769085794687271118e-02
9.107337146997451782e-02
9.332605451345443726e-02
8.291957527399063110e-02
1.198524534702301025e-01
9.228714555501937866e-02
1.005861684679985046e-01
8.565612137317657471e-02
9.208935499191284180e-02
8.749712258577346802e-02
1.358651071786880493e-01
1.083553507924079895e-01
9.052345156669616699e-02
8.345081657171249390e-02
9.355286508798599243e-02
9.145904332399368286e-02
9.577467292547225952e-02
8.859449625015258789e-02
9.467189013957977295e-02
8.630222082138061523e-02
1.183932274580001831e-01
8.622443675994873047e-02
1.095086559653282166e-01
8.631950616836547852e-02
1.330508887767791748e-01
9.747290611267089844e-02
9.301438182592391968e-02
8.077927678823471069e-02
9.212451428174972534e-02
9.370762854814529419e-02
9.043105691671371460e-02
9.307605028152465820e-02
9.174870699644088745e-02
7.745444029569625854e-02
8.928115665912628174e-02
9.397817403078079224e-02
8.511929959058761597e-02
1.237177923321723938e-01
9.843635559082031250e-02
9.610854834318161011e-02
8.737642318010330200e-02
9.365326911211013794e-02
9.946046024560928345e-02
8.629245311021804810e-02
9.030219912528991699e-02
8.677991479635238647e-02
9.671236574649810791e-02
1.308529675006866455e-01
9.345203638076782227e-02
8.567705005407333374e-02
9.365947544574737549e-02
9.232189506292343140e-02
8.964647352695465088e-02
1.455594748258590698e-01
8.320460468530654907e-02
8.352980017662048340e-02
9.691923111677169800e-02
1.394996494054794312e-01
9.114429354667663574e-02
8.845262229442596436e-02
9.420457482337951660e-02
9.129609912633895874e-02
1.012815535068511963e-01
1.249637380242347717e-01
9.336446970701217651e-02
1.636145263910293579e-01
8.822292834520339966e-02
8.800949901342391968e-02
9.417723864316940308e-02
1.089563593268394470e-01
9.851491451263427734e-02
9.052388370037078857e-02
9.272357076406478882e-02
9.382021427154541016e-02
1.101816594600677490e-01
1.448263823986053467e-01
8.428263664245605469e-02
8.455608040094375610e-02
1.182965338230133057e-01
9.380838274955749512e-02
8.891652524471282959e-02
8.166822791099548340e-02
8.597754687070846558e-02
9.239744395017623901e-02
8.682290464639663696e-02
1.089871227741241455e-01
1.078888177871704102e-01
1.052397489547729492e-01
1.035838574171066284e-01
1.340064108371734619e-01
9.326124191284179688e-02
8.665977418422698975e-02
8.800767362117767334e-02
9.630066156387329102e-02
9.993664175271987915e-02
8.872878551483154297e-02
9.639576822519302368e-02
1.060985699295997620e-01
8.342237025499343872e-02
1.458683162927627563e-01
1.211616322398185730e-01
8.160345256328582764e-02
1.217497885227203369e-01
1.132426261901855469e-01
8.777827769517898560e-02
9.730113297700881958e-02
9.814660996198654175e-02
1.170009896159172058e-01
7.925734668970108032e-02
8.583170175552368164e-02
9.919711947441101074e-02
7.625497877597808838e-02
1.014129817485809326e-01
9.031671285629272461e-02
7.943941652774810791e-02
9.795333445072174072e-02
1.270779669284820557e-01
9.276582300662994385e-02
1.257617026567459106e-01
9.710449725389480591e-02
9.354570508003234863e-02
1.312756985425949097e-01
9.761901199817657471e-02
1.059833839535713196e-01
9.341044723987579346e-02
8.830086886882781982e-02
8.543417602777481079e-02
9.391535073518753052e-02
1.034571453928947449e-01
7.655414938926696777e-02
9.350017458200454712e-02
9.405855834484100342e-02
1.695535928010940552e-01
8.880851417779922485e-02
8.056984841823577881e-02
9.667077660560607910e-02
8.396872133016586304e-02
9.597797691822052002e-02
1.198280304670333862e-01
9.803148359060287476e-02
9.122904390096664429e-02
1.024259477853775024e-01
8.900868147611618042e-02
1.219675093889236450e-01
9.486480057239532471e-02
9.929358959197998047e-02
1.045102849602699280e-01
1.073813214898109436e-01
9.375178813934326172e-02
8.920774608850479126e-02
1.126523166894912720e-01
1.086618676781654358e-01
9.331181645393371582e-02
9.249751269817352295e-02
9.168732166290283203e-02
9.180656075477600098e-02
1.226084381341934204e-01
1.391626298427581787e-01
8.544517308473587036e-02
1.438794732093811035e-01
8.625466376543045044e-02
7.888204604387283325e-02
1.232084333896636963e-01
9.330743551254272461e-02
9.168279916048049927e-02
1.226022467017173767e-01
9.158787131309509277e-02
1.035057231783866882e-01
9.633724391460418701e-02
8.391156792640686035e-02
1.025468483567237854e-01
9.532720595598220825e-02
9.283766895532608032e-02
1.123497113585472107e-01
8.877708017826080322e-02
1.459223777055740356e-01
1.417859196662902832e-01
8.473590016365051270e-02
1.335088610649108887e-01
9.022928774356842041e-02
9.770096838474273682e-02
1.083500534296035767e-01
1.062186881899833679e-01
9.133781492710113525e-02
8.361580222845077515e-02
9.480827301740646362e-02
1.553886234760284424e-01
9.197183698415756226e-02
1.167840287089347839e-01
1.095157042145729065e-01
9.729696065187454224e-02
9.131255745887756348e-02
8.642191439867019653e-02
9.884110838174819946e-02
1.248889788985252380e-01
7.937684655189514160e-02
9.289065003395080566e-02
1.087692528963088989e-01
7.734987884759902954e-02
8.475208282470703125e-02
8.539041131734848022e-02
9.447389096021652222e-02
9.282177686691284180e-02
1.268981844186782837e-01
9.724867343902587891e-02
1.074558719992637634e-01
8.775278925895690918e-02
9.492620080709457397e-02
9.366619586944580078e-02
1.020373255014419556e-01
1.136152818799018860e-01
9.042323380708694458e-02
9.138359874486923218e-02
8.978839218616485596e-02
8.339574187994003296e-02
1.108130589127540588e-01
9.685247391462326050e-02
9.761323779821395874e-02
9.353943914175033569e-02
1.101593300700187683e-01
9.161920845508575439e-02
8.942024409770965576e-02
9.018592536449432373e-02
8.902264386415481567e-02
9.542309492826461792e-02
1.189868897199630737e-01
1.518618911504745483e-01
1.178450584411621094e-01
9.845510870218276978e-02
8.789587020874023438e-02
9.800397604703903198e-02
9.088641405105590820e-02
9.654656052589416504e-02
1.160080581903457642e-01
9.363069385290145874e-02
8.997047692537307739e-02
9.284806996583938599e-02
8.390990644693374634e-02
1.344763487577438354e-01
9.395438432693481445e-02
9.485106915235519409e-02
9.429245442152023315e-02
8.204027265310287476e-02
9.363985061645507812e-02
8.941926062107086182e-02
8.798485249280929565e-02
9.358494728803634644e-02
1.103421747684478760e-01
1.245673373341560364e-01
9.448968619108200073e-02
1.289133876562118530e-01
9.070821106433868408e-02
9.250644594430923462e-02
1.423491537570953369e-01
1.244361624121665955e-01
9.262133389711380005e-02
8.990443497896194458e-02
1.082317829132080078e-01
9.891489893198013306e-02
1.029838249087333679e-01
8.839137852191925049e-02
1.022682636976242065e-01
9.254564344882965088e-02
9.281400591135025024e-02
9.239504486322402954e-02
1.368319541215896606e-01
9.132625162601470947e-02
9.151339530944824219e-02
9.014736115932464600e-02
8.966412395238876343e-02
1.020527780055999756e-01
1.079189181327819824e-01
9.338308125734329224e-02
9.454996883869171143e-02
9.640254825353622437e-02
1.113886013627052307e-01
1.092349812388420105e-01
8.445478230714797974e-02
1.110874786972999573e-01
8.732179552316665649e-02
1.423285752534866333e-01
8.785658329725265503e-02
9.968718141317367554e-02
9.210211038589477539e-02
9.309002757072448730e-02
8.885227143764495850e-02
1.102685406804084778e-01
9.688319265842437744e-02
8.807243406772613525e-02
1.229021921753883362e-01
1.321690380573272705e-01
9.125943481922149658e-02
7.574251294136047363e-02
8.087063580751419067e-02
1.030801162123680115e-01
8.717548102140426636e-02
9.325031936168670654e-02
9.207642078399658203e-02
8.980836719274520874e-02
8.129715174436569214e-02
7.923858612775802612e-02
9.213830530643463135e-02
9.822962433099746704e-02
1.314184665679931641e-01
8.620941638946533203e-02
9.160931408405303955e-02
9.818204492330551147e-02
9.437164664268493652e-02
9.367057681083679199e-02
1.218567118048667908e-01
9.541720896959304810e-02
8.468621224164962769e-02
9.972252696752548218e-02
9.024081379175186157e-02
8.705264329910278320e-02
9.425710141658782959e-02
9.075119346380233765e-02
9.437917917966842651e-02
8.343589305877685547e-02
9.281673282384872437e-02
9.425669163465499878e-02
9.401795268058776855e-02
9.254423528909683228e-02
8.024506270885467529e-02
8.617641031742095947e-02
8.703517168760299683e-02
9.387892484664916992e-02
8.588310331106185913e-02
9.426995366811752319e-02
9.141071140766143799e-02
9.051710367202758789e-02
8.348161727190017700e-02
9.322758018970489502e-02
9.313462674617767334e-02
1.093389242887496948e-01
9.025538712739944458e-02
8.753580600023269653e-02
8.602587878704071045e-02
8.369998633861541748e-02
1.136541366577148438e-01
1.075753048062324524e-01
9.159208834171295166e-02
8.497498929500579834e-02
9.309098124504089355e-02
9.046468138694763184e-02
1.189458742737770081e-01
8.560262620449066162e-02
9.179817885160446167e-02
9.481991082429885864e-02
9.947749227285385132e-02
9.268685430288314819e-02
8.886229246854782104e-02
8.063624799251556396e-02
9.528335183858871460e-02
9.073819220066070557e-02
1.587265729904174805e-01
1.429030299186706543e-01
9.500755369663238525e-02
1.098326444625854492e-01
9.193977713584899902e-02
8.344745635986328125e-02
1.086973622441291809e-01
9.151854366064071655e-02
8.919549733400344849e-02
9.174805134534835815e-02
9.362410753965377808e-02
1.190382465720176697e-01
9.410532563924789429e-02
8.388252556324005127e-02
1.198363453149795532e-01
8.832784742116928101e-02
9.169927984476089478e-02
9.275600314140319824e-02
1.147647127509117126e-01
8.591863512992858887e-02
9.412823617458343506e-02
9.848696738481521606e-02
8.712641894817352295e-02
1.380452364683151245e-01
8.797058463096618652e-02
9.243959933519363403e-02
1.091952249407768250e-01
9.439079463481903076e-02
9.694238752126693726e-02
9.349103271961212158e-02
1.037602871656417847e-01
9.702940285205841064e-02
9.382943063974380493e-02
8.750997483730316162e-02
8.634079247713088989e-02
9.503968060016632080e-02
9.227530658245086670e-02
9.565254300832748413e-02
9.232378751039505005e-02
8.201115578413009644e-02
1.108795553445816040e-01
8.927728235721588135e-02
9.530948102474212646e-02
8.862432837486267090e-02
9.113388508558273315e-02
1.550279557704925537e-01
8.559276908636093140e-02
1.067788451910018921e-01
8.407549560070037842e-02
8.578573167324066162e-02
9.048165380954742432e-02
8.466430753469467163e-02
9.823538362979888916e-02
9.375992417335510254e-02
8.251420408487319946e-02
9.197466075420379639e-02
9.087412804365158081e-02
1.268046498298645020e-01
8.854083716869354248e-02
9.213431179523468018e-02
1.064794957637786865e-01
1.185561567544937134e-01
9.163131564855575562e-02
9.310343861579895020e-02
1.051821336150169373e-01
8.920134603977203369e-02
9.553468972444534302e-02
1.000528708100318909e-01
9.366731345653533936e-02
1.090503856539726257e-01
1.069035604596138000e-01
9.129323065280914307e-02
9.100636839866638184e-02
8.378545939922332764e-02
1.086066961288452148e-01
1.002507731318473816e-01
9.241394698619842529e-02
8.321369439363479614e-02
9.176331758499145508e-02
9.301231801509857178e-02
8.527407795190811157e-02
9.216884523630142212e-02
1.090646386146545410e-01
9.641978889703750610e-02
1.125073507428169250e-01
8.863717317581176758e-02
9.463126957416534424e-02
1.300578266382217407e-01
8.661951124668121338e-02
9.165720641613006592e-02
9.215623140335083008e-02
9.732493758201599121e-02
1.089133471250534058e-01
9.240172058343887329e-02
9.017670154571533203e-02
1.151234135031700134e-01
1.447973251342773438e-01
9.596635401248931885e-02
9.543608874082565308e-02
8.739377558231353760e-02
1.192400902509689331e-01
1.076348498463630676e-01
9.104832261800765991e-02
9.345116466283798218e-02
9.732911735773086548e-02
8.696823567152023315e-02
1.026084050536155701e-01
9.127211570739746094e-02
8.861515671014785767e-02
8.612652122974395752e-02
9.185505658388137817e-02
1.465783417224884033e-01
1.287641376256942749e-01
9.118378907442092896e-02
1.210834085941314697e-01
1.065302789211273193e-01
1.095922067761421204e-01
1.199888661503791809e-01
9.121468663215637207e-02
9.168474376201629639e-02
1.092123016715049744e-01
1.206521019339561462e-01
8.536185324192047119e-02
1.064293980598449707e-01
8.028999716043472290e-02
1.111972332000732422e-01
1.017402857542037964e-01
9.570655971765518188e-02
9.632601588964462280e-02
1.138900145888328552e-01
1.291378885507583618e-01
9.120974689722061157e-02
9.098792821168899536e-02
1.137409880757331848e-01
9.302417933940887451e-02
1.373124122619628906e-01
8.691973239183425903e-02
1.048824563622474670e-01
8.555898815393447876e-02
9.181965142488479614e-02
1.266404390335083008e-01
8.657722920179367065e-02
9.488547593355178833e-02
1.191115751862525940e-01
9.441624581813812256e-02
9.487106651067733765e-02
9.644456952810287476e-02
9.278898686170578003e-02
9.134182333946228027e-02
1.017249524593353271e-01
8.697735518217086792e-02
9.391886740922927856e-02
9.416943043470382690e-02
9.168719500303268433e-02
1.095581427216529846e-01
1.380053907632827759e-01
8.356025815010070801e-02
8.796957880258560181e-02
9.602838009595870972e-02
1.122971922159194946e-01
9.064203500747680664e-02
1.019851341843605042e-01
7.918797433376312256e-02
9.072157740592956543e-02
1.067351177334785461e-01
9.811516851186752319e-02
9.194044023752212524e-02
8.526556193828582764e-02
7.869745045900344849e-02
9.908206015825271606e-02
1.369512230157852173e-01
8.369306474924087524e-02
1.182364448904991150e-01
8.519627153873443604e-02
8.856990933418273926e-02
9.366474300622940063e-02
1.704834252595901489e-01
9.309065341949462891e-02
9.303471446037292480e-02
1.315347701311111450e-01
9.500037133693695068e-02
1.011637374758720398e-01
9.384703636169433594e-02
8.821773529052734375e-02
9.231758117675781250e-02
1.114595308899879456e-01
9.329297393560409546e-02
9.885954111814498901e-02
1.092698648571968079e-01
9.152864664793014526e-02
1.096832826733589172e-01
1.125068664550781250e-01
9.015133976936340332e-02
9.574654698371887207e-02
9.183320403099060059e-02
9.441109746694564819e-02
9.563504904508590698e-02
9.534998238086700439e-02
1.100712493062019348e-01
9.016864001750946045e-02
9.152670204639434814e-02
9.196209907531738281e-02
8.848042041063308716e-02
8.612025529146194458e-02
8.205011487007141113e-02
1.082325279712677002e-01
8.948898315429687500e-02
9.648803621530532837e-02
9.398850798606872559e-02
8.671588450670242310e-02
1.028117015957832336e-01
9.120568633079528809e-02
9.744974225759506226e-02
8.437013626098632812e-02
8.116356283426284790e-02
9.107198566198348999e-02
9.217963367700576782e-02
9.429796040058135986e-02
9.125471115112304688e-02
9.150034934282302856e-02
9.249228984117507935e-02
1.174740418791770935e-01
8.701801300048828125e-02
9.290786087512969971e-02
1.038964837789535522e-01
9.320331364870071411e-02
9.624665230512619019e-02
8.545446395874023438e-02
1.202636137604713440e-01
9.230210632085800171e-02
1.055522486567497253e-01
9.358445554971694946e-02
9.292522817850112915e-02
9.527849406003952026e-02
1.084236800670623779e-01
9.152672439813613892e-02
8.328317850828170776e-02
9.105379134416580200e-02
8.663716912269592285e-02
9.344470500946044922e-02
9.244345873594284058e-02
7.647450268268585205e-02
8.549822121858596802e-02
1.274725794792175293e-01
9.383088350296020508e-02
1.076378524303436279e-01
1.101079210638999939e-01
9.385854005813598633e-02
9.058869630098342896e-02
8.925876766443252563e-02
1.062898710370063782e-01
9.042409807443618774e-02
1.451131850481033325e-01
1.336018592119216919e-01
9.285559505224227905e-02
8.319647610187530518e-02
9.335051476955413818e-02
8.791909366846084595e-02
9.114779531955718994e-02
1.041202321648597717e-01
8.700618892908096313e-02
1.170884147286415100e-01
9.125851839780807495e-02
1.070189550518989563e-01
8.434825390577316284e-02
9.209717065095901489e-02
9.258525818586349487e-02
8.939491957426071167e-02
8.505809307098388672e-02
1.075084358453750610e-01
1.170220822095870972e-01
8.602481335401535034e-02
8.980000019073486328e-02
8.985165506601333618e-02
1.226650178432464600e-01
1.112172305583953857e-01
9.236823767423629761e-02
9.161116927862167358e-02
9.211620688438415527e-02
7.977100461721420288e-02
9.536001086235046387e-02
1.458218693733215332e-01
8.927121758460998535e-02
8.488401025533676147e-02
8.394518494606018066e-02
1.010390967130661011e-01
9.918853640556335449e-02
9.064240753650665283e-02
9.574754536151885986e-02
9.476856142282485962e-02
9.330329298973083496e-02
9.101819247007369995e-02
9.225148707628250122e-02
9.535221010446548462e-02
9.443887323141098022e-02
9.465949237346649170e-02
9.225746989250183105e-02
9.446904808282852173e-02
1.100860014557838440e-01
1.485356986522674561e-01
1.175420656800270081e-01
9.300918877124786377e-02
9.236207604408264160e-02
8.604817837476730347e-02
7.583063095808029175e-02
1.061559543013572693e-01
1.127363070845603943e-01
8.178280293941497803e-02
1.060389354825019836e-01
9.975282102823257446e-02
8.813597261905670166e-02
9.200210124254226685e-02
9.106422960758209229e-02
1.066541001200675964e-01
1.005293726921081543e-01
8.395621180534362793e-02
9.813655167818069458e-02
9.246657788753509521e-02
9.924784302711486816e-02
9.336711466312408447e-02
9.712406247854232788e-02
9.692888706922531128e-02
1.074510589241981506e-01
9.284255653619766235e-02
1.356227844953536987e-01
1.025826483964920044e-01
9.609156847000122070e-02
8.648228645324707031e-02
8.510525524616241455e-02
8.317907899618148804e-02
9.239932149648666382e-02
9.242741018533706665e-02
8.912313729524612427e-02
1.086995378136634827e-01
8.021447807550430298e-02
9.111105650663375854e-02
1.135967001318931580e-01
1.018364802002906799e-01
9.170912206172943115e-02
1.288245022296905518e-01
9.046567231416702271e-02
1.105731353163719177e-01
8.708224445581436157e-02
9.223406761884689331e-02
9.799976646900177002e-02
8.477710187435150146e-02
1.085585728287696838e-01
8.727476000785827637e-02
1.065226122736930847e-01
9.279786050319671631e-02
9.326729178428649902e-02
9.402396529912948608e-02
1.262195855379104614e-01
9.536732733249664307e-02
9.161287546157836914e-02
1.044293045997619629e-01
9.148239344358444214e-02
1.179640516638755798e-01
1.078280508518218994e-01
9.543954581022262573e-02
1.149048358201980591e-01
9.487447887659072876e-02
9.849648177623748779e-02
9.337606281042098999e-02
9.789596498012542725e-02
1.499496102333068848e-01
1.045162156224250793e-01
9.415889531373977661e-02
1.386206895112991333e-01
9.630133211612701416e-02
9.209723770618438721e-02
9.238520264625549316e-02
9.127967059612274170e-02
9.545420110225677490e-02
1.394033581018447876e-01
8.928734809160232544e-02
8.295439183712005615e-02
1.053272038698196411e-01
9.181573241949081421e-02
9.463334083557128906e-02
8.173176646232604980e-02
1.154853329062461853e-01
1.262201815843582153e-01
9.320304542779922485e-02
9.163133800029754639e-02
9.060599654912948608e-02
1.066495180130004883e-01
8.750697225332260132e-02
9.124187380075454712e-02
8.911372721195220947e-02
1.165755540132522583e-01
9.125383943319320679e-02
8.953891694545745850e-02
9.185163676738739014e-02
1.135818064212799072e-01
9.434217214584350586e-02
1.177541464567184448e-01
8.852576464414596558e-02
8.933636546134948730e-02
1.096578389406204224e-01
1.368292272090911865e-01
8.890268206596374512e-02
1.213996410369873047e-01
1.115642562508583069e-01
9.379471838474273682e-02
9.011325985193252563e-02
8.619841933250427246e-02
8.820719271898269653e-02
1.275976151227951050e-01
8.453957736492156982e-02
9.221674501895904541e-02
8.287589251995086670e-02
1.099229231476783752e-01
9.501621127128601074e-02
1.061897501349449158e-01
8.281302452087402344e-02
9.348437190055847168e-02
1.020684689283370972e-01
8.772636950016021729e-02
9.030205011367797852e-02
9.043959528207778931e-02
9.155067056417465210e-02
1.155882105231285095e-01
9.245033562183380127e-02
1.038760542869567871e-01
8.612272143363952637e-02
8.951701968908309937e-02
9.830771386623382568e-02
8.340703696012496948e-02
8.181230723857879639e-02
1.651155799627304077e-01
9.298121184110641479e-02
9.209007769823074341e-02
9.837139397859573364e-02
8.658897131681442261e-02
8.891505748033523560e-02
1.129464805126190186e-01
9.568157792091369629e-02
9.064003080129623413e-02
1.501600146293640137e-01
8.961888402700424194e-02
9.004931896924972534e-02
9.166786819696426392e-02
1.187784224748611450e-01
1.195055767893791199e-01
1.239587739109992981e-01
9.072791785001754761e-02
9.074541926383972168e-02
8.521495759487152100e-02
1.156436726450920105e-01
9.690190106630325317e-02
1.106653660535812378e-01
1.126978024840354919e-01
9.410299360752105713e-02
8.224382996559143066e-02
8.591726422309875488e-02
9.435146301984786987e-02
1.156103760004043579e-01
9.139872342348098755e-02
7.798334211111068726e-02
9.176161140203475952e-02
9.162523597478866577e-02
8.766140788793563843e-02
9.588923305273056030e-02
8.197162300348281860e-02
1.216168552637100220e-01
9.788273274898529053e-02
9.395534545183181763e-02
9.404043853282928467e-02
9.142485260963439941e-02
9.961519390344619751e-02
1.272245198488235474e-01
9.420827776193618774e-02
1.416140496730804443e-01
9.725646674633026123e-02
8.794594556093215942e-02
8.945956081151962280e-02
9.673387557268142700e-02
8.699005097150802612e-02
8.236549049615859985e-02
8.819424360990524292e-02
1.211137771606445312e-01
9.014422446489334106e-02
9.272299706935882568e-02
9.311307221651077271e-02
1.261570602655410767e-01
8.451514691114425659e-02
1.228216961026191711e-01
8.782202750444412231e-02
9.391664713621139526e-02
9.068038314580917358e-02
9.367302805185317993e-02
9.209822118282318115e-02
1.301650702953338623e-01
9.807267040014266968e-02
8.759092539548873901e-02
9.088223427534103394e-02
9.258252382278442383e-02
1.369504630565643311e-01
9.012541919946670532e-02
9.045885503292083740e-02
1.205482110381126404e-01
9.076692909002304077e-02
8.725921809673309326e-02
9.122762829065322876e-02
1.046137139201164246e-01
8.577398955821990967e-02
8.225245773792266846e-02
9.092334657907485962e-02
1.328353583812713623e-01
1.024002581834793091e-01
8.378116786479949951e-02
9.580534696578979492e-02
9.439047425985336304e-02
7.822939753532409668e-02
9.594642370939254761e-02
9.082671999931335449e-02
8.908846974372863770e-02
9.580678492784500122e-02
8.661875128746032715e-02
7.753810286521911621e-02
8.607362210750579834e-02
1.112584695219993591e-01
1.067344024777412415e-01
9.120211750268936157e-02
9.311649203300476074e-02
9.157125651836395264e-02
9.955491125583648682e-02
1.063483282923698425e-01
8.086230605840682983e-02
1.094146519899368286e-01
8.855185657739639282e-02
8.629936724901199341e-02
8.563255518674850464e-02
9.150833636522293091e-02
8.476172387599945068e-02
1.062287166714668274e-01
9.698138386011123657e-02
9.100077301263809204e-02
1.245070919394493103e-01
9.657698869705200195e-02
9.169300645589828491e-02
9.410335123538970947e-02
9.205456078052520752e-02
9.646674245595932007e-02
1.026126369833946228e-01
1.021831035614013672e-01
1.102413311600685120e-01
9.417901188135147095e-02
9.312141686677932739e-02
1.152554601430892944e-01
8.533170074224472046e-02
8.510846644639968872e-02
1.074671745300292969e-01
8.880296349525451660e-02
8.653273433446884155e-02
1.394224166870117188e-01
8.305692672729492188e-02
9.076000005006790161e-02
8.662357926368713379e-02
9.539511799812316895e-02
1.208389028906822205e-01
9.151873737573623657e-02
8.626447618007659912e-02
9.624142199754714966e-02
8.822629600763320923e-02
9.125921130180358887e-02
1.397616416215896606e-01
8.679766952991485596e-02
1.083291843533515930e-01
8.325617760419845581e-02
8.850730210542678833e-02
9.935160726308822632e-02
9.529889374971389771e-02
8.298675715923309326e-02
1.324595212936401367e-01
8.468425273895263672e-02
8.416811376810073853e-02
9.565147012472152710e-02
1.236434802412986755e-01
1.212697774171829224e-01
9.182220697402954102e-02
8.894686400890350342e-02
1.073695942759513855e-01
9.153709560632705688e-02
1.091828271746635437e-01
9.480230510234832764e-02
1.248611360788345337e-01
8.789041638374328613e-02
9.559126198291778564e-02
7.750390470027923584e-02
9.194365888833999634e-02
8.669734001159667969e-02
8.864161372184753418e-02
1.072869971394538879e-01
9.683836251497268677e-02
8.439870178699493408e-02
1.254106909036636353e-01
1.030958220362663269e-01
8.060090243816375732e-02
9.393386542797088623e-02
9.250351041555404663e-02
9.713559597730636597e-02
8.881346881389617920e-02
9.161213040351867676e-02
8.424621075391769409e-02
8.423376083374023438e-02
1.567110568284988403e-01
1.024449467658996582e-01
8.127287030220031738e-02
8.810847252607345581e-02
8.944085985422134399e-02
1.347821801900863647e-01
9.281918406486511230e-02
9.036021679639816284e-02
8.283200114965438843e-02
9.646593034267425537e-02
8.673433214426040649e-02
1.502055674791336060e-01
8.017984777688980103e-02
9.135147184133529663e-02
8.949086070060729980e-02
9.206298738718032837e-02
8.600048720836639404e-02
1.170524656772613525e-01
9.175828844308853149e-02
1.035877317190170288e-01
9.562339633703231812e-02
9.051065146923065186e-02
9.176187217235565186e-02
1.377158761024475098e-01
9.866749495267868042e-02
8.421865850687026978e-02
9.828709065914154053e-02
8.890371769666671753e-02
9.399811923503875732e-02
1.123388633131980896e-01
1.475243568420410156e-01
1.383197605609893799e-01
1.108653545379638672e-01
8.070284873247146606e-02
8.973106741905212402e-02
8.238906413316726685e-02
1.038877665996551514e-01
1.008102148771286011e-01
1.257709413766860962e-01
1.284547150135040283e-01
9.403579682111740112e-02
1.243696659803390503e-01
9.184478223323822021e-02
9.235075861215591431e-02
8.660753816366195679e-02
9.231984615325927734e-02
9.080094844102859497e-02
9.125149250030517578e-02
9.216427803039550781e-02
9.354713559150695801e-02
1.146630570292472839e-01
9.306246787309646606e-02
8.627015352249145508e-02
9.700545668601989746e-02
1.252320110797882080e-01
9.180653840303421021e-02
9.371527284383773804e-02
9.747725725173950195e-02
1.201207935810089111e-01
9.729997813701629639e-02
1.011215150356292725e-01
1.091981157660484314e-01
1.060640960931777954e-01
9.251101315021514893e-02
1.044888570904731750e-01
1.162850260734558105e-01
1.257869452238082886e-01
1.276309490203857422e-01
9.763939678668975830e-02
9.074262529611587524e-02
1.272933930158615112e-01
9.191641956567764282e-02
1.093449145555496216e-01
8.715488016605377197e-02
9.039349108934402466e-02
9.279062598943710327e-02
9.243463724851608276e-02
9.483060985803604126e-02
8.714752644300460815e-02
1.542753428220748901e-01
9.128036350011825562e-02
7.526742666959762573e-02
9.776435047388076782e-02
1.012440174818038940e-01
8.930238336324691772e-02
1.071434170007705688e-01
8.978822082281112671e-02
9.434163570404052734e-02
9.302455931901931763e-02
9.391664713621139526e-02
9.389804303646087646e-02
9.762473404407501221e-02
9.145434945821762085e-02
8.054968714714050293e-02
1.141918972134590149e-01
9.315916895866394043e-02
9.237515926361083984e-02
9.101689606904983521e-02
1.161520779132843018e-01
8.972623199224472046e-02
8.957920968532562256e-02
9.392631798982620239e-02
9.072493016719818115e-02
7.978121936321258545e-02
9.671397507190704346e-02
9.407661110162734985e-02
9.735520184040069580e-02
1.015650555491447449e-01
9.268268197774887085e-02
8.645367622375488281e-02
1.064868569374084473e-01
8.834479749202728271e-02
9.107992798089981079e-02
9.268993139266967773e-02
9.169742465019226074e-02
1.258430778980255127e-01
1.362949609756469727e-01
9.222725033760070801e-02
8.230426907539367676e-02
9.189119935035705566e-02
9.199865162372589111e-02
9.303141385316848755e-02
9.310514479875564575e-02
8.515634387731552124e-02
1.248002424836158752e-01
9.295416623353958130e-02
1.191538423299789429e-01
9.141053259372711182e-02
8.570405840873718262e-02
8.312186598777770996e-02
9.036437422037124634e-02
8.435213565826416016e-02
9.454834461212158203e-02
9.321527183055877686e-02
9.888163208961486816e-02
9.152914583683013916e-02
1.122030690312385559e-01
8.459796756505966187e-02
9.144157171249389648e-02
9.098788350820541382e-02
8.816508203744888306e-02
9.215763956308364868e-02
8.596291393041610718e-02
9.726574271917343140e-02
9.203566610813140869e-02
9.657768160104751587e-02
1.208674609661102295e-01
1.019617915153503418e-01
1.088732406497001648e-01
1.219843178987503052e-01
1.069459319114685059e-01
9.329706430435180664e-02
8.131834119558334351e-02
8.944625407457351685e-02
8.670902252197265625e-02
9.026033431291580200e-02
9.211140125989913940e-02
9.280966967344284058e-02
9.290137141942977905e-02
9.453916549682617188e-02
1.022081524133682251e-01
8.833188563585281372e-02
1.076038032770156860e-01
9.173221141099929810e-02
9.807620197534561157e-02
9.053798019886016846e-02
8.771832287311553955e-02
9.030284732580184937e-02
8.803932368755340576e-02
8.943989872932434082e-02
9.750033915042877197e-02
9.336940944194793701e-02
1.357947587966918945e-01
9.119759500026702881e-02
8.934888988733291626e-02
9.416078776121139526e-02
1.016559749841690063e-01
9.684030711650848389e-02
9.231276065111160278e-02
1.200359091162681580e-01
1.266487389802932739e-01
1.050119698047637939e-01
9.273442625999450684e-02
8.990387618541717529e-02
9.149642288684844971e-02
1.093213558197021484e-01
