6.65016
17.1255
3865.38
164.46
32.7908
42.6043
2.10379
5.11569
703.224
1273.58
22.8133
5611.41
22.1845
1766.69
73.4325
0.537021
1431.16
0.581333
225.829
11314.5
11.5702
8.90527
342.04
71.8356
274.638
285.752
1696.56
42.5939
2401.72
23383.5
8170.09
1.26152
70.3258
466.929
7.7438
8.51683
964.481
117.812
1302.71
64.1927
2587.25
3.22773
2600.57
200.944
5.87184
179.507
753.268
0.479902
0.0825512
919.494
162.512
29.0208
30.0094
152.169
43.4547
14.3807
2480.0
3047.65
8.44675
0.181721
1430.59
621.37
12319.8
2280.32
0.00806431
2364.09
40.5454
14637.1
10.5668
1189.73
75.7556
3.0397
93.4904
3447.75
0.160495
0.32119
3.89413
49.1398
4229.05
8007.46
56862.2
25.8859
3.79562
0.630818
1004.47
57652.3
11.2272
0.825738
570.607
578.912
24440.1
48.2073
757.191
32.0659
7.41063
30.5927
1075.34
134.656
0.144157
75.5288
9.87544
1.24464
28.6535
238.77
1.40427
9.87568
26.1704
1754.98
214.887
90.0433
15901.5
33.299
2397.85
171.866
1431.56
244.546
138.895
1.19145
2514.79
0.0437893
9.172
151.417
43.1996
9.49421
0.0403488
0.285039
19.7688
0.17727
8.59769
18.4243
160.762
2.4069
0.707384
4.81527
3.6748
61.995
23700.0
1225.54
81.2141
10670.0
452.093
0.397025
496.641
20.8645
33.6186
128.989
19.2539
78.5553
2253.28
62.5805
7374.55
44.6117
0.0255864
9.22294
175.263
417.346
2279.84
23235.2
7.50868
528.092
0.0758119
0.154238
3029.78
516.953
234.538
398.971
48930.2
102.614
139.841
13538.6
1.96731
5751.58
0.125888
226.508
54.7997
63.0485
131.78
1195.89
132.647
28.8155
2.8813
1501.49
68.6526
470.571
13.4257
145.516
19.9868
111.406
0.792691
6027.75
9.2808
189.273
139.887
0.478218
3.95071
54.4506
413.854
173.903
37.6692
3014.33
11.5834
300.633
13.472
0.0145185
8552.47
1.42789
4.90768
66.4351
70.7919
216.729
145477.0
648.063
0.0971633
21.2293
3441.21
0.420992
5956.01
611.439
1.00847
0.492788
362.736
0.0297809
9.18483
1598.7
255.154
4519.84
32.1552
75.8758
10453.1
4.31273
463.859
248.588
727.477
1.29578
70.897
1.87465
219.862
4629.86
11.9921
53.6329
5.08375
13756.7
1781.21
765.36
195.875
5.98106
22403.2
17.6809
1166.67
1521.48
269.521
76.2497
526.711
2833.45
5.04741
24391.6
97.495
55639.8
17.2038
22.1908
45187.8
89.2022
0.275774
1441.16
103.045
3.49862
40670.5
677.346
47.1536
29.9621
15.0281
30.9701
51.5842
141.999
0.0598984
0.017438
3.73128
980.77
6.58291
4.61518
45.7633
3454.37
3536.91
11.2536
1.87297
0.080719
29070.2
83.712
0.0279968
17.3931
2153.03
195811.0
0.00771431
23.2601
5.79482
3311.73
11.6235
19015.6
9.94534
41.3796
409.637
12.4051
3621.1
2.21622
7.66404
52375.9
218.086
724.346
116.388
1.85116
1888.02
338.752
10806.1
6516.86
78.4551
507.526
227734.0
1044.77
129.41
432.998
34.6337
823.145
729.457
2.37064
0.568835
2.11917
4.76558
13.8979
0.773816
50.3288
5873.18
25.5798
9577.84
3125.26
13.5903
1279.26
0.604647
31.9926
831.634
15566.6
1684.75
9.48245
0.247051
40.9032
3.51698
0.152914
2154.72
0.422239
1118.62
58.9918
30.8932
311.677
3.54797
2001.37
32.1073
99.669
55.8306
12.0716
538.132
1.12697
366.233
0.0779126
214308.0
5649.97
3.00394
4.75954
5973.84
0.496918
31.4683
1594.86
118.618
0.232837
5.87469
18.2084
4734.13
1783.96
16.0893
154.82
0.651457
3.02871
1.07651
2131.31
1.97804
0.160475
180.95
98.2129
857.236
509.133
47.3039
1.55564
0.30706
40.8818
120.045
1.0279
904.893
242.841
9194.63
4523.37
2.0174
30143.8
3.02431
119.995
5524.18
3214.67
0.00858118
12.8974
238.02
25.3201
63.0737
0.176988
2.76409
37.8943
2490.12
1268.44
5767.16
7.43078
0.456826
736.734
253854.0
128.906
0.00361646
2143.25
2174.83
3711.27
45668.9
1.02071
85.9457
10.969
176.623
0.613737
676.402
2.24642
77.5115
9492.06
11.6898
257.259
0.791014
1.30734
15.8351
0.016619
34.9586
185.723
188.056
0.0437086
810.525
1.72892
281.476
41.7264
34.2885
115.679
1.61456
1417.13
7499.33
151.495
3.632
1.29104
4.05221
178.975
2.21951
85.1553
939.705
294.078
1.65022
174.288
122.306
120.937
115.341
179.864
29.4481
1.27065
1846.7
2835.04
11.895
4410.0
5.80923
15.2687
341.633
0.0154254
17.2981
17.92
37258.3
11.185
6.20965
37.6144
15.3703
1.87794
239.806
549.647
0.130194
151.777
4.41428
101.741
633.998
0.120238
45.5439
8412.5
994.399
619.484
240.005
0.829428
79.2592
156.945
19.5503
387.854
6.23432
0.0214845
2.10871
9762.39
0.40156
0.397416
1110.24
5.57212
0.363887
4977.12
264.265
72.2573
0.00797728
2.74231
66515.4
3.20654
21.6306
3.6989
70.8245
0.0196372
0.00143653
0.209685
0.757851
123.074
0.539092
0.198867
0.286824
1492.83
41.304
135.284
30.3615
4.24997
215.6
44.6877
306730.0
18.6371
1.94985
152422.0
1747.13
251.629
1754.24
1035.13
1655.01
6.3025
4037.35
36.5396
6829.98
0.428958
52.1368
20.044
10.4872
439.771
929.739
127.931
0.145916
900.909
0.0840192
26.0936
926.726
88.2685
10.6656
11.0537
2361.05
3840.38
9.54491
0.46225
1.27878
122257.0
466.263
8981.24
1.4546
1.13245
35.8343
1306.07
153822.0
1.40466
3.0211
97.137
0.0728707
3.07023
74.6371
23.8345
78.3602
0.846302
0.0032531
65.1678
3.37566
115.992
126.807
0.0181449
8.6099
4.85182
1.96437
0.73158
165.21
49042.2
1.01731
0.0895803
420.057
9.20724
2.88751
37.1563
98.172
49511.4
116.891
6338.19
11.3016
1310.79
638.322
27615.0
27.277
11.5877
1.1109
22.4689
279.067
2.86153
37.2439
8362.23
141.844
89606.5
456.976
67.9136
274.175
62.2341
442.037
285.296
19.1247
60.124
16.6003
560.239
181.538
0.528945
2283.4
1.40625
0.0293642
2823.75
209.249
7917.69
288067.0
199.947
18297.3
15.1949
50.2536
4.38489
91.4421
1668.98
11954.6
543.131
25917.4
0.118139
118.569
8.24192
195.695
181.49
44.4678
1721.41
15.8485
2483.15
143.694
178.076
411.291
32.9938
157.016
7.68161
1.09088
3052.78
248.283
2279.9
48.4181
40.8555
99.1667
1069.06
1367.13
2483.66
8.38133
0.88627
9.6421
98.9636
5611.89
1383.64
7388.11
572.21
15.3011
365.879
8165.67
3.09743
4.63681
29.5219
23.304
102.278
17.5964
12.5939
83.7076
0.1286
25.6866
26.3322
8.09962
31449.1
16300.3
8.49832
69.4398
4144.97
0.239712
1.45498
22230.2
1.98103
8.26027
1748.73
0.746672
1178.91
209905.0
1020.48
41.6172
13700.5
2548.61
0.18365
0.038221
1.26838
0.0362652
3.53716
7241.61
99258.9
45.5107
11.5586
1.16762
677.77
36.4337
2029.89
901.998
112.572
1339.25
7851.02
30.0736
0.0865852
0.370658
191.934
105.189
12909.4
33.5679
0.587806
28.5784
28.9168
710.76
307.63
0.437433
63.3185
14079.4
2508.24
40.7419
146.822
95.882
1666.7
49.8462
1387.16
18111.3
9187.11
406.147
24.2555
16267.1
33698.5
308185.0
18.3507
98.9198
3415.65
127.777
69.8559
2.51487
0.493899
247.317
172.03
968.549
44.3432
379.054
7.7469
297.807
2.03426
35.8044
16.8287
0.871243
29.6542
1137.44
1605.07
631.714
1213.04
9.25675
7450.82
9.00264
0.00892094
2864.53
17675.0
32.0382
0.139099
255.442
295616.0
257.435
2700.27
0.606195
1.64127
1.87456
153.006
3196.95
16.6905
15.2748
713.823
1970.21
153.308
96256.0
97.9976
142.569
373.525
2.54985
123.33
669.333
0.509678
15294.8
21275.6
970.677
2136.85
0.489274
6.50461
70.6845
202.275
1312.79
0.271676
3.40419
318.217
3544.85
26.3822
11260.1
0.0643212
103.718
0.00694975
2.10777
1595.53
156.747
3.26007
94.4322
3.6091
19.2582
1953.35
60.5531
82618.9
0.232644
283.778
5.45801
15.4471
45.7612
7626.96
31037.6
130.392
3.13912
1312.9
95633.3
146.805
468.692
1.83165
0.145854
13.3142
555.137
0.47408
1.54591
0.641361
2.87618
1.33607
14606.2
0.126354
334.812
1.41725
868.903
10.7548
113.026
16.0668
13.3427
1.09382
36.9467
12121.8
13301.3
36.4777
5699.81
1312.6
4.62012
148.107
11.3051
898.885
364.071
807.794
2709.17
3277.03
1297.67
971.476
0.116384
14093.1
531.85
1147.81
2769.16
6.62249
229.134
1717.05
267.258
2928.81
564.767
15.9969
0.0017158
77.4211
0.7851
22.9853
168.732
8.55996
400.292
523.803
7397.75
34.523
344.213
0.361789
603263.0
8743.58
2284.39
0.588099
18.0749
8.73713
16363.7
2.97695
1857.56
36.728
88.7398
8039.01
24.2729
129.002
2.86194
996.574
30.4217
0.340784
10.6984
297.602
242.316
456.342
445.015
10.7636
31382.7
80835.3
1.96121
10.7266
1.88323
4479.59
480.989
11628.1
1282.38
853.005
16953.7
0.0121201
2.75095
36.8826
141.019
0.00394478
19263.7
25.4275
103.084
454.328
71.8221
971.75
22887.8
759.731
52.3314
17.7601
4.09072
67.2463
6.80172
0.760616
241.745
37.4417
1.164
2654.04
24.7024
3389.45
2252.27
9.17057
1624.71
70092.2
4.74949
7.11463
5140.83
216.535
3688.86
16794.9
37.3208
141.834
6.70699
4864.34
18.6887
0.205515
641.477
115.535
212.01
2.83197
510.371
702.067
1227.03
1835.16
4.9071
24.4372
394.462
4.76224
8101.22
0.00167801
197.758
2.26115
4.87058
6.39199
0.25854
34.8046
2823.0
19979.3
1086.45
78.5293
469.853
1.22118
3.58622
4.81448
795.576
35.0729
0.0269516
41.0677
0.0873485
3.60359
0.404433
29.1336
70.5889
6.67099
72.454
0.328583
1497.78
7.70443
187.248
17.2629
59.5548
2.70729
270.715
28.7082
343.736
57.4898
82.2252
11697.5
22517.3
1572.49
155.197
0.364108
0.401559
1219.83
4.99626
0.140775
0.927632
4.77048
113.486
1666.54
153.07
3535.98
1704.04
19.9478
7079.48
200.427
604.536
39.3068
5.55196
1.53114
28.2857
317.284
276.205
272.852
1.65737
0.00156505
133.421
3289.38
0.0957111
12422.2
18966.6
59.5869
0.541352
11.0129
26.1237
0.0209017
94.0467
3.82863
1.01696
205.689
19.4502
155.803
3524.74
45521.7
96691.6
4.61075
0.0972248
597.967
12111.6
793.152
1220.14
17.1523
0.478594
2584.29
84.8426
3.15597
207.482
446.957
206.332
0.747704
0.461961
1450.86
186.814
86.316
170.608
7.45126
431.995
121.67
7.48399
4.63132
7.66904
13.198
822.916
35.1117
19.1373
0.813956
85.9274
1178.71
303.193
742.811
3.51516
2.2575
558.45
13.3567
10.5546
1212.46
26719.2
20515.1
2.24124
18.15
5.38212
0.0327693
1625.6
268.806
9163.87
5568.77
124.477
1247.97
13.7698
2877.24
74.2498
14494.6
137.633
1319.88
1258.71
2620.67
27.459
0.404234
2165.25
1976.36
9917.18
3.90555
46.9047
0.250542
2.22039
12.0566
0.38986
427.733
1969.13
5147.12
32.1482
417.39
1.91657
8.13027
36104.3
16.3705
0.180976
22.5251
1154.59
293.845
3585.38
1092.74
121.458
57.8983
28.7846
19657.8
109.081
45490.2
23.1346
1918.39
35.5691
120.217
238.121
16.9402
0.334762
213.896
32293.5
143.853
5684.42
1761.14
2657.89
1361.22
2504.31
42.1261
10.6223
1521.23
10.7788
8.45763
72.8847
16.0439
5.37008
0.0591986
1388.76
2155.13
14442.6
3680.7
1169.04
8594.42
0.133072
70.3716
25.5488
43.6917
26.5754
276.845
500.375
153.019
790.415
0.00609649
42.3028
997.842
23.0925
13529.3
311.648
12.4896
115.937
371253.0
784.558
393.87
870.827
0.357729
15.9464
4198.65
22926.4
140.838
131909.0
40.7103
4.55954
870.29
1.44815
14.542
0.647168
1491.44
11182.3
9.54396
24.8091
658.794
2598.86
2.6593
5.13981
0.608335
21.107
4.35622
41.272
18.8266
55.8243
119.142
2207.93
0.0485653
45.8068
4393.24
311.588
15.1307
629.682
6.58592
22.0186
1.4838
52.3522
593.826
607.939
2.36346
1263.09
12317.2
13071.6
236.268
0.755937
24.9061
1411.43
936.606
397.239
323.234
618.407
3.6801
7127.42
62.1049
5.79241
407.377
0.0610065
26903.6
1.65501
25.9754
1.8158
3163.43
8.7772
0.480698
18.2596
0.727062
32304.9
279.521
3294.38
48.6007
3732.58
11.8696
217.711
4942.7
34.5296
140.417
875.461
1.27072
0.0420303
9.20527
30.3971
58.3713
76.3515
2675.36
19.7059
4469.54
1707.01
128.753
41.8077
423.574
0.17704
761.57
11.7078
1580.29
0.14457
0.0164975
0.0221084
1312.33
2.20316
55.2304
24.776
0.980474
0.604541
0.27764
10.8782
4.04645
56.8579
3878.67
35581.1
308.45
1.4326
16.0308
83.4311
0.641192
3939.41
14.288
526.314
8301.08
0.875873
0.961894
133.343
4.99534
110.241
521.122
3409.29
991.847
2.1417
54.3783
342.65
752.534
2.13528
93.1121
14.063
1503.75
1346.25
11877.9
239.073
67.7492
501.887
3465.31
7.26207
122.617
0.0619105
0.0292558
28346.5
2.74618
615.505
46.3865
3784.9
283.37
1.02077
7636.68
8518.71
215.13
4.2243
86.6599
1907.26
9.81369
66.3674
57.5292
0.0280622
242.518
24.8971
1826.88
2034.53
37.2684
941.583
1.71121
16.2555
21478.8
155.386
319.57
0.171945
0.744924
0.0066965
145.665
11.0483
17.9225
5.78697
66.98
68.604
20.3533
8.71354
33117.5
4.49984
258.495
1.34964
283595.0
1791.12
93.6244
198.462
1.21183
6.50978
1763.59
321.767
4631.44
93.629
2670.33
4.01915
1048.6
2.7202
830.127
19430.7
0.00257648
128.45
0.71706
474.168
44.1957
16.1316
5.02938
87.3428
0.988482
0.038844
4541.03
177.75
1.03242
8.717
344.324
18592.1
300.665
12.422
22633.0
0.127284
5.55594
827.829
14.6965
11.6927
1346.01
10136.2
10.0476
332.98
13074.7
4080.46
0.00970032
2141.64
17.9993
293150.0
18.4102
2.67183
96.5354
0.556098
10378.8
147.334
62.8571
402.389
15.5525
0.740071
95.5151
19064.3
146.928
1443.7
34655.9
1842.94
5.62462
583.473
59.3156
8082.48
999.6
1794.18
392.456
4862.73
1414.52
561.366
1.88736
9243.3
184.425
4788.2
4147.33
167.018
5.74315
1.2307
2.87385
817.607
0.0349447
62.6761
0.0577905
194903.0
40.0681
33.7549
788.895
429.591
484.266
211.696
4083.5
30.5762
8415.25
529.942
0.0366662
5.47429
0.019412
173.012
15.7481
121.898
5.63486
78.9524
17.3542
0.000421584
6.91859
979.394
5.44994
39.3515
49.6332
127.91
2801.73
553.652
1.08082
5.25151
15.9491
0.407541
330.884
6231.3
21.8794
1560.54
19752.5
81101.0
1.9817
1349.58
133.882
7.06526
21.4473
824.83
3254.26
0.386914
491.88
1.30262
263.176
330.892
64.0107
37.6048
151.676
8.55595
1.21901
139.42
0.559453
0.705222
2.6926
2.54451
2.68781
35.5611
173.034
11294.7
5.1741
181.216
2.4397
36.001
6.36731
104.972
3.84485
73.904
31.3135
0.141589
0.799412
744.264
539.302
46.7613
2018.44
19.4595
36.7494
157.735
798.04
57916.5
5.68092
0.879122
14.9702
9985.85
2492.85
5666.52
47615.9
1472.87
2004.59
7.32377
410.219
7514.03
822.502
56143.8
135885.0
829.676
21.1977
2027.27
1.9606
53.7977
34.8199
3.31892
2.59699
900.999
650.433
2.44131
697.982
0.232763
269.696
104.789
0.169549
372.12
304.918
2455.47
9163.31
1111.15
0.0782628
206.22
18230.7
5680.06
2.43992
35592.4
68.8072
2173.88
1105.37
5.14376
0.2062
4.6801
8002.03
2.0746
184.756
5.83952
190.852
143.189
498.837
8446.95
0.545773
13.4064
75.0309
30.0753
39.1214
8.24032
9168.02
37.5913
2.55056
17671.5
68.6326
2061.29
2.80828
18971.7
283.023
745.941
39757.8
499.519
213.54
2435.26
168.726
125.359
195.147
0.0761186
0.0508202
34.029
4.09116
533.395
12606.0
14.8605
0.182117
19.3222
940.417
2.47655
16.3112
33.355
0.992989
232.856
395.828
2.41598e+06
4.29009
1.74905
0.115446
468.949
11.0024
4.02349
169041.0
0.363313
917.119
3076.76
55.2625
0.846053
354.638
0.147221
1.30129
21.5137
301.857
105.676
57.9291
1448.46
13.8618
0.517342
1048.55
0.904628
1.22614
86962.1
61.6746
156.331
7.80595
0.181946
2.67369
351.733
0.0108122
6195.15
0.190677
56.2677
0.322627
1279.63
8.99748
92.761
86.2308
276.039
249.248
121.366
2.18942
2271.31
6270.56
153.672
11.1012
253.22
647.335
0.0118965
408.472
112.931
202.337
319.197
19.594
1.6987
70.7694
5.95252
114.042
0.458983
418.226
15.1435
11.9685
19.7639
552012.0
0.0541406
0.848599
8842.75
0.111222
609.384
0.480915
1.14887
0.435812
0.0602116
1816.7
2417.37
0.441614
538.496
682.912
15235.3
125.821
31.7779
11.9665
1104.37
218.494
0.0590706
2990.8
0.180953
3487.4
734.087
139.429
47715.9
4.70718
1.01231
6451.59
0.556095
0.522515
63.8526
1.54601
7804.38
9635.7
111.688
35.1913
143.355
6.48038
4275.38
193.47
255.759
0.108141
1396.73
3.9315
1.19708
36.3833
29.7786
16.9751
3597.08
698.942
139.113
0.0885107
1.16185
576.825
2.96843
0.942658
462.71
118.508
0.543531
681.014
30.91
109.201
4.4291
15.5006
5.24065
343359.0
599.259
1395.04
200.551
0.215863
242.102
248.612
4.07853
324.301
0.0315001
1167.0
8959.33
12.2231
6600.6
4.91681
0.0834461
10.3161
65.9593
204.332
0.0520694
1203.41
192.212
2071.56
586.228
90.1048
1.03918
105.968
2.03369
56.5923
18.404
76.425
29.6977
269.015
385.985
3443.81
5.48969
4462.0
5848.84
852.609
136.732
0.139628
241.995
1.03555
0.0453063
329.815
0.987924
3.11551
0.00787917
155.224
5.89101
17135.9
580.017
24.8947
1172.99
75.0407
1073.85
1091.78
0.145293
1.04868
23.0993
75.185
1072.37
144.844
6658.35
7.17014
4697.57
90.2321
310.722
4.53965
931.088
0.383488
92.6213
316.314
1722.83
2646.19
202.684
248.135
13813.8
190.652
16.732
4.74179e+06
97922.7
0.128135
2.95128
10938.1
397.552
0.128361
1.49446
0.0702081
3.90328
1380.97
2703.7
22521.4
1.5743
0.341823
1006.17
34.3057
4.41343
150.613
0.66662
2.02478e+06
53.7626
43.5911
4578.65
2.05298
857.977
16608.5
7075.13
188.134
139.744
137.795
7.92371
9.86934
16.5336
22.2646
0.110814
515.633
1032.66
80.0679
36897.9
1.34791
0.0180122
1050.74
341.421
0.00376336
867.992
282.993
14.529
4796.46
0.0664068
22405.7
0.0210971
223.774
1611.5
4.28145
125.972
24662.8
9.11339
557.21
46.7884
37.0283
2554.18
2163.35
19.4578
10.7028
0.028279
0.214442
17.1432
374.815
0.0463818
474.748
0.0188533
212.886
1.58088
3.72961
10.1845
2478.73
13.7398
24.5068
18.1211
0.00295581
2133.46
101.456
961.521
0.0641853
0.863025
9.7739
2853.84
3.12956
22675.8
295.809
483.494
26.7318
297.052
1.22053
77.8473
1175.2
37413.3
11.6411
729.269
39.5848
0.172923
4.51559
3851.03
4483.13
32.8467
0.119071
3.22635
67.4144
10508.6
51759.4
1580.64
0.616818
1.21864
1.1746
1.04839
10395.0
5910.91
445.94
312.517
0.646939
2.27894
191.396
0.0830468
0.535494
79.3008
13.1685
4.26663
60.2056
13.0696
3427.78
6598.38
7.26693
1629.35
207.133
18.5064
42.1815
79.6257
349.096
0.923009
16.2447
0.798702
235.533
5.41388
106.705
31.8553
132.028
26.2051
1.3038e+06
197.061
1155.24
76.8842
2.76686
53.163
4.71979
0.884656
29774.3
78.8116
0.1709
34.0193
29118.6
3.62454
1.17901
292.899
160.617
29.6268
235.546
2217.81
3426.86
7.69855
646.615
8447.85
1778.32
0.00174269
0.773809
116.73
0.816976
787.88
2874.26
121636.0
56.9433
3.87874
44.5145
505.449
125605.0
1135.08
51758.6
3709.98
1261.23
0.0143081
78.6234
86.9798
17.1701
3.79945
3823.97
225.697
52791.8
42.0843
278.905
520.135
509.83
7728.57
28.9162
14.2723
2309.41
177.714
807.34
2436.83
1202.81
1.9067
161.295
128.932
6.74055
6482.2
2.2479
1.54125
316.838
2852.52
9040.16
103.614
0.259453
185.797
118.556
2.34079
11984.8
11.6929
288.219
31.4393
211.141
493.628
2.01418
40.7711
224.417
9.95604e-05
8.26421
126399.0
519.076
124.295
1.31756
0.803234
2351.32
82.2142
0.894364
45.0185
750.237
5.28863
1847.73
17264.2
1090.97
298.132
0.333687
0.27519
29568.1
170.381
4.62464
39.6278
6.44347
580.525
0.0216997
0.216444
0.631489
27.5264
2.10132
1138.03
7.60703
17.4198
264.903
0.155039
262.869
1087.27
390.221
0.119808
61.4711
110.772
36.9566
4.90465
22.7579
15.5931
42010.7
125.53
9.21223
5383.2
249.667
935.385
86.316
0.0741161
370.055
161.624
55.205
5153.63
7.2903
15615.1
1406.24
167.27
374.042
0.00417618
3.61508
5.18319
3192.99
27.5573
352.265
949.615
1375.49
2.40751
1095.55
141.145
26.4109
9.9456
417.063
170.534
1899.04
0.0343454
355.18
6296.43
7288.79
30.7764
36.4426
90.6074
0.163326
13341.1
8467.05
137.305
8.93171
0.158095
62.8124
14.3948
136.245
651.096
4.03822
196.475
0.645186
26.0061
9.37013
8.38985
98.2804
89.2854
39.4481
90.2834
52.799
87.0275
0.340726
9.76294
218468.0
170.473
4305.55
292.782
20.0439
59.7875
541.007
18.1034
0.816431
215.254
202.836
133.63
58.5725
20.3404
6265.28
73.408
0.0790848
4.28098
7.65906
255.591
16.6284
493.97
18684.9
535.595
24696.4
216.134
74846.6
0.112652
1224.4
5.31724
17369.6
17.5003
55.3371
1.38033
1333.94
60.3361
9506.13
5576.55
199.134
2074.49
27.2565
7.57371
37.219
0.304436
443.311
0.000538437
20.6267
0.138827
109090.0
4.94441
1587.48
79.9275
69.5014
12.0445
0.0511197
6.8548
99.7199
11.97
1648.18
16.9616
39847.4
91.7985
2793.36
11277.8
59.6105
259.922
97.2117
1227.48
7090.09
2805.54
102.245
0.79639
94.4732
303.032
0.0454286
176.553
10.1566
282.59
3.08269
118.615
12277.9
3900.19
24865.1
81.3498
756.605
83.5487
1145.99
0.236544
17.2973
206.975
0.2178
169.951
115.247
312.489
0.128071
22.6749
419.72
1.68472
6001.85
16096.6
0.0272389
12.0984
19.9829
13.0548
11.5604
135.992
3428.74
16.4834
19.6422
29662.0
78.6907
7.40713
13805.4
15.2443
16.7691
1680.24
29467.2
1019.2
3.66868
593.584
63.4771
7.41044
21.7816
5138.98
38.0569
7.30014
3742.57
284.532
114.394
9672.32
117.19
144.281
341.417
1624.32
651.114
52.1502
35.1994
364.643
5307.54
34.0229
18.2227
8476.12
175.088
27.2801
6.47052
34.624
20.6811
108.423
31330.0
0.0445617
42.0857
24.0134
1.06974
994.331
96493.8
73.3687
749.685
0.0326016
272.615
105.379
2.07949
32.9787
287.32
10153.4
19.7921
2.0961
2.19686
14.8488
1177.21
291.473
6.42466
24.3745
709.979
40.0675
4.8073
441.293
8.69689
0.0516767
72722.7
0.573141
2.51904
833.599
116216.0
0.251192
2067.12
1671.0
56.4704
4.4576
1031.4
6122.85
14.0007
85.3492
1040.07
14.4402
109.115
528.44
150.765
125.069
106.736
0.632765
32.9379
1566.33
289.596
0.347956
20.0329
595.246
2.33646
13.1277
1032.4
1128.29
3.50906
97.0776
20.282
10355.4
155.032
27.9791
651282.0
1692.71
1.16857
22.6246
14725.0
1.65254
13.6954
431.628
491.003
1551.36
14.7675
49.0682
99.3383
14315.0
62.5662
39.1774
75.3209
2.99642
0.553394
107.514
725.265
234.053
8494.22
33.0864
23493.1
130.676
4186.28
84.0809
48223.9
285.705
4494.39
0.0612877
3919.93
2287.69
0.733188
0.218355
874.612
11.1956
2.01406
189.755
1.11965
17335.6
27.6442
210.214
20.2799
21.7676
5375.36
1.20069
7.45698
0.0974938
1.316
5833.67
110.994
34.3752
1.32706
32857.2
4856.23
52.2059
1169.14
92.2669
11459.4
43.2545
781.941
6812.19
1.16535
350.321
1299.02
2.167
61.4878
228.612
20849.6
16.4005
487.714
27.96
15.2489
9.08449
3765.6
16.6177
44.7066
20.7995
149.035
196.434
0.0699858
37.847
0.787316
11.0044
658.518
14.322
47.1373
1352.31
11.6456
1.43029
31.5333
544.092
6.47205
914.716
443.606
166.806
0.263638
0.404271
0.835197
470.486
3.9899
2909.02
54.3826
23.6249
8.92216
81735.5
19.505
30597.3
237.397
10.3761
306.439
8364.63
51.1448
1136.69
98379.5
159.368
105.207
0.276682
176.1
79.9608
2.86456
1712.22
1970.93
636.239
2.41527
33.9
0.0543101
15.5061
0.177958
398.007
1333.84
250.938
241.1
430.072
0.034179
957.474
443.038
0.177652
19.2304
96.5264
0.767435
0.0131237
69.424
5827.18
194.423
3114.54
0.21939
0.0665986
114.307
10.592
37.4011
0.550882
11751.3
0.386706
39.3939
235.784
333.461
245.479
40.958
509.032
1587.7
318.524
0.0941163
11517.6
458.478
30434.5
1947.09
25.8185
79.3185
40.4291
24.2868
0.00247049
40.3037
0.0402958
567.51
3.39996
0.496427
22.8501
23.2237
0.496764
0.127344
250.309
0.859955
2308.66
0.00708727
230.232
192.596
2.36842
19.9629
27230.9
110.759
502.976
8.90113
102.772
16.1211
22049.4
138084.0
17949.1
3.81367
3.48955
13412.5
9.85059
53.6997
131654.0
3.58389
78.4441
2211.57
1.4489
453.403
50595.4
2055.29
11311.3
45636.9
20046.9
35.2137
20.9157
1690.38
2.04496
160.512
53.1353
3.5417
129.39
21114.7
2062.78
171.937
0.0445117
5602.37
4.07757
5.87432
6.07112
15.6524
31.3738
0.0114774
616.658
31.6737
79.8273
30.7431
18.75
5.802
12.4659
10.2584
3359.59
2.98408
125.724
4.05653
42.7887
0.0893152
9898.52
9.15065
1215.65
21.2441
12.2276
9.08687
26351.1
8507.77
24637.5
197623.0
23.2252
7117.7
55.3176
3391.09
78.167
361.983
77.4537
147.064
1.65995
84.0095
722.771
225.212
0.00563368
192.093
44418.0
125.515
96.4668
644.135
126.028
120201.0
1.47623
0.024305
1812.9
2.49468
2130.64
10.6185
0.0873261
6471.73
2250.46
14.3847
4615.07
96.1155
765.124
54.6441
21.7063
6988.64
22.3799
58.3573
357.696
4.86943
436.655
2.73099
612.03
2122.5
0.0441144
735.955
77.134
1033.27
2.98479
1.57347
6.16197
3.38241
40.0047
897.783
0.00317796
9.76105
2.57351
148.74
13.8028
1128.62
89618.7
14.1539
425.0
33.6272
454.429
3886.79
255.708
3.64153
41.47
0.210916
419.607
13.9011
344.266
2138.86
218.265
5073.49
88.5095
290.222
82.6764
1673.52
1878.84
0.0378829
17267.8
1731.58
36.0171
11.4731
2950.21
17.6623
533.082
17.8434
4755.82
0.0677879
66.6785
3.01021
8502.97
0.207322
316.118
13.9333
418.276
63.153
2104.21
2039.98
0.513937
68.4837
254.234
6765.07
690.948
3.16805
6.67632
48410.0
12022.6
401.654
44.8233
0.471648
402.699
7439.41
230.907
29.9028
137903.0
924.473
781.363
0.194746
0.279595
35532.7
12035.7
0.0361258
0.317608
2712.91
3.26134
3947.25
125.649
6.56929
14.6759
1.20941
83494.6
7151.01
0.161619
0.111326
321.259
1.98763
53.8051
83449.7
0.361848
725.613
1801.83
3213.53
0.000236875
0.000930847
540.813
1651.37
0.0622549
2747.8
362.124
140.536
27.0266
2.6382
59406.2
270.715
1291.2
0.861179
0.207162
614.295
492.415
3805.31
209.119
73.0907
17.4937
5045.87
242.892
3125.3
0.794576
17.188
0.514668
48.4762
574.867
95105.8
315.703
2.98918
1010.57
0.152515
2.02006
713.307
3350.34
204.64
0.835512
0.635228
695.953
1.34862
118447.0
0.0409929
2.35663
318.603
4.76964
44.0072
153.867
1857.96
14.2038
3026.5
4580.5
1220.96
28.4255
399.41
28.7704
87.4333
0.145498
15.4749
44.1181
2.43009
26.2317
50.466
0.0136612
47.1115
42.1426
1.91784
0.391037
197.965
7967.56
6.37197
228.695
11.9158
11.7503
1384.22
20229.3
79.1538
148.222
4.37444
108.039
1576.0
6.6734
5251.19
1.09196
16.6411
7.84151
59.6253
10253.5
19.9205
19280.8
0.0991607
151.513
0.144994
7850.57
0.0268537
0.0473207
3900.75
40.9085
325.966
30178.1
523.247
229.762
860.247
2131.87
1130.67
302.304
90.1953
349.22
23.5054
4199.32
391319.0
5374.56
420.533
153.899
22767.1
0.444382
185.717
150.092
92.6745
2.61504
114.459
0.171951
2.52129
8.65863
40.4554
1.41357
66.5698
497.519
3.11238
1173.08
55200.1
918.912
29.2285
776.974
7.66516
0.629336
181.979
21704.7
182.526
0.0110781
6.26229
104.705
2.15709
19.6436
8788.86
1.90539
34.0689
4.99042
30.3571
68.9762
9.7302
4.06001
1225.91
81.4651
2207.88
3.90783
0.523765
19.9692
18.7666
784.734
72.6896
182.028
3849.94
4.04123
0.0289466
0.190281
11469.2
102.202
1.26202
3.08189
25.0754
4258.02
2.48461
2496.73
11.0148
50.328
1506.97
60.8645
704.295
4.30525
7.00809
155.553
42.4592
470.196
2143.79
16.0105
47728.9
2.68465
1048.31
34.5443
1.07049
0.972495
649.783
5216.88
14.9503
0.00369878
131.462
27.3219
177.704
1876.55
15.075
0.987781
54.6634
401.969
0.271407
34.41
306.55
25.2901
33.8667
20.8189
536.76
1040.82
0.886156
22.6655
61.4723
5068.32
5.58704
48934.4
0.341982
0.258248
302.523
96.2073
0.51202
4860.56
445.647
35.8009
1.39734
40192.0
318.919
0.436739
542.573
0.126473
0.878538
23.7528
0.122977
132.465
13200.3
5.19743
42.173
21.1365
328.008
32.4365
17.5946
43.4797
20.2254
30230.8
28.9535
258.447
3.70386
32.8351
108.484
0.205395
10907.7
26.4086
5.44961
382.4
0.102842
0.0114577
0.0658085
139.206
26520.9
736.848
8951.12
12312.2
1057.82
910.174
788.666
164.528
2591.75
1295.75
12.8961
2.426
120.953
0.691079
23937.9
17.144
1035.35
7.5016
0.397979
45.6145
642.826
1.37186
20.1435
489.244
20.5102
670.529
712.246
27.1536
537.745
156.79
1894.86
505.742
66053.5
5.90489
74.7105
851.101
0.216369
14.8617
492.805
30.8215
48194.8
14.1021
8.66582
1337.6
4391.69
1415.7
34.1387
113751.0
52.2294
111.976
2.32381
376.143
0.370997
8593.49
195.276
46773.9
722.385
5386.23
1.93245
151.12
43.464
0.819473
8258.25
1816.96
0.0124156
82.389
1.91728
7.32959
94.2897
0.553967
52.7091
0.464926
3345.69
521.656
216.261
1.77251
0.64403
89.4312
136.217
0.920692
0.0311698
16.3679
0.635811
79.8339
4.72037
815.447
7.4134
3.04845
16.1653
8143.64
325.686
0.377404
12.3257
123.081
1.88927
0.893391
22.9526
11.9569
10.2127
7.339
0.0133026
20.3128
0.0273474
27351.0
33.6128
1840.03
32.448
25.0338
1.15016
3670.77
17.0511
10.8125
171.072
179.31
99.7165
351.066
37.6017
1605.24
64.7342
236300.0
145.126
6.29304
12.0714
7.20324
20.2413
53.4455
705.024
5.98562
653.103
5.49736
3006.46
1795.57
25.7652
83.433
1.42518
9737.39
2.8416
1.97e+06
330.045
7682.78
1.48273
0.365241
58.887
16293.8
654.682
19193.6
547.033
4.04665
338.167
210.142
1330.03
105891.0
44796.6
1408.4
123.369
277.887
11.2543
0.769177
12.044
105.033
9.39823
1.40342
0.368485
98.1151
0.00196132
1.232
0.0900648
1486.26
201.397
12.6513
81.5055
4785.49
4.7486
393.002
1282.4
0.172847
0.347591
207.422
27.9464
689.472
5.93452
35053.2
3341.63
2412.86
46.7967
0.381753
6.5656
282.129
3.55299
6.84847
3.47462
335.647
104.875
57.303
80.0891
346.849
42.8677
94169.2
693.319
14.3747
132.878
35.1495
6.02849e+06
10882.4
40932.1
341.628
18.6623
1.76872
5.96273
20.1951
541.853
164.841
5.5673
189.303
363.29
9.54606
22.1188
45.1972
1133.69
166.97
10.837
914.595
52.0273
1.1329
83.0256
11.5747
41.4361
0.820553
16.5026
0.367084
50.4233
20.8112
7.34107
20.6593
2.31589
60.3024
0.237183
39.5451
0.663159
157.157
7.69931
10.1361
57.0765
10191.0
1.8356
0.183706
2.90027
4.0588
151.525
134.938
99.9518
979.73
20.1281
0.591713
9170.55
1007.0
99.7038
2127.09
4760.35
11806.4
3707.56
4761.8
3.67278
9.96984
1.0127
0.204767
4959.33
1583.46
34.8037
42.2771
23.7695
0.0159203
873.191
60.5359
1.5436
6.89962
6.0596
3.61132
178.373
10.4033
6.39642
550.349
10.321
14.5018
0.154041
0.0201758
12419.9
36.975
1.09042
471.878
2.77228
0.0140303
524.392
5.0367
32.8189
39770.5
21.8911
86.87
14.6525
0.199678
0.145457
36.0811
20.2846
881.316
33.6677
171.744
317.082
13.5516
266.63
2707.01
0.697862
5515.06
9102.02
13.8704
57963.2
3340.97
1566.87
239.91
30.1466
15767.6
45.3531
0.0924183
333.45
8936.1
706.537
10892.0
2575.73
184.798
1084.79
0.138936
38.8481
935.94
255.511
2.43449
945.89
23.0273
194.833
252.469
72.1114
4.12663
192.643
210.53
0.354409
0.104033
1075.96
35.7124
395.883
3208.34
5288.35
155.591
185.437
5646.97
266.094
288.127
14937.2
1658.61
5601.35
66.69
4.09505
7.05979
279.185
2856.77
9185.04
203.492
490.042
0.676133
14444.8
308.209
22.0194
554.903
8.56498
57.661
823.46
11.9042
545.527
381.061
2.26798
358.075
17.1415
1576.96
95.6914
29.5696
7626.88
103.448
8199.52
2502.59
38.5883
782.067
13.9573
1382.16
8579.61
14.4758
17.6077
18719.4
19.6062
6.97987
0.377511
1227.39
0.119091
0.0879686
173.368
1.02935
637.079
2.76199
30.3982
269.267
11.3006
174.717
25483.5
10.5551
323.413
844.651
15.3311
98.7216
1443.52
4.12271
100519.0
13888.1
120.344
16283.0
0.607543
0.00102409
6088.85
0.00995146
1.44772
13.9869
3277.67
129.241
135.175
1427.42
594.22
97.9973
1.27277
697.677
37.5016
7.82201
82.3606
26.7743
564.896
1178.07
878.365
5295.2
0.596947
23.0731
323.556
885.774
693.199
0.604908
0.0216576
0.024605
121.832
341.457
19.8337
1.61257
3011.44
54.8079
32.5035
0.443303
1769.86
0.32565
9114.74
0.185617
1702.66
65370.9
0.209902
3317.06
59.724
151.809
6.53228
18237.3
8.81876
2742.9
39898.5
0.347444
1146.07
0.541144
0.0153686
30291.3
11507.4
3328.81
3111.61
22.5382
1.71093
1935.52
7393.64
1051.26
1773.58
196.446
3.13519
0.931267
156.577
10.1446
0.291072
11.0166
195.16
647.632
195.507
203.103
599.046
0.89187
360.274
86.548
189.575
1.14802
1629.14
0.688592
9.04482
44.2866
697.521
12099.2
1.13465
1065.64
106.785
2.81781
1711.72
33.821
4.86573
13.9019
12286.9
10916.2
2.8643
3964.8
11.097
3.77451
14624.4
0.792678
2.03267
73.3138
28.4054
34.726
160.297
0.88794
23.1836
9.61119
1171.81
2.02301
719.657
0.0898146
6773.76
1620.11
0.135461
0.330122
730.464
1010.82
0.300155
2242.68
5171.93
220.26
0.718273
2001.19
0.112786
34.1208
0.165011
3.40451
15591.9
4.04416
31440.7
484.721
229.88
0.815516
51.5801
8138.62
66.8616
37.7282
4.39204
0.40008
9787.88
57.74
0.82139
0.2653
188.734
403.862
1.27016
2127.5
0.213613
2.27078
2.96417
114.699
778.42
1117.81
305.639
8.54422
5.94046
2093.11
3.04649
83.3569
603.481
11.6982
434.773
1569.99
287.379
19261.5
0.914146
244.631
0.00770827
1.12471
602.922
4.59382
1593.68
1.31005
0.168515
498.295
27738.6
305.804
10875.4
878.894
2.48604
56.8947
26.5043
2296.52
70.5784
0.300123
7.08497
0.307466
1354.48
32.4933
92.424
0.0595672
39.0827
3.22613
83423.6
51.9729
201.588
122.549
108114.0
100.946
149.306
736.384
44.1929
0.038642
3.82437
36.6812
1211.32
0.543218
6018.13
0.18607
57.6623
334.713
9685.91
58.533
36.4608
171.566
145.871
560.315
8667.54
11.6221
428.689
63.0149
29.4923
126.557
7.32521
13.0679
4555.88
0.222542
421.055
983.114
204.898
9.15663
0.482751
2706.76
28.0946
4.10736
134708.0
0.00212566
10.2446
278.84
2.26711
235.7
0.675693
188.191
1195.18
369.437
1829.55
3166.16
2.34858
7099.05
869.682
4.04273
30844.3
18.3887
0.0319744
14.1992
23.0372
1053.53
367.766
233.206
169.889
996.093
2.07226
874.796
35.1454
98315.2
26.2743
83.5754
5919.39
86.9995
258.097
5054.5
3.45885
0.016605
6114.81
425.909
216.294
48.0732
21.2864
49.0867
74.4292
14.8457
3261.26
17.7496
0.0152592
6.01201
3.39004
19.8222
338.058
151.328
3.63282
1022.78
0.122713
1.46505
1.23066
23054.8
243.054
92.0564
5.36109
0.162469
44.2229
108.612
2378.19
0.59253
395.5
5073.86
244259.0
56559.7
17.6497
93.1641
7.20735
35.8756
711.715
4041.51
2.86132
1.16719
26708.1
4.16882
46.999
18.7349
231.488
94.1308
0.108147
87.929
241.903
95.5497
38.3603
0.665322
32.4604
32.3912
143.477
0.00442255
4175.23
27.797
38.7445
0.260638
2.68057
47907.2
2.46146
784.024
715.554
225.516
34.1423
5.52838
5574.77
3.64992
7.81278
3773.15
23744.1
966.909
133.144
2.00626
401.22
1230.04
37.1395
1295.81
4882.23
32.6298
119.364
0.592066
10.5733
1.00724
0.26126
641.273
90.6891
8.67698
87.9967
20.8191
6.28514
0.447095
2646.6
401.101
0.874497
6.13264
3186.56
1622.86
32.3171
0.0402108
6.28884
2978.68
459.78
0.791122
88.0878
1731.36
2237.75
18.8522
303.92
2.83258
157.791
25.9527
891.546
17.7704
339.925
0.278891
6.17245
30.5067
11.015
432.893
42301.8
3.40682
585.783
13.7038
2.93494
8.38368
57684.2
36.2915
0.392324
