3.305900096893310547e+00
2.042670011520385742e+00
1.583359986543655396e-01
1.752939939498901367e+00
1.113669991493225098e+00
3.332789897918701172e+00
8.579600524902343750e+01
1.596029996871948242e+00
5.761469650268554688e+01
1.352190077304840088e-01
1.531759977340698242e+00
5.788088989257812500e+01
7.881520843505859375e+01
2.257499933242797852e+00
1.498980075120925903e-01
1.143190097808837891e+01
1.703119659423828125e+02
2.958779931068420410e-01
5.294370055198669434e-01
3.164900243282318115e-01
1.234019947052001953e+01
5.768079757690429688e+00
1.004769992828369141e+01
4.350500106811523438e-01
9.562880545854568481e-02
1.017430019378662109e+01
2.286719977855682373e-01
1.388880014419555664e+00
3.304450035095214844e+00
9.174339294433593750e+00
1.629000091552734375e+01
1.653620147705078125e+02
2.201540184020996094e+01
9.035108566284179688e+00
2.445420026779174805e+00
1.896379852294921875e+01
4.550139999389648438e+01
3.135150194168090820e+00
3.362170410156250000e+01
1.177790045738220215e+00
7.642559707164764404e-02
1.009580001831054688e+02
9.422638893127441406e+00
6.060699820518493652e-01
3.224639892578125000e-01
1.332230091094970703e+01
4.954820156097412109e+00
2.621959877014160156e+01
1.012629985809326172e+01
1.270680141448974609e+01
5.500331115722656250e+01
2.467570066452026367e+00
2.783140182495117188e+01
8.859518915414810181e-02
1.255349993705749512e+00
5.552639961242675781e-01
2.765569984912872314e-01
4.414590454101562500e+01
1.329150050878524780e-01
7.552120685577392578e+00
1.703799962997436523e+00
6.910939331054687500e+02
1.938580036163330078e+00
5.770530104637145996e-01
2.480420023202896118e-01
7.192640751600265503e-02
1.106849983334541321e-01
3.476649999618530273e+00
2.286719977855682373e-01
1.140020084381103516e+01
8.416900038719177246e-01
2.262879908084869385e-01
2.148189991712570190e-01
1.102339997887611389e-01
6.709629893302917480e-01
5.061189651489257812e+00
3.047329783439636230e-01
1.202399879693984985e-01
9.179040193557739258e-01
1.191419959068298340e-01
2.709570121765136719e+01
9.122560173273086548e-02
2.678030014038085938e+00
1.124190017580986023e-01
6.440320611000061035e-02
1.344709992408752441e+00
4.774850010871887207e-01
3.680130243301391602e+00
6.629959869384765625e+01
4.706049859523773193e-01
1.192059993743896484e+00
1.896730065345764160e+00
1.611649990081787109e-01
3.798080086708068848e-01
8.429698944091796875e+00
5.680029988288879395e-01
4.176559925079345703e+00
6.471459865570068359e+00
2.402119874954223633e+00
2.578560113906860352e-01
9.123761749267578125e+01
1.322010192871093750e+02
5.025700092315673828e+00
9.967970252037048340e-01
2.056129837036132812e+01
4.663709998130798340e-01
1.801149994134902954e-01
6.517119884490966797e+00
1.424090027809143066e+00
2.252709865570068359e+00
1.190779785156250000e+03
6.287170052528381348e-01
2.457210063934326172e+00
2.243789863586425781e+01
1.610720008611679077e-01
1.736279964447021484e+00
4.799329376220703125e+01
4.671649932861328125e+01
1.612810015678405762e+00
8.977919071912765503e-02
1.375129985809326172e+01
1.231580162048339844e+01
6.477469801902770996e-01
1.433130187988281250e+02
1.665270090103149414e+00
1.849200010299682617e+00
1.830440044403076172e+00
8.314171600341796875e+01
3.397450866699218750e+02
1.575709879398345947e-01
3.501859903335571289e-01
7.694720476865768433e-02
1.498900032043457031e+01
3.601759970188140869e-01
3.736580133438110352e+00
5.561548614501953125e+01
4.327900111675262451e-01
7.776860809326171875e+01
7.100479304790496826e-02
6.071140170097351074e-01
4.598270058631896973e-01
9.326559901237487793e-01
1.550319976806640625e+02
8.685168457031250000e+01
7.319869995117187500e+00
1.785420227050781250e+01
7.373319625854492188e+00
2.080049896240234375e+02
3.968130111694335938e+01
4.327839851379394531e+00
1.932369995117187500e+01
4.736979293823242188e+01
1.570509815216064453e+01
1.265600109100341797e+01
1.519070029258728027e+00
1.381510019302368164e+00
1.340689849853515625e+01
2.040539979934692383e-01
1.421380043029785156e+00
2.292670011520385742e+00
2.369280010461807251e-01
8.145250082015991211e-01
4.620799794793128967e-02
1.996940016746520996e+00
8.207679539918899536e-02
1.467300057411193848e-01
1.181430149078369141e+01
1.968129873275756836e-01
7.912539839744567871e-01
5.073060035705566406e+00
4.000470352172851562e+01
2.189029932022094727e+00
3.497759628295898438e+01
2.616770324707031250e+02
1.256579995155334473e+00
4.972159862518310547e-02
5.246489334106445312e+01
5.426949977874755859e+00
9.745219945907592773e-01
4.431839942932128906e+00
6.239230036735534668e-01
2.762009811401367188e+01
1.071300125122070312e+02
7.642559707164764404e-02
1.151800036430358887e+00
6.354619860649108887e-01
3.304750442504882812e+01
1.284289956092834473e-01
2.466890096664428711e+00
5.463550090789794922e-01
7.081550292968750000e+02
3.756129980087280273e+00
1.035119915008544922e+01
4.888969898223876953e+00
8.019459724426269531e+00
9.582659721374511719e+00
2.164530038833618164e+00
4.239839935302734375e+01
5.479390144348144531e+00
9.956260681152343750e+00
2.640110015869140625e+00
2.015509843826293945e+00
7.536320388317108154e-02
2.864610254764556885e-01
1.608159790039062500e+02
9.447369575500488281e+00
1.419809937477111816e+00
1.283509969711303711e+00
5.429660081863403320e-01
2.756220102310180664e-01
1.814719885587692261e-01
2.220419943332672119e-01
1.988739967346191406e-01
3.083019828796386719e+01
1.254880130290985107e-01
5.319330215454101562e+00
8.968099951744079590e-01
8.835520595312118530e-02
6.486080586910247803e-02
8.486380577087402344e+00
3.172019653320312500e+02
9.191489815711975098e-01
8.848320692777633667e-02
2.733459949493408203e+00
9.918339848518371582e-01
1.416859984397888184e+00
1.900409936904907227e+00
4.858779907226562500e-01
2.239510059356689453e+00
1.060160040855407715e+00
5.431039929389953613e-01
3.015059947967529297e+00
1.878520011901855469e+00
3.745350265502929688e+01
5.226670265197753906e+00
1.025050067901611328e+01
9.833250045776367188e-01
5.714169502258300781e+00
5.389220237731933594e+00
2.967960449218750000e+03
2.647780036926269531e+01
2.433149963617324829e-01
1.000540008544921875e+02
9.722881019115447998e-02
5.183120250701904297e+00
1.815539956092834473e+00
3.352220058441162109e-01
5.462079867720603943e-02
7.249280065298080444e-02
1.073459982872009277e+00
3.771759986877441406e+00
5.727099609375000000e+01
3.983759689331054688e+01
5.521790313720703125e+01
2.600859642028808594e+01
6.601179838180541992e-01
