0.079584,
0.074496,
0.094848,
0.075776,
0.076832,
0.114144,
0.074496,
0.115936,
0.07712,
0.074976,
0.079072,
0.121504,
0.092992,
0.090144,
0.083744,
0.103712,
0.085152,
0.106592,
0.092064,
0.1008,
0.072576,
0.079136,
0.085888,
0.07568,
0.088096,
0.16096,
0.116544,
0.076704,
0.076352,
0.076768,
0.109888,
0.07568,
0.077376,
0.074432,
0.202912,
0.078272,
0.0904,
0.089664,
0.082848,
0.072224,
0.077088,
0.078496,
0.092224,
0.112448,
0.072032,
0.096864,
0.10944,
0.111168,
0.097408,
0.104064,
0.103392,
0.07408,
0.205696,
0.078048,
0.103264,
0.09184,
0.090752,
0.083232,
0.077984,
0.074208,
0.083232,
0.073856,
0.07312,
0.083488,
0.097472,
0.076992,
0.09344,
0.095328,
0.079616,
0.154208,
0.083712,
0.074592,
0.106976,
0.10816,
0.096544,
0.099072,
0.075456,
0.077152,
0.078592,
0.104544,
0.080512,
0.15504,
0.105824,
0.078656,
0.07616,
0.074912,
0.084512,
0.109536,
0.077088,
0.090752,
0.081216,
0.095072,
0.0744,
0.07184,
0.0768,
0.122144,
0.11056,
0.089504,
0.107904,
0.074784,
0.072704,
0.081312,
0.08384,
0.074176,
0.086208,
0.074624,
0.076768,
0.095136,
0.106112,
0.159776,
0.072096,
0.098432,
0.077088,
0.08688,
0.101856,
0.100608,
0.110464,
0.080064,
0.20096,
0.081792,
0.081824,
0.080096,
0.073152,
0.08256,
0.090752,
0.133408,
0.079296,
0.081056,
0.106464,
0.095136,
0.164256,
0.112384,
0.085056,
0.076256,
0.13936,
0.079712,
0.07984,
0.101504,
0.075392,
0.094304,
0.076512,
0.072576,
0.073952,
0.116416,
0.074784,
0.074496,
0.094976,
0.131296,
0.076032,
0.105376,
0.089824,
0.085248,
0.078176,
0.088864,
0.121152,
0.153024,
0.075168,
0.12512,
0.071584,
0.092704,
0.087616,
0.072288,
0.075264,
0.073728,
0.07808,
0.079296,
0.102144,
0.078592,
0.101888,
0.078272,
0.179008,
0.08384,
0.117664,
0.115232,
0.07456,
0.10016,
0.08848,
0.077888,
0.103424,
0.084,
0.10896,
0.167904,
0.07712,
0.08784,
0.08448,
0.12288,
0.072768,
0.099328,
0.114304,
0.187392,
0.07584,
0.08704,
0.0736,
0.08032,
0.08384,
0.146464,
0.115712,
0.097728,
0.073536,
0.072064,
0.083808,
0.080192,
0.075776,
0.083616,
0.154048,
0.091584,
0.0728,
0.094272,
0.084384,
0.07568,
0.089248,
0.090208,
0.073952,
0.100512,
0.09024,
0.114784,
0.08368,
0.084032,
0.087936,
0.125088,
0.098304,
0.107712,
0.079616,
0.078656,
0.085216,
0.13824,
0.151392,
0.075008,
0.074464,
0.080992,
0.185344,
0.074592,
0.075872,
0.090624,
0.073728,
0.10384,
0.097152,
0.118368,
0.079776,
0.091008,
0.098528,
0.078112,
0.091072,
0.088128,
0.111616,
0.166432,
0.0768,
0.077568,
0.091136,
0.098816,
0.090112,
0.08432,
0.073568,
0.097728,
0.131936,
0.095008,
0.108384,
0.100096,
0.0864,
0.079296,
0.078688,
0.104672,
0.076704,
0.07584,
0.080544,
0.081888,
0.105536,
0.076032,
0.084704,
0.0832,
0.073728,
0.099328,
0.164512,
0.091264,
0.081216,
0.077824,
0.076736,
0.1024,
0.076,
0.090336,
0.103744,
0.076704,
0.075616,
0.080448,
0.073728,
0.096256,
0.08016,
0.077024,
0.083904,
0.094816,
0.075616,
0.078464,
0.075904,
0.136928,
0.079552,
0.077216,
0.146112,
0.076992,
0.078592,
0.139264,
0.075424,
0.173888,
0.0992,
0.103744,
0.07808,
0.088896,
0.083776,
0.074752,
0.07744,
0.090208,
0.070336,
0.093248,
0.101056,
0.07232,
0.097216,
0.077664,
0.105376,
0.094304,
0.077344,
0.161728,
0.074144,
0.077696,
0.080128,
0.097248,
0.109728,
0.083104,
0.07664,
0.072448,
0.082304,
0.078464,
0.09712,
0.07392,
0.075776,
0.07904,
0.180864,
0.087584,
0.095232,
0.079872,
0.090144,
0.083872,
0.09008,
0.093472,
0.09552,
0.078464,
0.0784,
0.075072,
0.098496,
0.149312,
0.075872,
0.079136,
0.073408,
0.09296,
0.08208,
0.102976,
0.160928,
0.079776,
0.095168,
0.1056,
0.11472,
0.153216,
0.104096,
0.075776,
0.076544,
0.083712,
0.119168,
0.09872,
0.081824,
0.075904,
0.077888,
0.077184,
0.084832,
0.075776,
0.145184,
0.10032,
0.088,
0.10144,
0.118272,
0.087104,
0.078432,
0.081344,
0.078112,
0.090112,
0.099136,
0.08944,
0.080736,
0.072896,
0.074688,
0.077344,
0.078016,
0.120224,
0.11968,
0.0984,
0.090016,
0.080928,
0.075616,
0.119808,
0.0848,
0.07408,
0.0824,
0.077088,
0.083648,
0.075616,
0.084704,
0.082112,
0.097632,
0.077728,
0.073728,
0.078048,
0.080064,
0.104672,
0.080768,
0.106176,
0.122784,
0.076192,
0.086432,
0.079584,
0.088992,
0.082944,
0.127744,
0.078784,
0.093408,
0.082688,
0.08864,
0.074368,
0.115104,
0.119008,
0.075744,
0.107424,
0.094016,
0.073664,
0.092896,
0.098272,
0.073568,
0.180224,
0.087776,
0.077824,
0.10256,
0.074176,
0.082848,
0.190848,
0.100352,
0.101408,
0.08768,
0.074496,
0.077664,
0.075584,
0.2056,
0.07776,
0.085952,
0.074912,
0.075072,
0.086784,
0.076224,
0.081472,
0.083744,
0.079904,
0.093568,
0.075424,
0.101088,
0.084992,
0.075712,
0.100352,
0.080544,
0.078976,
0.083808,
0.074976,
0.095488,
0.078016,
0.082272,
0.105856,
0.080384,
0.074944,
0.094208,
0.074496,
0.083552,
0.076576,
0.082208,
0.140192,
0.079168,
0.1,
0.090112,
0.077824,
0.091328,
0.088704,
0.076576,
0.084992,
0.07904,
0.091712,
0.162688,
0.105408,
0.080224,
0.082944,
0.074656,
0.114944,
0.12848,
0.072864,
0.075904,
0.086336,
0.08864,
0.107168,
0.079872,
0.08832,
0.109504,
0.126688,
0.075264,
0.180608,
0.12288,
0.174432,
0.116736,
0.124096,
0.101312,
0.077472,
0.075936,
0.094976,
0.078368,
0.077568,
0.074592,
0.126528,
0.091328,
0.09712,
0.089824,
0.09232,
0.079456,
0.078464,
0.125696,
0.080512,
0.125952,
0.108224,
0.191936,
0.07648,
0.125184,
0.11264,
0.075904,
0.072704,
0.131296,
0.090208,
0.072672,
0.082944,
0.088192,
0.167616,
0.074752,
0.109792,
0.073312,
0.080544,
0.099328,
0.073984,
0.08816,
0.25296,
0.194528,
0.112544,
0.185056,
0.084096,
0.089632,
0.088032,
0.092384,
0.11984,
0.072576,
0.076576,
0.079936,
0.075776,
0.0768,
0.117056,
0.11264,
0.075776,
0.103392,
0.071712,
0.1096,
0.096032,
0.11072,
0.089344,
0.120128,
0.137824,
0.074016,
0.07952,
0.086592,
0.079136,
0.094208,
0.104448,
0.117856,
0.101472,
0.080512,
0.082944,
0.078528,
0.079168,
0.08416,
0.078528,
0.12128,
0.077088,
0.099392,
0.09216,
0.106048,
0.076736,
0.229376,
0.153056,
0.079872,
0.07568,
0.083808,
0.081504,
0.07408,
0.076448,
0.080704,
0.07904,
0.074208,
0.105856,
0.075136,
0.096832,
0.106656,
0.076864,
0.076608,
0.295648,
0.077888,
0.133824,
0.072064,
0.073856,
0.083104,
0.072,
0.075008,
0.072704,
0.073664,
0.078048,
0.086144,
0.082816,
0.075776,
0.098208,
0.071936,
0.085152,
0.095968,
0.117536,
0.1688,
0.087264,
0.085536,
0.089792,
0.075712,
0.081728,
0.08304,
0.11504,
0.08688,
0.094432,
0.116736,
0.091456,
0.100128,
0.120832,
0.086208,
0.091744,
0.080192,
0.08704,
0.091136,
0.07648,
0.095392,
0.077824,
0.07856,
0.192512,
0.08048,
0.083072,
0.093184,
0.075072,
0.101312,
0.100128,
0.095552,
0.077952,
0.08848,
0.073408,
0.101408,
0.08096,
0.11824,
0.08784,
0.09888,
0.07808,
0.076512,
0.148224,
0.178912,
0.15904,
0.077216,
0.104416,
0.121824,
0.076128,
0.072288,
0.076064,
0.076992,
0.082912,
0.073696,
0.074016,
0.075392,
0.083456,
0.08192,
0.074752,
0.079584,
0.10704,
0.082624,
0.101376,
0.074848,
0.088416,
0.075616,
0.089376,
0.075168,
0.089984,
0.076544,
0.123936,
0.16736,
0.074912,
0.094944,
0.125632,
0.078144,
0.077632,
0.08016,
0.078496,
0.10816,
0.078528,
0.07504,
0.086016,
0.075264,
0.100544,
0.0912,
0.090624,
0.085664,
0.12848,
0.082656,
0.08672,
0.092288,
0.08064,
0.087488,
0.077536,
0.0768,
0.147392,
0.080704,
0.092704,
0.07728,
0.081536,
0.075264,
0.08112,
0.08384,
0.073664,
0.161888,
0.076864,
0.098368,
0.07456,
0.10592,
0.073376,
0.13344,
0.076448,
0.082656,
0.215968,
0.088224,
0.088544,
0.090944,
0.09744,
0.07392,
0.075008,
0.074464,
0.082592,
0.096896,
0.1784,
0.075616,
0.078176,
0.078464,
0.101216,
0.081632,
0.088768,
0.191456,
0.07344,
0.092704,
0.154144,
0.072832,
0.086016,
0.09376,
0.088128,
0.08144,
0.082688,
0.088928,
0.0968,
0.141472,
0.080512,
0.07472,
0.08272,
0.099936,
0.07808,
0.084384,
0.112128,
0.074272,
0.08752,
0.07696,
0.073312,
0.1128,
0.090368,
0.072512,
0.105472,
0.161248,
0.090528,
0.078784,
0.074624,
0.078048,
0.080704,
0.074496,
0.0896,
0.0832,
0.08112,
0.135584,
0.08832,
0.089056,
0.106176,
0.092128,
0.08464,
0.074016,
0.075776,
0.106176,
0.074816,
0.073152,
0.088064,
0.078944,
0.10752,
0.07504,
0.081856,
0.098112,
0.079584,
0.089248,
0.072512,
0.085536,
0.074592,
0.093536,
0.177568,
0.106016,
0.077344,
0.091808,
0.115808,
0.103808,
0.100992,
0.0896,
0.076096,
0.075328,
0.146304,
0.075392,
0.079744,
0.100448,
0.076,
0.083168,
0.0928,
0.077952,
0.099264,
0.075936,
0.074912,
0.102816,
0.118944,
0.09136,
0.073728,
0.126336,
0.079008,
0.080544,
0.0736,
0.073568,
0.084992,
0.157632,
0.160128,
0.100544,
0.08096,
0.075712,
0.101248,
0.074848,
0.075456,
0.076864,
0.113824,
0.074912,
0.07376,
0.159904,
0.090336,
0.127104,
0.087168,
0.130752,
0.080576,
0.075776,
0.073632,
0.085536,
0.076384,
0.080224,
0.079136,
0.080896,
0.081888,
0.089472,
0.078848,
0.095328,
0.081248,
0.08192,
0.075936,
0.081984,
0.076512,
0.089728,
0.073824,
0.080896,
0.164416,
0.073728,
0.077728,
0.108928,
0.0856,
0.083744,
0.11776,
0.073472,
0.07808,
0.0736,
0.090368,
0.070208,
0.082944,
0.071616,
0.083904,
0.08016,
0.071072,
0.104864,
0.072256,
0.078784,
0.079008,
0.075968,
0.078848,
0.1136,
0.11024,
0.151872,
0.102336,
0.073888,
0.078848,
0.083968,
0.112896,
0.078496,
0.128192,
0.146016,
0.290816,
0.149664,
0.092128,
0.091424,
0.075552,
0.19424,
0.119808,
0.076608,
0.088992,
0.090016,
0.095712,
0.095936,
0.095296,
0.08928,
0.087008,
0.125984,
0.084544,
0.094048,
0.075488,
0.089184,
0.074496,
0.072608,
0.07424,
0.07696,
0.079136,
0.090208,
0.084896,
0.076736,
0.2736,
0.080896,
0.084768,
0.078752,
0.098368,
0.09824,
0.088128,
0.07312,
0.076768,
0.076064,
0.078176,
0.079936,
0.083616,
0.075392,
0.08864,
0.103712,
0.089056,
0.091328,
0.080576,
0.228736,
0.146272,
0.112576,
0.09792,
0.0848,
0.07456,
0.081856,
0.120512,
0.108,
0.096288,
0.077792,
0.073696,
0.08912,
0.089152,
0.075712,
0.093376,
0.077568,
0.086048,
0.114944,
0.083744,
0.098304,
0.091456,
0.083744,
0.080928,
0.095488,
0.093952,
0.08704,
0.09216,
0.160224,
0.077536,
0.091136,
0.125824,
0.094176,
0.086944,
0.076352,
0.077952,
0.19584,
0.075456,
0.077824,
0.076544,
0.105472,
0.08112,
0.08608,
0.084128,
0.091968,
0.07696,
0.090016,
0.28016,
0.142336,
0.186368,
0.077632,
0.092384,
0.075872,
0.07488,
0.11568,
0.16272,
0.175104,
0.175488,
0.116736,
0.09888,
0.073696,
0.092896,
0.150592,
0.08848,
0.098336,
0.123744,
0.129504,
0.111456,
0.110528,
0.075552,
0.084768,
0.075744,
0.086592,
0.097024,
0.09856,
0.092736,
0.132,
1.000832,
0.07392,
0.171584,
0.129216,
0.084832,
0.111776,
0.145088,
0.076256,
0.133952,
0.077728,
0.094272,
0.112064,
0.16064,
0.071712,
0.167808,
0.124544,
0.162432,
0.103744,
0.088928,
0.09072,
0.243264,
0.076832,
0.081568,
0.10352,
0.074848,
0.100608,
0.07744,
0.099712,
0.166208,
0.073664,
0.131232,
0.098208,
0.126784,
0.094624,
0.095328,
0.0736,
0.092896,
0.095104,
0.085376,
0.0976,
0.113024,
0.094528,
0.09504,
0.096928,
0.096096,
0.101952,
0.10512,
0.12192,
0.083552,
0.130368,
0.102848,
0.086368,
0.08864,
0.089056,
0.09216,
0.088512,
0.084096,
0.130176,
0.095616,
0.09648,
0.077024,
0.073344,
0.09456,
0.083552,
0.103616,
0.3184,
0.11472,
0.1216,
0.09424,
0.134368,
0.08544,
0.11056,
0.089344,
0.1088,
0.074592,
0.078272,
0.075008,
0.07472,
0.102112,
0.13456,
0.08384,
0.107104,
0.138048,
0.099744,
0.099232,
0.093824,
0.08976,
0.08848,
0.089376,
0.082816,
0.103584,
0.10752,
0.074848,
0.079072,
0.130336,
0.085632,
0.09088,
0.095744,
0.117536,
0.118368,
0.075104,
0.084672,
0.107296,
0.135008,
0.0824,
0.08656,
0.091264,
0.114016,
0.075872,
0.13408,
0.084256,
0.0736,
0.097728,
0.071776,
0.100448,
0.08512,
0.078816,
0.105632,
0.088672,
0.095744,
0.076928,
0.092064,
0.191936,
0.082432,
0.097408,
0.071296,
0.075008,
0.11616,
0.07744,
0.149088,
0.129216,
0.07408,
0.145376,
0.093952,
0.076352,
0.078272,
0.100288,
0.077024,
0.108928,
0.101216,
0.127008,
0.082976,
0.113888,
0.072256,
0.176928,
0.129184,
0.113088,
0.104256,
0.07216,
0.089632,
0.072192,
0.104672,
0.103808,
0.075072,
0.074944,
0.102208,
0.097728,
0.08608,
0.07392,
0.118528,
0.108544,
0.158592,
0.134976,
0.0832,
0.07776,
0.225088,
0.115168,
0.08,
0.072416,
0.122304,
0.080032,
0.122624,
0.096672,
0.076544,
0.074432,
0.120864,
0.079328,
0.154208,
0.087488,
0.090944,
0.089088,
0.094432,
0.096736,
0.079456,
0.119744,
0.07696,
0.106464,
0.12176,
0.102912,
0.07408,
0.101952,
0.110784,
0.097088,
0.081888,
0.098688,
0.076512,
0.120384,
0.153952,
0.130528,
0.179808,
0.080288,
0.133792,
0.106368,
0.104448,
0.098432,
0.07632,
0.115776,
0.129216,
0.100352,
0.109536,
0.10304,
0.183328,
0.130816,
0.114432,
0.110656,
0.076064,
0.073856,
0.07328,
0.07552,
0.072832,
0.106528,
0.105376,
0.078976,
0.076,
0.075808,
0.084992,
0.119456,
0.098592,
0.079744,
0.113632,
0.089088,
0.083392,
0.081056,
0.105472,
0.09728,
0.123904,
0.08112,
0.129344,
0.105472,
0.078752,
0.148896,
0.145408,
0.095328,
0.111776,
0.078944,
0.070912,
0.126688,
0.134144,
0.086016,
0.108512,
0.081952,
0.139552,
0.099552,
0.072704,
0.111552,
0.112736,
0.11072,
0.193312,
0.177088,
0.1216,
0.091808,
0.165312,
0.132864,
0.086016,
0.09104,
0.095648,
0.1328,
0.095008,
0.116832,
0.08112,
0.098592,
0.100736,
0.078976,
0.107552,
0.092544,
0.10864,
0.092832,
0.162976,
0.11792,
0.077696,
0.100992,
0.10768,
0.079264,
0.094208,
0.115712,
0.135392,
0.084608,
0.11856,
0.13712,
0.118496,
0.12736,
0.109408,
0.116608,
0.102304,
0.10672,
0.111616,
0.079872,
0.100512,
0.105568,
0.085088,
0.135168,
0.09344,
0.102656,
0.133376,
0.092096,
0.088864,
0.08832,
0.094432,
0.136288,
0.098304,
0.097536,
0.1032,
0.07536,
0.195392,
0.092128,
0.073696,
0.090208,
0.0744,
0.092832,
0.131968,
0.081888,
0.129216,
0.076672,
0.08928,
0.089952,
0.089056,
0.087712,
0.087936,
0.110336,
0.084384,
0.080608,
0.07008,
0.074752,
0.121952,
0.080064,
0.107456,
0.075968,
0.115008,
0.143072,
0.101312,
0.082944,
0.147552,
0.078528,
0.116352,
0.078816,
0.074336,
0.152576,
0.089088,
0.094144,
0.076768,
0.153856,
0.124,
0.0776,
0.156704,
0.087296,
0.087008,
0.088224,
0.083808,
0.1112,
0.101728,
0.134368,
0.131872,
0.17104,
0.13968,
0.10352,
0.185344,
0.104384,
0.116928,
0.072704,
0.078912,
0.09008,
0.106496,
0.123296,
0.07376,
0.07648,
0.12736,
0.093888,
0.085632,
0.11984,
0.104416,
0.084832,
0.10848,
0.091808,
0.11152,
0.123488,
0.093472,
0.085728,
0.077984,
0.10224,
0.105728,
0.119776,
0.081056,
0.113408,
0.10752,
0.081216,
0.09696,
0.095104,
0.076,
0.07792,
0.077088,
0.077504,
0.107776,
0.08768,
0.094624,
0.076704,
0.119296,
0.13392,
0.094144,
0.104,
0.10672,
0.113472,
0.164352,
0.116672,
0.119712,
0.092576,
0.102144,
0.075008,
0.10656,
0.076448,
0.115648,
0.091232,
0.074304,
0.101728,
0.10448,
0.086176,
0.075968,
0.111712,
0.094176,
0.075392,
0.112704,
0.119936,
0.080768,
0.094208,
0.105472,
0.091232,
0.100928,
0.095872,
0.102048,
0.1184,
0.117856,
0.107744,
0.078752,
0.08992,
0.111808,
0.091168,
0.079264,
0.074944,
0.087552,
0.119072,
0.122944,
0.149408,
0.11632,
0.119808,
0.086464,
0.129664,
0.096544,
0.115648,
0.158912,
0.155712,
0.083936,
0.119008,
0.077664,
0.089696,
0.077248,
0.113952,
0.07456,
0.108416,
0.142496,
0.094432,
0.073344,
0.165824,
0.12704,
0.07264,
0.096256,
0.075776,
0.108608,
0.095936,
0.159648,
0.187936,
0.075968,
0.1056,
0.09792,
0.13824,
0.115104,
0.094336,
0.103424,
0.102592,
0.075904,
0.100352,
0.119264,
0.086752,
0.083296,
0.08272,
0.080384,
0.144832,
0.088032,
0.103648,
0.160864,
0.096096,
0.077088,
0.123904,
0.075936,
0.071712,
0.080096,
0.090144,
0.07792,
0.111136,
0.089248,
0.123968,
0.098752,
0.104448,
0.082208,
0.10416,
0.089792,
0.091136,
0.11264,
0.116064,
0.104288,
0.100832,
0.0936,
0.08864,
0.109568,
0.075968,
0.131296,
0.097568,
0.09216,
0.102688,
0.1136,
0.075776,
0.092096,
0.137856,
0.124928,
0.082976,
0.097536,
0.08784,
0.081088,
0.162112,
0.08528,
0.077696,
0.12576,
0.119584,
0.108992,
0.104064,
0.077472,
0.106432,
0.078784,
0.093824,
0.095008,
0.087104,
0.11328,
0.089312,
0.091392,
0.088256,
0.089696,
0.09328,
0.075488,
0.108512,
0.12656,
0.159392,
0.086176,
0.093568,
0.105184,
0.080384,
0.084992,
0.127872,
0.091744,
0.076192,
0.084992,
0.097504,
0.115008,
0.105472,
0.097024,
0.075616,
0.12112,
0.098304,
0.095232,
0.100768,
0.083872,
0.095232,
0.074944,
0.089344,
0.131008,
0.096224,
0.119648,
0.119712,
0.08608,
0.149216,
0.129056,
0.075872,
0.081536,
0.116928,
0.080256,
0.249888,
0.075168,
0.142816,
0.097056,
0.073504,
0.124928,
0.105664,
0.091136,
0.113536,
0.115744,
0.093184,
0.087776,
0.107968,
0.07792,
0.08032,
0.088992,
0.1208,
0.083712,
0.088,
0.082144,
0.121664,
0.094592,
0.087648,
0.087648,
0.128704,
0.081088,
0.108128,
0.10816,
0.082656,
0.093152,
0.102976,
0.098272,
0.078112,
0.080608,
0.122528,
0.099648,
0.074592,
0.09232,
0.075744,
0.114048,
0.179872,
0.081856,
0.107712,
0.125792,
0.135872,
0.073952,
0.078624,
0.078208,
0.079232,
0.089888,
0.107712,
0.083136,
0.079584,
0.08656,
0.156288,
0.131104,
0.0768,
0.088736,
0.09392,
0.130144,
0.179168,
0.076864,
0.108736,
0.097984,
0.082048,
0.118976,
0.106368,
0.12416,
0.088096,
0.077632,
0.07584,
0.098464,
0.107552,
0.109568,
0.095584,
0.079328,
0.116704,
0.134464,
0.120832,
0.072704,
0.097568,
0.116352,
0.093856,
0.088352,
0.108096,
0.112288,
0.10512,
0.136864,
0.097024,
0.087072,
0.077312,
0.0936,
0.078656,
0.111616,
0.07296,
0.102816,
0.080896,
0.074176,
0.079776,
0.077472,
0.124864,
0.075936,
0.115296,
0.106592,
0.089888,
0.17184,
0.111456,
0.093888,
0.123904,
0.085536,
0.10752,
0.17584,
0.079584,
0.078976,
0.122304,
0.076928,
0.153696,
0.110528,
0.0736,
0.101344,
0.080096,
0.127936,
0.126496,
0.102432,
0.077088,
0.112864,
0.090752,
0.098784,
0.166976,
0.088128,
0.16352,
0.124224,
0.08688,
0.128832,
0.092128,
0.081536,
0.125472,
0.091008,
0.07872,
0.10064,
0.08128,
0.107328,
0.110176,
0.07936,
0.098336,
0.126976,
0.097056,
0.101056,
0.118432,
0.0816,
0.074496,
0.160608,
0.12832,
0.117792,
0.112192,
0.14976,
0.112256,
0.223776,
0.103712,
0.158272,
0.090752,
0.076224,
0.07808,
0.098272,
0.096928,
0.0832,
0.082176,
0.078848,
0.103488,
0.234368,
0.250272,
0.095232,
0.097824,
0.08848,
0.110464,
0.122304,
0.077056,
0.089664,
0.13744,
0.08192,
0.111648,
0.123072,
0.101184,
0.089152,
0.089536,
0.140288,
0.088704,
0.109344,
0.092896,
0.112832,
0.129728,
0.13888,
0.093568,
0.113952,
0.125984,
0.08704,
0.123008,
0.114624,
0.12352,
0.105792,
0.13504,
0.100192,
0.119648,
0.102656,
0.076896,
0.078816,
0.105536,
0.077888,
0.115168,
0.096448,
0.110592,
0.089088,
0.109408,
0.142784,
0.111616,
0.140864,
0.076096,
0.092192,
0.108192,
0.081152,
0.1032,
0.074912,
0.129952,
0.115296,
0.110272,
0.084704,
0.128256,
0.110176,
0.111872,
0.08992,
0.13904,
0.11936,
0.096992,
0.104672,
0.07792,
0.076256,
0.081312,
0.092256,
0.136128,
0.115424,
0.0792,
0.101536,
0.10224,
0.08752,
0.08208,
0.080384,
0.105344,
0.076768,
0.1224,
0.102464,
0.117696,
0.139744,
0.113568,
0.084224,
0.078976,
0.074496,
0.090272,
0.089696,
0.085216,
0.132288,
0.147104,
0.20384,
0.09184,
0.121216,
0.174464,
0.090976,
0.092352,
0.093312,
0.14544,
0.086432,
0.090784,
0.080864,
0.113856,
0.087872,
0.118752,
0.079968,
0.079392,
0.143712,
0.135776,
0.079328,
0.089376,
0.137408,
0.079488,
0.08464,
0.133824,
0.07984,
0.077408,
0.097568,
0.098048,
0.083232,
0.11632,
0.140352,
0.104672,
0.089344,
0.087488,
0.07408,
0.089888,
0.090368,
0.227232,
0.103712,
0.114368,
0.170112,
0.08048,
0.092096,
0.078784,
0.165792,
0.126656,
0.08384,
0.121664,
0.093568,
0.0816,
0.126048,
0.10816,
0.092992,
0.17936,
0.100064,
0.0824,
0.088896,
0.078304,
0.102464,
0.088832,
0.118816,
0.090304,
0.082784,
0.076096,
0.080128,
0.099296,
0.123424,
0.084192,
0.092192,
0.091456,
0.095744,
0.101408,
0.121824,
0.100768,
0.08656,
0.094624,
0.08096,
0.1152,
0.092032,
0.091168,
0.229952,
0.129952,
0.091872,
0.09968,
0.078464,
0.081504,
0.138592,
0.082976,
0.094208,
0.11664,
0.0928,
0.076576,
0.077824,
0.151872,
0.08608,
0.093024,
0.11008,
0.103584,
0.198784,
0.079968,
0.081696,
0.07248,
0.147008,
0.084032,
0.113792,
0.096256,
0.090752,
0.108608,
0.160032,
0.100096,
0.076032,
0.097728,
0.112544,
0.099424,
0.107168,
0.094496,
0.104768,
0.107136,
0.084416,
0.097152,
0.089056,
0.084864,
0.115392,
0.11952,
0.094528,
0.085568,
0.08048,
0.078368,
0.101824,
0.093024,
0.091552,
0.127584,
0.103712,
0.121952,
0.10576,
0.100544,
0.106304,
0.071488,
0.099328,
0.11088,
0.075456,
0.083808,
0.075552,
0.100832,
0.123008,
0.09904,
0.076768,
0.126624,
0.091232,
0.078272,
0.104864,
0.115392,
0.112608,
0.077536,
0.108192,
0.074368,
0.122368,
0.078496,
0.077696,
0.175456,
0.202528,
0.080992,
0.114464,
0.09888,
0.101088,
0.101248,
0.074592,
0.167424,
0.073664,
0.131072,
0.139872,
0.093056,
0.096256,
0.090272,
0.110656,
0.086208,
0.078272,
0.07312,
0.102208,
0.110784,
0.082912,
0.080896,
0.086752,
0.08032,
0.07792,
0.093152,
0.079328,
0.115264,
0.103616,
0.103904,
0.075488,
0.093984,
0.110368,
0.09184,
0.136608,
0.081344,
0.10272,
0.107232,
0.176416,
0.082304,
0.103616,
0.095008,
0.092448,
0.108832,
0.114112,
0.10096,
0.164736,
0.128096,
0.143296,
0.135072,
0.07984,
0.189632,
0.17392,
0.124608,
0.08064,
0.110656,
0.116384,
0.094336,
0.088576,
0.153184,
0.104288,
0.164832,
0.077248,
0.078016,
0.154464,
0.12608,
0.09344,
0.162592,
0.08304,
0.175808,
0.132576,
0.226112,
0.104,
0.182464,
0.112128,
0.091936,
0.085664,
0.107424,
0.114368,
0.094592,
0.107424,
0.142112,
0.080064,
0.078624,
0.108192,
0.088032,
0.11568,
0.090752,
0.087904,
0.09248,
0.140512,
0.092448,
0.08464,
0.092704,
0.104608,
0.106496,
0.126848,
0.10768,
0.137312,
0.075808,
0.09536,
0.100896,
0.104096,
0.10752,
0.073504,
0.1312,
0.078144,
0.127872,
0.159712,
0.095264,
0.153632,
0.116992,
0.096352,
0.108256,
0.136672,
0.194336,
0.102624,
0.115136,
0.100832,
0.150624,
0.132224,
0.090304,
0.136224,
0.076064,
0.111456,
0.081184,
0.093152,
0.099232,
0.082912,
0.096448,
0.0928,
0.11568,
0.115648,
0.247104,
0.137184,
0.091808,
0.092832,
0.08016,
0.086368,
0.171648,
0.109792,
0.07696,
0.10464,
0.088256,
0.107008,
0.081184,
0.08544,
0.139776,
0.091712,
0.073728,
0.074432,
0.092736,
0.135488,
0.084544,
0.095328,
0.1024,
0.135936,
0.088928,
0.100192,
0.078912,
0.157792,
0.1048,
0.07728,
0.149536,
0.119552,
0.115584,
0.129664,
0.102944,
0.086048,
0.090688,
0.117312,
0.09552,
0.07648,
0.121952,
0.075072,
0.103712,
0.081312,
0.168096,
0.082592,
0.092928,
0.071968,
0.073024,
0.078816,
0.092384,
0.081248,
0.079936,
0.07088,
0.113856,
0.076544,
0.101824,
0.09552,
0.078496,
0.127744,
0.0808,
0.129152,
0.087936,
0.103008,
0.083392,
0.089248,
0.107104,
0.082464,
0.250784,
0.149312,
0.088224,
0.104512,
0.073184,
0.108032,
0.07504,
0.076608,
0.077696,
0.213632,
0.100096,
0.092448,
0.08144,
0.092032,
0.11152,
0.154048,
0.130976,
0.083104,
0.075424,
0.080128,
0.110752,
0.094432,
0.114336,
0.077856,
0.088352,
0.077408,
0.07728,
0.075584,
0.113344,
0.106464,
0.08192,
0.078912,
0.090816,
0.088544,
0.12096,
0.07872,
0.123456,
0.079008,
0.124192,
0.101472,
0.129312,
0.077472,
0.09984,
0.191584,
0.09808,
0.09824,
0.145568,
0.11024,
0.090912,
0.113312,
0.10064,
0.102336,
0.13952,
0.106848,
0.102304,
0.124384,
0.075232,
0.12,
0.086144,
0.172224,
0.07984,
0.075584,
0.073152,
0.07856,
0.10048,
0.078592,
0.164352,
0.083296,
0.117312,
0.115168,
0.072192,
0.082112,
0.107744,
0.077408,
0.14064,
0.126208,
0.081632,
0.090048,
0.619776,
0.10144,
0.070848,
0.078144,
0.113376,
0.187648,
0.1168,
0.133184,
0.107584,
0.088832,
0.113664,
0.117056,
0.122944,
0.080672,
0.091744,
0.084096,
0.122496,
0.077184,
0.107424,
0.092992,
0.115136,
0.075264,
0.07312,
0.109568,
0.139488,
0.086496,
0.095872,
0.146688,
0.091392,
0.170176,
0.141216,
0.09616,
0.076352,
0.151872,
0.11824,
0.083776,
0.086944,
0.18144,
0.098016,
0.097568,
0.116256,
0.09856,
0.07888,
0.148256,
0.123232,
0.08496,
0.115328,
0.078784,
0.10272,
0.14736,
0.08144,
0.099968,
0.092672,
0.163456,
0.075648,
0.075968,
0.100288,
0.071968,
0.161824,
0.085952,
0.133632,
0.084064,
0.080576,
0.099744,
0.090176,
0.130816,
0.098528,
0.112416,
0.104384,
0.10032,
0.075616,
0.157536,
0.14448,
0.14464,
0.18624,
0.119744,
0.07728,
0.124928,
0.075296,
0.134144,
0.14144,
0.121952,
0.137824,
0.093728,
0.133856,
0.146752,
0.108,
0.086976,
0.11712,
0.090144,
0.154048,
0.116608,
0.093984,
0.108,
0.228288,
0.11008,
0.08128,
0.075424,
0.130336,
0.151584,
0.082848,
0.074944,
0.132064,
0.077664,
0.142976,
0.120224,
0.091616,
0.119136,
0.07568,
0.090816,
0.118144,
0.092096,
0.09088,
0.11536,
0.09776,
0.10896,
0.079936,
0.143456,
0.134624,
0.100576,
0.108,
0.089792,
0.08128,
0.085088,
0.083968,
0.080256,
0.170624,
0.088768,
0.13248,
0.138624,
0.097792,
0.080864,
0.073376,
0.135104,
0.172384,
0.121952,
0.079424,
0.083936,
0.146592,
0.107712,
0.12784,
0.11072,
0.077472,
0.075712,
0.088096,
0.203968,
0.078336,
0.070944,
0.07808,
0.133024,
0.075968,
0.077536,
0.13904,
0.086976,
0.077728,
0.088032,
0.10128,
0.099104,
0.090176,
0.128832,
0.141536,
0.079872,
0.140832,
0.0968,
0.107136,
0.0888,
0.098048,
0.099808,
0.097184,
0.078624,
0.082944,
0.120288,
0.076896,
0.077472,
0.097888,
0.08368,
0.079488,
0.079072,
0.12208,
0.079104,
0.121024,
0.077472,
0.123392,
0.08224,
0.151936,
0.150368,
0.092032,
0.07744,
0.076192,
0.12368,
0.081312,
0.08784,
0.08096,
0.07376,
0.098144,
0.07664,
0.157824,
0.095296,
0.078784,
0.104416,
0.141184,
0.078464,
0.095776,
0.104992,
0.17824,
0.101952,
0.114144,
0.08112,
0.099584,
0.085408,
0.083264,
0.076064,
0.090976,
0.099936,
0.079968,
0.128416,
0.077568,
0.078528,
0.093984,
0.075776,
0.103328,
0.209088,
0.117856,
0.110592,
0.09648,
0.093152,
0.158592,
0.111424,
0.096032,
0.091328,
0.077728,
0.116576,
0.120032,
0.110784,
0.076448,
0.076448,
0.081344,
0.096128,
0.16032,
0.076384,
0.15104,
0.084832,
0.094272,
0.102368,
0.146752,
0.10512,
0.078656,
0.082336,
0.082528,
0.084128,
0.095072,
0.074848,
0.141216,
0.096928,
0.10224,
0.081472,
0.12256,
0.083872,
0.098048,
0.121536,
0.130336,
0.077952,
0.183456,
0.108864,
0.101088,
0.1144,
0.127456,
0.089312,
0.082528,
0.092128,
0.1272,
0.1312,
0.07568,
0.1048,
0.078272,
0.140192,
0.094976,
0.075968,
0.137824,
0.088576,
0.081504,
0.146432,
0.095968,
0.085504,
0.079168,
0.124256,
0.089056,
0.075104,
0.085696,
0.11216,
0.081536,
0.092288,
0.080544,
0.10224,
0.115872,
0.09728,
0.084192,
0.075936,
0.120192,
0.095552,
0.0992,
0.099456,
0.17312,
0.08608,
0.114752,
0.09104,
0.080704,
0.079968,
0.078464,
0.119168,
0.106816,
0.085376,
0.11968,
0.11376,
0.091616,
0.13712,
0.080832,
0.16432,
0.127264,
0.101088,
0.074624,
0.071776,
0.081312,
0.091008,
0.088672,
0.141856,
0.091392,
0.082208,
0.102816,
0.105088,
0.07248,
0.083424,
0.140096,
0.121248,
0.107872,
0.155648,
0.131552,
0.0976,
0.120384,
0.098976,
0.077856,
0.089568,
0.135552,
0.102368,
0.082048,
0.088768,
0.079584,
0.084736,
0.126464,
0.171712,
0.075744,
0.117312,
0.116704,
0.082528,
0.089952,
0.157152,
0.077792,
0.096864,
0.105824,
0.082944,
0.179584,
0.08736,
0.08032,
0.09312,
0.112512,
0.099392,
0.169408,
0.096992,
0.111424,
0.115648,
0.12624,
0.091616,
0.105728,
0.136224,
0.073504,
0.100192,
0.099936,
0.084032,
0.099616,
0.105056,
0.074304,
0.077088,
0.157696,
0.119296,
0.190496,
0.104576,
0.09008,
0.101984,
0.128224,
0.113248,
0.139584,
0.638944,
0.093504,
0.109088,
0.079264,
0.130752,
0.084416,
0.120928,
0.128736,
0.104064,
0.090624,
0.12864,
0.09712,
0.085856,
0.11856,
0.11424,
0.107648,
0.10432,
0.075104,
0.076192,
0.114048,
0.101216,
0.165856,
0.10144,
0.1504,
0.154496,
0.114592,
0.083232,
0.09424,
0.094496,
0.1008,
0.079744,
0.129216,
0.126624,
0.107936,
0.133408,
0.120416,
0.09792,
0.107648,
0.124288,
0.086912,
0.154432,
0.0912,
0.12352,
0.119552,
0.101312,
0.11072,
0.073952,
0.14848,
0.14656,
0.094272,
0.15024,
0.104736,
0.11088,
0.07312,
0.11376,
0.085888,
0.122464,
0.105696,
0.15088,
0.089568,
0.109184,
0.089792,
0.102368,
0.090432,
0.11216,
0.115744,
0.090464,
0.091584,
0.074272,
0.0792,
0.076448,
0.077248,
0.130464,
0.083584,
0.095296,
0.126592,
0.144864,
0.108896,
0.075616,
0.093376,
0.090176,
0.097888,
0.177344,
0.113792,
0.079168,
0.075904,
0.099648,
0.16192,
0.12816,
0.079808,
0.11424,
0.09936,
0.074368,
0.104672,
0.10544,
0.09904,
0.080224,
0.073568,
0.085152,
0.118112,
0.168352,
0.073792,
0.093792,
0.103104,
0.143904,
0.099232,
0.124896,
0.091392,
0.073472,
0.09632,
0.122944,
0.267392,
0.19856,
0.081856,
0.087328,
0.074656,
0.084704,
0.088256,
0.082368,
0.112288,
0.081984,
0.078368,
0.087424,
0.076448,
0.079488,
0.074752,
0.14544,
0.099456,
0.122848,
0.110752,
0.207008,
0.089632,
0.120736,
0.093728,
0.122528,
0.07456,
0.096288,
0.116928,
0.10016,
0.081888,
0.096416,
0.10656,
0.076192,
0.136832,
0.082464,
0.094752,
0.08112,
0.078144,
0.157504,
0.11376,
0.102944,
0.073984,
0.077952,
0.079744,
0.140992,
0.08352,
0.10304,
0.102592,
0.088128,
0.109728,
0.155456,
0.0752,
0.118912,
0.196736,
0.14352,
0.169888,
0.078752,
0.134688,
0.095808,
0.106784,
0.077536,
0.079552,
0.080704,
0.17376,
0.179392,
0.158048,
0.102144,
0.134464,
0.099616,
0.082176,
0.078976,
0.086464,
0.08544,
0.095872,
0.087712,
0.123616,
0.09952,
0.100704,
0.095104,
0.090624,
0.077152,
0.111264,
0.155456,
0.1216,
0.149504,
0.120576,
0.074848,
0.08272,
0.076064,
0.095776,
0.148128,
0.104832,
0.07856,
0.0784,
0.09744,
0.085088,
0.09904,
0.080416,
0.250464,
0.114688,
0.082912,
0.089088,
0.084192,
0.082304,
0.102752,
0.138976,
0.078464,
0.101024,
0.10064,
0.102208,
0.0744,
0.142976,
0.079328,
0.09008,
0.09376,
0.0984,
0.084832,
0.100352,
0.078944,
0.115552,
0.19968,
0.091968,
0.12288,
0.076992,
0.089568,
0.113696,
0.074944,
0.073504,
0.164928,
0.132448,
0.134784,
0.074336,
0.10544,
0.086144,
0.073664,
0.143392,
0.072288,
0.12432,
0.09504,
0.077632,
0.095744,
0.165056,
0.102016,
0.130688,
0.275584,
0.094528,
0.079168,
0.081792,
0.080128,
0.12432,
0.096032,
0.094464,
0.102176,
0.126656,
0.095776,
0.08352,
0.11376,
0.075488,
0.089984,
0.10608,
0.080224,
0.237696,
0.0736,
0.189632,
0.078208,
0.131488,
0.082848,
0.077184,
0.104096,
0.110144,
0.180384,
0.127264,
0.076416,
0.107008,
0.102848,
0.073408,
0.116832,
0.084704,
0.078432,
0.106112,
0.142912,
0.091648,
0.196608,
0.139776,
0.112256,
0.111008,
0.076096,
0.082112,
0.081792,
0.074592,
0.089024,
0.144512,
0.30704,
0.14944,
0.094656,
0.098816,
0.096544,
0.099712,
0.16048,
0.078304,
0.075456,
0.136896,
0.128544,
0.144384,
0.14896,
0.10448,
0.112256,
0.20592,
0.0752,
0.111808,
0.111712,
0.085984,
0.098112,
0.075616,
0.086784,
0.099744,
0.10832,
0.119296,
0.080032,
0.129056,
0.084128,
0.14688,
0.082496,
0.10688,
0.129408,
0.076352,
0.07616,
0.093088,
0.101824,
0.07424,
0.073472,
0.106272,
0.098432,
0.14112,
0.12416,
0.101696,
0.092768,
0.10528,
0.080704,
0.100064,
0.071168,
0.12208,
0.235936,
0.090976,
0.12816,
0.120192,
0.089728,
0.082304,
0.084288,
0.084224,
0.117056,
0.094816,
0.094688,
0.192544,
0.125984,
0.12032,
0.207072,
0.092,
0.094624,
0.152864,
0.074848,
0.099424,
0.125824,
0.15264,
0.079968,
0.13856,
0.1104,
0.082528,
0.127424,
0.088992,
0.09952,
0.089312,
0.143424,
0.073792,
0.091712,
0.116256,
0.099072,
0.111616,
0.139328,
0.080256,
0.112864,
0.104512,
0.09408,
0.074208,
0.10688,
0.089888,
0.07312,
0.134816,
0.09248,
0.078464,
0.072352,
0.097344,
0.08608,
0.106368,
0.257696,
0.090752,
0.08144,
0.078816,
0.096192,
0.073568,
0.077376,
0.103456,
0.074912,
0.101952,
0.12752,
0.115392,
0.149536,
0.184192,
0.079296,
0.123936,
0.074656,
0.10448,
0.079584,
0.101312,
0.147584,
0.092352,
0.138816,
0.127968,
0.112512,
0.113184,
0.107072,
0.100576,
0.121472,
0.116128,
0.075968,
0.075552,
0.114048,
0.250368,
0.16272,
0.101792,
0.104544,
0.117536,
0.14464,
0.104064,
0.126912,
0.080224,
0.073376,
0.095072,
0.090976,
0.123488,
0.09984,
0.148096,
0.093312,
0.121792,
0.1032,
0.146848,
0.0784,
0.081856,
0.112544,
0.180192,
0.090272,
0.076352,
0.099456,
0.125344,
0.080896,
0.095264,
0.0776,
0.085312,
0.113408,
0.09136,
0.08224,
0.077344,
0.11344,
0.10448,
0.080736,
0.079264,
0.075456,
0.088256,
0.094048,
0.07824,
0.119936,
0.105152,
0.1144,
0.100416,
0.086208,
0.099424,
0.090208,
0.091168,
0.112544,
0.11312,
0.122528,
0.12496,
0.151456,
0.101216,
0.071232,
0.101504,
0.116896,
0.148384,
0.183552,
0.1056,
0.143616,
0.173952,
0.092608,
0.075136,
0.148096,
0.127264,
0.07584,
0.080512,
0.078112,
0.098016,
0.081856,
0.128576,
0.14128,
0.077696,
0.109856,
0.077248,
0.143968,
0.122848,
0.185792,
0.105504,
0.102432,
0.114624,
0.080032,
0.079424,
0.092224,
0.078208,
0.197888,
0.099744,
0.099968,
0.092224,
0.114272,
0.093408,
0.096832,
0.089248,
0.078176,
0.117792,
0.076768,
0.117632,
0.098272,
0.097216,
0.178976,
0.09072,
0.091808,
0.080224,
0.130784,
0.074592,
0.097472,
0.173984,
0.12032,
0.076768,
0.103104,
0.096384,
0.1016,
0.10096,
0.103488,
0.080128,
0.126496,
0.092384,
0.109344,
0.107392,
0.077344,
0.138976,
0.1128,
0.076288,
0.074208,
0.095072,
0.091136,
0.089408,
0.134176,
0.108704,
0.269952,
0.162624,
0.11072,
0.093024,
0.08256,
0.079776,
0.099744,
0.077024,
0.100224,
0.097728,
0.096608,
0.115872,
0.075616,
0.07392,
0.093952,
0.085024,
0.090784,
0.103872,
0.08144,
0.11792,
0.140608,
0.075584,
0.104224,
0.124288,
0.071936,
0.120128,
0.149696,
0.081184,
0.08624,
0.138368,
0.22208,
0.103904,
0.075776,
0.103712,
0.090944,
0.128704,
0.072704,
0.098624,
0.09904,
0.113984,
0.140704,
0.098432,
0.150752,
0.111808,
0.094496,
0.081536,
0.092064,
0.088128,
0.123616,
0.120064,
0.073984,
0.088608,
0.087264,
0.141152,
0.07968,
0.077472,
0.102848,
0.088768,
0.071232,
0.08432,
0.089504,
0.084384,
0.118144,
0.083808,
0.094112,
0.076448,
0.08208,
0.105056,
0.093568,
0.096192,
0.077504,
0.097952,
0.119072,
0.133824,
0.100032,
0.10432,
0.110112,
0.103872,
0.090944,
0.099776,
0.090752,
0.099648,
0.096224,
0.07824,
0.0864,
0.095424,
0.101792,
0.09344,
0.072928,
0.109504,
0.081824,
0.08592,
0.13616,
0.07568,
0.074208,
0.08112,
0.119584,
0.0784,
0.125664,
0.087584,
0.105472,
0.0752,
0.123392,
0.075456,
0.095968,
0.085856,
0.08928,
0.10464,
0.110336,
0.076224,
0.089888,
0.179904,
0.130432,
0.096512,
0.073856,
0.092256,
0.081056,
0.086912,
0.082048,
0.081824,
0.076608,
0.088704,
0.10192,
0.122368,
0.134912,
0.085344,
0.17008,
0.109152,
0.085152,
0.155744,
0.102432,
0.107456,
0.081056,
0.071488,
0.091872,
0.0776,
0.094528,
0.1016,
0.07264,
0.096128,
0.078016,
0.076672,
0.160224,
0.109664,
0.077344,
0.098816,
0.12928,
0.095264,
0.134528,
0.08096,
0.096448,
0.077216,
0.118336,
0.077952,
0.078624,
0.073376,
0.12304,
0.091872,
0.092512,
0.086912,
0.0728,
0.157792,
0.124768,
0.089952,
0.078912,
0.137568,
0.151648,
0.077568,
0.08544,
0.158624,
0.095456,
0.077376,
0.11648,
0.117856,
0.074016,
0.102336,
0.09872,
0.078944,
0.1008,
0.087136,
0.132128,
0.108288,
0.143072,
0.099232,
0.274944,
0.090432,
0.092512,
0.105376,
0.109312,
0.074112,
0.108672,
0.109472,
0.129792,
0.084608,
0.108512,
0.141856,
0.0984,
0.079744,
0.075424,
0.09536,
0.095264,
0.127744,
0.09024,
0.118176,
0.075136,
0.105472,
0.08064,
0.181056,
0.078432,
0.100416,
0.076,
0.124992,
0.098848,
0.083392,
0.09392,
0.15696,
0.073664,
0.088544,
0.10192,
0.090464,
0.089952,
0.101888,
0.081792,
0.089248,
0.074144,
0.083904,
0.088576,
0.086112,
0.101312,
0.151488,
0.170592,
0.081536,
0.07456,
0.079808,
0.183872,
0.091072,
0.160896,
0.08272,
0.115264,
0.090144,
0.094176,
0.096864,
0.134848,
0.082016,
0.09344,
0.112512,
0.131072,
0.134432,
0.09968,
0.143488,
0.08816,
0.121312,
0.088352,
0.153568,
0.15472,
0.12528,
0.099584,
0.094624,
0.115552,
0.075776,
0.09936,
0.118208,
0.081696,
0.075456,
0.111616,
0.364448,
0.097344,
0.110528,
0.089536,
0.095136,
0.11296,
0.079776,
0.125952,
0.078848,
0.07376,
0.114016,
0.080704,
0.083744,
0.080704,
0.074912,
0.075168,
0.087488,
0.106976,
0.095168,
0.152768,
0.07552,
0.081312,
0.079904,
0.12272,
0.089248,
0.091392,
0.104832,
0.094368,
0.076736,
0.144864,
0.142656,
0.122752,
0.147168,
0.08064,
0.078688,
0.116512,
0.194816,
0.074272,
0.077984,
0.118848,
0.07616,
0.109216,
0.093728,
0.072192,
0.130272,
0.108736,
0.082048,
0.109664,
0.094688,
0.08448,
0.076064,
0.11424,
0.080352,
0.091616,
0.098464,
0.077824,
0.075648,
0.091392,
0.119008,
0.072608,
0.08976,
0.084192,
0.092352,
0.078048,
0.114752,
0.095136,
0.091296,
0.109824,
0.142912,
0.136992,
0.127072,
0.113088,
0.073312,
0.118784,
0.107552,
0.112928,
0.098976,
0.073376,
0.073536,
0.149632,
0.090432,
0.07456,
0.083168,
0.083968,
0.10544,
0.084864,
0.082656,
0.081216,
0.102432,
0.083008,
0.136256,
0.084064,
0.073568,
0.140096,
0.141952,
0.14544,
0.108416,
0.093248,
0.13824,
0.0952,
0.080896,
0.080224,
0.09584,
0.149312,
0.075904,
0.095712,
0.213184,
0.076416,
0.077536,
0.254624,
0.077792,
0.083328,
0.108448,
0.077056,
0.091072,
0.140288,
0.234688,
0.114464,
0.076192,
0.077184,
0.109344,
0.096448,
0.080704,
0.109568,
0.129216,
0.083104,
0.079744,
0.103648,
0.098336,
0.101376,
0.122688,
0.077408,
0.084832,
0.085984,
0.077664,
0.096288,
0.138112,
0.090912,
0.2448,
0.080288,
0.10752,
0.112864,
0.080288,
0.09584,
0.076064,
0.091136,
0.208096,
0.1096,
0.095392,
0.078784,
0.083968,
0.119616,
0.130976,
0.089184,
0.089152,
0.12336,
0.109248,
0.073728,
0.092288,
0.178208,
0.098624,
0.101728,
0.091392,
0.08944,
0.09488,
0.100448,
0.138464,
0.089952,
0.0768,
0.102528,
0.145504,
0.097632,
0.115488,
0.08112,
0.077632,
0.095168,
0.090176,
0.131136,
0.100704,
0.088416,
0.20992,
0.094784,
0.085056,
0.09552,
0.078816,
0.120032,
0.134272,
0.10352,
0.089216,
0.127456,
0.075776,
0.098336,
0.13856,
0.082048,
0.1536,
0.079616,
0.10256,
0.090176,
0.083584,
0.091136,
0.120032,
0.11776,
0.1016,
0.078112,
0.118624,
0.072512,
0.10016,
0.133024,
0.175328,
0.095488,
0.07776,
0.125056,
0.076672,
0.1024,
0.098656,
0.097408,
0.117696,
0.164896,
0.1456,
0.101408,
0.075872,
0.07664,
0.074432,
0.178016,
0.080704,
0.13744,
0.099872,
0.09792,
0.117696,
0.10368,
0.107712,
0.143296,
0.093312,
0.102304,
0.144384,
0.119264,
0.075424,
0.08704,
0.107712,
0.07984,
0.088608,
0.12112,
0.109792,
0.080288,
0.10608,
0.083008,
0.096864,
0.07552,
0.117184,
0.077152,
0.128,
0.099328,
0.07232,
0.077664,
0.099328,
0.07888,
0.086848,
0.078784,
0.099296,
0.113856,
0.086272,
0.167008,
0.074176,
0.141568,
0.097312,
0.089088,
0.131072,
0.08816,
0.111616,
0.096416,
0.088224,
0.089024,
0.08784,
0.094688,
0.084032,
0.092384,
0.10896,
0.105472,
0.145408,
0.145632,
0.069856,
0.077824,
0.136992,
0.092928,
0.084192,
0.096128,
0.154688,
0.090144,
0.131072,
0.088032,
0.098016,
0.089504,
0.093024,
0.132096,
0.092256,
0.134816,
0.139872,
0.115584,
0.101824,
0.079968,
0.076704,
0.12368,
0.0992,
0.108256,
0.088992,
0.2032,
0.114048,
0.103456,
0.075776,
0.089152,
0.291008,
0.113664,
0.108512,
0.110272,
0.092192,
0.150848,
0.113792,
0.098336,
0.102912,
0.081856,
0.079872,
0.07408,
0.094816,
0.092224,
0.073504,
0.211296,
0.180224,
0.081344,
0.079904,
0.078944,
0.075104,
0.103104,
0.111936,
0.093952,
0.072384,
0.119936,
0.107456,
0.098592,
0.07728,
0.093568,
0.12768,
0.089088,
0.083744,
0.10608,
0.161152,
0.098176,
0.11184,
0.093344,
0.159808,
0.078688,
0.074368,
0.099424,
0.07808,
0.11872,
0.125088,
0.079808,
0.125024,
0.098112,
0.116544,
0.254656,
0.081792,
0.100128,
0.089216,
0.090016,
0.103424,
0.10752,
0.07824,
0.073472,
0.163008,
0.083008,
0.098016,
0.123296,
0.1528,
0.130784,
0.08992,
0.189696,
0.103424,
0.09984,
0.094208,
0.145728,
0.083968,
0.076896,
0.145408,
0.100096,
0.090784,
0.091168,
0.098656,
0.08192,
0.148352,
0.107808,
0.085248,
0.103232,
0.115712,
0.089664,
0.07584,
0.077664,
0.103744,
0.100576,
0.07536,
0.078752,
0.077568,
0.164672,
0.07296,
0.109376,
0.075104,
0.079904,
0.140224,
0.118912,
0.095104,
0.123904,
0.097024,
0.138976,
0.250848,
0.07792,
0.094752,
0.076672,
0.129536,
0.072576,
0.107232,
0.089824,
0.076416,
0.079616,
0.078496,
0.075552,
0.073632,
0.089504,
0.082944,
0.095232,
0.081824,
0.080864,
0.113216,
0.161952,
0.072704,
0.079872,
0.081344,
0.098176,
0.123104,
0.149216,
0.099968,
0.111584,
0.12112,
0.089952,
0.104128,
0.10896,
0.09056,
0.132064,
0.11776,
0.080864,
0.132768,
0.117376,
0.092352,
0.189888,
0.123904,
0.076,
0.092128,
0.123264,
0.078912,
0.104448,
0.130496,
0.076864,
0.083968,
0.217216,
0.123136,
0.1024,
0.081792,
0.084032,
0.10336,
0.096256,
0.128224,
0.082336,
0.150368,
0.079872,
0.081632,
0.09952,
0.116736,
0.08016,
0.085568,
0.100928,
0.073152,
0.082976,
0.104928,
0.077824,
0.135936,
0.266112,
0.108128,
0.138528,
0.085824,
0.106816,
0.10144,
0.080864,
0.072704,
0.092832,
0.08256,
0.135936,
0.077312,
0.118944,
0.091904,
0.148928,
0.118912,
0.076576,
0.136576,
0.091168,
0.21344,
0.10128,
0.089472,
0.144864,
0.101472,
0.080192,
0.101248,
0.08608,
0.071712,
0.073632,
0.188736,
0.075456,
0.15088,
0.120608,
0.17344,
0.096992,
0.1016,
0.120416,
0.086016,
0.119456,
0.096992,
0.202176,
0.08928,
0.106112,
0.101088,
0.087136,
0.09024,
0.074752,
0.159744,
0.11024,
0.078336,
0.140064,
0.098336,
0.080928,
0.16112,
0.076736,
0.131328,
0.072096,
0.133248,
0.121312,
0.079616,
0.074944,
0.079616,
0.095296,
0.093184,
0.088416,
0.101184,
0.074752,
0.079552,
0.122496,
0.107168,
0.1248,
0.092,
0.08704,
0.1024,
0.166176,
0.088928,
0.09744,
0.090976,
0.075328,
0.091968,
0.074336,
0.076096,
0.095712,
0.108192,
0.123072,
0.075776,
0.080352,
0.088032,
0.11904,
0.090784,
0.084864,
0.193504,
0.108416,
0.130368,
0.098048,
0.079008,
0.132096,
0.082016,
0.079936,
0.076928,
0.075648,
0.119584,
0.080192,
0.112768,
0.103424,
0.09728,
0.100256,
0.134368,
0.099776,
0.081824,
0.114016,
0.133056,
0.138656,
0.147456,
0.121472,
0.076128,
0.11696,
0.10448,
0.13152,
0.074912,
0.120544,
0.07408,
0.116608,
0.08,
0.106752,
0.076608,
0.084992,
0.096128,
0.074912,
0.107296,
0.126816,
0.085344,
0.09136,
0.124864,
0.080832,
0.075392,
0.07904,
0.082784,
0.078112,
0.099328,
0.085664,
0.130368,
0.078176,
0.101728,
0.146464,
0.117824,
0.081856,
0.150496,
0.090464,
0.142176,
0.097728,
0.101376,
0.095552,
0.107264,
0.123104,
0.073248,
0.078272,
0.103392,
0.074176,
0.089152,
0.096992,
0.119232,
0.101312,
0.079616,
0.103904,
0.098304,
0.129216,
