3.423390090465545654e-01
2.726339995861053467e-01
4.643520116806030273e-01
2.197590112686157227e+00
3.957599997520446777e-01
1.874060034751892090e+00
1.724390029907226562e+00
7.986980080604553223e-01
1.248520088195800781e+01
5.698269844055175781e+00
1.219570040702819824e+00
1.259690046310424805e+00
8.232960104942321777e-01
2.344239950180053711e+00
1.519979953765869141e+00
2.776779890060424805e+00
3.302440166473388672e+00
4.996059834957122803e-01
4.698980331420898438e+00
4.300320148468017578e+00
5.660640001296997070e-01
1.160519886016845703e+01
2.532099962234497070e+00
1.801779747009277344e+01
2.079620063304901123e-01
5.886840343475341797e+00
2.175489997863769531e+01
2.631399869918823242e+00
1.754539966583251953e+00
2.169810056686401367e+00
5.880309581756591797e+00
2.156599998474121094e+00
4.447659969329833984e+00
6.714879721403121948e-02
2.504639863967895508e+00
5.556799769401550293e-01
1.835999965667724609e+00
7.205700278282165527e-01
2.488559961318969727e+00
3.524059951305389404e-01
1.172739982604980469e+00
8.331500053405761719e+00
1.610290050506591797e+00
2.726099967956542969e+00
3.610670089721679688e+00
4.032479763031005859e+00
1.003660011291503906e+01
2.770659923553466797e+00
4.876949787139892578e+00
1.237339973449707031e+00
1.066949963569641113e+00
1.208910083770751953e+01
1.618289947509765625e+00
3.956899940967559814e-01
3.314229726791381836e+00
2.407949924468994141e+00
8.847870230674743652e-01
7.119420051574707031e+00
3.465310037136077881e-01
1.828459978103637695e+00
2.005189895629882812e+00
5.455369949340820312e+00
6.507190227508544922e+00
8.913859724998474121e-01
4.850679874420166016e+00
1.248520088195800781e+01
3.247070074081420898e+00
4.591410160064697266e+00
2.040889978408813477e+00
4.468059837818145752e-01
2.677530050277709961e+00
3.261679887771606445e+00
2.594310045242309570e+00
2.696680068969726562e+00
1.693270111083984375e+01
4.347650051116943359e+00
1.781910061836242676e+00
6.666490554809570312e+00
9.678860664367675781e+00
5.478350162506103516e+00
3.790820240974426270e-01
3.156680107116699219e+00
5.701630115509033203e-01
1.139139980077743530e-01
4.704259932041168213e-01
6.118109822273254395e-01
2.585410118103027344e+00
1.541560053825378418e+00
1.543470025062561035e+00
5.083290100097656250e+00
2.384829998016357422e+00
3.416929841041564941e-01
4.450979828834533691e-01
9.876189827919006348e-01
2.052350044250488281e-01
2.343290090560913086e+00
3.837569952011108398e+00
2.288579940795898438e-01
3.733270168304443359e+00
1.935140043497085571e-01
2.067000150680541992e+00
1.423030018806457520e+00
2.669470012187957764e-01
8.811680078506469727e-01
2.761339843273162842e-01
2.845120243728160858e-02
1.422309970855712891e+01
1.534229946136474609e+01
1.849690246582031250e+01
1.771870106458663940e-01
7.333839893341064453e+00
1.660180091857910156e+00
8.314200401306152344e+00
2.401569932699203491e-01
8.811100125312805176e-01
1.098099946975708008e+00
7.299969792366027832e-01
5.320460319519042969e+00
5.861410140991210938e+00
2.369560003280639648e+00
1.456369972229003906e+01
8.794339895248413086e-01
1.269880008697509766e+01
1.942590028047561646e-01
2.471319913864135742e+00
2.653319835662841797e+00
6.577280521392822266e+00
3.839349985122680664e+00
1.404520130157470703e+01
2.695520222187042236e-01
2.667840003967285156e+00
4.302670001983642578e+00
4.647969901561737061e-01
3.370750248432159424e-01
2.085619926452636719e+00
1.747699975967407227e+00
3.367199897766113281e-01
9.892060160636901855e-01
3.415989875793457031e+00
8.558620214462280273e-01
8.846079707145690918e-01
1.868759989738464355e+00
3.928949832916259766e+00
6.257919669151306152e-01
1.070160031318664551e+00
2.730449914932250977e+00
1.268910050392150879e+00
6.093929767608642578e+00
5.491459965705871582e-01
1.053409948945045471e-01
2.525340020656585693e-01
9.468019485473632812e+00
2.697819769382476807e-01
2.153050231933593750e+01
4.496089935302734375e+00
1.204229950904846191e+00
3.731199979782104492e+00
1.477380037307739258e+00
3.975159883499145508e+00
3.427840173244476318e-01
3.254230022430419922e+00
3.515850067138671875e+00
1.632130026817321777e+00
1.709239959716796875e+00
2.017440050840377808e-01
6.347209930419921875e+00
3.216049909591674805e+00
7.848180770874023438e+00
3.186430037021636963e-01
4.875030040740966797e+00
7.055200338363647461e-01
1.263329982757568359e-01
6.382029533386230469e+00
9.592859745025634766e-01
4.748759746551513672e+00
1.944039940834045410e+00
4.143539905548095703e+00
2.280959859490394592e-02
3.647609949111938477e+00
6.939839720726013184e-01
5.844830036163330078e+00
2.039570093154907227e+00
3.518519878387451172e+00
1.676290035247802734e+00
9.211170077323913574e-01
1.732420086860656738e+00
6.577540040016174316e-01
2.131119966506958008e+00
1.364439964294433594e+00
1.238180026412010193e-01
1.248479962348937988e+00
8.924030065536499023e-01
2.067000150680541992e+00
1.931470036506652832e+00
1.059340000152587891e+00
1.277400016784667969e+00
6.809790134429931641e-01
1.168479993939399719e-01
2.646019935607910156e+00
9.266939759254455566e-01
2.366910129785537720e-01
3.671869754791259766e+00
1.852230072021484375e+00
3.916889667510986328e+00
2.396090030670166016e+00
2.128109931945800781e+00
6.433219909667968750e-01
3.116610050201416016e-01
1.777740001678466797e+00
1.202659988403320312e+01
8.450699806213378906e+00
4.209000110626220703e+00
4.145700037479400635e-01
6.576989889144897461e-01
2.643569946289062500e+00
3.474889993667602539e+00
1.261929988861083984e+00
8.593019843101501465e-01
2.054579973220825195e+00
6.336660385131835938e+00
8.298179626464843750e+00
3.091429948806762695e+00
2.841510057449340820e+00
8.423420190811157227e-01
5.706280231475830078e+00
4.073339939117431641e+00
3.319849967956542969e+00
4.879739880561828613e-01
1.095229983329772949e+00
3.413490295410156250e+00
5.437539577484130859e+00
5.284129977226257324e-01
5.710980296134948730e-01
1.215710043907165527e+00
4.383559703826904297e+00
4.407680034637451172e-01
1.603549957275390625e+00
1.880300045013427734e+00
7.934660315513610840e-01
6.971809864044189453e-01
5.818559974431991577e-02
5.055640220642089844e+00
2.946290016174316406e+00
1.784520030021667480e+00
1.171870008111000061e-01
1.493239998817443848e+00
5.808899879455566406e+00
4.100229740142822266e+00
3.453180193901062012e-01
8.147838711738586426e-02
2.829809904098510742e+00
5.956580042839050293e-01
6.408600330352783203e+00
1.608459949493408203e+00
2.882149934768676758e+00
1.260329961776733398e+00
