2.397411727905273438e+01
4.864327621459960938e+01
5.313346481323242188e+01
5.269020843505859375e+01
4.354389953613281250e+01
6.163069534301757812e+01
4.219208145141601562e+01
5.039740753173828125e+01
5.410557556152343750e+01
4.483104324340820312e+01
3.675424575805664062e+01
4.381968688964843750e+01
5.633480072021484375e+01
4.093670272827148438e+01
4.118749237060546875e+01
4.036260986328125000e+01
5.726941299438476562e+01
5.043529510498046875e+01
6.154617309570312500e+01
2.504332351684570312e+01
5.519610595703125000e+01
4.477423477172851562e+01
3.574581527709960938e+01
4.213109588623046875e+01
5.134861373901367188e+01
5.289249801635742188e+01
5.393002319335937500e+01
3.412862014770507812e+01
4.703446578979492188e+01
6.163092803955078125e+01
3.901812362670898438e+01
4.163749313354492188e+01
4.129660797119140625e+01
2.331165504455566406e+01
4.891371536254882812e+01
4.433951568603515625e+01
4.036247634887695312e+01
5.748788452148437500e+01
3.283494186401367188e+01
4.556134414672851562e+01
5.456197357177734375e+01
5.912490844726562500e+01
4.783559036254882812e+01
4.567777633666992188e+01
5.310846328735351562e+01
3.293067550659179688e+01
5.038697814941406250e+01
4.923322677612304688e+01
5.921398162841796875e+01
4.673806762695312500e+01
5.324182128906250000e+01
2.940660095214843750e+01
5.596173858642578125e+01
3.253646087646484375e+01
3.815445709228515625e+01
4.805250167846679688e+01
5.106754302978515625e+01
4.359077835083007812e+01
3.951321792602539062e+01
4.376174163818359375e+01
4.154022216796875000e+01
3.751322937011718750e+01
4.670683288574218750e+01
4.470848464965820312e+01
4.752964401245117188e+01
5.201315307617187500e+01
5.745521926879882812e+01
4.712186813354492188e+01
4.868848037719726562e+01
5.069572448730468750e+01
1.847866630554199219e+01
4.036072540283203125e+01
4.125612258911132812e+01
5.819943618774414062e+01
4.765083694458007812e+01
5.209969329833984375e+01
4.428219223022460938e+01
5.292109298706054688e+01
2.838320350646972656e+01
3.464226531982421875e+01
3.680084228515625000e+01
4.568136978149414062e+01
6.516535949707031250e+01
4.876974868774414062e+01
2.666089439392089844e+01
3.372002792358398438e+01
3.487681198120117188e+01
5.538035964965820312e+01
5.682956695556640625e+01
6.003949737548828125e+01
5.212313842773437500e+01
4.793130493164062500e+01
5.431969451904296875e+01
5.273674774169921875e+01
4.941481018066406250e+01
4.071672821044921875e+01
3.913432693481445312e+01
2.728650283813476562e+01
4.424917221069335938e+01
5.324170684814453125e+01
4.089923477172851562e+01
5.515545654296875000e+01
5.345842361450195312e+01
3.024799156188964844e+01
5.355801010131835938e+01
4.828997421264648438e+01
2.028622436523437500e+01
4.839617538452148438e+01
5.071634674072265625e+01
6.109879302978515625e+01
5.752696228027343750e+01
4.797951889038085938e+01
5.280808639526367188e+01
5.985415267944335938e+01
5.629170227050781250e+01
5.124672317504882812e+01
4.795705795288085938e+01
5.113184356689453125e+01
1.526603984832763672e+01
5.310033416748046875e+01
2.955126380920410156e+01
2.328742980957031250e+01
5.875073623657226562e+01
4.358483123779296875e+01
5.747160339355468750e+01
3.927570343017578125e+01
4.932240295410156250e+01
6.086932373046875000e+01
3.491923522949218750e+01
5.014459991455078125e+01
5.094123077392578125e+01
4.845491790771484375e+01
5.788428497314453125e+01
4.465977478027343750e+01
5.312539291381835938e+01
5.538619613647460938e+01
5.538400268554687500e+01
6.445777893066406250e+01
4.092794036865234375e+01
4.129074096679687500e+01
3.937226486206054688e+01
6.099554061889648438e+01
5.176525497436523438e+01
2.021259117126464844e+01
5.885521316528320312e+01
4.647628021240234375e+01
5.933911132812500000e+01
4.501858901977539062e+01
2.897120094299316406e+01
5.630496215820312500e+01
5.880384826660156250e+01
5.425346755981445312e+01
4.423176574707031250e+01
5.581040191650390625e+01
6.045124435424804688e+01
5.066970825195312500e+01
4.978741836547851562e+01
5.229052734375000000e+01
4.768230438232421875e+01
6.154596710205078125e+01
3.894329071044921875e+01
3.613640213012695312e+01
4.798303222656250000e+01
5.535884094238281250e+01
3.512488555908203125e+01
5.366805267333984375e+01
4.249206542968750000e+01
4.999468612670898438e+01
4.364714431762695312e+01
4.731988143920898438e+01
5.809953308105468750e+01
5.567439270019531250e+01
3.557064056396484375e+01
5.288258361816406250e+01
4.816483688354492188e+01
5.257683944702148438e+01
4.697016143798828125e+01
4.768155288696289062e+01
5.061623001098632812e+01
5.238954925537109375e+01
4.553005981445312500e+01
4.505688095092773438e+01
4.503900909423828125e+01
3.582115554809570312e+01
6.083955383300781250e+01
7.540126037597656250e+01
4.123948287963867188e+01
5.316561126708984375e+01
5.861552810668945312e+01
5.036708831787109375e+01
3.008069038391113281e+01
4.406274795532226562e+01
3.872733306884765625e+01
5.307121276855468750e+01
4.051083755493164062e+01
2.620764923095703125e+01
4.165817642211914062e+01
5.837525939941406250e+01
3.438437271118164062e+01
4.881162643432617188e+01
5.621849822998046875e+01
5.614054489135742188e+01
5.015105438232421875e+01
3.736992645263671875e+01
4.661742019653320312e+01
5.224576568603515625e+01
2.702072525024414062e+01
4.039377212524414062e+01
5.799026107788085938e+01
3.068400001525878906e+01
4.568499755859375000e+01
3.644854354858398438e+01
4.637169265747070312e+01
4.196566009521484375e+01
4.429659652709960938e+01
6.216020202636718750e+01
5.123006057739257812e+01
5.850115585327148438e+01
6.202545547485351562e+01
6.177589416503906250e+01
4.874532699584960938e+01
5.240506362915039062e+01
5.824855041503906250e+01
4.821241378784179688e+01
4.718548965454101562e+01
4.548083496093750000e+01
4.215338897705078125e+01
3.308805084228515625e+01
4.995616531372070312e+01
3.408221435546875000e+01
4.434687423706054688e+01
5.387511062622070312e+01
5.386245727539062500e+01
5.324810409545898438e+01
6.134576416015625000e+01
5.873583602905273438e+01
5.403857803344726562e+01
4.696884155273437500e+01
5.028600311279296875e+01
6.750521850585937500e+01
2.836052322387695312e+01
6.135263824462890625e+01
4.916872406005859375e+01
6.055377578735351562e+01
4.783306121826171875e+01
4.072284698486328125e+01
5.086045455932617188e+01
5.228660202026367188e+01
2.152195739746093750e+01
5.355118942260742188e+01
4.158853149414062500e+01
6.050407409667968750e+01
3.930798721313476562e+01
4.889455795288085938e+01
5.189108276367187500e+01
4.775825881958007812e+01
