3.001239895820617676e-01
2.882185578346252441e-01
3.021705150604248047e-01
2.986859977245330811e-01
2.637599706649780273e-01
2.884303033351898193e-01
2.959986925125122070e-01
2.503638863563537598e-01
2.672304511070251465e-01
2.637376487255096436e-01
3.011576235294342041e-01
2.741339504718780518e-01
2.845009565353393555e-01
2.684008777141571045e-01
2.886909842491149902e-01
2.588188648223876953e-01
2.715395092964172363e-01
2.699707746505737305e-01
2.697803974151611328e-01
2.857010066509246826e-01
2.832348942756652832e-01
2.873035073280334473e-01
2.761924266815185547e-01
2.729941308498382568e-01
2.665987014770507812e-01
2.566834390163421631e-01
2.872749865055084229e-01
2.890214025974273682e-01
2.566677927970886230e-01
2.665413618087768555e-01
2.658270299434661865e-01
2.718875706195831299e-01
2.538632452487945557e-01
2.633909881114959717e-01
2.581855058670043945e-01
2.875130474567413330e-01
3.005492687225341797e-01
2.629952430725097656e-01
2.575740218162536621e-01
2.918825447559356689e-01
2.965395152568817139e-01
2.875407934188842773e-01
2.860504090785980225e-01
2.806695997714996338e-01
2.650617957115173340e-01
2.813320159912109375e-01
2.773214876651763916e-01
3.017583787441253662e-01
2.663536071777343750e-01
2.559203505516052246e-01
2.649599909782409668e-01
2.588481605052947998e-01
2.706004977226257324e-01
2.663938701152801514e-01
2.827982902526855469e-01
2.541610896587371826e-01
2.958743572235107422e-01
2.797555625438690186e-01
2.904469072818756104e-01
2.872210144996643066e-01
2.728340923786163330e-01
2.768715918064117432e-01
2.679124176502227783e-01
3.026402294635772705e-01
