4.250466156005859375e+01
5.563373565673828125e+01
4.253059387207031250e+01
7.702169036865234375e+01
4.549747085571289062e+01
3.928666305541992188e+01
4.898834991455078125e+01
4.880939102172851562e+01
5.552242660522460938e+01
4.783012771606445312e+01
5.086376571655273438e+01
4.770453643798828125e+01
3.333661651611328125e+01
4.295575714111328125e+01
4.650761413574218750e+01
4.280550384521484375e+01
5.974189376831054688e+01
4.705298233032226562e+01
3.866865539550781250e+01
5.030986785888671875e+01
4.595431137084960938e+01
5.770116424560546875e+01
4.423781204223632812e+01
8.807313537597656250e+01
5.013095855712890625e+01
4.196284103393554688e+01
5.087309265136718750e+01
4.033946228027343750e+01
4.875378799438476562e+01
4.184626770019531250e+01
5.213407516479492188e+01
7.290456390380859375e+01
3.392908096313476562e+01
3.312910461425781250e+01
3.508370971679687500e+01
5.134146499633789062e+01
4.151786422729492188e+01
5.049578094482421875e+01
3.166920280456542969e+01
4.468814086914062500e+01
4.764172744750976562e+01
4.766847229003906250e+01
5.888836669921875000e+01
5.022631835937500000e+01
4.866529464721679688e+01
4.255202484130859375e+01
4.384219741821289062e+01
4.775863647460937500e+01
4.602613067626953125e+01
3.212916564941406250e+01
4.462224578857421875e+01
3.852869033813476562e+01
6.608285522460937500e+01
4.943510437011718750e+01
4.381962203979492188e+01
5.487366104125976562e+01
5.004491806030273438e+01
4.917168807983398438e+01
3.565530014038085938e+01
4.030596160888671875e+01
4.796413803100585938e+01
3.541885375976562500e+01
4.278805541992187500e+01
5.229145050048828125e+01
5.130834197998046875e+01
5.038586425781250000e+01
4.329076385498046875e+01
4.216026687622070312e+01
4.503566741943359375e+01
4.951008605957031250e+01
4.127085876464843750e+01
3.332132720947265625e+01
5.001117324829101562e+01
2.937936019897460938e+01
4.852789306640625000e+01
4.680708312988281250e+01
5.040792465209960938e+01
4.736470031738281250e+01
4.406671142578125000e+01
5.010184097290039062e+01
3.355863571166992188e+01
3.332847976684570312e+01
5.177525329589843750e+01
4.353264617919921875e+01
4.469219970703125000e+01
8.214801025390625000e+01
4.935840988159179688e+01
8.677456665039062500e+01
4.907279586791992188e+01
5.034111022949218750e+01
3.340591812133789062e+01
3.792187500000000000e+01
4.851860427856445312e+01
4.306468963623046875e+01
4.508629226684570312e+01
4.563810729980468750e+01
4.740411758422851562e+01
4.051061630249023438e+01
3.643505859375000000e+01
4.970228576660156250e+01
4.271117401123046875e+01
4.942485046386718750e+01
4.797269058227539062e+01
5.422633361816406250e+01
4.358589172363281250e+01
4.579948425292968750e+01
4.781427001953125000e+01
3.792132186889648438e+01
3.064224815368652344e+01
3.910039901733398438e+01
5.282521057128906250e+01
4.969948959350585938e+01
4.854184722900390625e+01
4.916149139404296875e+01
3.919615554809570312e+01
4.603257369995117188e+01
4.971844100952148438e+01
7.979366302490234375e+01
4.569217681884765625e+01
4.671998596191406250e+01
4.340133285522460938e+01
4.694384384155273438e+01
3.868362808227539062e+01
4.932600021362304688e+01
7.625318908691406250e+01
4.290139007568359375e+01
4.359321975708007812e+01
4.742068862915039062e+01
4.220830917358398438e+01
4.783796310424804688e+01
5.255528640747070312e+01
4.698207855224609375e+01
6.247589874267578125e+01
5.893173599243164062e+01
3.426243972778320312e+01
4.636876296997070312e+01
4.769672393798828125e+01
4.947046279907226562e+01
4.687911605834960938e+01
4.215051651000976562e+01
4.976426315307617188e+01
4.266907882690429688e+01
5.862992095947265625e+01
3.511407852172851562e+01
4.277678298950195312e+01
4.111116409301757812e+01
4.266091918945312500e+01
3.251607131958007812e+01
4.198704910278320312e+01
4.743476867675781250e+01
3.940666580200195312e+01
5.492416000366210938e+01
6.344353485107421875e+01
5.102439880371093750e+01
4.280747222900390625e+01
4.467631530761718750e+01
5.591652679443359375e+01
5.037405395507812500e+01
4.575646209716796875e+01
7.803751373291015625e+01
4.017413711547851562e+01
5.940003204345703125e+01
4.742783355712890625e+01
4.859368896484375000e+01
5.023237991333007812e+01
4.184178924560546875e+01
4.943525695800781250e+01
4.087537002563476562e+01
4.808838653564453125e+01
4.460367584228515625e+01
4.952437973022460938e+01
2.795027923583984375e+01
3.339105987548828125e+01
4.876327514648437500e+01
8.296824645996093750e+01
4.723369598388671875e+01
4.686311340332031250e+01
5.070533370971679688e+01
4.221254730224609375e+01
4.200908660888671875e+01
4.029661178588867188e+01
5.297413635253906250e+01
4.725536727905273438e+01
3.758646774291992188e+01
3.989160156250000000e+01
6.170917892456054688e+01
4.866472625732421875e+01
4.798329544067382812e+01
4.628008651733398438e+01
4.623694229125976562e+01
4.725515365600585938e+01
4.964387512207031250e+01
6.972016906738281250e+01
4.066880035400390625e+01
4.610170364379882812e+01
4.415493392944335938e+01
4.885053634643554688e+01
4.694351959228515625e+01
5.364515304565429688e+01
4.639804840087890625e+01
4.998659515380859375e+01
5.378612899780273438e+01
5.481186676025390625e+01
4.941834640502929688e+01
5.016710281372070312e+01
4.258341598510742188e+01
4.573339462280273438e+01
3.618846130371093750e+01
4.538479614257812500e+01
4.601981353759765625e+01
5.258630752563476562e+01
4.993292236328125000e+01
3.743354415893554688e+01
4.706826400756835938e+01
4.316975021362304688e+01
4.974576950073242188e+01
4.950764083862304688e+01
3.833848190307617188e+01
5.387287521362304688e+01
4.837178802490234375e+01
4.330820083618164062e+01
4.769047927856445312e+01
5.243419647216796875e+01
2.993332099914550781e+01
8.687935638427734375e+01
4.632944869995117188e+01
4.227554702758789062e+01
4.797132110595703125e+01
4.545299530029296875e+01
7.607599639892578125e+01
3.420566558837890625e+01
3.895621871948242188e+01
4.985111999511718750e+01
4.608520889282226562e+01
3.783788299560546875e+01
4.092081832885742188e+01
4.981946563720703125e+01
4.915784454345703125e+01
2.987517166137695312e+01
4.809117126464843750e+01
4.890374374389648438e+01
4.105266952514648438e+01
4.475704193115234375e+01
4.669898223876953125e+01
4.647845077514648438e+01
3.676139068603515625e+01
5.181884765625000000e+01
5.224209213256835938e+01
3.883757019042968750e+01
4.798987579345703125e+01
5.075613403320312500e+01
4.342297744750976562e+01
4.821785354614257812e+01
4.246732330322265625e+01
4.711019515991210938e+01
4.580290222167968750e+01
