5.398891830444335938e+01
5.168497085571289062e+01
5.871245193481445312e+01
7.190863800048828125e+01
5.470113372802734375e+01
5.259213638305664062e+01
1.440196533203125000e+02
5.269168853759765625e+01
5.554763793945312500e+01
5.392098617553710938e+01
5.781570816040039062e+01
5.354713058471679688e+01
5.083577346801757812e+01
5.368097686767578125e+01
5.586807250976562500e+01
5.631299209594726562e+01
5.464735031127929688e+01
6.360413360595703125e+01
4.670948028564453125e+01
5.102822875976562500e+01
5.113911056518554688e+01
7.553941345214843750e+01
6.132143020629882812e+01
4.455744171142578125e+01
4.972797012329101562e+01
7.953607177734375000e+01
4.975308990478515625e+01
7.412124633789062500e+01
4.582221603393554688e+01
4.912001419067382812e+01
6.165785598754882812e+01
7.098037719726562500e+01
7.061507415771484375e+01
4.662374114990234375e+01
7.042897796630859375e+01
5.863311004638671875e+01
4.996674346923828125e+01
7.389633941650390625e+01
4.674247741699218750e+01
5.116984558105468750e+01
4.707092285156250000e+01
5.623841857910156250e+01
5.062620162963867188e+01
7.453755950927734375e+01
8.089524841308593750e+01
5.018314361572265625e+01
4.961597442626953125e+01
6.766352081298828125e+01
8.037797546386718750e+01
5.742402267456054688e+01
5.565780258178710938e+01
5.538505935668945312e+01
4.681519699096679688e+01
4.940708160400390625e+01
6.419322204589843750e+01
6.311340713500976562e+01
6.463999176025390625e+01
4.633797454833984375e+01
5.558963775634765625e+01
3.887620162963867188e+01
5.997428894042968750e+01
5.014575958251953125e+01
5.305341339111328125e+01
5.133523559570312500e+01
5.106729888916015625e+01
4.385667419433593750e+01
8.109565734863281250e+01
5.059957885742187500e+01
4.523735809326171875e+01
8.493675231933593750e+01
4.632418823242187500e+01
4.978963851928710938e+01
6.973739624023437500e+01
5.283637237548828125e+01
5.207073593139648438e+01
6.521521759033203125e+01
5.518831634521484375e+01
5.933257675170898438e+01
1.010583267211914062e+02
5.138209533691406250e+01
5.562373352050781250e+01
5.080909347534179688e+01
4.606823348999023438e+01
5.252244186401367188e+01
1.166420059204101562e+02
6.663079071044921875e+01
4.366762924194335938e+01
4.484102630615234375e+01
5.025114822387695312e+01
5.192097091674804688e+01
5.341058731079101562e+01
5.567484283447265625e+01
4.645080184936523438e+01
5.255790328979492188e+01
4.657201766967773438e+01
5.128924942016601562e+01
6.300699234008789062e+01
5.335677337646484375e+01
6.780973815917968750e+01
5.671605682373046875e+01
5.302610778808593750e+01
5.444616317749023438e+01
5.409546279907226562e+01
6.150120162963867188e+01
5.073727035522460938e+01
5.482198333740234375e+01
5.055111694335937500e+01
7.208492279052734375e+01
4.538976669311523438e+01
5.437128829956054688e+01
4.978745269775390625e+01
4.657843399047851562e+01
4.932135391235351562e+01
5.082372665405273438e+01
5.964699554443359375e+01
7.918350219726562500e+01
8.039300537109375000e+01
7.151600646972656250e+01
4.676558685302734375e+01
5.122150039672851562e+01
5.456832122802734375e+01
6.459977722167968750e+01
6.186595153808593750e+01
5.167038345336914062e+01
4.535848999023437500e+01
5.382003402709960938e+01
7.418160247802734375e+01
6.712645721435546875e+01
7.740988159179687500e+01
5.926361083984375000e+01
5.380489349365234375e+01
4.147719192504882812e+01
4.074827194213867188e+01
4.602116012573242188e+01
4.645523071289062500e+01
5.491020202636718750e+01
5.076407241821289062e+01
5.593521881103515625e+01
4.888156127929687500e+01
6.607151794433593750e+01
5.046810913085937500e+01
4.882391738891601562e+01
5.731566619873046875e+01
6.031358718872070312e+01
5.730637359619140625e+01
1.301382141113281250e+02
5.258438873291015625e+01
5.433834838867187500e+01
5.765215301513671875e+01
4.641598129272460938e+01
1.039658050537109375e+02
4.683190917968750000e+01
7.738688659667968750e+01
5.480271911621093750e+01
5.314236831665039062e+01
5.469581604003906250e+01
5.766699981689453125e+01
4.719096755981445312e+01
4.828449249267578125e+01
4.316548919677734375e+01
6.518133544921875000e+01
7.265663146972656250e+01
5.755401611328125000e+01
5.240030288696289062e+01
5.657460021972656250e+01
7.943461608886718750e+01
4.475016021728515625e+01
5.805705261230468750e+01
6.104704284667968750e+01
5.555608749389648438e+01
5.004734039306640625e+01
6.561930084228515625e+01
5.903743362426757812e+01
6.796145629882812500e+01
5.113119888305664062e+01
6.707113647460937500e+01
5.170525741577148438e+01
6.194715881347656250e+01
4.862818145751953125e+01
6.990876007080078125e+01
5.471840667724609375e+01
4.556161499023437500e+01
4.591369247436523438e+01
5.893221664428710938e+01
6.203861999511718750e+01
6.143914794921875000e+01
4.823216629028320312e+01
5.081052017211914062e+01
5.517800140380859375e+01
5.724323272705078125e+01
5.966468811035156250e+01
8.829296875000000000e+01
5.391377258300781250e+01
5.853603363037109375e+01
4.397222137451171875e+01
6.238813781738281250e+01
6.638567352294921875e+01
5.682032394409179688e+01
4.716988754272460938e+01
5.677325439453125000e+01
5.710484695434570312e+01
5.297815322875976562e+01
5.427160263061523438e+01
6.498727416992187500e+01
5.631409454345703125e+01
5.675944900512695312e+01
5.382018661499023438e+01
6.567927551269531250e+01
5.060140228271484375e+01
7.339253234863281250e+01
5.658773803710937500e+01
5.539100265502929688e+01
5.105198287963867188e+01
5.746045303344726562e+01
5.673709869384765625e+01
5.147275543212890625e+01
5.215640640258789062e+01
6.370533370971679688e+01
5.278688812255859375e+01
5.373420715332031250e+01
6.518692779541015625e+01
4.783568191528320312e+01
1.117043457031250000e+02
8.266188812255859375e+01
5.680610275268554688e+01
5.748377227783203125e+01
5.231263732910156250e+01
5.580611801147460938e+01
9.759816741943359375e+01
5.233921051025390625e+01
7.371959686279296875e+01
5.050249862670898438e+01
5.754342269897460938e+01
5.251393890380859375e+01
6.802776336669921875e+01
4.289601135253906250e+01
5.694794464111328125e+01
5.604329299926757812e+01
5.790763854980468750e+01
6.675411224365234375e+01
4.864096832275390625e+01
6.396884918212890625e+01
8.781594848632812500e+01
5.088558959960937500e+01
5.451216125488281250e+01
5.291373825073242188e+01
5.318528747558593750e+01
5.943561935424804688e+01
4.824291992187500000e+01
5.672817230224609375e+01
5.022918319702148438e+01
1.061390075683593750e+02
4.994095611572265625e+01
5.015345764160156250e+01
6.775873565673828125e+01
7.353695678710937500e+01
