8.06455,
4.36771,
0.746656,
112.182,
79.1962,
5.67817,
5.77619,
8.37479,
173.3003,
116.138,
17.0184,
117.3181,
67.6819,
17.77107,
21.68428,
16.61571,
112.397,
12.92144,
105.8826,
145.3822,
191.7806,
1.001952,
12.04003,
1.12304,
2.1286,
1.74253,
21.011,
12.27561,
123.1545,
11.19193,
51.2037,
12.88784,
4.69562,
25.2703,
34.07485,
2.94125,
53.4336,
177.1824,
1.269984,
61.576,
2.398078,
26.5398,
56.3219,
10.1807,
5.47104,
20.1527,
1.671872,
183.6429,
4.01268,
7.47673,
33.5662,
5.02983,
3.68839,
17.50695,
0.458464,
0.448448,
155.4129,
40.7916,
14.58528,
21.05246,
3.745952,
2.279676,
130.6494,
13.3983,
24.2296,
87.575,
0.609664,
16.18285,
32.9462,
90.2101,
95.4821,
18.65642,
28.9947,
1.431584,
78.8105,
9.6625,
4.6361,
3.49324,
77.4822,
12.77943,
87.9818,
42.1029,
4.92455,
14.38231,
10.31472,
2.50736,
4.83104,
19.10192,
127.8058,
8.04048,
104.0769,
9.13507,
33.0783,
4.85597,
1.492674,
11.51092,
33.2744,
2.167516,
140.5922,
177.8073,
34.6272,
113.4131,
94.1014,
24.7907,
7.02038,
0.666144,
21.73014,
2.29687,
45.0428,
2.10544,
8.3872,
31.9506,
55.6887,
71.8613,
21.93205,
30.0485,
5.62486,
163.5094,
6.66144,
37.0634,
71.8163,
2.100766,
39.0995,
93.9405,
61.8299,
6.50816,
8.93526,
27.0133,
22.02254,
62.1881,
197.6316,
64.5147,
48.0981,
2.106306,
22.23611,
52.3667,
36.7051,
4.401342,
13.40272,
125.4992,
72.9188,
5.50182,
6.69065,
120.8354,
3.68643,
49.105,
5.89248,
193.7299,
8.21571,
67.4248,
21.82776,
19.39226,
8.5913,
105.8743,
37.5402,
4.79747,
0.555008,
3.45978,
3.03568,
46.3687,
29.8243,
134.0085,
1.51475,
7.56173,
57.9445,
55.5049,
185.9041,
84.4946,
0.433632,
26.70421,
8.39603,
68.5324,
42.4431,
0.678784,
20.09356,
25.2556,
50.3276,
14.74903,
3.743358,
186.5483,
124.0295,
4.19527,
22.07068,
146.0727,
15.4632,
93.2661,
3.44138,
2.80138,
11.27562,
21.95884,
2.088772,
196.4832,
49.0329,
15.02355,
88.3311,
25.09699,
47.4914,
138.9181,
65.5473,
4.82029,
1.895204,
1.92301,
14.1056,
0.839552,
110.2181,
60.551,
98.4571,
78.9494,
9.69562,
1.471616,
118.764,
96.1566,
4.03894,
0.964224,
67.6805,
20.56453,
7.41184,
75.1127,
26.0469,
165.4469,
48.8663,
12.07948,
2.741,
10.59731,
4.46464,
41.2498,
6.79523,
3.61146,
28.86027,
3.913116,
6.66349,
156.1376,
9.32352,
11.40163,
144.6986,
1.033376,
40.1864,
10.33862,
0.705632,
110.0789,
9.71062,
19.38853,
36.2156,
3.20106,
18.8395,
26.3922,
113.4861,
3.99049,
25.1013,
182.8477,
75.5793,
11.37686,
2.66355,
13.3432,
9.5895,
6.05065,
8.06227,
4.62144,
65.2902,
15.79017,
5.47549,
13.10823,
52.9089,
49.6077,
9.24387,
8.25757,
1.976162,
38.9394,
1.719296,
118.2504,
1.45648,
137.4165,
14.464,
118.9069,
5.38531,
91.0552,
4.99523,
46.9,
1.038336,
24.1611,
7.26647,
1.109728,
5.31331,
36.5776,
34.6114,
9.29571,
1.387328,
1.17664,
57.9049,
19.51115,
7.79366,
1.5448,
23.92168,
94.6313,
54.1773,
1.725824,
16.56628,
7.50685,
79.4376,
3.77555,
55.3036,
94.8624,
39.1006,
25.71612,
0.598656,
58.5585,
49.1878,
1.668032,
4.56371,
2.91255,
1.477124,
55.5349,
13.30275,
41.0543,
190.5015,
17.84946,
37.8163,
1.922396,
47.4626,
20.71825,
64.4286,
39.2319,
14.75027,
18.66928,
8.24902,
182.5752,
11.2425,
26.2936,
1.651808,
30.548,
75.1962,
49.8045,
5.81974,
9.01735,
115.5992,
2.78839,
1.811586,
2.340894,
8.51469,
22.38538,
3.433342,
18.31946,
6.50144,
2.54336,
115.9041,
7.43219,
9.61783,
6.97075,
115.4222,
17.55341,
7.39127,
76.5542,
113.6596,
15.46138,
38.72656,
63.1822,
23.89422,
1.814112,
88.0296,
37.4175,
43.0398,
99.9142,
21.16814,
30.6188,
3.71344,
16.20547,
9.97603,
25.2448,
76.9117,
75.7535,
38.5864,
19.05571,
45.7208,
33.3971,
58.6751,
165.3323,
0.745728,
61.3694,
5.36147,
169.2357,
25.8772,
80.5844,
165.3667,
1.077472,
1.2032,
33.8677,
8.87162,
5.61629,
8.94259,
113.3134,
71.0777,
16.35748,
11.66947,
169.5808,
17.51024,
4.75728,
6.85593,
221.7564,
146.3825,
93.9135,
103.1977,
86.8134,
30.209,
96.0624,
1.034976,
8.84355,
0.996448,
93.5172,
3.036,
9.10023,
1.895392,
1.901316,
92.5799,
135.2897,
171.0428,
135.0688,
390.4572,
63.5211,
62.4681,
3.2578,
39.68,
9.7761,
71.8262,
37.4994,
35.3826,
94.246,
13.00153,
1.584192,
13.37756,
12.48074,
0.491488,
5.48109,
14.36048,
23.0011,
3.23078,
24.3982,
33.1879,
109.8772,
17.80986,
180.7806,
1.748096,
35.2424,
67.465,
37.1456,
160.8786,
19.41934,
0.666272,
5.26784,
2.32944,
10.70944,
20.37803,
2.97424,
52.1545,
36.9496,
75.2536,
133.3259,
0.754272,
63.7656,
32.7098,
328.978,
67.7518,
2.81588,
5.9993,
2.84061,
0.490368,
137.73,
58.4923,
84.3911,
7.38788,
104.4651,
4.43063,
10.05846,
120.123,
8.69881,
38.6052,
31.6274,
116.9763,
23.43434,
11.9007,
5.07661,
5.41808,
2.57248,
47.583,
48.6838,
23.34108,
1.675264,
3.634336,
49.5557,
59.7405,
138.4009,
29.2991,
122.1737,
68.1621,
10.36688,
81.7962,
38.6652,
28.1004,
1.521504,
51.7836,
0.479232,
35.317,
33.6509,
44.7861,
24.2892,
15.07555,
65.6531,
38.3539,
18.21363,
149.1773,
76.1541,
48.0162,
6.22793,
45.308,
97.075,
14.82636,
191.0712,
4.88569,
30.9207,
2.55139,
41.6573,
112.2095,
151.8925,
8.32922,
6.35942,
17.66039,
35.4104,
9.50051,
83.9755,
28.0052,
5.47216,
1.682432,
17.02336,
106.0545,
4.31769,
7.16397,
97.4383,
61.5607,
19.73534,
14.58042,
80.8438,
1.524736,
55.4617,
8.38672,
40.5464,
1.783968,
12.67411,
8.39072,
57.1564,
105.0149,
34.2444,
295.071,
42.0578,
144.0984,
39.1448,
19.79946,
67.5649,
9.35133,
48.1087,
226.5829,
9.50739,
72.0384,
2.74915,
103.3975,
2.89786,
2.92585,
53.2691,
95.7335,
0.231168,
94.8418,
22.21772,
6.55155,
33.1632,
15.40342,
4.33671,
9.15386,
122.9814,
65.9868,
141.488,
7.21705,
2.79923,
0.518208,
132.0618,
15.31289,
7.757,
75.1357,
2.48227,
33.5891,
2.46701,
58.91269,
14.50647,
118.948,
153.1896,
4.59987,
32.8489,
22.8668,
0.676608,
105.0198,
0.941184,
10.31123,
19.87678,
37.1659,
2.55811,
7.51654,
3.33606,
60.8298,
142.1617,
17.66308,
12.35321,
4.74823,
110.2982,
18.9254,
60.1284,
6.05238,
77.1079,
76.2111,
4.04041,
12.35827,
56.3484,
8.05683,
178.2673,
5.62343,
45.2361,
91.4592,
59.6358,
3.49286,
47.3758,
58.6541,
51.5968,
34.916,
68.0092,
1.899616,
44.1857,
3.7185,
41.8523,
57.7704,
3.35978,
3.69293,
13.10806,
21.91725,
1.109408,
17.1865,
13.60605,
90.8401,
1.015008,
1.94048,
4.4985,
16.11603,
16.6808,
46.6256,
8.18199,
4.26576,
1.25856,
11.65453,
21.87895,
15.5232,
38.8363,
7.63804,
0.88736,
0.479104,
1.796668,
19.12533,
134.901,
36.7288,
90.9097,
1.727138,
73.8,
162.5259,
0.763808,
16.01126,
133.3905,
1.87187,
94.8644,
126.5516,
153.5848,
91.4509,
17.3775,
22.6747,
7.51933,
5.05773,
10.0096,
12.28618,
0.909312,
0.831424,
18.23946,
5.91283,
81.8278,
10.65789,
54.2912,
12.11898,
94.3339,
1.083328,
47.1887,
42.5769,
0.90528,
52.3284,
37.64578,
67.8905,
114.6151,
87.5605,
26.2011,
1.860732,
25.01,
26.5119,
7.22544,
86.8854,
187.6795,
25.1301,
91.3203,
1.153696,
137.8251,
94.327,
33.11314,
65.8301,
0.422848,
3.70256,
8.79098,
7.57447,
5.63575,
203.3206,
69.0954,
84.6943,
17.56381,
97.779,
16.97923,
94.4581,
81.3908,
18.19838,
23.62693,
29.3817,
2.31927,
184.1291,
7.78649,
10.78704,
17.03526,
39.9015,
3.52202,
91.633,
38.3682,
3.86182,
4.37292,
15.84436,
4.27929,
121.4702,
18.59552,
28.8717,
0.666944,
23.00136,
10.5472,
35.77344,
28.1654,
12.16845,
9.94877,
24.793,
38.1743,
52.9944,
97.1377,
65.4605,
4.693762,
69.3973,
38.9359,
102.266,
7.88653,
75.2171,
166.9613,
3.31824,
10.06861,
50.2434,
5.89494,
2.9113,
223.1299,
9.98461,
118.4885,
24.6444,
32.1554,
6.55728,
2.84409,
104.1474,
1.737504,
15.17446,
16.86805,
104.6707,
5.61152,
6.50074,
18.44047,
181.4936,
96.7732,
42.7121,
40.4542,
155.8907,
11.99757,
174.0025,
1.005856,
32.8431,
41.8134,
31.2679,
27.3524,
4.941252,
2.67962,
17.79088,
140.2862,
119.016,
10.9546,
2.3272,
1.362624,
75.2091,
11.67082,
0.843456,
1.932638,
9.54195,
0.354176,
69.72085,
49.6137,
18.86742,
89.1538,
12.3547,
133.9099,
375.0032,
0.898656,
165.1367,
12.24679,
77.0639,
10.44877,
10.0023,
13.72048,
4.25344,
111.7294,
2.46774,
145.5168,
9.80611,
0.379872,
78.5624,
19.05433,
21.4164,
151.2699,
28.0871,
44.4655,
10.77088,
0.955744,
19.50186,
9.44029,
7.07405,
94.6889,
3.48422,
46.3116,
1.413088,
189.5139,
13.52969,
111.6068,
125.1592,
68.6749,
1.956162,
3.0119,
1.849056,
4.36551,
57.8668,
20.2094,
4.203934,
13.9521,
114.0393,
17.6737,
6.12003,
33.7996,
65.3523,
9.69581,
119.0524,
3.41491,
36.2234,
139.9834,
4.75991,
38.3359,
21.7569,
33.1047,
17.44116,
78.7549,
208.7393,
105.4712,
68.2837,
13.84976,
14.33258,
72.6339,
86.4876,
102.9677,
17.25444,
20.77919,
3.17037,
44.4516,
30.9526,
36.3877,
48.3833,
21.011,
38.9417,
0.394464,
0.441344,
0.339104,
10.05799,
11.36823,
12.9471,
3.51216,
57.9407,
59.84726,
40.3043,
82.0682,
4.24919,
12.70771,
8.91629,
84.3603,
81.9277,
178.7473,
32.204,
38.4465,
4.80176,
36.4411,
37.6162,
4.53347,
9.19773,
68.9256,
96.2942,
8.05047,
176.4551,
22.80084,
0.71632,
90.2936,
1.49136,
2.149724,
604.8703,
1.125984,
5.80822,
6.92889,
11.85546,
2.62237,
3.22874,
27.05,
29.6332,
55.709,
40.9736,
18.90345,
9.41843,
35.0834,
55.0907,
29.6517,
0.973408,
1.977536,
3.04013,
79.5863,
59.722,
12.73065,
111.5942,
6.90339,
38.6196,
4.68598,
16.85948,
1.548032,
15.87725,
155.0435,
33.2417,
17.42219,
51.8942,
31.583,
7.86409,
0.48256,
2.7472,
3.15021,
2.37264,
85.9565,
148.5971,
45.1554,
11.15405,
116.7877,
1.260096,
135.619,
3.75325,
24.8729,
16.91017,
5.66595,
4.52144,
8.4136,
7.49831,
53.2752,
0.834208,
44.5567,
1.43664,
23.3477,
10.81389,
59.8861,
135.3559,
5.2696,
8.05318,
1.484512,
8.78637,
50.7714,
132.5361,
130.4868,
122.3802,
49.2918,
11.87712,
37.5855,
26.6809,
50.735,
1.556446,
129.7139,
2.31497,
12.4912,
72.8372,
6.26022,
22.668,
65.4733,
71.5188,
69.6869,
10.42711,
32.033,
71.0067,
75.7881,
5.75037,
37.8788,
66.0401,
13.99789,
7.28406,
9.33424,
24.13981,
96.1293,
7.06243,
3.53373,
5.80125,
145.0635,
104.0616,
10.54381,
16.4599,
0.44496,
45.4475,
12.48909,
10.28362,
138.3909,
3.42787,
20.86638,
2.86096,
16.17834,
0.724736,
13.19734,
30.3623,
5.05696,
3.88765,
132.7308,
4.66263,
168.6628,
10.9184,
70.4997,
1.825758,
53.8537,
30.1569,
180.2692,
1.119968,
138.1603,
2.1689,
6.46819,
160.6739,
12.59379,
4.60678,
2.83066,
6.39165,
138.0676,
46.7701,
0.686816,
2.23453,
3.68477,
28.8263,
40.9842,
3.20604,
16.3936,
9.40611,
0.413056,
2.84156,
227.6056,
11.57245,
24.98387,
22.2233,
42.827,
11.67779,
70.2901,
55.2169,
147.8566,
135.2934,
8.11133,
1.37888,
75.37455,
137.9215,
4.05667,
32.1851,
51.8967,
94.5515,
108.4977,
2.55955,
115.4319,
4.68154,
74.9408,
3.62083,
162.2633,
40.6351,
25.0598,
31.1026,
46.03018,
19.48313,
3.83117,
25.21644,
10.05418,
33.8227,
17.0911,
96.0478,
58.3444,
52.3012,
67.5231,
5.32935,
49.2297,
27.1452,
72.5642,
120.3324,
8.89984,
33.3104,
47.94018,
34.6532,
8.13655,
19.6693,
30.1115,
8.23462,
64.5685,
3.728638,
11.74586,
2.072226,
99.2876,
93.7143,
6.06374,
17.58802,
58.1031,
10.11581,
81.6972,
24.8883,
163.7922,
26.5649,
20.06703,
143.2153,
20.06201,
7.98131,
5.65012,
34.34037,
2.31351,
46.222,
25.75883,
0.766048,
35.2118,
12.64256,
1.81795,
3.409508,
7.96617,
398.7944,
87.7721,
32.0258,
2.24506,
135.1432,
11.47789,
11.74025,
1.56512,
29.0387,
2.45501,
34.2684,
0.460928,
4.47597,
6.66087,
43.6627,
2.77363,
79.8556,
1.374656,
21.71899,
8.92809,
76.65183,
2.242404,
68.8151,
0.34512,
0.489344,
4.7239,
58.8805,
16.96585,
2.57498,
41.136,
14.39562,
0.70016,
2.40234,
2.21367,
24.5105,
0.761824,
20.30428,
43.5544,
1.531808,
30.2805,
79.9144,
2.73604,
56.3068,
30.74,
51.9377,
2.084286,
69.9577,
0.73456,
100.5879,
22.95227,
2.93997,
6.25127,
7.06461,
3.71668,
20.09057,
21.94573,
5.31722,
8.40304,
6.69216,
10.61085,
3.89859,
67.7988,
52.3757,
4.70345,
28.7609,
14.73296,
11.14445,
126.5909,
78.5461,
3.22803,
161.639,
19.7098,
15.04996,
18.72594,
9.88396,
40.6433,
52.366,
21.25796,
2.89626,
0.238656,
8.26624,
62.3097,
42.1096,
0.974688,
71.3228,
1.116832,
0.451872,
31.8852,
25.6359,
0.824576,
18.14839,
1.048704,
20.60744,
9.37443,
1.933506,
0.72704,
16.0369,
0.439296,
26.08448,
7.89418,
25.4928,
0.967776,
11.21885,
0.848896,
101.6384,
0.363776,
2.57815,
47.4908,
75.4196,
68.0378,
9.95395,
37.7471,
71.9812,
1.219264,
25.0113,
2.79024,
40.3262,
16.71308,
37.6837,
0.391392,
13.95235,
15.96109,
39.2256,
3.479,
44.5127,
6.05437,
4.36108,
7.58906,
6.01907,
11.50288,
54.5229,
10.64304,
3.52461,
1.413344,
192.544,
12.09587,
159.0387,
72.443,
23.044,
27.0227,
6.50752,
9.7064,
7.62675,
1.218528,
0.650592,
11.27776,
1.703712,
10.09046,
1.712796,
3.08103,
8.58202,
2.83443,
111.5027,
6.63962,
1.206592,
113.1541,
1.848286,
61.2427,
28.1759,
1.32304,
24.13042,
31.8905,
30.89217,
2.389986,
4.32333,
11.89193,
42.1482,
4.12464,
2.35018,
8.93267,
11.48761,
8.29642,
13.67136,
1.715552,
3.12038,
19.11815,
2.82163,
12.9441,
8.6958,
4.70426,
31.3989,
5.86547,
26.93157,
72.8666,
13.08058,
31.8379,
20.14844,
154.5927,
105.9397,
0.621088,
27.4824,
0.186208,
6.42598,
5.12611,
374.3478,
15.12461,
1.419424,
12.42429,
1.044256,
16.56605,
0.810624,
60.6239,
3.23072,
9.1185,
106.6415,
38.4071,
0.430336,
19.4017,
3.04086,
28.3112,
0.719168,
108.4899,
1.841952,
2.01251,
86.8201,
6.81792,
2.9953,
31.5369,
3.8018,
1.50032,
7.25191,
3.16237,
48.7014,
37.3535,
2.103296,
27.078,
0.848032,
48.094,
6.73469,
9.32979,
26.8605,
15.41325,
40.8585,
45.9583,
34.5944,
31.7836,
7.54102,
5.42582,
28.7848,
7.83667,
48.8743,
56.3904,
1.039776,
102.8362,
33.0616,
3.52688,
22.1249,
30.802,
46.6002,
1.896096,
27.2313,
40.2213,
23.6905,
0.642432,
7.62781,
1.438624,
7.80823,
5.77085,
23.1136,
2.91452,
22.18507,
29.2444,
104.9584,
0.421888,
259.2284,
26.2554,
2.59379,
112.1425,
0.82272,
37.20445,
42.4561,
5.2224,
0.620864,
9.70272,
1.903972,
2.549026,
13.25273,
31.0481,
3.4345,
0.6848,
2.017506,
30.9121,
9.89703,
13.02522,
4.2336,
8.50455,
7.63494,
145.2656,
292.8914,
8.74992,
22.11387,
77.1734,
0.545824,
0.906144,
45.1062,
160.512,
6.09815,
5.64604,
0.386368,
20.58289,
81.5624,
2.35277,
43.3297,
16.33757,
91.8898,
75.3368,
2.68026,
11.63351,
12.23408,
18.49986,
15.46445,
135.8285,
29.04163,
10.16557,
11.74054,
13.64454,
6.0833,
4.74919,
48.8838,
3.04448,
2.018304,
2.29008,
188.4833,
3.99047,
9.38556,
21.02779,
19.89065,
0.564224,
29.8128,
26.2112,
1.280256,
0.619744,
4.3663,
192.9892,
25.6843,
0.995584,
51.7693,
50.6621,
7.37581,
4.15744,
155.6281,
3.3175,
4.84394,
8.57136,
6.1096,
15.07507,
22.69225,
5.9058,
3.4278,
10.75078,
9.06896,
74.6533,
69.012,
0.611872,
116.5196,
3.54246,
51.3154,
143.5077,
98.134,
3.66679,
14.41392,
81.8932,
38.1633,
1.424448,
25.0777,
3.84678,
58.061,
14.01523,
1.28522,
0.270336,
4.18758,
0.684256,
5.57875,
0.923936,
6.05606,
97.5955,
0.262272,
5.57284,
8.97341,
8.83018,
30.8039,
112.3264,
0.877472,
27.6919,
61.2218,
122.8415,
45.1161,
3.51946,
14.06999,
1.421344,
2.7881,
7.44243,
39.0626,
3.17443,
5.42343,
24.6638,
48.3099,
5.13674,
8.94355,
1.42832,
20.41747,
0.308448,
38.3611,
78.319,
43.1378,
34.1436,
10.62358,
2.007236,
0.559456,
183.508,
17.51934,
50.0335,
5.67456,
2.97376,
39.6359,
107.1565,
151.0568,
9.58493,
24.7312,
16.88291,
6.97069,
0.561088,
0.778464,
14.52154,
7.88835,
44.6633,
64.3599,
39.2395,
18.67093,
147.6438,
8.27079,
3.19165,
4.2761,
13.26643,
12.88211,
2.299228,
6.55389,
4.20669,
1.144832,
101.8384,
10.07578,
33.5071,
16.05091,
1.404606,
0.788768,
32.2157,
147.6165,
29.4152,
21.78432,
130.085,
5.76957,
17.15371,
50.463,
317.5862,
20.80996,
0.509888,
18.55431,
3.52678,
227.5054,
53.4059,
24.8068,
180.9031,
81.4613,
4.1864,
108.0409,
16.02818,
7.664,
15.07351,
22.67005,
5.2425,
58.5773,
52.1393,
21.42037,
67.0207,
2.41127,
146.3365,
22.60792,
122.6721,
20.1843,
3.36384,
14.728,
60.5837,
39.7162,
3.3112,
189.6762,
50.7203,
263.974,
2.250876,
72.5354,
13.21677,
1.426752,
27.7731,
177.613,
0.496064,
2.983364,
32.023,
5.0673,
18.9934,
10.1767,
42.1548,
191.2647,
9.66317,
51.85616,
34.2627,
25.9159,
9.15536,
5.97891,
22.04385,
0.219392,
60.1611,
1.166976,
15.78329,
35.6814,
2.17561,
180.1432,
25.213,
2.5033,
8.95907,
105.435,
61.2214,
90.3634,
168.7864,
1.925156,
187.8135,
4.2855,
1.048512,
2.07453,
43.0781,
4.68624,
13.69468,
2.30416,
75.9936,
9.97638,
111.5821,
15.71584,
1.6816,
2.94275,
18.78101,
13.51433,
3.98406,
105.7404,
8.76547,
19.51149,
5.49337,
125.372,
8.52688,
5.26944,
3.59655,
14.69011,
18.27856,
5.28665,
6.31497,
81.6666,
7.29878,
4.99222,
10.80099,
123.5026,
23.02506,
1.025792,
11.34947,
1.40016,
42.1942,
0.356896,
4.15245,
607.8744,
1.453088,
73.5947,
6.65971,
33.2974,
12.14848,
92.5895,
0.972032,
3.40643,
27.9185,
3.7392,
25.95906,
6.53385,
99.8099,
7.52493,
10.93453,
11.90215,
7.59546,
11.37056,
45.5509,
1.81661,
6.70947,
1.541248,
3.49722,
81.4557,
2.97079,
58.3776,
24.1947,
1.82048,
6.31315,
5.13853,
127.8757,
56.2395,
18.37563,
5.45894,
5.05795,
35.459,
23.15019,
14.81584,
160.7535,
10.32199,
2.77053,
7.84743,
35.2677,
5.18937,
16.1563,
24.7914,
2.15657,
55.3171,
52.957,
21.72667,
105.404,
55.1663,
7.19504,
11.81575,
9.4377,
16.99449,
1.306176,
17.67462,
1.08016,
60.8648,
10.3945,
0.341984,
0.81808,
10.38374,
11.89901,
56.3981,
5.40621,
97.7449,
9.2727,
25.7705,
55.9528,
0.683616,
0.5136,
117.252,
12.30688,
108.3245,
14.07782,
0.692576,
187.6108,
11.89852,
11.87952,
2.051906,
52.7749,
12.71248,
5.18938,
16.34116,
5.54844,
187.0347,
21.27024,
6.33773,
18.48264,
94.0717,
7.204,
2.20387,
212.8447,
14.17933,
27.5168,
6.15897,
8.07015,
64.4715,
64.1893,
4.15111,
2.69335,
8.80532,
4.55388,
27.0137,
3.45373,
34.7021,
185.7993,
2.82,
39.3101,
7.7343,
2.89078,
7.61383,
21.95534,
30.5826,
1.015136,
56.4096,
33.6436,
24.57767,
56.0897,
162.8119,
4.56026,
13.59443,
34.586,
22.5809,
6.9688,
5.44317,
1.340864,
2.37936,
18.48893,
23.09132,
117.2231,
5.7945,
2.19811,
61.1827,
103.0145,
258.1037,
85.1122,
13.06138,
246.091,
22.46717,
2.665212,
156.9869,
25.54,
4.115554,
0.668512,
52.3109,
3.87661,
4.34135,
4.64055,
0.735808,
101.6408,
4.79958,
14.16931,
125.6385,
0.320128,
3.48516,
3.65207,
8.91152,
10.17328,
30.5264,
40.922,
38.1759,
96.6389,
51.3027,
4.15264,
47.2684,
18.24371,
1.00768,
8.30358,
62.6477,
63.4858,
35.3848,
151.5888,
123.4083,
164.0051,
6.23539,
8.84688,
104.9756,
19.10478,
21.76595,
52.1704,
6.01821,
7.10067,
14.56409,
14.22999,
115.5906,
21.8507,
3.98042,
12.4697,
0.506656,
85.6394,
146.0187,
21.71524,
0.41472,
3.73856,
1.1776,
0.653568,
150.0955,
3.9792,
1.537536,
8.87216,
0.2728,
1.782786,
1.224256,
1.693568,
6.71331,
0.95184,
1.057504,
2.057532,
53.3602,
134.7882,
11.79702,
88.9465,
88.2799,
8.6874,
1.921982,
5.78486,
18.65248,
0.961632,
44.9959,
1.267552,
41.7185,
95.5204,
11.40173,
0.389568,
4.69063,
18.01208,
0.366976,
3.78058,
2.120894,
25.1087,
36.9816,
53.7535,
4.53965,
1.92512,
5.23283,
4.31132,
27.6483,
76.2872,
118.8889,
4.24486,
36.8874,
9.79725,
9.94841,
28.2003,
28.0471,
0.84064,
1.392992,
15.45414,
54.6406,
32.7724,
0.814336,
0.306848,
0.373504,
34.721,
7.32397,
35.3542,
1.998788,
12.49975,
51.177,
7.29315,
10.70237,
0.204224,
15.91495,
11.35255,
1.505088,
6.15056,
3.08419,
14.31664,
19.14759,
2.50397,
12.45549,
19.7903,
37.7305,
5.27741,
8.58448,
0.643968,
94.8393,
25.1132,
56.2004,
39.6832,
9.51187,
37.8109,
20.69716,
29.5562,
3.63632,
8.1495,
0.976864,
1.034784,
73.6089,
3.14528,
5.90979,
30.235,
2.428832,
36.73,
2.049276,
27.9054,
1.9303,
65.6818,
89.9784,
6.59623,
18.00809,
9.36435,
1.324576,
26.2211,
2.26484,
13.23498,
0.459392,
5.80487,
0.472064,
13.87802,
7.11178,
2.031038,
91.8302,
10.98426,
0.468992,
123.4001,
2.028832,
10.15421,
1.38272,
7.04,
4.24704,
13.21747,
0.557376,
0.41264,
4.80704,
31.9316,
12.54509,
4.17328,
0.650176,
1.34016,
3.66265,
2.96605,
2.211166,
1.000704,
1.323328,
7.17875,
17.22346,
19.34036,
104.693,
2.054526,
10.47549,
11.28889,
173.9965,
1.309952,
135.4912,
37.2155,
6.87613,
0.364032,
1.241152,
181.5021,
0.848352,
59.8296,
9.58995,
4.589,
8.17715,
15.33357,
18.5024,
6.84822,
12.06365,
0.559648,
178.1646,
8.17264,
1.435296,
0.217728,
4.26295,
58.7157,
16.89267,
25.5184,
6.98451,
106.3375,
0.77408,
68.6511,
6.65798,
19.97961,
7.15651,
1.972836,
45.0523,
7.10259,
5.34787,
2.09405,
112.096,
10.39664,
42.593,
6.25219,
146.1472,
1.877472,
10.61027,
1.978624,
1.457216,
1.88493,
4.68646,
13.12711,
0.461408,
3.03709,
2.49306,
13.83133,
7.29548,
4.94314,
8.57472,
26.7026,
16.85165,
0.307264,
22.86978,
20.14843,
27.6831,
151.5852,
4.6039,
8.70512,
2.6271,
11.4432,
43.9367,
57.3778,
4.78212,
9.04406,
33.3755,
1.975652,
0.833568,
4.09504,
11.86727,
9.57107,
0.328576,
31.5692,
25.7649,
0.766016,
224.9983,
278.7414,
48.3061,
0.961632,
3.40982,
3.77433,
89.7048,
240.1153,
9.1345,
17.28226,
0.566848,
101.6779,
3.21136,
12.47232,
16.9345,
50.4182,
0.483552,
28.8196,
2.71139,
2.32038,
3.45731,
0.297408,
17.76426,
5.71223,
3.69175,
10.31223,
8.76236,
112.7577,
1.23584,
28.126,
0.396256,
7.23027,
5.64224,
10.664,
90.2778,
6.11344,
0.344192,
85.2428,
5.92243,
77.0226,
86.4586,
12.84061,
15.06819,
31.4298,
15.74102,
0.202752,
0.430912,
0.97248,
0.994624,
0.60608,
30.6039,
10.82653,
7.84588,
162.595,
1.234176,
0.439104,
1.222624,
4.48118,
162.6312,
142.068,
1.472512,
42.541,
6.89955,
1.31216,
14.48262,
2.24297,
179.1283,
68.9326,
1.873888,
67.0169,
0.228352,
31.0382,
41.4914,
14.06496,
46.3196,
0.832896,
45.7981,
4.40969,
112.7243,
30.8538,
0.659456,
5.08039,
1.416032,
1.57872,
4.14144,
51.8023,
22.581,
0.869344,
20.43525,
28.2848,
3.3751,
0.761568,
2.36557,
10.16195,
0.411872,
57.7778,
5.61703,
13.42771,
19.35388,
0.272064,
133.4293,
0.32768,
0.660256,
121.0778,
103.8387,
9.94813,
5.60313,
3.14838,
0.681984,
11.21264,
11.94189,
76.9292,
12.89178,
20.995,
49.8682,
2.105312,
1.68592,
0.539648,
12.24794,
1.684992,
4.44384,
2.20634,
0.540512,
16.88678,
23.965,
0.559616,
7.63098,
15.12038,
9.75113,
39.4711,
18.29026,
12.6976,
6.55133,
68.5528,
3.54937,
249.4344,
92.7691,
4.14314,
27.6827,
4.41491,
0.254976,
51.5022,
2.87459,
7.66951,
30.554,
4.51453,
182.9495,
15.60064,
11.37846,
0.537728,
172.9234,
211.3606,
17.82213,
63.9673,
12.47942,
2.1983,
19.19211,
106.63,
0.310048,
50.8018,
0.239168,
8.54662,
27.7644,
3.00137,
60.1281,
7.16957,
28.5532,
28.8856,
4.87309,
0.90112,
0.373536,
158.3342,
0.479296,
1.45888,
2.84067,
0.375456,
23.8809,
8.84474,
0.370432,
7.16599,
2.19024,
13.91703,
4.8136,
2.46662,
1.230592,
4.21676,
4.24141,
1.346468,
7.43524,
0.622464,
259.1766,
47.8208,
6.66428,
17.63943,
7.49366,
9.17078,
1.425344,
0.47744,
0.381664,
7.59635,
16.55206,
10.06444,
6.22256,
172.5792,
0.528928,
11.23987,
1.733632,
26.9189,
0.923424,
0.204704,
4.44413,
0.81744,
3.13174,
3.75076,
16.99546,
17.63107,
13.38486,
2.34867,
8.1496,
1.061472,
7.84794,
26.1917,
2.25193,
2.66806,
0.92896,
1.820704,
2.53744,
18.7435,
4.7754,
1.783454,
173.8622,
0.649632,
31.7565,
7.61216,
25.147,
0.720064,
2.79962,
0.273408,
2.56208,
0.419104,
0.769088,
17.43575,
1.425568,
3.93139,
2.191364,
5.70746,
0.446688,
85.403,
0.6248,
17.82221,
0.287712,
68.2719,
0.589888,
6.46634,
79.9695,
154.92,
10.13068,
61.4849,
2.94141,
13.54093,
0.382144,
93.1795,
24.1006,
119.3895,
20.96492,
6.19946,
50.8742,
13.88822,
32.3656,
14.85693,
4.416,
7.81975,
30.8836,
101.4139,
16.02806,
6.75155,
14.94781,
121.4752,
5.60073,
5.73232,
123.3816,
5.02583,
2.35316,
17.89026,
8.15092,
185.2237,
3.07814,
66.177,
23.8992,
63.1303,
0.341856,
196.9076,
77.9674,
7.96583,
3.02947,
11.57002,
8.04557,
96.0574,
0.720064,
5.86237,
196.0191,
0.419904,
11.09863,
44.3994,
181.6743,
0.801792,
0.365312,
148.8998,
15.65399,
55.3516,
2.026494,
34.4143,
11.13865,
1.570656,
6.22483,
8.97942,
20.5949,
13.80586,
21.2171,
14.20324,
2.129692,
37.6526,
30.5547,
35.5797,
26.6442,
2.37091,
66.4096,
32.5844,
0.91648,
0.515456,
41.4743,
83.2162,
2.81917,
1.517216,
1.582272,
4.57337,
1.274272,
1.009664,
7.16089,
101.7929,
74.8365,
2.51008,
0.385184,
1.854658,
31.8252,
1.114432,
7.09689,
41.9239,
0.44576,
4.82531,
6.89075,
0.746496,
4.85913,
0.41664,
237.7952,
0.321408,
0.65536,
3.16694,
72.8688,
0.592576,
37.9805,
2.61712,
1.902692,
11.7505,
2.25318,
41.26,
8.42054,
2.019364,
17.4336,
154.351,
34.6904,
18.83332,
3.95652,
2.89088,
24.4437,
25.7053,
37.5464,
0.969728,
1.698816,
2.7065,
12.61373,
61.1937,
0.871424,
83.4898,
1.48016,
10.1224,
1.510976,
75.827,
0.470016,
56.8992,
11.50474,
9.05072,
2.12026,
20.78619,
52.0418,
14.27856,
51.2503,
48.3566,
0.297792,
42.1315,
18.04502,
0.53968,
12.89315,
0.623584,
1.160608,
6.39539,
2.13827,
0.441344,
1.302496,
1.411264,
3.0751,
0.301792,
0.960192,
23.9483,
208.5782,
12.07401,
1.283072,
12.03193,
2.293824,
9.38899,
73.0162,
17.58883,
68.4465,
0.84128,
3.83481,
0.70464,
4.31117,
1.622496,
1.748768,
36.6587,
72.6917,
4.2111,
0.971776,
0.856416,
6.14992,
4.99862,
241.8273,
9.82758,
33.5002,
4.32378,
48.4968,
3.96953,
5.87367,
1.341632,
0.896192,
29.2524,
1.349344,
1.907808,
6.19929,
151.0486,
2.75165,
7.51306,
0.454336,
27.9849,
168.1081,
7.98038,
3.68826,
1.973218,
18.37661,
0.872576,
16.30697,
0.761824,
6.86247,
0.49136,
2.89869,
0.561184,
0.680768,
33.623,
126.1998,
282.1306,
0.733632,
110.3487,
0.53312,
1.31696,
88.0536,
6.95523,
0.415584,
2.77712,
1.54944,
19.40979,
210.9765,
26.6148,
5.08394,
20.10959,
7.92224,
17.59638,
168.5433,
1.012032,
11.64141,
62.5413,
4.22218,
17.6368,
205.2302,
20.32084,
0.744704,
0.39824,
0.198528,
1.35168,
0.2944,
1.98234,
14.4776,
15.89952,
8.53469,
10.96371,
11.8921,
0.493344,
14.14649,
10.04829,
4.95594,
134.9725,
2.6431,
24.5249,
3.06134,
12.06732,
19.48322,
1.366112,
34.4717,
10.68678,
2.49142,
3.37126,
102.1279,
5.41587,
1.553376,
41.7326,
0.473792,
78.4337,
156.7381,
13.25798,
3.17146,
1.567936,
22.55663,
2.83568,
0.36336,
0.292224,
3.04682,
36.1387,
15.47021,
1.135616,
183.8319,
3.60992,
1.347712,
1.976892,
45.1493,
88.8213,
0.562016,
3.26835,
80.0874,
17.98276,
2.39689,
28.3823,
1.11168,
7.26857,
0.684032,
0.336512,
18.20954,
10.71411,
15.25772,
43.5786,
12.07737,
20.09671,
2.393762,
0.644032,
7.08137,
50.7984,
31.8625,
64.2814,
4.6264,
5.81881,
0.249664,
3.22963,
6.09181,
29.2464,
26.994,
83.1041,
0.400704,
6.14247,
6.82378,
2.83466,
25.2462,
0.769184,
24.7589,
1.18,
14.44553,
37.3095,
10.78893,
7.759,
283.086,
2.97482,
97.5072,
2.63904,
49.2019,
46.1663,
3.14477,
11.28809,
2.44243,
0.259936,
37.9605,
0.990688,
0.975424,
13.8799,
179.6837,
136.3607,
38.7168,
2.085788,
25.8826,
8.49661,
6.0472,
3.22234,
7.67104,
16.11289,
13.87751,
11.18576,
55.0692,
0.951776,
2.5642,
11.044,
36.1723,
0.288224,
3.08985,
0.982784,
1.947268,
1.939008,
5.57482,
0.60256,
16.91245,
5.04649,
1.081248,
4.30112,
66.3159,
3.21693,
6.68937,
26.7015,
17.4407,
100.8362,
5.52637,
10.85398,
13.22556,
0.761504,
32.3512,
72.7647,
18.58471,
104.3959,
8.86301,
4.39978,
19.51733,
0.35632,
0.307392,
14.54134,
0.421952,
2.30899,
7.83338,
29.6334,
34.5224,
8.9294,
13.68,
5.20573,
2.80013,
57.4704,
2.59468,
90.8667,
34.1285,
0.6264,
33.1462,
0.347392,
1.65264,
4.89034,
130.5129,
12.68723,
15.50682,
30.7842,
5.93098,
0.713024,
11.49639,
0.774944,
12.09244,
3.72496,
45.3122,
7.74368,
13.44973,
134.2445,
1.094016,
24.0224,
5.22077,
3.37044,
36.1826,
0.593056,
0.626112,
6.97143,
57.6557,
5.62269,
5.28976,
100.4598,
4.69117,
182.4184,
2.09398,
17.89956,
0.336064,
0.922848,
11.38602,
17.4232,
27.7169,
27.7116,
107.5527,
75.0936,
0.8048,
0.589184,
2.43555,
8.43456,
3.43603,
122.3017,
1.384416,
300.637,
26.3685,
205.2909,
1.788032,
70.7284,
2.91978,
14.83363,
0.361536,
3.54189,
28.1031,
45.8481,
6.2392,
4.934274,
11.18067,
20.46072,
0.361248,
4.50393,
1.881468,
5.41395,
15.52682,
5.72883,
11.55542,
20.28347,
15.58268,
0.791456,
46.8247,
0.88224,
1.371904,
4.94643,
10.02083,
0.979264,
14.36374,
0.86784,
0.37248,
82.0465,
9.33155,
10.97344,
21.78613,
226.6928,
128.2164,
0.62864,
39.7986,
36.1516,
0.860032,
154.5066,
40.6526,
3.64259,
12.50887,
115.4544,
12.89459,
2.360318,
1.385216,
0.39808,
0.812416,
43.3468,
39.5805,
1.214304,
3.80704,
49.5738,
69.9832,
4.47289,
6.42054,
9.65252,
114.0209,
2.31072,
1.148416,
0.524416,
0.586016,
47.9752,
4.3458,
75.4752,
1.166112,
1.794304,
1.046816,
75.3981,
41.9671,
3.30576,
0.865408,
5.23331,
8.22633,
1.307904,
72.689,
247.5863,
4.00544,
7.15008,
0.304288,
0.383168,
16.66589,
13.81818,
4.11194,
1.41952,
4.39373,
2.199394,
21.58992,
62.5898,
3.1806,
1.855648,
136.8961,
89.4172,
0.263104,
1.880736,
0.306912,
0.372512,
2.63945,
0.963264,
116.2796,
0.734016,
134.3302,
1.408768,
21.92421,
14.884,
0.370272,
3.2302,
1.598176,
0.583488,
22.08622,
9.43495,
108.213,
19.08957,
1.413696,
3.51635,
54.9206,
2.75958,
7.42717,
201.307,
50.445,
1.291008,
0.22624,
106.1878,
58.1628,
2.000068,
3.84676,
7.62026,
20.08209,
6.53773,
180.3866,
14.01808,
11.22512,
2.64343,
5.69917,
12.23548,
60.9018,
0.32192,
0.474912,
49.6081,
3.6984,
6.17558,
15.68128,
0.504,
3.06499,
22.15045,
0.906496,
42.8505,
15.467,
0.349792,
0.961472,
0.275264,
4.96528,
115.1893,
3.91174,
0.298464,
1.117152,
1.753218,
1.094784,
45.5636,
2.016416,
0.728736,
5.43418,
19.37197,
102.4503,
2.46842,
26.89306,
2.48912,
3.95763,
1.567776,
1.792288,
44.4983,
9.36016,
90.6048,
8.30614,
94.8542,
66.3431,
3.34768,
35.7031,
8.73517,
78.8835,
5.54637,
112.5094,
2.311268,
0.674368,
1.739744,
0.3304,
148.0941,
14.99578,
5.59232,
0.45328,
45.8108,
220.2334,
20.49772,
7.4529,
6.78086,
41.9345,
43.2885,
4.74016,
2.071966,
1.13632,
57.8895,
2.2617,
2.83574,
14.90467,
17.85507,
3.8592,
71.8854,
4.43059,
8.55648,
9.31444,
42.1961,
3.92746,
0.369216,
24.41266,
3.74902,
3.63824,
64.6402,
15.36035,
47.6621,
2.145086,
15.96016,
3.45629,
14.01933,
0.848608,
16.59213,
33.3964,
2.01133,
1.386432,
19.82041,
13.51667,
111.8583,
2.08109,
5.35876,
7.74502,
22.12818,
1.16512,
79.5128,
3.03344,
5.78342,
2.037218,
46.3402,
122.0822,
8.36077,
0.518976,
57.1009,
22.4869,
0.578912,
21.5424,
1.400192,
95.3034,
0.415808,
67.8514,
41.31,
4.62976,
88.7558,
10.05238,
0.800224,
39.8283,
6.03584,
1.423104,
0.808512,
0.616096,
114.5843,
35.544,
0.25408,
100.5766,
10.15766,
1.678336,
0.875552,
11.21594,
0.282176,
0.89888,
2.01968,
32.5965,
0.367488,
22.44742,
2.63223,
46.0267,
9.80262,
143.948,
46.0071,
0.408576,
2.51718,
0.933728,
167.1195,
19.5016,
6.28317,
99.3618,
0.491776,
80.3836,
0.9848,
1.120224,
31.761,
185.6821,
15.54368,
28.6071,
47.0872,
17.04569,
2.048764,
0.370784,
22.1326,
1.06192,
4.15744,
74.4767,
2.194144,
7.95664,
36.5182,
0.811104,
0.344928,
17.24334,
6.77206,
3.99532,
26.1051,
1.112544,
14.14944,
10.56864,
0.388704,
23.9156,
1.703904,
34.1728,
21.94045,
20.50978,
6.81542,
27.2028,
0.813728,
0.973312,
113.5061,
26.5811,
16.3903,
12.9362,
1.162016,
37.1524,
54.8859,
67.6308,
35.7521,
44.4954,
0.383712,
14.02871,
1.058976,
121.2653,
0.464,
39.5566,
42.2732,
0.266336,
7.27485,
3.61984,
1.830336,
3.99488,
57.8335,
1.4608,
94.1348,
85.3387,
2.015932,
37.7182,
64.2117,
30.1337,
0.654976,
21.1912,
7.244,
154.3456,
1.328032,
3.51689,
1.929378,
1.01376,
0.423168,
4.78746,
29.5177,
2.97613,
5.86451,
20.57338,
232.0775,
1.652544,
0.61584,
123.7325,
25.7335,
6.47808,
25.1808,
1.633728,
72.0668,
9.50666,
9.88269,
30.219,
34.8315,
72.577,
119.6378,
32.6831,
137.025,
5.68144,
26.388,
10.39949,
31.3556,
3.48816,
9.8296,
31.063,
1.343808,
0.514688,
5.28557,
1.123552,
4.14327,
1.606944,
3.79997,
51.9383,
69.0798,
10.1865,
0.497952,
4.72547,
0.28576,
258.5434,
0.812608,
8.11453,
24.0399,
0.375488,
2.15306,
2.27219,
71.7932,
278.6712,
7.12265,
195.518,
76.367,
1.659328,
4.67882,
7.59596,
0.26832,
2.25344,
6.17872,
30.1352,
92.2331,
3.34058,
0.267712,
143.0798,
11.1639,
9.11491,
0.936256,
136.9863,
6.18471,
6.20784,
1.143776,
148.1183,
88.9498,
4.40041,
0.620064,
0.530528,
1.978236,
98.9678,
0.7408,
2.66003,
2.30601,
136.8655,
5.58531,
1.011456,
0.782944,
0.915712,
1.565568,
5.23789,
3.99584,
6.30343,
209.9478,
15.68288,
1.985476,
156.5858,
7.83267,
37.228,
11.37808,
6.45984,
3.45123,
48.612,
9.66429,
3.71229,
39.6147,
1.91021,
4.8256,
10.76233,
49.0026,
3.92285,
10.94951,
11.62694,
13.12438,
0.759936,
1.200288,
26.5938,
6.24909,
2.7913,
4.0512,
86.5309,
5.52528,
0.451552,
120.079,
23.3943,
18.66073,
77.7384,
7.58073,
0.4616,
0.685568,
2.12851,
4.31248,
154.337,
15.95424,
64.6551,
2.51488,
17.68612,
6.71175,
250.8391,
69.8975,
1.082048,
1.741696,
4.40669,
21.9378,
36.317,
8.42358,
11.98336,
195.9775,
11.67472,
1.243008,
81.6268,
2.87015,
2.06522,
54.0138,
191.4948,
150.8089,
62.5079,
2.15466,
143.1525,
1.480672,
209.701,
18.38982,
8.49958,
38.8624,
14.80764,
0.611456,
3.28592,
39.7647,
1.786976,
5.71894,
15.16858,
16.50832,
92.0194,
43.0154,
2.32189,
0.579552,
7.34614,
8.82237,
5.13373,
1.244288,
25.5433,
64.9788,
2.6463,
3.97216,
0.394912,
0.571232,
0.81632,
0.487616,
3.61056,
0.615936,
1.394368,
11.73398,
9.00656,
69.3303,
0.664704,
3.87296,
0.605344,
34.8871,
51.2024,
14.47465,
251.8547,
34.7763,
43.1264,
15.27533,
25.0939,
17.48266,
15.16871,
0.835744,
14.90227,
1.223296,
28.3285,
8.55821,
21.0804,
11.59977,
21.62264,
12.95309,
5.26048,
18.12822,
0.691392,
0.38016,
5.98381,
141.8276,
31.1296,
194.4493,
0.916832,
18.76556,
1.052608,
22.59496,
4.92052,
10.30803,
13.90275,
13.18099,
0.402688,
14.58928,
1.825792,
151.0261,
0.413728,
0.648544,
1.300736,
3.58035,
17.14922,
10.39053,
8.69706,
8.59373,
7.19491,
12.92873,
45.0233,
26.091,
3.33244,
31.2693,
0.612,
3.65242,
7.95879,
89.4418,
202.6047,
14.08589,
269.682,
121.9836,
15.54151,
13.02628,
181.7433,
64.827,
158.5362,
7.98365,
38.5749,
119.2328,
87.9412,
8.00211,
4.39056,
0.601024,
16.2865,
1.486848,
91.8186,
0.31632,
1.144256,
1.511616,
0.995968,
45.4856,
1.645696,
8.80871,
36.3222,
9.67389,
0.533664,
12.38816,
2.51232,
10.09913,
28.5997,
1.087168,
113.0285,
0.38432,
9.77142,
1.36272,
7.65024,
5.22563,
0.425376,
3.70435,
3.40768,
8.10141,
1.350432,
1.154944,
0.435456,
43.7857,
27.1768,
23.545,
79.5812,
21.31797,
9.43667,
0.664864,
4.88214,
2.21075,
46.2616,
15.33369,
19.50576,
11.53113,
10.44871,
2.006786,
38.1211,
10.46074,
3.20976,
22.26213,
17.67041,
0.816384,
4.50966,
40.2341,
4.75796,
8.57462,
0.539808,
0.52448,
107.6496,
0.952768,
12.81926,
93.0271,
0.759008,
1.277696,
9.33827,
3.9656,
4.28884,
9.15302,
0.37168,
0.42096,
2.7416,
0.384064,
4.00813,
4.00557,
39.2057,
67.9911,
74.0746,
5.35283,
7.24816,
218.0548,
2.48886,
18.60415,
0.602304,
34.0662,
33.2668,
51.4887,
5.12218,
18.5316,
0.710144,
5.876,
4.47053,
4.37197,
1.983484,
7.22301,
4.73562,
3.13364,
36.3297,
0.357824,
1.71264,
1.023808,
77.4208,
0.399296,
0.511648,
13.24934,
39.4001,
4.59286,
308.38,
1.246496,
3.60912,
2.5415,
0.283584,
2.53673,
16.54336,
4.49271,
1.583744,
9.43923,
21.10346,
3.98826,
1.604896,
1.770178,
33.1334,
0.332544,
30.2534,
0.283776,
1.043904,
151.839,
11.68858,
50.3366,
0.283008,
2.66995,
28.4264,
6.85687,
49.4017,
4.60192,
1.480448,
4.3191,
56.4569,
92.7627,
45.3798,
1.029504,
9.36234,
7.12326,
47.2024,
0.390912,
133.0378,
14.37094,
0.888192,
11.49251,
8.42653,
6.43868,
244.8021,
25.8377,
27.3978,
1.077888,
73.1732,
116.6985,
14.99786,
0.292096,
44.7677,
60.5096,
10.95408,
1.519392,
0.56048,
4.2561,
3.73379,
96.4983,
1.655392,
24.365,
1.749024,
82.5646,
7.04921,
5.50487,
8.19322,
113.327,
7.17168,
4.65533,
2.165346,
5.22202,
46.07,
4.34848,
0.657152,
105.6831,
76.0229,
14.89072,
20.67362,
2.06307,
1.58512,
33.3454,
3.83299,
214.6896,
7.96873,
7.331,
92.0008,
14.65788,
7.20771,
7.73734,
59.6532,
27.7308,
7.17958,
125.8548,
87.3055,
65.9685,
2.245024,
0.73408,
15.98774,
172.8685,
121.783,
11.54633,
7.0944,
79.1735,
20.13477,
83.2473,
91.4441,
6.20989,
21.44693,
0.996672,
1.2424,
7.60515,
0.583456,
0.731744,
13.14633,
0.345984,
37.2428,
3.60685,
23.7137,
138.0079,
21.58026,
0.52368,
1.327392,
6.21274,
16.40026,
3.72698,
16.80438,
0.921408,
248.595,
10.94474,
4.11853,
139.775,
124.0849,
8.8744,
13.42022,
32.2441,
3.20771,
47.3471,
6.57732,
13.81293,
79.6951,
112.6136,
24.8106,
13.90399,
87.8409,
1.312608,
140.3277,
175.7789,
7.12908,
0.629216,
0.685472,
8.19379,
208.1458,
18.55304,
212.7601,
1.189888,
21.23435,
4.41636,
2.3855,
0.78,
3.77767,
50.573,
22.9028,
177.2357,
9.21994,
3.3271,
5.24278,
4.91049,
62.1393,
66.1927,
11.89091,
13.29866,
88.3312,
42.4929,
29.8562,
0.59344,
21.98644,
1.336768,
48.0171,
34.2155,
1.649088,
30.9133,
4.74851,
7.589,
16.12163,
2.71136,
17.44173,
3.54752,
2.205124,
0.797472,
1.638976,
0.62608,
5.61891,
4.0257,
1.1216,
16.60112,
40.3261,
38.1565,
14.68157,
245.0497,
3.67626,
50.1981,
125.4513,
8.61408,
23.8337,
58.1564,
2.07859,
2.47111,
3.9143,
23.06474,
6.46816,
1.853984,
2.45891,
7.08419,
15.57287,
1.694016,
245.9898,
82.5457,
0.322368,
6.43366,
28.6673,
4.61895,
0.307328,
94.8233,
8.65414,
2.00688,
35.2675,
13.89168,
37.6255,
39.3248,
0.518208,
8.55805,
6.95337,
0.299136,
20.42916,
297.8156,
4.85408,
47.6302,
7.35488,
73.3646,
65.6035,
67.4272,
25.5597,
4.57591,
3.01651,
130.2347,
13.93556,
8.35847,
0.357952,
0.774272,
0.382208,
0.603424,
5.21584,
30.0731,
1.24416,
3.31702,
76.1141,
1.715776,
21.5703,
4.78816,
9.17079,
22.6399,
4.42826,
1.397472,
38.7016,
0.762208,
2.01984,
1.067648,
3.84236,
0.653664,
21.02866,
2.54445,
10.82842,
22.7441,
69.2639,
0.240864,
181.6746,
17.83616,
1.286176,
69.8096,
4.41257,
0.858272,
2.53508,
11.11773,
6.34858,
71.0685,
50.5882,
7.74515,
2.28153,
1.662112,
162.0637,
1.64864,
0.965984,
6.41033,
20.21841,
1.19584,
32.864,
1.0896,
39.7448,
10.83974,
2.19795,
16.09284,
1.659072,
4.79859,
1.524576,
3.80774,
27.4475,
4.26477,
177.7303,
0.283072,
67.6074,
8.7423,
1.44048,
14.51347,
1.722624,
9.18071,
123.3088,
7.99289,
15.29056,
10.72845,
29.5854,
4.2296,
2.33971,
3.81229,
4.5065,
156.5124,
0.366272,
1.26448,
49.0548,
2.62544,
41.0465,
19.49416,
18.10217,
1.849504,
6.46301,
81.6952,
19.16286,
10.07225,
6.03117,
14.12192,
8.80608,
32.515,
46.9289,
12.69757,
0.881088,
2.66538,
1.794784,
55.366,
194.9701,
2.33651,
5.49517,
247.1197,
2.22518,
1.579936,
0.467328,
19.70374,
121.3135,
145.7183,
7.54925,
8.9223,
2.841408,
2.85293,
34.577,
39.7997,
0.810368,
0.89296,
29.8065,
80.814,
5.18429,
16.76358,
2.388,
50.7592,
3.93213,
1.144256,
5.58154,
8.58931,
114.9253,
3.24326,
2.56221,
146.6487,
170.6242,
79.9308,
1.309088,
1.034592,
49.7123,
6.7304,
9.91833,
1.395712,
7.68416,
19.89648,
5.05897,
253.2052,
0.55712,
28.3135,
1.787712,
0.756736,
22.24032,
7.27674,
4.03961,
26.7864,
2.49097,
127.2638,
90.3012,
85.3993,
1.665088,
4.58346,
10.51876,
26.2204,
80.6565,
80.4461,
0.541376,
7.74976,
20.9779,
7.99962,
11.51782,
9.71292,
26.3326,
46.4887,
0.310528,
6.98464,
1.374368,
11.71411,
0.662176,
77.8461,
2.40647,
4.98672,
66.6354,
6.37481,
0.457376,
15.69488,
58.0122,
16.85964,
0.628416,
1.562368,
1.908258,
85.4237,
123.7615,
0.41904,
2.53414,
16.65219,
3.68477,
25.7516,
4.75321,
1.806172,
0.69568,
63.208,
180.7476,
21.8319,
33.1655,
1.641184,
12.56336,
13.04157,
75.6623,
11.18016,
5.00864,
25.25715,
31.0039,
60.3464,
0.575552,
1.872064,
106.4215,
15.60525,
4.14045,
2.65959,
7.6121,
1.394048,
314.1291,
0.546016,
0.8928,
111.2161,
1.653376,
13.35024,
217.1246,
131.5641,
7.21722,
0.827968,
1.005344,
53.9803,
0.377792,
273.048,
0.241952,
2.44566,
42.9088,
2.55101,
87.4563,
16.24692,
1.874748,
68.1726,
10.26186,
0.815008,
11.00394,
21.8232,
66.82,
4.0409,
37.3063,
4.87504,
1.306304,
9.34461,
38.1013,
0.325728,
25.1583,
2.70407,
2.518018,
204.6152,
12.19891,
28.5476,
60.7159,
3.736,
3.55728,
22.25888,
0.755072,
1.656896,
12.93482,
0.360672,
17.04755,
36.0101,
1.160352,
9.16099,
3.84733,
11.5576,
11.5672,
0.888448,
3.048,
0.479808,
39.2751,
15.95801,
19.23406,
1.505472,
9.92409,
16.70873,
118.1656,
0.637408,
188.6181,
2.24432,
1.529568,
11.17763,
121.2033,
2.98141,
57.8115,
1.068608,
1.66016,
3.63587,
75.2324,
0.668544,
2.10502,
11.42506,
224.2704,
194.7474,
42.8087,
4.69267,
9.62611,
0.450848,
10.32931,
45.5636,
0.367232,
0.489248,
14.33299,
4.24505,
7.32748,
25.8622,
0.34256,
15.176,
101.9367,
52.898,
0.550912,
3.8839,
3.51639,
15.19408,
0.74192,
0.251072,
23.43034,
0.449856,
5.99926,
45.2458,
3.53453,
40.2016,
10.4249,
19.95388,
5.55421,
6.02259,
100.012,
0.236608,
5.61817,
1.468416,
9.3534,
22.6786,
47.7039,
13.7127,
1.30656,
4.65715,
17.89559,
1.015136,
1.070112,
22.0263,
1.175712,
0.550816,
3.29821,
25.7489,
28.704,
9.35008,
4.92572,
1.554432,
68.6244,
50.9312,
8.70736,
25.7812,
0.539712,
5.07344,
2.2233,
68.2803,
0.558432,
1.568672,
43.66227,
37.4709,
1.83136,
4.03543,
1.325696,
0.716256,
5.24362,
1.702464,
1.196064,
13.6576,
14.91494,
1.9825,
10.58506,
3.53027,
4.32842,
20.81718,
33.4315,
99.0688,
102.0939,
1.037856,
1.648256,
29.7078,
5.00109,
5.74951,
7.59331,
0.453728,
0.350368,
0.522528,
1.035488,
117.9062,
65.6455,
9.87324,
152.1842,
8.43552,
11.45764,
3.6391,
1.324032,
16.01865,
9.00602,
56.9429,
1.77267,
29.0642,
0.356352,
57.142,
14.39923,
48.0257,
16.66,
16.88042,
16.01239,
88.8113,
2.96195,
15.42944,
29.3255,
2.08326,
10.23475,
29.3785,
3.34793,
3.35306,
2.74333,
14.24937,
15.13802,
6.75949,
49.6689,
16.19372,
3.24228,
39.9446,
29.4267,
10.56525,
126.7024,
2.52378,
14.68652,
16.8225,
3.84288,
16.34141,
14.28883,
0.498368,
8.81472,
26.3607,
1.791712,
1.817632,
138.8191,
4.28307,
94.7612,
3.53593,
0.55392,
5.22905,
8.41207,
4.30938,
18.72606,
11.28666,
0.717568,
8.54445,
129.8198,
97.0971,
7.18742,
5.75644,
0.704128,
0.72096,
53.9682,
2.168386,
4.02313,
9.16851,
4.10758,
40.1533,
0.430464,
14.35955,
30.3859,
1.031488,
1.136416,
5.27623,
27.3161,
51.8548,
8.10487,
36.355,
0.57184,
18.5872,
33.4001,
20.18958,
0.869184,
4.7449,
5.85789,
2.45552,
58.4666,
0.554112,
0.456768,
24.52527,
1.157824,
3.5327,
27.0726,
3.4192,
94.5228,
4.44272,
254.8891,
8.05172,
7.58691,
212.1627,
39.0279,
1.384544,
103.2692,
26.4313,
19.94941,
9.62087,
0.352992,
5.10195,
5.02362,
3.01978,
108.3235,
3.657,
8.23302,
107.947,
9.93248,
23.9529,
1.599104,
0.721888,
11.74445,
7.68951,
1.59824,
8.70496,
197.122,
12.11779,
175.4344,
8.82467,
5.94365,
2.94768,
2.90778,
3.50134,
0.800288,
118.7268,
5.48416,
8.45273,
11.41529,
26.5429,
0.653952,
2.42026,
120.2705,
2.459324,
47.1855,
43.4941,
49.607,
0.95584,
1.417726,
3.1202,
1.938338,
104.5614,
7.59645,
13.10723,
86.9679,
5.51014,
0.63728,
1.792644,
8.25388,
0.6128,
39.7971,
2.53616,
24.3053,
48.9343,
1.023136,
4.27657,
22.7047,
0.634528,
42.4418,
3.46428,
11.75028,
43.9142,
5.18019,
3.63133,
78.9496,
78.5497,
46.4181,
62.7788,
1.46128,
34.8927,
16.70698,
151.6086,
58.5881,
140.6906,
6.47165,
2.318302,
27.411,
344.383,
0.743744,
10.08633,
24.0621,
2.85488,
5.87574,
0.479328,
1.02464,
2.12682,
60.7569,
16.1649,
294.0428,
246.77,
1.202688,
39.6654,
0.653376,
3.60409,
63.9658,
38.7098,
1.141984,
1.322432,
9.33968,
76.9778,
57.9587,
6.17453,
2.21536,
0.946784,
29.4279,
0.556384,
1.067296,
1.87517,
13.32864,
5.41875,
0.30528,
4.3273,
2.29731,
0.895904,
19.20997,
20.49401,
1.606656,
5.08009,
0.933376,
4.67971,
2.64499,
107.5015,
0.32768,
7.0327,
10.72103,
4.34544,
8.29952,
81.2757,
6.11411,
12.08999,
5.3751,
2.1224,
7.63933,
19.03921,
1.998782,
15.11277,
48.4874,
20.78914,
8.04745,
87.6442,
11.41273,
3.44963,
1.14544,
10.40883,
55.2018,
9.76589,
3.13344,
9.90006,
0.397312,
12.31264,
3.0728,
38.2829,
92.1652,
2.5808,
8.85821,
3.8097,
3.78858,
16.2744,
54.1489,
142.1991,
10.53286,
2.84064,
31.7484,
2.263874,
1.153024,
3.83008,
13.92231,
10.19696,
12.86624,
40.2168,
11.40483,
8.04762,
29.7647,
9.40426,
246.3537,
0.853344,
9.90298,
4.8919,
18.29387,
5.02768,
0.423584,
32.2412,
3.62803,
48.4272,
125.5074,
55.0995,
1.537664,
2.436096,
93.454,
6.25325,
0.633856,
1.994526,
6.77274,
13.00169,
0.647072,
2.95236,
27.7097,
3.6425,
11.587,
21.0814,
3.73494,
1.019136,
1.671872,
31.4744,
39.1639,
0.34064,
0.428288,
230.8644,
183.783,
21.24835,
0.526688,
2.181116,
98.5862,
47.7171,
69.2716,
0.27776,
19.42013,
355.565,
26.5164,
30.4068,
6.8968,
1.609888,
8.66333,
52.5865,
2.170784,
54.2174,
3.62125,
0.458048,
1.515872,
53.0996,
54.5865,
55.7292,
3.99859,
9.9969,
165.1208,
1.287904,
82.9717,
0.543808,
46.6473,
1.38288,
15.29248,
1.344992,
0.501856,
19.44812,
6.99251,
45.8802,
1.893182,
3.16413,
29.4071,
30.8131,
29.5127,
4.08781,
2.45664,
0.331616,
122.1513,
4.24736,
18.21908,
4.44634,
0.384064,
11.20903,
0.2136,
4.45066,
13.86496,
3.06397,
1.71824,
1.228,
85.393,
23.7199,
0.208,
111.5944,
9.7447,
0.6448,
4.84764,
6.06812,
2.039424,
6.32397,
60.0316,
2.14691,
6.47907,
0.645216,
6.74585,
1.381568,
3.3593,
0.931744,
0.529088,
3.24711,
36.775,
4.03149,
15.49997,
33.1385,
13.48416,
0.863776,
0.594176,
4.76652,
8.28614,
18.58355,
7.10348,
0.29088,
5.09581,
9.1177,
3.33645,
1.601536,
15.12336,
4.10326,
6.75347,
151.1053,
50.235,
263.11,
62.5962,
0.402368,
9.77203,
5.97815,
29.8095,
17.97848,
50.5948,
1.672064,
2.44515,
0.347776,
2.001662,
4.61401,
2.07693,
36.662,
14.20685,
0.500864,
0.313216,
118.5124,
2.24105,
16.90112,
7.09427,
27.8364,
1.447904,
1.800864,
0.325248,
73.1495,
0.757984,
6.53302,
2.38797,
34.2455,
34.1003,
1.352864,
73.4744,
24.6563,
5.31056,
3.58374,
288.9361,
6.65501,
4.14816,
0.70192,
4.80035,
18.60894,
1.067296,
88.1668,
15.2761,
10.17808,
8.98617,
2.0104,
54.9032,
3.61178,
72.6694,
6.53107,
90.8444,
175.4011,
203.2279,
3.77888,
21.9497,
1.6648,
8.2905,
6.32698,
13.49728,
0.488448,
26.9868,
3.6578,
1.68224,
66.8214,
1.34336,
17.33525,
15.032,
4.35232,
3.30989,
13.56448,
1.026208,
2.35542,
16.57302,
4.81709,
38.0051,
7.67033,
1.09056,
0.599296,
7.77972,
23.7944,
93.3642,
0.775104,
0.391168,
3.19152,
9.37721,
0.335008,
0.622816,
3.68313,
28.1224,
0.263488,
1.44464,
60.7301,
33.1253,
33.6063,
2.044446,
8.9191,
6.00758,
0.454624,
1.018272,
6.91098,
6.03431,
27.4583,
0.389344,
2.98064,
5.54496,
21.5678,
71.3165,
18.123,
101.549,
0.471872,
0.83696,
1.46992,
2.25894,
8.86253,
27.5314,
1.179456,
4.03543,
2.42572,
32.9584,
7.1504,
0.418848,
112.7411,
9.37802,
0.417056,
7.00416,
16.18071,
0.410272,
1.035328,
2.78198,
91.4703,
27.6459,
68.75473,
7.70128,
0.481696,
2.30496,
0.62544,
32.5909,
39.0093,
16.63562,
50.5701,
4.29879,
60.2615,
2.054078,
173.1586,
2.77882,
61.6669,
4.57408,
1.690624,
1.854656,
9.0767,
10.35405,
31.8509,
23.3481,
147.5706,
5.92157,
1.18224,
1.611584,
0.288128,
23.8869,
9.18695,
86.6517,
1.797888,
247.6953,
1.499584,
16.1695,
57.5199,
14.08352,
45.0455,
2.90723,
3.73014,
55.5284,
10.79261,
160.8747,
4.10816,
75.29,
12.52775,
26.9142,
19.03013,
51.0489,
43.4207,
15.78393,
6.66531,
19.27548,
37.0379,
1.764032,
15.06042,
65.7289,
4.32131,
4.9282,
18.63789,
20.458,
75.3183,
31.5258,
134.1016,
14.63142,
4.96592,
266.014,
4.65197,
41.9111,
0.665248,
10.57673,
25.1145,
0.438304,
20.43835,
3.36083,
0.400384,
0.616704,
0.955552,
1.029472,
39.782,
5.53104,
31.2711,
14.94112,
9.26326,
198.1285,
55.6174,
1.584064,
121.8713,
0.786272,
3.55123,
1.500448,
1.427392,
137.2551,
2.169856,
49.2552,
4.19079,
50.0009,
1.97021,
13.55808,
10.06729,
0.38496,
8.31776,
0.87552,
4.56966,
1.573088,
20.32235,
1.620032,
1.312864,
118.6007,
2.22153,
7.88585,
366.643,
3.23098,
16.53468,
2.3966,
9.23898,
0.546016,
1.933052,
5.18758,
51.3913,
1.985534,
1.33424,
55.8346,
0.92992,
0.378976,
1.65984,
11.19331,
12.56202,
2.94912,
54.209,
3.07837,
4.7073,
1.432576,
14.36803,
51.2465,
1.238272,
15.65725,
1.851424,
33.9224,
1.603584,
3.90861,
0.66208,
23.94023,
1.530784,
24.4296,
41.4416,
0.603552,
169.0084,
79.9019,
44.2791,
2.55651,
6.45232,
2.30074,
0.446752,
6.12864,
1.520096,
8.04439,
0.36128,
1.117344,
0.523264,
119.7105,
52.9373,
149.3559,
162.8292,
6.30068,
2.89859,
4.46749,
10.82676,
40.4012,
2.70106,
16.32457,
95.0728,
7.89216,
239.3272,
90.4479,
0.848864,
40.9771,
3.83513,
1.726592,
3.45497,
0.583456,
1.702784,
170.4656,
1.54624,
70.6986,
0.638944,
0.338368,
31.7444,
93.7435,
31.141,
19.13571,
3.55002,
26.67956,
0.731456,
12.62361,
140.214,
0.8616,
11.54093,
12.49408,
45.1377,
12.12083,
4.50148,
19.02283,
79.6995,
42.0106,
84.7629,
0.517312,
10.40998,
40.7562,
2.63203,
1.076128,
1.601216,
4.24301,
4.10868,
0.754368,
364.886,
67.1901,
0.863072,
1.558496,
8.99814,
49.6043,
0.469184,
3.52317,
9.30989,
0.280352,
6.04308,
18.67771,
2.92147,
2.45616,
3.02797,
0.655168,
80.7003,
0.62768,
19.30748,
11.99747,
20.4682,
0.425664,
0.9064,
183.3349,
75.7568,
1.949596,
8.21747,
1.1056,
14.73331,
231.4158,
175.2932,
2.30211,
12.59264,
32.167,
6.07437,
3.80823,
0.512224,
20.27576,
0.428064,
121.0033,
0.337312,
15.28713,
332.484,
8.42979,
2.27632,
33.0098,
0.830624,
3.3609,
69.5562,
46.5729,
79.8823,
184.3348,
16.14404,
3.06105,
14.69853,
4.44723,
0.680672,
45.616,
10.22675,
2.61699,
23.51542,
12.06861,
2.89075,
10.0608,
207.0945,
44.2972,
18.266,
39.2321,
11.68154,
73.7841,
22.81142,
11.27994,
4.13836,
1.958816,
0.39808,
31.7968,
0.325088,
3.09129,
0.896608,
107.3765,
21.04746,
0.79616,
64.1476,
4.44797,
1.560512,
1.399392,
46.3993,
2.280388,
0.282592,
21.4899,
1.400064,
88.745,
4.16733,
3.34137,
7.78272,
15.74832,
3.56327,
129.3694,
18.49994,
49.1315,
178.9149,
2.6992,
1.898144,
0.943136,
4.13242,
5.43334,
19.3927,
86.3378,
6.79424,
29.0703,
12.40928,
1.297504,
2.00074,
183.73,
47.1453,
9.14604,
181.4687,
2.29196,
11.33001,
0.96016,
7.18618,
5.82822,
1.82512,
0.33936,
0.67728,
6.14963,
1.209888,
4.91443,
66.1918,
24.7036,
4.42889,
6.20198,
17.93955,
0.298176,
82.7466,
24.6478,
15.25501,
5.00797,
277.7448,
9.20038,
23.877,
37.4726,
141.2231,
0.507296,
0.838976,
12.65635,
0.28832,
2.037408,
16.10541,
25.3331,
0.381248,
1.05584,
0.622624,
0.409312,
0.460672,
1.900416,
7.47818,
37.1525,
13.71603,
0.829952,
91.0782,
1.347136,
7.64058,
21.91375,
0.346656,
1.710496,
23.8075,
4.6304,
6.8401,
3.73603,
62.9228,
82.5245,
1.832132,
2.57216,
1.252064,
3.89689,
3.94086,
0.440864,
0.692224,
2.66131,
18.52169,
33.681,
3.78534,
30.0427,
0.812832,
8.23952,
196.803,
4.07002,
159.2225,
10.73943,
0.475456,
4.02288,
8.36061,
133.1517,
87.5013,
1.578144,
1.719456,
34.99,
1.39664,
4.55654,
0.501504,
58.1977,
56.5295,
0.8016,
11.07101,
41.3966,
0.468384,
13.67971,
36.2463,
5.30797,
2.13901,
3.49136,
5.87882,
0.302208,
1.190496,
1.89347,
4.37088,
3.8041,
0.99216,
105.5151,
1.281056,
0.3792,
173.7418,
63.3557,
4.67613,
115.8428,
2.73376,
12.89245,
5.4391,
3.296,
32.2728,
2.1384,
5.98448,
0.42752,
25.3665,
19.37246,
2.11132,
27.0234,
1.061408,
0.696128,
1.880992,
2.54857,
29.9527,
7.38474,
29.7325,
7.90928,
126.6951,
41.8325,
0.59232,
76.0219,
207.3447,
4.27798,
0.704896,
80.8588,
14.1233,
8.19116,
51.3553,
85.8782,
200.3299,
3.38768,
15.69684,
25.2098,
0.46688,
108.3529,
1.13808,
58.3061,
2.87181,
8.32678,
0.571296,
6.2256,
105.3587,
101.467,
0.292672,
0.365536,
0.455936,
0.430944,
2.343838,
14.91494,
1.23792,
1.835134,
17.37117,
4.72268,
1.201312,
11.12698,
8.73139,
156.0294,
3.33149,
3.03408,
1.852416,
0.98336,
1.268704,
9.39024,
86.3876,
5.90211,
12.42419,
43.8544,
2.58663,
6.83316,
4.87996,
44.4496,
1.020224,
27.2747,
1.51488,
4.23827,
38.4587,
33.6982,
0.468224,
0.974176,
6.34489,
4.36941,
14.18461,
4.06755,
130.6749,
0.842016,
0.376736,
1.732704,
8.60736,
1.372032,
15.56998,
3.23165,
9.75052,
11.68121,
19.9302,
2.172128,
6.31744,
0.355424,
1.6808,
7.9616,
42.5267,
3.15162,
15.79821,
4.54141,
69.8376,
73.9483,
3.96877,
3.66861,
298.499,
14.35222,
216.927,
1.680704,
1.349664,
1.221312,
5.30534,
29.6644,
7.14224,
46.3224,
65.8595,
76.0165,
4.22998,
13.43805,
13.19638,
41.8753,
67.1405,
1.302752,
17.21638,
3.57991,
1.208992,
3.91267,
164.4999,
52.0847,
0.510528,
1.525824,
0.626912,
2.62845,
163.9937,
14.15574,
83.8716,
80.6218,
7.8121,
3.48153,
7.84202,
7.87363,
17.00243,
139.5175,
4.33396,
4.65856,
13.59894,
227.4673,
5.29306,
1.336192,
7.68595,
0.50704,
12.43229,
1.235648,
12.58246,
14.82732,
0.381376,
9.45795,
19.414,
21.47517,
6.55606,
1.834144,
44.5804,
3.41337,
3.53609,
2.98912,
46.093,
3.73459,
0.388992,
37.9627,
14.5489,
9.89981,
0.854784,
31.5175,
3.19517,
7.31763,
0.31264,
0.29184,
5.903646,
0.267296,
6.64531,
2.85799,
1.067296,
13.29862,
175.909,
22.75424,
5.16902,
3.41139,
35.1671,
63.9626,
95.3351,
7.87149,
4.41559,
34.5541,
1.79542,
4.35283,
1.03696,
16.07782,
1.846276,
6.72007,
6.69988,
18.86614,
2.97648,
46.1005,
2.13978,
1.893568,
5.94649,
146.0345,
1.79302,
0.782112,
1.451776,
0.277824,
0.244736,
260.0409,
46.2142,
145.9362,
2.26144,
9.28189,
13.96025,
6.72902,
3.32797,
3.8407,
318.197,
0.261088,
107.5465,
2.66403,
4.72838,
83.7787,
0.309248,
5.79174,
23.90697,
30.1219,
33.0927,
0.37168,
3.31046,
4.37731,
139.6563,
5.04404,
36.4948,
40.5708,
117.4647,
4.42729,
98.2757,
2.47178,
0.6144,
3.39789,
3.81804,
92.377,
17.08422,
5.38649,
67.1589,
87.3153,
107.454,
135.222,
6.44198,
19.96362,
1.48448,
1.879712,
16.16899,
139.4802,
202.4552,
115.4232,
3.48624,
2.082396,
42.9039,
73.431,
37.5297,
30.3643,
0.870176,
2.84157,
0.290656,
10.71418,
19.82313,
0.565248,
16.08678,
1.383424,
7.82637,
0.243584,
21.34097,
2.83504,
23.1067,
1.99507,
6.7432,
6.71511,
38.7927,
4.04006,
3.17552,
1.341824,
2.74851,
3.77046,
1.197632,
204.7094,
1.202752,
1.14432,
2.162716,
115.2965,
8.25936,
1.644704,
4.76365,
0.422816,
3.81053,
2.76272,
17.05773,
90.3238,
3.05412,
1.830908,
13.25324,
4.02756,
2.82199,
0.524256,
8.62726,
4.63149,
4.81514,
3.36662,
15.51622,
3.37008,
53.1727,
1.568448,
138.5268,
1.190912,
1.122112,
0.464352,
1.181344,
7.06355,
8.43258,
1.979644,
28.9839,
136.2512,
14.16263,
25.9299,
11.30906,
1.594528,
0.249856,
1.297696,
246.8481,
9.35763,
0.864288,
8.3688,
0.453664,
39.3879,
4.08995,
12.90601,
20.08758,
4.44218,
4.55456,
24.8244,
0.486016,
4.0936,
0.32368,
0.973824,
175.4432,
19.1303,
21.69259,
20.46639,
11.09299,
7.16112,
24.10644,
5.21725,
18.37961,
9.91408,
54.9016,
2.080958,
234.1868,
23.75983,
87.8008,
3.25735,
73.0185,
0.437216,
72.2255,
12.53497,
4.44724,
163.1759,
11.3849,
187.9517,
12.11728,
94.1573,
6.08378,
11.92548,
1.73264,
2.77386,
10.09917,
3.741,
0.402496,
2.146434,
3.01248,
2.39337,
1.007232,
92.4393,
1.24144,
0.339392,
2.01098,
20.26736,
6.96909,
1.253408,
3.57949,
53.9308,
12.53148,
22.3492,
13.66217,
10.59212,
5.26752,
46.7748,
22.3818,
10.45161,
11.02452,
1.264896,
7.81962,
5.57078,
17.39844,
121.6737,
1.512512,
3.85303,
121.8773,
178.6217,
16.68214,
77.4123,
9.31987,
31.195,
3.90979,
11.23101,
9.81363,
5.18656,
7.393,
139.2717,
17.01677,
34.9467,
108.9139,
102.9133,
5.16608,
8.63066,
73.2007,
2.63748,
2.7448,
20.05023,
247.815,
0.25408,
17.74113,
0.28832,
10.07117,
58.6991,
0.364224,
1.069024,
101.0458,
27.7432,
2.55379,
8.86566,
1.803264,
86.6003,
0.437376,
12.10455,
78.4472,
0.583808,
1.96096,
16.01852,
0.544512,
17.21232,
3.38496,
9.05376,
11.34208,
0.345728,
48.1516,
1.424352,
128.0602,
1.910784,
145.7722,
0.355904,
6.95834,
63.5217,
20.04146,
0.365472,
0.361632,
1.818048,
7.60611,
20.33792,
125.9712,
0.919488,
0.661088,
0.888416,
8.60403,
10.34035,
1.442656,
8.57097,
1.11744,
89.5991,
103.5947,
10.75008,
3.73453,
0.560352,
6.4072,
3.36592,
2.124796,
13.89632,
288.8314,
0.710432,
28.4844,
5.45974,
2.79632,
18.26553,
2.19341,
12.81421,
0.338112,
2.95843,
7.33514,
7.12688,
84.9484,
261.4797,
4.22512,
0.69744,
154.4816,
9.25623,
66.9492,
9.51091,
0.9664,
3.07274,
5.97015,
5.5272,
13.25741,
0.83744,
170.3061,
8.00864,
0.835584,
57.0411,
99.6625,
97.5914,
16.84381,
9.3751,
4.78192,
15.34499,
6.33837,
179.1521,
7.19668,
24.403,
5.61104,
6.64976,
3.26288,
14.67549,
1.663744,
0.26096,
21.05219,
0.36416,
8.14919,
54.275,
13.59907,
2.71539,
53.113,
4.95904,
4.39459,
117.9544,
2.108866,
0.685824,
119.7742,
91.9887,
49.1467,
0.1704,
1.678656,
4.51869,
34.3047,
89.3043,
0.338944,
16.56746,
13.64204,
0.494592,
10.40835,
146.7727,
0.375904,
6.6617,
1.607168,
4.22294,
1.14864,
0.89424,
17.55552,
40.2228,
0.671744,
10.34138,
1.006976,
0.499904,
0.62784,
27.1053,
27.0362,
14.13798,
5.80541,
1.237152,
32.6156,
0.188928,
0.244512,
159.8829,
9.68076,
152.0374,
4.54348,
18.48311,
1.728544,
14.49353,
119.6894,
4.28858,
5.35961,
58.1076,
32.5109,
1.1744,
26.5079,
4.81834,
2.080764,
0.477568,
11.40115,
5.89136,
22.0942,
40.4609,
0.265408,
2.102176,
0.324928,
6.58874,
2.56278,
4.60697,
136.9252,
1.878018,
19.1773,
335.632,
4.2975,
0.703232,
1.198656,
0.397856,
4.63315,
5.71568,
0.594048,
3.38236,
37.0259,
7.10947,
65.5332,
0.74048,
8.75143,
0.631424,
72.912,
22.35324,
2.44749,
7.36326,
4.70643,
14.48476,
8.10554,
32.6459,
0.518208,
155.4413,
1.79648,
2.147164,
1.305248,
6.30324,
37.7959,
0.243072,
38.5893,
100.8388,
28.9701,
3.47891,
7.32096,
27.7886,
1.392416,
0.366304,
5.18825,
68.5102,
