2.946163940429687500e+02
7.810821533203125000e+02
4.818264842033386230e-01
2.671717285156250000e+03
4.261416435241699219e+00
3.677054977416992188e+01
2.939442992210388184e-01
9.987628936767578125e+00
3.488707304000854492e+00
6.718239593505859375e+01
4.027867615222930908e-01
1.337632446289062500e+02
6.154010009765625000e+02
4.800586425781250000e+03
6.499062890625000000e+04
1.189965859375000000e+05
5.285920625000000000e+05
8.211126923561096191e-01
3.187828445434570312e+01
1.248986663818359375e+02
8.490221679687500000e+03
5.974400781250000000e+04
7.865654230117797852e-01
8.509851074218750000e+02
5.047202110290527344e+00
3.315583984375000000e+04
2.688379287719726562e-01
3.734187316894531250e+01
7.679479718208312988e-01
4.239341259002685547e+00
1.491044769287109375e+02
5.913984775543212891e-01
1.243774986267089844e+01
1.681383056640625000e+02
6.346420410156250000e+03
2.792359542846679688e+01
4.331429687500000000e+03
2.562027275562286377e-01
1.375482910156250000e+03
7.148799218750000000e+04
2.804440975189208984e+00
5.413758754730224609e-01
5.752066373825073242e-01
2.910578346252441406e+01
2.225361083984375000e+03
1.311076202392578125e+02
1.156901611328125000e+03
4.470729064941406250e+02
1.610752258300781250e+02
2.724956321716308594e+01
8.233134765625000000e+03
4.776061630249023438e+01
3.165083527565002441e-01
2.380973632812500000e+04
2.485407714843750000e+03
1.440597656250000000e+03
4.860756347656250000e+03
6.605192260742187500e+02
2.379463125000000000e+05
1.367789355468750000e+04
1.313752746582031250e+01
2.636088281250000000e+04
8.770941495895385742e-01
2.158713340759277344e-01
1.557520751953125000e+03
1.690338134765625000e+00
8.269469261169433594e+00
6.455241680145263672e+00
5.295666406250000000e+04
4.542293548583984375e+00
7.619463348388671875e+01
2.932809375000000000e+04
6.854583974927663803e-03
8.884245117187500000e+03
1.534495019531250000e+04
8.067125320434570312e+00
3.387699462890625000e+03
7.042277343750000000e+04
5.600399780273437500e+02
4.578377246856689453e+00
3.069311618804931641e+00
7.554132843017578125e+01
3.315296020507812500e+02
3.603917837142944336e+00
1.508324432373046875e+02
1.863200836181640625e+02
1.226677856445312500e+03
5.437782287597656250e+01
7.488154411315917969e+00
1.361241054534912109e+01
1.168703842163085938e+01
1.300283432006835938e+00
3.523177802562713623e-01
5.599270248413085938e+01
1.819030883789062500e+03
6.400735839843750000e+03
5.387292480468750000e+01
1.555940429687500000e+04
3.276531066894531250e+02
4.668010546875000000e+04
1.430680871009826660e+00
6.328316926956176758e-01
1.909054183959960938e+01
2.138586759567260742e+00
2.233501129150390625e+02
1.155209197998046875e+02
4.200644531250000000e+03
6.824918270111083984e+00
2.232843488454818726e-01
2.789610351562500000e+03
5.974768066406250000e+03
1.729627227783203125e+01
1.312251925468444824e+00
1.182454377412796021e-01
3.414749383926391602e+00
1.054268264770507812e+02
3.298870563507080078e+00
3.971618652343750000e+00
2.296721935272216797e+00
2.145092582702636719e+01
2.629724375000000000e+05
1.404724866151809692e-01
4.251027832031250000e+03
3.328049468994140625e+01
1.903710937500000000e+02
1.865650268554687500e+03
1.477125740051269531e+01
2.644461669921875000e+03
2.864232910156250000e+03
8.521390991210937500e+02
1.302497029304504395e+00
2.300138244628906250e+02
1.542915552854537964e-01
1.671415209770202637e+00
9.176572799682617188e+00
4.161346250000000000e+05
1.531446576118469238e+00
8.279830217361450195e-01
1.138027858734130859e+01
2.907590576171875000e+03
5.257236938476562500e+02
4.938085937500000000e+02
2.115836381912231445e+00
6.434701562500000000e+04
6.423440917968750000e+03
1.107800521850585938e+02
8.367593383789062500e+02
1.957548782229423523e-02
4.121379089355468750e+02
1.992637395858764648e+00
6.843317871093750000e+02
3.856162109375000000e+03
8.931575775146484375e+00
5.365460395812988281e+00
8.480364680290222168e-01
1.117420117187500000e+04
2.559422492980957031e+00
2.423269531250000000e+03
7.783649563789367676e-01
3.746168518066406250e+01
1.212386035156250000e+04
4.537009429931640625e+01
5.434610156250000000e+04
2.913534545898437500e+01
8.186751008033752441e-01
2.830571651458740234e+00
5.265204310417175293e-01
1.360983467102050781e+01
1.139629244804382324e+00
8.507052001953125000e+02
1.575889945030212402e+00
7.812795162200927734e+00
1.428831338882446289e+00
8.273503780364990234e-01
3.333281500000000000e+06
1.367677812500000000e+05
1.169590187072753906e+01
1.537605571746826172e+01
2.363061035156250000e+03
5.453452840447425842e-02
8.596993446350097656e+00
3.769865417480468750e+02
2.608018066406250000e+03
1.459476196289062500e+03
2.599579101562500000e+04
2.873034715652465820e+00
1.064583892822265625e+02
1.104514465332031250e+02
3.934557031250000000e+04
1.544565963745117188e+01
7.615213394165039062e-01
1.428808116912841797e+01
5.318970084190368652e-01
5.720642089843750000e+01
1.900164037942886353e-01
1.158554315567016602e+00
8.938977539062500000e+03
4.698300170898437500e+02
1.004082393646240234e+01
3.997509765625000000e+01
2.979704687500000000e+04
1.085021972656250000e+03
1.815646118164062500e+03
9.944367187500000000e+04
4.632549438476562500e+02
7.795468807220458984e+00
2.340379882812500000e+03
4.453522812500000000e+05
1.790606536865234375e+02
1.199344482421875000e+02
1.515096777343750000e+04
2.259733963012695312e+01
1.859861564636230469e+01
5.658830642700195312e+01
2.045477343750000000e+04
9.552264213562011719e+00
2.385089453125000000e+04
1.689999580383300781e+01
9.749123535156250000e+02
4.317979980468750000e+03
4.664129614830017090e-01
1.079768848419189453e+01
2.339853271484375000e+03
1.390960845947265625e+02
1.340105056762695312e+00
9.819642305374145508e-01
1.516804790496826172e+01
5.102850914001464844e+00
3.657319946289062500e+02
2.360394287109375000e+03
3.433549194335937500e+02
7.058678865432739258e-01
1.575319061279296875e+02
4.030936718750000000e+04
5.036489562988281250e+02
3.347125053405761719e+00
7.105593109130859375e+01
3.360409912109375000e+03
5.599077701568603516e+00
2.491370086669921875e+02
2.215216606855392456e-01
5.048667907714843750e+01
4.524957656860351562e+00
3.348450390625000000e+04
6.226438598632812500e+02
1.264478325843811035e+00
4.969504547119140625e+01
3.436814062500000000e+05
1.833592176437377930e+00
1.670627444982528687e-01
1.388865089416503906e+01
6.779586791992187500e+01
2.278514404296875000e+03
9.236995312500000000e+04
3.165433398437500000e+04
2.162074327468872070e+00
2.186074531250000000e+05
1.305515170097351074e+00
1.586229858398437500e+03
1.623560428619384766e+00
3.582753753662109375e+01
5.962484359741210938e+01
3.079771995544433594e+01
2.161018066406250000e+03
3.103869259357452393e-01
5.408198125000000000e+05
1.887131652832031250e+02
6.695932812500000000e+04
2.210262680053710938e+01
1.670012890625000000e+04
9.897745117187500000e+03
2.648720741271972656e+01
3.158840942382812500e+02
1.129583001136779785e+00
1.105275268554687500e+02
5.843001464843750000e+03
5.051487445831298828e+00
8.671347618103027344e+00
2.411496887207031250e+02
1.231466412544250488e+00
1.579890012741088867e+00
2.071406406250000000e+05
7.671102905273437500e+01
2.398581981658935547e+00
2.151911497116088867e+00
5.960165039062500000e+03
3.547628417968750000e+03
6.888707885742187500e+02
5.279586911201477051e-01
6.880539894104003906e+00
6.398065567016601562e+01
3.081102073192596436e-01
7.364428043365478516e-02
4.944352805614471436e-01
4.504446777343750000e+03
6.217315196990966797e-01
6.242774128913879395e-01
2.997086143493652344e+01
1.020616436004638672e+01
2.200205000000000000e+05
5.592172851562500000e+03
9.487409591674804688e-01
1.506513690948486328e+01
2.431328392028808594e+01
9.028528332710266113e-01
1.610574218750000000e+04
1.034596800804138184e+00
1.705475568771362305e+00
1.821461105346679688e+01
9.698957204818725586e-01
6.378409179687500000e+03
1.807519912719726562e+00
1.253984497070312500e+03
9.964430236816406250e+01
6.028851032257080078e+00
3.177057075500488281e+01
3.254828613281250000e+03
1.254367113113403320e+00
1.986782073974609375e+01
4.210151195526123047e+00
2.684659957885742188e+00
2.753656005859375000e+02
7.942881584167480469e+00
1.064740820312500000e+04
3.981131315231323242e-01
7.313910522460937500e+02
2.117505950927734375e+02
1.525705575942993164e+00
8.620366096496582031e+00
6.760166625976562500e+02
1.029320507812500000e+04
1.714906768798828125e+02
1.913032684326171875e+02
3.973489062500000000e+05
4.453265380859375000e+02
2.703015804290771484e+00
3.977664709091186523e+00
2.549190625000000000e+05
8.529778320312500000e+03
2.709774208068847656e+01
4.030976295471191406e+00
3.124429931640625000e+03
3.446126556396484375e+01
2.591959228515625000e+02
2.656118392944335938e+00
3.392799682617187500e+02
1.593250976562500000e+03
1.671342277526855469e+01
4.931366015625000000e+04
5.478294372558593750e+01
1.501277327537536621e+00
1.734915733337402344e+00
7.129248046875000000e+01
4.534139843750000000e+04
1.202737182617187500e+03
2.163456420898437500e+02
5.093367695808410645e-01
8.689179687500000000e+04
1.038207015991210938e+02
2.555594635009765625e+01
1.089407348632812500e+02
8.003080078125000000e+03
8.701783180236816406e+00
6.315961837768554688e+00
2.429868125915527344e+01
1.832151947021484375e+02
8.759196289062500000e+03
4.270326538085937500e+02
1.077087593078613281e+01
1.437803100585937500e+03
5.707743167877197266e+00
4.387976171875000000e+04
1.228007411956787109e+01
5.371302246093750000e+03
3.789438281250000000e+04
1.110021953125000000e+05
9.025519371032714844e+00
2.657943964004516602e-01
1.553817558288574219e+01
8.455088615417480469e+00
2.019867858886718750e+02
4.091892968750000000e+04
8.067075781250000000e+04
1.304597973823547363e+00
2.960535400390625000e+03
5.206868743896484375e+01
7.079021606445312500e+02
7.803840637207031250e+01
4.689291000366210938e+00
1.369920410156250000e+03
1.582804199218750000e+03
2.474516601562500000e+03
5.337549316406250000e+03
1.115155859375000000e+04
8.901630401611328125e+00
2.116667938232421875e+01
2.668268013000488281e+01
2.146639585494995117e+00
5.023827636718750000e+03
2.020830154418945312e+00
1.536347866058349609e+01
4.525259733200073242e-01
1.643790817260742188e+01
3.472702789306640625e+01
7.809383544921875000e+02
6.089618750000000000e+05
1.447749882936477661e-01
1.225748168945312500e+03
7.863645625000000000e+05
2.162286834716796875e+02
6.851878643035888672e+00
4.497535324096679688e+01
2.878375816345214844e+01
8.259365234375000000e+02
2.033806304931640625e+02
1.374349212646484375e+01
2.702187061309814453e+00
1.175391357421875000e+03
1.048408935546875000e+03
1.691312988281250000e+03
6.684364676475524902e-01
5.394621875000000000e+04
1.498641845703125000e+03
5.181296467781066895e-01
2.637048482894897461e+00
1.212643241882324219e+01
2.296354375000000000e+05
2.249904785156250000e+02
4.462248229980468750e+01
9.950513916015625000e+02
1.928837656974792480e+00
7.298828125000000000e+01
8.736845703125000000e+03
1.214587768554687500e+03
1.176485500000000000e+06
5.167402625083923340e-01
4.078545227050781250e+02
2.601933007812500000e+04
7.970642566680908203e+00
2.609207275390625000e+03
2.413014030456542969e+01
2.930271863937377930e+00
2.881915283203125000e+02
1.002590759277343750e+03
1.008214746093750000e+04
1.212357044219970703e+00
1.948653411865234375e+01
8.966438770294189453e-01
2.806371498107910156e+01
2.082490468750000000e+05
9.379767608642578125e+01
1.480018750000000000e+05
6.401825561523437500e+02
6.622755859375000000e+03
1.174518966674804688e+02
1.992368102073669434e+00
3.509331542968750000e+03
1.700973391532897949e+00
8.875463104248046875e+01
9.504042187500000000e+04
1.903914809226989746e-01
3.065928344726562500e+02
5.044657500000000000e+06
2.369515991210937500e+01
4.169684082031250000e+03
7.059309082031250000e+02
2.114936411380767822e-01
1.572108886718750000e+04
1.204538154602050781e+01
5.067166519165039062e+01
2.936595764160156250e+02
4.795517027378082275e-01
2.211618499755859375e+02
2.576806835937500000e+04
2.327340625000000000e+04
8.979677581787109375e+01
3.510874755859375000e+03
1.487379272460937500e+03
3.015025138854980469e+00
8.427564620971679688e+00
7.082194685935974121e-01
1.477325897216796875e+02
2.604084968566894531e+01
7.955139923095703125e+01
2.710503005981445312e+01
1.186766028404235840e-01
2.574686622619628906e+01
1.789266510009765625e+02
1.015895462036132812e+01
4.097295410156250000e+03
7.894644531250000000e+04
4.897403750000000000e+05
3.382616406250000000e+04
2.400542020797729492e+00
9.688909179687500000e+03
2.230867767333984375e+02
1.980417812500000000e+05
1.512741088867187500e+01
2.692990064620971680e+00
1.125057563185691833e-01
1.629389524459838867e+00
2.088202857971191406e+01
4.271409912109375000e+02
1.699759368896484375e+02
6.246392440795898438e+01
2.599451780319213867e+00
4.418251514434814453e+00
4.343709106445312500e+02
1.149056077003479004e+00
1.978706445312500000e+04
1.839856147766113281e+01
4.017893066406250000e+03
2.327846288681030273e+00
3.275890350341796875e+00
6.284052658081054688e+01
2.650755273437500000e+04
1.901424200000000000e+07
2.995891571044921875e+00
3.876828849315643311e-01
1.229676284790039062e+02
1.093336914062500000e+03
5.162381362915039062e+01
1.156748168945312500e+03
7.047755432128906250e+01
9.860158691406250000e+02
4.140983581542968750e+02
1.293313446044921875e+02
3.366558837890625000e+01
7.414347839355468750e+01
8.982070684432983398e-01
6.358915405273437500e+02
3.054556875000000000e+05
8.582887500000000000e+04
5.267125320434570312e+01
5.335028125000000000e+04
4.098969921875000000e+04
4.735395937500000000e+05
4.025137051939964294e-02
4.765074539184570312e+01
1.624694433593750000e+04
9.160027503967285156e-01
1.377762407064437866e-01
6.004814941406250000e+03
2.727257013320922852e+00
2.293012428283691406e+01
1.229237207031250000e+04
1.826532554626464844e+01
1.195119433593750000e+04
6.119539184570312500e+02
3.249560546875000000e+02
1.143133281250000000e+05
2.648136250000000000e+05
3.503586196899414062e+01
2.363587188720703125e+02
1.501956844329833984e+01
1.629042434692382812e+01
2.509368750000000000e+06
5.266178588867187500e+02
2.061143398284912109e+00
2.516849853515625000e+03
3.191744804382324219e+00
6.653887329101562500e+02
1.003836035156250000e+04
5.440053939819335938e+00
9.053749084472656250e+01
8.170024752616882324e-01
6.072426147460937500e+02
1.068744373321533203e+01
4.302620410919189453e+00
6.595441699028015137e-01
4.291580505371093750e+02
4.994074401855468750e+02
9.620616912841796875e+00
3.659372806549072266e+00
4.287960529327392578e-01
5.558693237304687500e+02
6.000981903076171875e+01
8.346747589111328125e+01
5.693357944488525391e+00
7.764060000000000000e+05
4.253809452056884766e-01
2.431251764297485352e+00
1.664992382812500000e+04
8.416882157325744629e-01
5.474798125000000000e+05
2.947843750000000000e+05
5.144501876831054688e+01
5.896940917968750000e+02
1.507481875000000000e+05
3.550437812500000000e+05
9.079083251953125000e+02
4.728035644531250000e+03
6.409779663085937500e+02
6.730517578125000000e+02
2.171628906250000000e+03
2.896350097656250000e+02
5.388092041015625000e+02
1.692942047119140625e+01
1.608823204040527344e+01
4.824305175781250000e+03
1.776678860187530518e-02
6.492694091796875000e+02
4.039671897888183594e+00
1.072821903228759766e+01
7.315235900878906250e+01
9.250125976562500000e+03
7.735604980468750000e+03
9.683113281250000000e+04
8.587234497070312500e+02
4.513739257812500000e+03
4.132846679687500000e+03
1.064686393737792969e+01
1.033164787292480469e+01
2.266396331787109375e+01
1.836114746093750000e+03
2.059041562500000000e+05
2.847721874713897705e-01
2.678467273712158203e+00
1.970949707031250000e+03
1.804395751953125000e+02
1.355296015739440918e+00
2.424451589584350586e+00
2.180524444580078125e+02
1.189241886138916016e+00
7.832904815673828125e+00
2.130049218750000000e+04
1.889344304800033569e-01
2.337295055389404297e+00
4.974597167968750000e+01
1.643424218750000000e+04
2.819517822265625000e+03
1.308352589607238770e+00
1.011377692222595215e+00
2.404440402984619141e+00
1.424724902343750000e+04
1.993313431739807129e-02
2.139493674039840698e-01
1.567674255371093750e+02
8.817776441574096680e-01
9.369187500000000000e+04
1.347417500000000000e+06
7.044570922851562500e+01
5.655356875000000000e+05
1.083830744028091431e-01
1.422691464424133301e+00
1.920744419097900391e+00
6.941779613494873047e+00
8.221408081054687500e+01
1.020769287109375000e+03
1.375475616455078125e+02
1.641910034179687500e+03
7.294138336181640625e+01
5.413706898689270020e-01
6.398578262329101562e+01
1.444794726562500000e+04
8.627139282226562500e+01
4.125185394287109375e+01
1.315998554229736328e+00
1.157508544921875000e+03
2.435853958129882812e+00
2.677698707580566406e+01
3.135444335937500000e+03
1.498687438964843750e+02
9.041410522460937500e+02
5.891481876373291016e+00
1.028695312500000000e+04
1.614560351562500000e+04
2.529342773437500000e+03
1.512513875961303711e+00
3.971719482421875000e+03
1.034311889648437500e+03
2.219571590423583984e+00
3.261392354965209961e+00
4.010360538959503174e-01
3.353515319824218750e+02
4.485555175781250000e+03
1.058983276367187500e+03
1.215958906250000000e+05
1.689503515625000000e+04
5.182964706420898438e+01
1.588409082031250000e+04
3.803808593750000000e+01
4.718692779541015625e+01
3.669131469726562500e+02
5.494239044189453125e+01
4.918177734375000000e+04
1.301348495483398438e+01
1.492747375000000000e+06
8.886963129043579102e-02
1.143819570541381836e+00
4.519413709640502930e-01
4.519638061523437500e+01
4.493717968750000000e+04
1.681334114074707031e+01
2.021214723587036133e+00
1.905896301269531250e+02
4.011365234375000000e+03
1.777315735816955566e+00
8.504479408264160156e+00
1.517633795738220215e+00
5.030285625000000000e+05
3.498352527618408203e+00
8.444778906250000000e+04
1.205309326171875000e+03
1.355767345428466797e+01
1.863632559776306152e+00
1.517109274864196777e+00
7.937406539916992188e+00
7.538192382812500000e+03
4.913868427276611328e+00
6.762045621871948242e-01
6.912458496093750000e+02
1.439129638671875000e+01
2.334336042404174805e+00
3.436847925186157227e+00
3.222181797027587891e+00
9.434570312500000000e+04
8.917341796875000000e+03
1.217262878417968750e+02
1.020449066162109375e+02
5.491883754730224609e-01
1.050047874450683594e+01
1.733116984367370605e+00
2.196419677734375000e+02
1.212976484375000000e+05
9.357039062500000000e+03
7.386057972908020020e-01
7.885423750000000000e+05
4.705125093460083008e-02
4.066555480957031250e+02
4.047172241210937500e+02
5.099975891113281250e+02
9.217810630798339844e+00
8.178503036499023438e+00
4.474960937500000000e+04
5.360141754150390625e+01
7.792046386718750000e+03
2.037638902664184570e+00
3.038953399658203125e+01
3.366276562500000000e+05
1.000506134033203125e+02
2.587558288574218750e+02
5.067628622055053711e-01
2.424941825866699219e+01
2.378959083557128906e+01
9.779746055603027344e+00
2.093218326568603516e+00
1.819554710388183594e+01
9.122717857360839844e+00
5.997652343750000000e+04
7.881340820312500000e+03
9.626193750000000000e+04
5.410142135620117188e+01
1.311104980468750000e+03
1.091014194488525391e+01
1.271596908569335938e+01
3.695549964904785156e+00
2.226455383300781250e+02
4.801444625854492188e+01
3.000360937500000000e+04
7.842161655426025391e+00
2.731554508209228516e+00
6.775646972656250000e+01
6.416280517578125000e+02
2.563705273437500000e+04
3.260106444358825684e-01
6.922009944915771484e+00
1.757606506347656250e+01
4.736999023437500000e+03
1.036753559112548828e+01
4.795518398284912109e+00
1.318861406250000000e+05
3.562549114227294922e+00
3.437026855468750000e+03
5.459052085876464844e+00
9.707679152488708496e-01
1.125425529479980469e+01
7.896240844726562500e+02
9.870022535324096680e-01
3.882086753845214844e+00
1.526348632812500000e+03
4.048303222656250000e+01
4.532795104980468750e+02
8.620070800781250000e+02
6.017839431762695312e+00
9.071444272994995117e-01
1.996663093566894531e+01
6.153760742187500000e+03
3.216278381347656250e+02
6.223686981201171875e+01
7.920272949218750000e+03
3.022514648437500000e+02
8.751201562500000000e+04
1.753269897460937500e+03
8.794018554687500000e+01
1.008133483886718750e+03
6.089905548095703125e+01
1.927083906250000000e+05
7.077783203125000000e+03
2.554327487945556641e+00
3.296037292480468750e+02
3.057384872436523438e+01
2.169432617187500000e+03
2.289271593093872070e+00
7.023557281494140625e+01
3.919850921630859375e+01
1.907307505607604980e+00
2.446911163330078125e+02
1.337904296875000000e+03
7.203767395019531250e+01
3.200927734375000000e+00
2.909085449218750000e+03
1.287199687957763672e+01
8.065721435546875000e+02
1.012819781899452209e-01
5.990341186523437500e+02
1.415769100189208984e+00
9.949759765625000000e+03
9.457923889160156250e+00
2.598942187500000000e+04
1.037351440429687500e+03
6.569637775421142578e+00
1.651638984680175781e+01
3.451458513736724854e-01
1.506281152343750000e+04
3.197644996643066406e+01
4.140923976898193359e+00
1.420241928100585938e+01
3.313698196411132812e+01
3.474350571632385254e-01
1.031143432617187500e+03
6.913031578063964844e+00
9.215289950370788574e-01
1.008688888549804688e+02
1.178750534057617188e+02
3.876986694335937500e+01
1.495664794921875000e+03
4.523217976093292236e-01
9.323571920394897461e-01
7.191573730468750000e+03
6.434179077148437500e+02
1.246003540039062500e+03
5.036426544189453125e+00
3.207550048828125000e+03
1.067732238769531250e+01
3.314433097839355469e-01
3.895760774612426758e-01
9.168278425931930542e-02
2.218572845458984375e+02
3.875217676162719727e+00
2.093583106994628906e+00
9.239756835937500000e+03
1.267571166992187500e+03
1.003167867660522461e+00
5.553863769531250000e+03
9.041689872741699219e+00
4.693201446533203125e+01
3.669964075088500977e+00
3.114509582519531250e+01
9.381449127197265625e+01
4.569908142089843750e+00
1.626914672851562500e+02
1.189031005859375000e+03
2.791043043136596680e+00
1.160726904869079590e+00
6.820282459259033203e+00
3.763866406250000000e+04
1.605658411979675293e+00
2.676709294319152832e-01
9.287298321723937988e-01
1.250008392333984375e+01
3.093247175216674805e+00
2.762823581695556641e+00
1.126589894294738770e+00
1.005420703125000000e+04
1.888949990272521973e+00
1.005660858154296875e+02
3.621713638305664062e+01
5.606436250000000000e+05
1.147573928833007812e+02
5.512955665588378906e+00
2.114605903625488281e+01
3.166485428810119629e-01
1.097018671875000000e+05
1.326954101562500000e+04
8.811089843750000000e+03
6.536755561828613281e+00
9.649602770805358887e-01
3.974743164062500000e+03
3.273332977294921875e+01
6.857759765625000000e+03
2.736589610576629639e-01
3.103995312500000000e+04
4.904991760253906250e+02
8.775416992187500000e+03
3.080703163146972656e+01
2.178795117187500000e+04
3.385252654552459717e-01
6.108819335937500000e+03
7.043775024414062500e+02
1.745600128173828125e+01
1.284088012695312500e+03
8.491593599319458008e-01
1.269000720977783203e+01
1.740892968750000000e+04
1.606845974922180176e+00
1.208923416137695312e+02
1.305295562744140625e+02
7.719606161117553711e-01
1.624596595764160156e+01
1.570944935083389282e-01
6.071493530273437500e+02
1.499784088134765625e+01
1.077558281250000000e+05
6.848739624023437500e+00
7.525585937500000000e+01
5.293121875000000000e+04
1.344775319099426270e+00
6.599881347656250000e+03
1.183088302612304688e+00
3.411787500000000000e+04
1.543029665946960449e+00
1.686962738037109375e+02
8.464435577392578125e+00
2.373373031616210938e+00
1.410390258789062500e+03
3.913071632385253906e+00
3.163162812500000000e+05
4.494960937500000000e+04
2.210710693359375000e+03
2.032395601272583008e+00
1.774072051048278809e+00
9.544065429687500000e+03
2.641054375000000000e+05
1.084456062316894531e+01
4.484791259765625000e+02
4.097270250000000000e+06
9.311687469482421875e+01
5.660673828125000000e+02
5.059919357299804688e-01
5.698781967163085938e+00
2.322674393653869629e-01
5.594180583953857422e+00
7.295871875000000000e+05
1.628807861328125000e+03
2.052760362625122070e+00
8.446493530273437500e+01
2.220946788787841797e+00
2.331004142761230469e+00
7.271024703979492188e+00
2.817749977111816406e-02
8.760231018066406250e+01
7.537326049804687500e+02
1.570717334747314453e+01
3.386169921875000000e+04
9.837878227233886719e+00
9.705236206054687500e+02
1.168985937500000000e+05
5.885919921875000000e+03
1.475047302246093750e+01
1.327197631835937500e+03
1.150783920288085938e+02
1.261399307250976562e+02
5.431030500000000000e+06
1.394675523042678833e-01
9.822644233703613281e+00
1.515114062500000000e+04
9.891046250000000000e+05
2.559786415100097656e+01
1.255750775337219238e+00
2.146875000000000000e+01
3.051534423828125000e+03
1.948364800000000000e+07
3.657991562500000000e+05
4.371978125000000000e+04
4.714588165283203125e+01
1.190686132812500000e+04
7.012972167968750000e+03
6.411541104316711426e-01
1.193097534179687500e+03
7.663943171501159668e-01
3.100616216659545898e+00
1.891268157958984375e+01
6.849736328125000000e+02
2.077330273437500000e+04
5.880446434020996094e+00
3.191854357719421387e-01
5.718932500000000000e+05
6.740525512695312500e+02
8.444077758789062500e+02
8.534118652343750000e+02
1.715068459510803223e+00
1.538045781250000000e+05
3.176922321319580078e+00
7.379144430160522461e-01
3.498564481735229492e+00
1.693866539001464844e+01
1.166729927062988281e+01
4.321078125000000000e+03
1.889756393432617188e+01
4.497289657592773438e-01
3.611967563629150391e+00
2.896198120117187500e+02
1.254429936408996582e+00
3.963746826171875000e+03
4.798949813842773438e+01
1.550422821044921875e+02
8.567871093750000000e+00
1.313301181793212891e+01
3.872519016265869141e+00
8.971482421875000000e+03
7.561101913452148438e-01
3.501728773117065430e+00
2.466140234375000000e+04
4.472550048828125000e+02
5.030234456062316895e-01
3.727531814575195312e+01
2.908081054687500000e+00
1.878062255859375000e+03
2.981783935546875000e+03
1.369791030883789062e+01
1.072759056091308594e+01
2.971105224609375000e+03
8.157000732421875000e+02
2.404176367187500000e+04
1.059254492187500000e+04
1.780040375000000000e+06
5.263246536254882812e+00
1.053735017776489258e+00
2.317509841918945312e+01
1.039078710937500000e+04
3.826505126953125000e+02
3.572272539138793945e+00
1.021293544769287109e+01
8.692900390625000000e+02
1.077512512207031250e+02
1.107282352447509766e+01
4.062587916851043701e-01
6.466570281982421875e+01
5.991466796875000000e+04
1.347701311111450195e+00
9.583539009094238281e+00
1.125320076942443848e+00
5.377083206176757812e+01
3.730320625000000000e+05
3.049897253513336182e-01
2.968863476562500000e+04
1.460665283203125000e+03
3.493996826171875000e+03
5.622528515625000000e+04
9.854001464843750000e+02
6.094266113281250000e+03
3.301612500000000000e+04
5.365972137451171875e+01
9.423624873161315918e-01
2.802040290832519531e+01
4.018030929565429688e+01
5.453279687500000000e+04
3.782235546875000000e+04
5.342201232910156250e+01
1.306975269317626953e+01
1.228420925140380859e+01
2.716251564025878906e+01
3.983657121658325195e+00
4.888444137573242188e+01
1.175273056030273438e+02
6.086468505859375000e+02
4.013345336914062500e+01
1.163042736053466797e+01
4.437534511089324951e-01
1.609172224998474121e+00
3.950340270996093750e+00
5.841321182250976562e+01
3.114962890625000000e+03
6.305553710937500000e+03
2.895129203796386719e+00
4.238997936248779297e+00
1.446237304687500000e+03
6.515898704528808594e+00
6.566026687622070312e+00
9.042466796875000000e+03
3.978879089355468750e+02
7.472022247314453125e+01
1.567630126953125000e+03
9.380402565002441406e+00
1.298510837554931641e+01
4.856808090209960938e+01
1.751326293945312500e+03
1.243388366699218750e+01
1.638305566406250000e+04
1.198063671875000000e+04
9.528078125000000000e+03
2.031193351745605469e+01
2.661311279296875000e+03
1.332245500000000000e+06
7.505252361297607422e+00
2.156169563531875610e-01
2.463338317871093750e+02
2.741010498046875000e+03
1.069477462768554688e+01
6.314293823242187500e+02
1.819208679199218750e+02
8.638690429687500000e+03
1.959787964820861816e+00
7.444951250000000000e+05
6.387710449218750000e+03
3.181761718750000000e+04
1.580101370811462402e+00
2.221890820312500000e+04
4.628665161132812500e+01
9.730170898437500000e+03
2.422125732421875000e+03
2.097452735900878906e+01
1.470429321289062500e+03
3.555531921386718750e+02
2.164226055145263672e+00
8.706344604492187500e+00
1.328927812500000000e+05
1.034818554687500000e+04
1.474941875000000000e+05
7.029661865234375000e+02
2.077389648437500000e+04
3.966105937957763672e+00
1.866331787109375000e+03
5.440443750000000000e+04
6.118027954101562500e+02
9.799773437500000000e+03
5.146140575408935547e+00
5.703831250000000000e+04
5.696823000907897949e-01
3.482341766357421875e+00
1.381442189216613770e+00
4.178786315917968750e+02
1.744400560855865479e-01
2.098954620361328125e+02
6.781756591796875000e+01
7.635396957397460938e+00
5.144080200195312500e+02
7.004890441894531250e+00
1.035330653190612793e+00
1.908793830871582031e+01
4.746481180191040039e-01
2.260640382766723633e+00
3.189851074218750000e+03
3.705084991455078125e+01
8.076832580566406250e+01
3.710987500000000000e+04
1.158848388671875000e+03
3.290966552734375000e+03
9.563562273979187012e-01
1.197982978820800781e+01
5.454860210418701172e+00
6.455913085937500000e+02
5.830243110656738281e+00
3.879431533813476562e+01
1.338483619689941406e+01
1.647725781250000000e+04
2.176861523437500000e+04
2.452667846679687500e+02
6.680746093750000000e+04
8.199342489242553711e-01
5.306687500000000000e+04
1.299884375000000000e+04
4.853400625000000000e+05
3.161199092864990234e+00
1.070673465728759766e+01
2.920824766159057617e+00
1.917874687500000000e+05
2.586861038208007812e+01
6.629689335823059082e-01
5.961262207031250000e+03
1.056047916412353516e+01
7.258750915527343750e+00
4.327042846679687500e+02
1.995306777954101562e+01
1.181369304656982422e+01
1.938199400901794434e+00
1.372893899679183960e-01
9.349576568603515625e+01
1.211002731323242188e+01
1.570020437240600586e+00
8.423852324485778809e-01
9.581556320190429688e+00
2.419775199890136719e+01
3.251048632812500000e+04
1.112267780303955078e+01
2.945596679687500000e+04
1.377209570312500000e+04
9.025542187500000000e+04
6.645003906250000000e+04
3.407732391357421875e+01
5.972392578125000000e+03
4.065182685852050781e+00
1.337613403320312500e+03
2.876800727844238281e+01
1.429474639892578125e+02
6.049816406250000000e+03
1.791556167602539062e+01
1.052798271179199219e+00
1.286652374267578125e+01
9.207324981689453125e+00
4.282941406250000000e+04
5.759032964706420898e-01
3.656721496582031250e+01
5.777359485626220703e+00
1.156283398437500000e+04
1.117759048938751221e-01
6.765471679687500000e+03
4.285550292968750000e+03
1.846746337890625000e+03
3.486623764038085938e+01
1.356360468750000000e+05
3.351686477661132812e+01
1.601105093955993652e+00
3.351346191406250000e+03
5.210745811462402344e+00
5.255143737792968750e+01
6.868988281250000000e+04
4.110996093750000000e+02
4.538424804687500000e+03
7.294653808593750000e+03
6.479058074951171875e+01
8.407248046875000000e+03
7.664404785156250000e+03
2.125723123550415039e+00
6.346883544921875000e+02
3.194305598735809326e-01
4.349591369628906250e+02
6.451866149902343750e+00
3.659807205200195312e+00
2.690177917480468750e+00
9.775208830833435059e-01
7.398934960365295410e-01
2.585719108581542969e+00
7.098999023437500000e-01
1.006554588675498962e-01
2.032829956054687500e+03
3.615303906250000000e+04
1.863607055664062500e+03
2.159310312500000000e+05
2.098845481872558594e+00
1.096951660156250000e+03
2.733647656250000000e+04
8.166827392578125000e+01
2.530987304687500000e+04
2.235790039062500000e+04
1.372041702270507812e+00
4.505990743637084961e-01
5.515927124023437500e+01
1.608911603689193726e-01
2.618481397628784180e+00
5.139039306640625000e+02
2.039310546875000000e+04
5.593578491210937500e+02
1.524055566406250000e+04
1.909272766113281250e+02
2.031266992187500000e+04
1.273821777343750000e+03
3.320922656250000000e+04
1.379834375000000000e+05
6.646643877029418945e-01
2.901529669761657715e-01
5.696768760681152344e-01
1.228774185180664062e+02
4.650868892669677734e+00
1.540463256835937500e+01
4.774873437500000000e+04
2.381768226623535156e+01
2.593115234375000000e+03
1.118789257812500000e+04
3.402901855468750000e+03
7.599974060058593750e+01
1.196107421875000000e+03
1.976124572753906250e+02
9.775428771972656250e+00
4.594412536621093750e+02
9.774002838134765625e+01
1.207786621093750000e+03
9.617988586425781250e+00
1.840684509277343750e+01
2.245946289062500000e+03
4.653580078125000000e+03
5.257893085479736328e+00
5.354514160156250000e+02
1.105805516242980957e+00
2.534014648437500000e+03
4.271381640625000000e+04
2.515238225460052490e-01
1.153909301757812500e+01
1.809208297729492188e+01
4.666763687133789062e+01
2.707103515625000000e+03
5.117285919189453125e+01
3.013638019561767578e+00
3.431090712547302246e-01
7.746482543945312500e+02
8.553789062500000000e+04
7.818836212158203125e+01
6.942555625000000000e+05
3.049275159835815430e+00
5.339183330535888672e+00
2.328201675415039062e+01
3.365677490234375000e+02
1.246906982421875000e+03
7.053803801536560059e-01
2.223349218750000000e+04
5.500068847656250000e+03
1.680937347412109375e+02
2.847697448730468750e+01
3.801502734375000000e+04
1.012314758300781250e+03
7.694581151008605957e-01
6.653636097908020020e-01
1.061284301757812500e+03
6.772769531250000000e+04
2.433828115463256836e+00
3.181455078125000000e+02
7.129366874694824219e+00
5.644760131835937500e+02
5.245059967041015625e+01
1.219736938476562500e+03
8.431982398033142090e-01
2.457170963287353516e+00
2.494150876998901367e+00
2.049354218750000000e+05
3.793983459472656250e+02
1.379655838012695312e+00
3.580482006072998047e+00
7.014868164062500000e+01
1.490716934204101562e+00
1.710670280456542969e+01
8.050654530525207520e-01
2.375574462890625000e+03
1.390259146690368652e+00
2.644381250000000000e+05
3.035713867187500000e+04
1.265535831451416016e+01
1.735802612304687500e+03
1.775800138711929321e-01
8.843715820312500000e+02
3.120128479003906250e+02
2.819465429687500000e+04
9.286943674087524414e-01
3.504374694824218750e+01
7.819138793945312500e+02
7.090028076171875000e+02
3.203759277343750000e+03
2.116029739379882812e+00
4.649160156250000000e+04
4.778998184204101562e+01
4.423589172363281250e+02
1.003324813842773438e+02
3.975457763671875000e+02
1.101743340492248535e+00
1.497764434814453125e+02
5.097400546073913574e-01
4.444440612792968750e+02
9.080360412597656250e+01
6.608878135681152344e+00
1.948482513427734375e+02
5.964582443237304688e+00
3.327860593795776367e+00
5.261065363883972168e-01
6.148744964599609375e+01
3.642671966552734375e+01
8.275358581542968750e+01
6.517527103424072266e-01
4.441055297851562500e+02
3.028998565673828125e+01
1.722510337829589844e+00
1.397925496101379395e+00
7.793535709381103516e+00
7.857437133789062500e+01
1.074310156250000000e+04
1.796477556228637695e+00
1.145351123809814453e+01
4.686510742187500000e+03
3.344640731811523438e+00
1.007741333007812500e+03
2.058150146484375000e+03
1.146226928710937500e+03
2.881151008605957031e+01
7.042905688285827637e-01
3.666104248046875000e+03
2.032764892578125000e+02
7.168986816406250000e+02
8.603886604309082031e+00
6.455307128906250000e+03
1.140576858520507812e+02
1.217665771484375000e+03
5.180740356445312500e-01
3.084314697265625000e+03
5.873710513114929199e-01
8.734470367431640625e+00
1.550432682037353516e+00
5.609203491210937500e+02
9.809374809265136719e-01
1.727939009666442871e+00
1.401699662208557129e+00
1.812811851501464844e+00
3.630687713623046875e+01
9.303983154296875000e+02
3.600123901367187500e+02
5.982952880859375000e+01
5.279766082763671875e+01
1.880352592468261719e+01
4.085327982902526855e-01
5.135771484375000000e+02
6.983102798461914062e+00
4.510383300781250000e+03
1.328018875000000000e+06
7.244277343750000000e+02
2.453836202621459961e+00
7.371354579925537109e+00
8.283768554687500000e+03
6.708812500000000000e+04
2.033435821533203125e+01
1.251095504760742188e+02
1.312411725521087646e-01
6.296825390625000000e+04
4.564840393066406250e+02
6.351418304443359375e+01
8.648503422737121582e-01
5.351603984832763672e+00
2.221937179565429688e+00
1.120110937500000000e+04
4.848295211791992188e+01
2.373162968750000000e+05
5.198920965194702148e-01
7.641946777343750000e+03
1.596801948547363281e+01
7.302104187011718750e+01
5.326461718750000000e+04
8.631159667968750000e+02
2.316980590820312500e+02
1.529754272460937500e+03
3.370049218750000000e+04
1.359575347900390625e+02
6.590361785888671875e+01
1.229610538482666016e+01
4.262845611572265625e+01
3.658165771484375000e+03
6.113158203125000000e+04
2.481516265869140625e+01
2.130878067016601562e+01
2.796524286270141602e+00
1.570847630500793457e+00
8.744422149658203125e+01
1.930833740234375000e+02
7.099561157226562500e+02
1.908824768066406250e+02
2.895277343750000000e+03
5.851858854293823242e-01
1.537196533203125000e+03
2.308650779724121094e+01
3.279264892578125000e+03
3.981970548629760742e-01
2.513780517578125000e+02
2.804596138000488281e+01
1.054346796875000000e+05
5.533398437500000000e+03
2.527839202880859375e+02
4.338285937500000000e+04
3.025062500000000000e+03
1.563682270050048828e+01
2.103373289108276367e+00
5.157450675964355469e+00
1.174961447715759277e+00
3.777153125000000000e+04
1.204986810684204102e+00
1.654287338256835938e+00
5.617254257202148438e+00
2.598856353759765625e+01
3.190339356660842896e-02
3.002952337265014648e-01
3.217537689208984375e+01
4.823044433593750000e+03
3.978490066528320312e+01
8.853182792663574219e+00
1.870700390625000000e+04
1.330556030273437500e+03
5.992752734375000000e+04
2.156661621093750000e+03
9.611796250000000000e+05
6.380072236061096191e-01
1.005305099487304688e+02
9.845917701721191406e+00
9.421100616455078125e+01
4.009270668029785156e-01
2.062094116210937500e+02
5.426289558410644531e+00
3.867112731933593750e+02
7.093818664550781250e+01
1.166664276123046875e+02
6.815992593765258789e-01
8.689373016357421875e+01
3.109885454177856445e+00
7.202912597656250000e+03
1.710157394409179688e+01
1.186603903770446777e+00
3.337976932525634766e-01
2.115942478179931641e+00
6.714486694335937500e+01
6.027613282203674316e-01
1.816758056640625000e+03
1.375852704048156738e+00
8.365790405273437500e+02
6.047520446777343750e+01
3.078618164062500000e+04
2.863695983886718750e+02
4.162842178344726562e+01
4.006759643554687500e+00
4.789153933525085449e-01
3.999802187500000000e+05
1.521964721679687500e+03
1.272856831550598145e+00
1.499376586914062500e+03
6.651853561401367188e+00
2.208716210937500000e+04
1.554504699707031250e+02
9.256581250000000000e+04
7.762126624584197998e-02
5.159664154052734375e-01
1.281229496002197266e+00
2.274221229553222656e+01
1.281408300781250000e+04
2.470358759164810181e-01
2.733415222167968750e+01
6.851944580078125000e+02
8.374875000000000000e+04
2.107891235351562500e+02
1.045856054687500000e+04
1.132717895507812500e+01
8.378768712282180786e-02
3.782592468261718750e+02
1.175064086914062500e+03
1.473647499084472656e+01
9.523434638977050781e+00
4.002262651920318604e-02
1.744266319274902344e+01
8.701222538948059082e-01
1.454717578125000000e+04
2.435052633285522461e+00
1.949913859367370605e+00
9.196837615966796875e+01
4.967140937500000000e+05
6.504364013671875000e+02
4.549735351562500000e+03
4.320517063140869141e+00
4.339342594146728516e+00
1.882469848632812500e+03
7.695891571044921875e+01
2.846302390098571777e-01
4.292886352539062500e+01
2.502714633941650391e+00
1.714579582214355469e+01
1.023776340484619141e+01
1.903145625000000000e+05
8.586774826049804688e+00
3.177137374877929688e+00
1.924565696716308594e+01
9.992332031250000000e+03
1.651643066406250000e+02
3.242791875000000000e+05
6.479774475097656250e+00
8.130036010742187500e+02
6.638089179992675781e+00
4.347351989746093750e+02
1.918753509521484375e+02
3.563997070312500000e+03
9.872714996337890625e+01
6.130065234375000000e+04
2.209388281250000000e+04
2.113378295898437500e+02
1.631410217285156250e+01
1.549413084983825684e+00
4.753997921943664551e-01
4.010628700256347656e+00
3.637801513671875000e+02
2.972593116760253906e+01
9.886071875000000000e+04
1.069268432617187500e+03
6.167132186889648438e+01
4.618323828125000000e+04
7.181388854980468750e+01
5.169480323791503906e+00
6.233241271972656250e+01
1.415779304504394531e+01
2.753808288574218750e+02
1.453317089843750000e+04
1.643000793457031250e+01
9.517686963081359863e-01
5.124357223510742188e+00
1.514962500000000000e+06
5.501902103424072266e+00
1.037759542465209961e+00
8.676872849464416504e-01
2.486408042907714844e+01
6.314625390625000000e+04
4.284606562500000000e+05
6.465599060058593750e+01
5.792261328125000000e+04
1.277257080078125000e+03
7.593935394287109375e+01
1.024970169067382812e+02
2.315458679199218750e+02
1.063992187500000000e+03
4.420167480468750000e+03
7.209307250976562500e+02
2.472436904907226562e+00
8.764576721191406250e+01
3.498723437500000000e+04
3.656976318359375000e+01
1.851542091369628906e+01
2.370430231094360352e+00
2.735172510147094727e-01
3.195100000000000000e+05
2.987620353698730469e+00
1.656409859657287598e+00
6.142010688781738281e-01
1.385929809570312500e+03
7.819190502166748047e+00
2.964902343750000000e+04
3.711393177509307861e-01
2.613161659240722656e+01
4.443052734375000000e+03
2.471262187500000000e+05
1.868124961853027344e+01
2.228283437500000000e+05
1.194697723388671875e+02
8.912809371948242188e+00
5.397453904151916504e-01
2.726876464843750000e+03
1.032366901636123657e-01
1.214905761718750000e+04
3.745472106933593750e+02
2.816938781738281250e+01
8.168786048889160156e+00
6.887728691101074219e+00
1.440144896507263184e+00
6.317290527343750000e+03
2.753376960754394531e+00
1.018382072448730469e+00
2.992032958984375000e+03
5.181837890625000000e+03
3.145877685546875000e+02
4.177975058555603027e-01
1.305603637695312500e+02
2.253282617187500000e+04
2.062804260253906250e+02
3.393615007400512695e+00
2.467032958984375000e+03
6.458280682563781738e-01
4.957781677246093750e+02
1.588578643798828125e+02
4.525895019531250000e+03
4.032182006835937500e+02
1.701442031250000000e+05
1.269100683593750000e+04
3.841230630874633789e+00
2.735729789733886719e+01
5.082600402832031250e+01
4.641641796875000000e+04
2.286661071777343750e+02
3.251252889633178711e+00
1.083569641113281250e+02
9.088615775108337402e-01
6.364566802978515625e+00
5.387130737304687500e+02
6.900182031250000000e+04
3.808631347656250000e+03
1.245024108886718750e+01
6.355635166168212891e+00
1.525029563903808594e+01
9.975784420967102051e-01
9.100708007812500000e+03
1.989405250549316406e+01
4.173361659049987793e-01
1.376566696166992188e+01
5.104665160179138184e-01
2.228943359375000000e+04
3.725507974624633789e+00
2.763110351562500000e+01
7.460198974609375000e+02
4.599328994750976562e+01
5.576847534179687500e+02
1.319816406250000000e+05
1.222328901290893555e+00
2.815381050109863281e+00
1.738880157470703125e+02
1.059232139587402344e+01
1.144454223632812500e+03
3.018090515136718750e+02
2.273793125000000000e+05
3.813955783843994141e+00
8.222380065917968750e+01
5.315726875000000000e+05
5.481173515319824219e+00
4.239315414428710938e+01
2.369651198387145996e-01
1.343086328125000000e+04
2.493365478515625000e+01
4.141796588897705078e+00
3.749592006206512451e-01
2.821260392665863037e-01
4.065244495868682861e-01
1.263055781250000000e+05
4.429482812500000000e+04
1.098852005004882812e+02
9.453068237304687500e+02
4.797911071777343750e+02
1.109665161132812500e+03
1.063095016479492188e+02
5.109630078125000000e+04
1.126840625000000000e+04
1.713378143310546875e+01
1.057713500976562500e+03
2.613790750503540039e+00
2.256965576171875000e+03
5.292884375000000000e+04
7.584052562713623047e+00
3.734662532806396484e+00
2.531183242797851562e+00
5.797983646392822266e+00
3.225679397583007812e+01
1.574984741210937500e+01
1.815357565879821777e+00
2.959709777832031250e+02
3.120012879371643066e-01
9.565674591064453125e+01
5.556555175781250000e+03
4.995629501342773438e+01
7.508230209350585938e-01
2.017476558685302734e+00
6.385502243041992188e+01
5.674859523773193359e+00
1.082586288452148438e+02
2.122233581542968750e+01
5.855129957199096680e-01
6.145899047851562500e+02
4.320113182067871094e+00
3.399709701538085938e+01
8.335774536132812500e+02
9.239466796875000000e+03
2.744334340095520020e-01
1.330965270996093750e+02
3.175238342285156250e+02
3.694977783203125000e+03
4.984948120117187500e+02
7.897506250000000000e+04
1.537462695312500000e+04
6.864433288574218750e+00
4.737102508544921875e+00
7.952142953872680664e-01
2.060265922546386719e+01
3.931264062500000000e+04
6.416442871093750000e+01
2.375474843750000000e+05
1.889989013671875000e+03
7.018936634063720703e+00
7.346178436279296875e+01
2.260738525390625000e+02
1.629190063476562500e+03
3.346753120422363281e+00
8.833330273628234863e-01
1.439091186523437500e+02
1.888937473297119141e+00
1.146818399429321289e+00
3.511490722656250000e+03
1.969978271484375000e+03
4.730894565582275391e-01
1.936270937500000000e+05
2.148178577423095703e+00
5.902080566406250000e+03
3.820179296875000000e+04
9.856713867187500000e+03
4.538554251194000244e-01
7.234790325164794922e+00
1.021207458496093750e+03
4.295454101562500000e+02
6.779041015625000000e+03
1.987954330444335938e+01
1.094716796875000000e+04
8.140113353729248047e-01
7.937161718750000000e+04
2.335400009155273438e+01
7.174105048179626465e-01
1.267781376838684082e+00
2.910665512084960938e+00
1.373115844726562500e+03
2.053219413757324219e+01
2.116481445312500000e+03
6.553058624267578125e+01
1.530235058593750000e+04
6.578506469726562500e+02
2.088194847106933594e+01
3.645342588424682617e+00
4.632607031250000000e+04
4.598064062500000000e+04
3.499804437160491943e-01
1.504385590553283691e+00
2.216090240478515625e+02
4.754505371093750000e+03
2.977505798339843750e+02
6.839298248291015625e+01
1.332537695312500000e+04
8.723170280456542969e+00
4.513246875000000000e+04
2.346174865961074829e-01
7.583627700805664062e-01
5.468468666076660156e-01
5.764910937500000000e+04
8.059125000000000000e+04
1.511877894401550293e+00
2.726014404296875000e+02
6.112466812133789062e+01
1.418747558593750000e+03
5.809003417968750000e+03
7.052509765625000000e+03
1.321498870849609375e+00
3.579987304687500000e+03
1.383315887451171875e+02
5.843251705169677734e+00
3.472731250000000000e+04
1.492979296875000000e+04
1.967862060546875000e+03
6.828769207000732422e+00
2.957871246337890625e+01
4.153208312988281250e+02
5.578794555664062500e+02
8.204485177993774414e-01
8.699488639831542969e-01
6.203539371490478516e+00
4.959358596801757812e+01
1.693937182426452637e-01
7.544974517822265625e+01
1.850061035156250000e+01
1.090400000000000000e+04
2.030750751495361328e+00
2.831342506408691406e+01
1.487124707031250000e+04
6.867392730712890625e+01
1.067024453125000000e+05
1.362926635742187500e+03
2.147545814514160156e-01
3.126409947872161865e-01
2.264830017089843750e+01
6.690117645263671875e+01
7.226261138916015625e+01
1.411304354667663574e+00
6.043700218200683594e+00
8.252403140068054199e-02
2.133397656250000000e+04
4.914682128906250000e+03
5.601035937500000000e+04
2.356179237365722656e+00
6.696578125000000000e+04
1.992202026367187500e+03
1.926120948791503906e+01
7.993148040771484375e+01
2.953776597976684570e+00
1.753576517105102539e+00
6.850401878356933594e+00
7.443959960937500000e+02
2.754477977752685547e+00
2.724471502006053925e-02
1.836363593750000000e+05
5.595666885375976562e+00
2.796020889282226562e+01
3.970134765625000000e+04
5.092449665069580078e+00
2.590491333007812500e+02
4.103145019531250000e+03
8.127834472656250000e+02
1.736520195007324219e+01
9.065494537353515625e-01
5.109258890151977539e-01
5.781661987304687500e+01
3.928278808593750000e+03
1.188928955078125000e+03
1.307223358154296875e+02
4.483622187500000000e+05
3.699809789657592773e+00
1.054387927055358887e+00
3.939531707763671875e+01
3.626946640014648438e+01
5.137590885162353516e+00
2.460529059171676636e-01
1.519517974853515625e+02
1.983444452285766602e+00
3.255475769042968750e+02
1.167205688476562500e+03
1.151507934570312500e+03
1.262800216674804688e+00
1.701190322637557983e-01
1.808730506896972656e+01
2.045793056488037109e+00
2.400931854248046875e+02
2.690142211914062500e+02
3.693393468856811523e-01
5.964861816406250000e+03
1.199912452697753906e+01
4.794315814971923828e+00
1.891802215576171875e+02
2.897231101989746094e+00
5.684444308280944824e-01
7.665246129035949707e-01
2.821518898010253906e+01
1.223108520507812500e+02
7.928952636718750000e+02
4.279452636718750000e+03
2.456726074218750000e+03
2.929344482421875000e+03
5.319288330078125000e+02
3.059212112426757812e+01
1.197371948242187500e+03
6.471728027343750000e+03
5.376678710937500000e+03
2.459989309310913086e+00
1.499755554199218750e+02
4.247511863708496094e+00
1.152343302965164185e-01
8.285596847534179688e+00
6.866803765296936035e-02
7.376102050781250000e+03
2.025473632812500000e+04
8.417930297851562500e+02
3.012806773185729980e-01
1.495438079833984375e+02
3.686600208282470703e+00
3.977503585815429688e+01
2.154143810272216797e+00
9.750904083251953125e+00
8.038954925537109375e+01
6.934290527343750000e+03
1.143521347045898438e+02
5.133160948753356934e-01
2.067515552043914795e-01
3.045954833984375000e+03
2.140871238708496094e+01
6.690626144409179688e-01
7.178608703613281250e+01
3.419002343750000000e+04
1.402771606445312500e+02
3.458496093750000000e+01
3.824906921386718750e+01
7.622799396514892578e+00
2.497523117065429688e+01
1.186551391601562500e+03
3.419392187500000000e+05
1.166619262695312500e+03
1.861376953125000000e+04
9.387781982421875000e+02
2.736228179931640625e+01
1.000322070312500000e+04
2.531540234375000000e+04
7.622417449951171875e+00
1.989474639892578125e+02
4.429909375000000000e+04
3.631500000000000000e+04
8.388778567314147949e-01
2.444502929687500000e+03
1.481838989257812500e+01
2.112859375000000000e+03
5.120390415191650391e+00
1.092529144287109375e+02
2.210395507812500000e+02
2.244901084899902344e+01
7.538838958740234375e+01
5.984139633178710938e+01
2.775540351867675781e+01
2.666308349609375000e+03
1.008948087692260742e+00
4.470179296875000000e+04
7.669357657432556152e-01
2.184105312500000000e+05
1.206007202148437500e+03
7.834949218750000000e+04
3.907654953002929688e+01
1.168224620819091797e+01
2.841784477233886719e+00
4.577643966674804688e+01
2.081297119140625000e+03
2.097780250000000000e+06
3.453147125244140625e+01
3.463128280639648438e+01
1.078363132476806641e+01
8.092221832275390625e+01
1.084707975387573242e+00
8.892997436523437500e+02
1.187598632812500000e+03
7.463710784912109375e+00
6.122077941894531250e+00
2.078732109069824219e+01
3.260282135009765625e+01
4.332668945312500000e+03
4.831759262084960938e+01
4.380209732055664062e+01
1.581978559494018555e+00
2.061616325378417969e+01
1.003770898437500000e+04
1.445873437500000000e+05
2.858778953552246094e+01
1.361108789062500000e+04
8.485320434570312500e+02
2.021922302246093750e+01
8.494716796875000000e+03
1.059747982025146484e+01
2.090009218750000000e+05
1.644469618797302246e+00
1.601287812500000000e+05
2.424034423828125000e+03
1.524322343750000000e+05
2.164834976196289062e+00
4.520629405975341797e+00
1.731579833984375000e+03
1.341599884033203125e+02
2.463301849365234375e+01
6.695233886718750000e+03
6.849745512008666992e-01
5.002435207366943359e+00
2.523303985595703125e+02
2.792107820510864258e+00
1.045494437217712402e+00
5.588414001464843750e+01
9.109569091796875000e+02
2.555371704101562500e+02
3.197919677734375000e+03
1.957037806510925293e+00
6.607787311077117920e-02
3.075306320190429688e+01
4.452727890014648438e+01
1.861978721618652344e+01
1.226743286132812500e+03
8.345414161682128906e+00
4.424589233398437500e+02
5.875360000000000000e+05
2.343581581115722656e+01
4.202425003051757812e+00
3.675882324218750000e+03
5.862830200195312500e+02
1.498616790771484375e+02
6.384448852539062500e+02
1.609380340576171875e+01
3.475255250930786133e+00
8.701580047607421875e+00
9.657994842529296875e+01
9.643347167968750000e+01
2.393986000000000000e+06
4.832475891113281250e+02
2.002930879592895508e+00
3.981148681640625000e+02
6.485265136718750000e+03
1.445934474468231201e-01
5.953052520751953125e+01
6.745419311523437500e+02
8.150328636169433594e+00
1.579794921875000000e+02
3.623672485351562500e+00
8.755428194999694824e-01
3.344827734375000000e+04
2.265999023437500000e+04
3.583271484375000000e+04
8.012277984619140625e+01
5.002976608276367188e+01
5.712677001953125000e+02
1.970557689666748047e+00
6.740625000000000000e+03
5.148320312500000000e+02
7.965726470947265625e+01
5.433927917480468750e+01
1.983465423583984375e+02
8.342394828796386719e+00
2.235844135284423828e+00
2.243253326416015625e+01
2.224982421875000000e+04
8.424805297851562500e+02
6.580472946166992188e+00
9.998655700683593750e+01
8.481092453002929688e-01
6.124773750000000000e+05
1.121189355468750000e+04
8.278756141662597656e+00
8.839664062500000000e+03
1.456453437500000000e+05
5.473492431640625000e+01
3.556912231445312500e+02
5.176061401367187500e+02
2.167653799057006836e+00
9.390400052070617676e-01
2.513766050338745117e+00
3.474324035644531250e+01
5.011192578125000000e+04
3.869285106658935547e+00
9.293240234375000000e+03
5.890552401542663574e-01
1.269284591674804688e+02
6.616546630859375000e+00
2.728101253509521484e+00
7.853900909423828125e+00
7.385089874267578125e+00
3.714101318359375000e+03
3.008352816104888916e-01
1.632276916503906250e+01
1.088461303710937500e+02
1.515590209960937500e+03
3.376922369003295898e+00
2.346372656250000000e+04
3.542440176010131836e+00
2.669654296875000000e+03
2.091210174560546875e+01
1.040183203125000000e+04
5.014976875000000000e+05
5.626891708374023438e+01
1.439356088638305664e+00
1.728922271728515625e+02
2.571809768676757812e+00
1.309998339843750000e+04
1.500311279296875000e+01
1.597637367248535156e+01
2.367984390258789062e+01
5.904968261718750000e+01
2.483839035034179688e+01
1.063083886718750000e+04
1.630975341796875000e+02
3.338657836914062500e+02
8.849956393241882324e-01
7.360540771484375000e+02
5.876471710205078125e+01
1.961495637893676758e+00
3.841175842285156250e+01
4.133923947811126709e-01
1.075855273437500000e+04
1.708118359375000000e+04
2.444462304687500000e+04
8.681545898437500000e+03
3.908551875000000000e+05
3.390740454196929932e-01
1.551608398437500000e+03
1.109735012054443359e+00
1.883581420898437500e+03
1.148102734375000000e+04
5.923050308227539062e+01
1.761715769767761230e+00
1.093322515487670898e+00
1.284819126129150391e+00
2.736109256744384766e+00
1.623089027404785156e+01
1.551595092773437500e+03
1.554852294921875000e+01
6.215373992919921875e+00
4.127725601196289062e+01
7.507597656250000000e+04
1.274674804687500000e+03
9.947961425781250000e+02
2.672140121459960938e+01
4.867006301879882812e+00
2.641934394836425781e+01
2.455687103271484375e+02
1.756068554687500000e+04
9.832086563110351562e+00
2.165682601928710938e+01
4.425378417968750000e+02
5.319719314575195312e+00
6.715258026123046875e+01
1.799956445312500000e+04
3.344076538085937500e+01
4.089749023437500000e+03
1.404193725585937500e+02
6.331074237823486328e+00
3.365682959556579590e-01
2.018057823181152344e+00
2.450699157714843750e+02
2.793185234069824219e+01
1.764945983886718750e+01
7.489372253417968750e+01
5.466535949707031250e+01
7.052108764648437500e+00
5.658389329910278320e-01
8.672170042991638184e-01
7.989139556884765625e+01
1.328263092041015625e+02
2.130499076843261719e+01
6.276749023437500000e+03
1.268560333251953125e+02
2.718648986816406250e+02
8.228570312500000000e+04
4.636976074218750000e+03
4.785583877563476562e+01
4.181098828125000000e+04
1.306087493896484375e+02
4.618354187011718750e+02
3.049166297912597656e+01
5.654952148437500000e+03
2.402297973632812500e+00
1.501880340576171875e+02
3.483204101562500000e+03
3.251262605190277100e-01
3.374252343750000000e+04
7.901282981038093567e-03
9.736384391784667969e+00
6.974325000000000000e+04
8.077175140380859375e+00
2.621712750000000000e+06
2.755798583984375000e+03
4.894473075866699219e+00
1.182447671890258789e+00
3.000409545898437500e+02
4.849571609497070312e+01
4.418540000915527344e-01
8.222368621826171875e+01
8.849106729030609131e-02
6.482680175781250000e+03
1.540809375000000000e+04
3.005845336914062500e+02
9.133024597167968750e+01
2.823005867004394531e+01
7.668955993652343750e+01
1.212489986419677734e+01
2.645430175781250000e+03
2.093878984451293945e-01
2.603325080871582031e+01
1.366604766845703125e+02
1.145924186706542969e+01
7.657127380371093750e+00
6.701449218750000000e+03
6.453465938568115234e+00
4.607286328125000000e+04
3.288090527057647705e-01
2.796905212402343750e+02
1.013376312255859375e+02
1.036484622955322266e+01
4.194803619384765625e+01
3.722496337890625000e+02
1.342043280601501465e+00
2.354894578456878662e-01
1.697202514648437500e+03
4.353618323802947998e-01
1.078942794799804688e+02
1.860543632507324219e+01
1.264875259399414062e+02
5.715483398437500000e+02
4.055759429931640625e+00
1.244332763671875000e+03
1.128702259063720703e+01
5.200962829589843750e+01
8.454892187500000000e+04
8.846482543945312500e+02
7.208578491210937500e+02
2.745093822479248047e+00
2.140545606613159180e+00
2.150022125244140625e+01
8.654650878906250000e+02
9.689421653747558594e+00
1.690041542053222656e+01
3.116821289062500000e+01
1.529407806396484375e+02
2.968397705078125000e+03
9.231771826744079590e-01
9.437754631042480469e+00
1.271509552001953125e+01
2.282559394836425781e+01
2.043047119140625000e+03
5.241337280273437500e+02
9.137498779296875000e+02
3.624598693847656250e+01
1.306640722656250000e+04
4.141214843750000000e+03
6.062424087524414062e+01
3.233221769332885742e+00
1.515425537109375000e+03
4.707830905914306641e+00
1.452485742187500000e+04
9.280619140625000000e+03
8.346194458007812500e+01
1.346440551757812500e+03
4.076273739337921143e-01
3.250507354736328125e+01
1.139492500000000000e+05
3.312388671875000000e+04
4.866437435150146484e+00
8.093867301940917969e-01
8.376803710937500000e+03
3.632703399658203125e+01
2.375087022781372070e+00
6.609634399414062500e+00
2.711089897155761719e+01
2.800070507812500000e+04
4.172134101390838623e-01
2.029436111450195312e+00
7.253681945800781250e+01
2.435516357421875000e+03
6.599340332031250000e+03
1.014455890655517578e+01
3.603038072586059570e+00
1.125125122070312500e+02
3.117234765625000000e+04
1.033688183593750000e+04
8.471352577209472656e+00
3.466503601074218750e+02
7.462575435638427734e+00
1.708212036132812500e+03
3.724803030490875244e-01
4.471978187561035156e+00
2.055769443511962891e+00
8.984804687500000000e+03
1.285175800323486328e+00
2.627623535156250000e+03
7.859412384033203125e+01
6.315173339843750000e+02
1.265912000000000000e+06
9.946442604064941406e+00
6.442868041992187500e+02
1.045799064636230469e+01
8.489047050476074219e+00
8.658737182617187500e+00
1.863548278808593750e+01
1.306359100341796875e+02
2.556310119628906250e+02
4.534463882446289062e+01
5.088444824218750000e+03
1.785681610107421875e+02
5.556965332031250000e+02
3.325159606933593750e+02
7.434055805206298828e+00
1.053986816406250000e+02
2.442081928253173828e+00
2.490022659301757812e+00
1.841825723648071289e+00
5.495567321777343750e+00
1.040706665039062500e+03
8.560283660888671875e+00
1.854257202148437500e+03
7.030747532844543457e-01
7.159407812500000000e+04
4.980143547058105469e+00
5.180303096771240234e+00
5.776928125000000000e+05
2.609983886718750000e+03
2.430539306640625000e+03
4.371358489990234375e+01
3.999908935546875000e+03
3.276021728515625000e+02
2.879689788818359375e+01
1.673427001953125000e+03
8.326823425292968750e+01
8.359944152832031250e+01
1.586665781250000000e+05
3.032210826873779297e+00
5.278160400390625000e+02
6.626517176628112793e-01
1.044280242919921875e+02
2.606075525283813477e+00
1.488219022750854492e+00
1.475664138793945312e+00
3.109835205078125000e+02
3.061837768554687500e+02
7.206619531250000000e+04
1.163053359985351562e+02
2.252704467773437500e+02
3.024438085937500000e+04
2.443299102783203125e+02
5.398370742797851562e+01
5.437824096679687500e+02
4.156877746582031250e+02
2.657387733459472656e+00
4.553279687500000000e+04
2.097057723999023438e+01
2.751794624328613281e+01
1.523744531250000000e+04
4.420390625000000000e+03
2.793954908847808838e-01
1.167755737304687500e+03
3.070713996887207031e+00
1.754685783386230469e+01
3.841331243515014648e+00
8.414522409439086914e-01
2.616647911071777344e+01
9.773582458496093750e+00
1.101815319061279297e+01
1.507997894287109375e+02
4.574702739715576172e+00
1.325504062500000000e+05
2.859152317047119141e+00
5.150023937225341797e+00
8.289627838134765625e+01
1.074219042968750000e+04
1.536745117187500000e+03
1.437563800811767578e+01
6.447163581848144531e+00
1.007880273437500000e+04
1.283235192298889160e+00
4.901169204711914062e+01
5.510917305946350098e-01
9.278459167480468750e+01
6.256867647171020508e-01
1.517973437500000000e+04
7.929421386718750000e+02
3.925765156745910645e-01
1.295625683593750000e+04
2.717236042022705078e+00
2.822808027267456055e+00
3.658725585937500000e+02
6.968613891601562500e+02
1.234870605468750000e+02
1.201683593750000000e+03
8.129079101562500000e+03
4.661235546875000000e+04
1.287172088623046875e+02
1.388044476509094238e+00
8.785103797912597656e+00
1.169459843750000000e+05
1.498123046875000000e+03
2.081768493652343750e+02
7.130498886108398438e+00
3.607891464233398438e+01
1.839279747009277344e+01
2.770898818969726562e+01
3.316664993762969971e-01
4.205499291419982910e-01
4.375623226165771484e+00
2.761244140625000000e+03
1.993736648559570312e+01
2.078580474853515625e+01
1.360496044158935547e+00
9.931997680664062500e+02
3.867350339889526367e+00
1.124513250000000000e+06
8.167084960937500000e+03
1.711791419982910156e+01
1.686733642578125000e+03
4.126621875000000000e+04
6.341120529174804688e+01
9.749523315429687500e+02
1.310078144073486328e+01
1.205413222312927246e+00
1.679286956787109375e+02
1.287613487243652344e+01
2.394810351562500000e+04
1.185117950439453125e+02
4.042290771484375000e+03
7.451271533966064453e+00
3.543241271972656250e+02
1.810252539062500000e+04
6.187749505043029785e-01
4.279862594604492188e+01
1.295886383056640625e+02
1.403928565979003906e+01
1.191697082519531250e+02
1.227420234680175781e+01
1.595292846679687500e+03
1.989707827568054199e+00
5.207816958427429199e-01
1.428753875000000000e+06
1.040629100799560547e+01
5.121865272521972656e+00
1.991107749938964844e+01
7.602993249893188477e-01
6.726115417480468750e+01
1.378419017791748047e+01
3.174259033203125000e+03
9.643292236328125000e+01
3.869473457336425781e+00
1.105391120910644531e+01
1.657965234375000000e+04
8.977668762207031250e+00
2.247374267578125000e+02
2.342678833007812500e+02
1.734848480224609375e+02
1.176682710647583008e+00
3.941861629486083984e+00
7.707038281250000000e+04
1.504078960418701172e+01
3.704445958137512207e-01
2.583797607421875000e+02
1.292926788330078125e+01
1.797942199707031250e+02
7.579682006835937500e+02
1.286996002197265625e+02
1.347895000000000000e+05
4.997545410156250000e+03
2.759559154510498047e+00
1.312432527542114258e+00
1.520221069335937500e+03
1.784673519432544708e-02
1.564747333526611328e+00
5.024872070312500000e+03
2.046456604003906250e+02
6.113918304443359375e+01
4.994069824218750000e+02
3.208579406738281250e+02
2.835274047851562500e+02
1.016944824218750000e+03
6.620861053466796875e+00
4.332187271118164062e+01
1.462584686279296875e+01
3.879871606826782227e+00
3.089013125000000000e+05
6.512475967407226562e+00
2.870482482910156250e+02
5.711685791015625000e+02
1.009109802246093750e+03
2.345924072265625000e+03
1.511221230030059814e-01
2.837339210510253906e+01
6.117963867187500000e+02
1.103364257812500000e+03
1.494616270065307617e+00
1.376831245422363281e+01
1.023341979980468750e+02
4.405517578125000000e+01
1.846317578125000000e+04
3.495528030395507812e+01
8.814736938476562500e+01
3.030070703125000000e+04
2.816803437500000000e+05
6.595886250000000000e+05
1.202350258827209473e-01
4.478728294372558594e+00
1.353764843750000000e+04
2.363820457458496094e+01
2.928715348243713379e-01
6.045153198242187500e+02
8.376866912841796875e+01
1.994511485099792480e+00
1.712751708984375000e+03
2.907643437500000000e+05
1.431172943115234375e+01
1.171257934570312500e+03
1.567330468750000000e+04
5.182972265625000000e+04
3.055290460586547852e+00
1.117787718772888184e+00
3.872120361328125000e+02
2.704779624938964844e+01
3.906440353393554688e+01
1.264877734375000000e+04
1.967302968750000000e+05
5.438866577148437500e+02
3.722183990478515625e+01
3.664562744140625000e+03
1.042264550781250000e+04
1.114146972656250000e+04
2.268319824218750000e+03
2.809845117187500000e+04
2.458369827270507812e+01
2.980542659759521484e+00
6.790722846984863281e+00
3.009436130523681641e+00
2.130538749694824219e+01
9.142515625000000000e+03
4.961884975433349609e+00
1.760166406250000000e+04
1.815027147531509399e-01
3.199740600585937500e+01
5.219245433807373047e+00
1.406185722351074219e+01
2.038309173583984375e+02
1.298447890625000000e+05
1.399335815429687500e+03
9.438276290893554688e-01
1.834852661132812500e+03
2.757938575744628906e+01
6.044718750000000000e+05
1.275515670776367188e+02
2.065552368164062500e+02
2.248533281250000000e+05
1.657672405242919922e+00
2.359273437500000000e+03
4.464303970336914062e+00
3.141001953125000000e+03
3.819782137870788574e-01
2.841971397399902344e+00
1.662567187500000000e+05
2.447464294433593750e+02
4.317400932312011719e+00
2.429112815856933594e+01
1.392003906250000000e+04
4.785545703125000000e+04
1.118776321411132812e+00
1.095340728759765625e+02
6.912204265594482422e+00
2.508540749549865723e-01
1.517506480216979980e+00
6.276577949523925781e+00
3.545008659362792969e+00
8.072727966308593750e+01
8.437834930419921875e+01
1.871249804687500000e+04
1.258202266693115234e+01
1.041546463966369629e+00
8.147624511718750000e+02
4.808957672119140625e+01
3.721874058246612549e-01
2.976770997047424316e-01
5.795518554687500000e+03
1.763044929504394531e+01
7.448500633239746094e+00
1.047371582031250000e+03
3.066031038761138916e-01
1.965474319458007812e+01
4.272010742187500000e+03
2.710981369018554688e+01
5.759931206703186035e-01
2.465854263305664062e+01
2.735553894042968750e+02
5.253376960754394531e-01
1.001215744018554688e+01
1.492488026618957520e+00
1.108710078125000000e+05
9.325582504272460938e+00
4.275452196598052979e-01
5.422114729881286621e-01
4.569228172302246094e+00
1.220991387963294983e-01
1.103979492187500000e+02
8.614246000000000000e+06
5.606988906860351562e+01
2.495707511901855469e+00
2.993172109127044678e-01
1.504165768623352051e+00
3.580965625000000000e+04
3.667497558593750000e+02
2.857558007812500000e+04
1.079137802124023438e+01
3.515219879150390625e+01
3.271588439941406250e+02
2.795102539062500000e+02
3.363006591796875000e+01
4.114178419113159180e-01
1.124950317382812500e+03
2.783743476867675781e+01
1.245797252655029297e+01
1.166842842102050781e+01
2.556577343750000000e+05
7.598125934600830078e-01
2.344221353530883789e+00
3.947952575683593750e+02
2.871799468994140625e+01
9.605746269226074219e+00
2.193325805664062500e+01
8.534973144531250000e+01
2.395430419921875000e+03
5.897727489471435547e+00
3.490336875000000000e+05
1.566716098785400391e+01
4.227363109588623047e+00
3.545323133468627930e+00
8.039928436279296875e+00
5.452420711517333984e+00
2.360805988311767578e+00
1.209329956054687500e+03
6.360037326812744141e+00
2.432113409042358398e+00
1.788938903808593750e+02
7.518674316406250000e+02
3.458497619628906250e+01
3.542481958866119385e-01
4.300922012329101562e+01
1.470841674804687500e+02
8.626637458801269531e+00
3.043485107421875000e+02
4.720531616210937500e+02
5.517108154296875000e+02
2.591123962402343750e+02
2.659388065338134766e+00
3.768999023437500000e+02
4.536395072937011719e+00
7.108721875000000000e+04
3.228078308105468750e+02
1.044899902343750000e+02
5.656340122222900391e-01
6.848455071449279785e-01
8.985999755859375000e+02
6.655416488647460938e-01
8.412260055541992188e+00
3.584146423339843750e+02
2.607388734817504883e+00
2.738670349121093750e+00
4.048322448730468750e+02
3.015897941589355469e+01
2.647193250000000000e+06
5.945259571075439453e+00
1.535972118377685547e+00
6.099074172973632812e+01
2.017620086669921875e+01
7.163372039794921875e+01
3.366823828125000000e+04
6.598426818847656250e+01
1.190021362304687500e+03
8.191342949867248535e-01
2.138165473937988281e+00
2.017441177368164062e+01
4.993033981323242188e+01
2.132440625000000000e+05
2.599923908710479736e-01
4.267427444458007812e+00
5.755267089843750000e+03
7.750516891479492188e+00
7.313537597656250000e+03
2.062527686357498169e-01
3.191386108398437500e+02
1.224368286132812500e+01
4.405956268310546875e+00
1.535883750000000000e+05
9.255446875000000000e+05
2.402239608764648438e+01
4.651323852539062500e+02
1.153605224609375000e+03
4.813302457332611084e-01
8.667684936523437500e+01
1.162984561920166016e+01
2.615942993164062500e+02
1.286429643630981445e+00
3.068511199951171875e+01
2.995981933593750000e+03
3.027051025390625000e+03
6.209882202148437500e+02
4.767749786376953125e+01
1.342389526367187500e+02
2.962834716796875000e+03
5.832634449005126953e+00
9.538724609375000000e+03
4.149793982505798340e-01
1.887366026639938354e-01
6.946266479492187500e+02
2.074574279785156250e+02
6.120519409179687500e+02
3.891196093750000000e+04
9.992450561523437500e+02
1.931156069040298462e-01
4.617473125457763672e+00
5.406206607818603516e+00
2.027200889587402344e+01
1.909789800643920898e+00
5.643411636352539062e+00
1.464246948242187500e+03
1.239207744598388672e+00
6.042838573455810547e+00
2.350112457275390625e+02
7.831078171730041504e-01
2.123651885986328125e+02
2.964302929687500000e+04
3.594070816040039062e+01
2.598727416992187500e+01
1.330505847930908203e+01
6.272117233276367188e+01
4.676614105701446533e-01
2.089819824218750000e+03
3.404506835937500000e+02
1.473436126708984375e+02
2.599453735351562500e+01
1.746636810302734375e+02
2.457390429687500000e+04
1.870338989257812500e+03
6.489063262939453125e+01
3.183749020099639893e-01
4.704734191894531250e+02
1.778321146965026855e+00
9.873576164245605469e+00
3.010066270828247070e+00
3.224112548828125000e+02
3.476259708404541016e+00
8.682721138000488281e+00
1.040167846679687500e+03
4.770551757812500000e+03
4.395426940917968750e+01
2.526159477233886719e+01
3.786482810974121094e+00
1.447229957580566406e+01
6.941039062500000000e+03
6.015811157226562500e+01
2.044733047485351562e+01
1.433982656250000000e+05
1.293392333984375000e+02
1.511722946166992188e+01
4.335849285125732422e-01
6.510417968750000000e+03
2.470144042968750000e+02
3.062165975570678711e-01
1.482985496520996094e+00
1.893778906250000000e+04
7.243043184280395508e-01
3.579906702041625977e+00
4.608740329742431641e+00
1.115312109375000000e+04
9.725935937500000000e+04
1.942221069335937500e+01
2.118737304687500000e+03
4.585452270507812500e+02
1.885982910156250000e+03
4.085906505584716797e+00
1.335353637695312500e+03
1.275159378051757812e+02
5.684743041992187500e+02
2.496706008911132812e+00
2.096444140625000000e+04
8.045773315429687500e+01
1.977945804595947266e+00
2.563025474548339844e+01
8.948001098632812500e+01
8.708375244140625000e+02
1.284682273864746094e+00
2.120430946350097656e+01
2.553581085205078125e+02
3.440127968788146973e-01
1.757593231201171875e+02
9.854212890625000000e+03
1.817585449218750000e+02
5.915900230407714844e+00
9.315506744384765625e+01
3.818827734375000000e+04
3.783925781250000000e+03
8.015173912048339844e+00
2.657021522521972656e+00
4.101761341094970703e+00
6.757223606109619141e+00
2.382599592208862305e+00
8.515508651733398438e+00
3.589306771755218506e-01
7.163981199264526367e-01
9.375591796875000000e+03
4.935752451419830322e-01
4.925229980468750000e+03
2.220062866210937500e+02
1.306238984375000000e+05
7.437544822692871094e+00
1.418492431640625000e+02
1.011245012283325195e+00
5.282727813720703125e+01
2.262706518173217773e+00
2.009036718750000000e+04
2.673301086425781250e+02
2.660755615234375000e+03
9.110894531250000000e+03
2.285279846191406250e+01
7.060793304443359375e+01
2.237248867750167847e-01
6.907881164550781250e+01
8.284186523437500000e+03
3.069021999835968018e-01
5.904222412109375000e+02
1.116988563537597656e+01
1.947571562500000000e+05
5.738323974609375000e+01
5.867441940307617188e+01
1.641307983398437500e+02
3.403730690479278564e-01
1.608831787109375000e+02
1.092209815979003906e+00
7.311793804168701172e+00
2.923742675781250000e+01
5.823494262695312500e+02
4.332557812500000000e+05
2.015177917480468750e+01
9.013318061828613281e+00
4.274647460937500000e+03
2.349681152343750000e+03
4.563902020454406738e-01
3.167159855365753174e-01
2.924552917480468750e+02
5.238448715209960938e+01
1.259743896484375000e+03
4.579008789062500000e+03
6.666578369140625000e+02
3.000593900680541992e+00
1.113694381713867188e+01
7.578994631767272949e-01
2.878312587738037109e+00
5.271273803710937500e+01
1.611377525329589844e+01
2.015455484390258789e+00
3.238570022583007812e+01
3.906310546875000000e+04
2.214905929565429688e+01
5.464920043945312500e+02
3.577217968750000000e+04
5.521082153320312500e+02
1.692761063575744629e+00
2.117258548736572266e+00
2.272430419921875000e+00
8.264446258544921875e-01
6.410501098632812500e+02
4.408274459838867188e+01
4.251774062500000000e+05
4.424395312500000000e+04
1.720954513549804688e+01
9.703351974487304688e+00
7.670513629913330078e+00
6.527869628906250000e+03
9.728782653808593750e+00
9.834641814231872559e-01
1.712327880859375000e+02
1.014088287353515625e+02
2.604706054687500000e+04
3.172161865234375000e+03
4.264636516571044922e+00
4.621330566406250000e+03
1.065935058593750000e+03
8.316518068313598633e-01
4.060365557670593262e-01
5.406957812500000000e+04
1.474694335937500000e+03
3.562238216400146484e+00
1.926746679687500000e+04
9.413466796875000000e+02
9.755345458984375000e+02
3.573931753635406494e-01
9.501485443115234375e+01
9.968326568603515625e+00
8.777274131774902344e+00
9.268320312500000000e+02
5.760975341796875000e+02
9.446011185646057129e-01
8.185947753906250000e+03
4.543732070922851562e+01
5.722985839843750000e+01
2.541363476562500000e+04
1.527718994140625000e+03
2.190964599609375000e+03
2.397919744253158569e-01
4.690850390625000000e+04
3.780886535644531250e+02
5.662145137786865234e+00
1.378468990325927734e+01
2.926899528503417969e+01
1.379442787170410156e+01
3.624080566406250000e+03
1.672728149414062500e+03
2.186051513671875000e+03
1.359930515289306641e+01
1.767267227172851562e+00
7.658376097679138184e-01
1.056699380278587341e-01
9.399267187500000000e+04
8.386762738227844238e-01
1.859589355468750000e+03
5.704385757446289062e+01
8.894180297851562500e+00
7.765536308288574219e+00
1.359709687500000000e+05
1.392872460937500000e+04
1.139599975585937500e+03
3.209052085876464844e+00
1.431717041015625000e+03
3.123586773872375488e-01
1.074800949096679688e+02
1.826445460319519043e+00
2.581387968750000000e+05
8.104984283447265625e+00
1.536426391601562500e+02
4.223948437500000000e+05
1.699687957763671875e+02
1.754299163818359375e+00
3.467988671875000000e+04
4.920114746093750000e+02
2.131892395019531250e+01
6.370426940917968750e+01
3.063465833663940430e+00
3.195842981338500977e+00
2.770024687500000000e+05
1.231888793945312500e+03
1.057627716064453125e+02
1.512333154678344727e-01
6.700883789062500000e+02
2.305515527725219727e+00
3.111499609375000000e+04
1.068561911582946777e+00
1.188067125000000000e+06
2.668522644042968750e+02
6.748295288085937500e+02
3.146332500000000000e+05
2.291497812500000000e+05
8.648747205734252930e-02
3.976373195648193359e+00
4.166027343750000000e+03
8.315253257751464844e-01
3.006925000000000000e+05
2.891097167968750000e+03
1.700175881385803223e+00
2.712376403808593750e+01
1.726095378398895264e-01
1.461334838867187500e+02
3.305832519531250000e+03
4.011500930786132812e+01
2.309657226562500000e+03
3.250397656250000000e+04
7.576382637023925781e+00
9.627941250801086426e-01
3.615905517578125000e+03
6.989156341552734375e+01
8.955384492874145508e-01
1.563971614837646484e+01
4.913751602172851562e+00
1.436982875000000000e+06
1.596881866455078125e+01
1.839378173828125000e+03
1.329258537292480469e+01
3.183303527832031250e+02
2.754371166229248047e-01
6.146769531250000000e+03
1.708452987670898438e+01
1.191987578125000000e+05
6.906827449798583984e+00
1.927332812500000000e+04
6.304172992706298828e+00
5.502382812500000000e+03
1.466707992553710938e+01
6.718416406250000000e+04
2.744918346405029297e+00
6.168112109375000000e+04
5.024442672729492188e-01
2.268818511962890625e+02
1.781995010375976562e+01
3.662644624710083008e-01
1.004711270332336426e+00
5.136420937500000000e+05
9.322804687500000000e+04
8.943340182304382324e-01
6.288103461265563965e-01
5.621506881713867188e+01
6.460914134979248047e+00
6.852310180664062500e+01
1.808877105712890625e+02
6.875115394592285156e+00
3.905306396484375000e+03
7.711028307676315308e-02
6.580618750000000000e+05
5.158058166503906250e+00
1.890389442443847656e+00
1.118448925018310547e+01
5.043898224830627441e-01
1.723160505294799805e+00
4.433112144470214844e-01
1.629087328910827637e+00
8.488674759864807129e-01
2.552968750000000000e+03
1.569985008239746094e+01
6.230528808593750000e+03
2.121962308883666992e+00
1.555720156250000000e+05
9.131835937500000000e+01
4.973301887512207031e+00
1.754658126831054688e+01
2.347203826904296875e+01
7.912482500000000000e+05
3.418878078460693359e+00
1.855437927246093750e+02
8.220486450195312500e+01
3.044920682907104492e+00
1.852281951904296875e+01
7.899333125000000000e+05
6.346142089843750000e+03
2.763540039062500000e+02
2.831414306640625000e+03
9.230226898193359375e+01
5.743396875000000000e+05
1.055747747421264648e+00
3.039960937500000000e+04
6.477896213531494141e+00
2.567007827758789062e+01
1.274593963623046875e+02
2.245189257812500000e+04
1.974717140197753906e+01
2.937006250000000000e+05
9.799834375000000000e+04
1.406366250000000000e+05
2.172824218750000000e+03
4.076923522949218750e+02
1.621540307998657227e+00
2.726590332031250000e+03
3.928456497192382812e+01
1.885655403137207031e+01
3.271310567855834961e+00
4.597947311401367188e+01
4.072275638580322266e+00
2.922483125000000000e+05
9.115826562500000000e+04
3.214519500732421875e+00
2.926552001953125000e+03
5.989015502929687500e+02
1.866372860968112946e-02
1.976714372634887695e+00
1.097509960937500000e+04
1.089014296875000000e+05
1.782269687500000000e+05
5.353834629058837891e+00
1.957579492187500000e+04
7.373042106628417969e+00
1.849109619140625000e+03
3.173832275390625000e+03
9.768807411193847656e+00
3.697542114257812500e+02
9.625366821289062500e+02
8.307039062500000000e+04
1.889818549156188965e+00
3.972719192504882812e+01
1.066395629882812500e+03
1.798137890625000000e+04
6.322018432617187500e+01
4.695862960815429688e+01
2.373232841491699219e+00
1.444758281250000000e+05
9.114309570312500000e+03
5.683688354492187500e+01
7.097801562500000000e+04
1.205285156250000000e+03
4.054627895355224609e+00
1.119010299444198608e-01
1.646049804687500000e+04
2.055967569351196289e+00
1.637556266784667969e+01
1.424753417968750000e+02
1.427027606964111328e+01
3.704945800781250000e+03
9.514875000000000000e+03
8.050045166015625000e+02
1.776082277297973633e+00
3.562456250000000000e+04
6.161908626556396484e+00
6.747355346679687500e+02
1.133650016784667969e+01
3.699448750000000000e+05
4.013054370880126953e+00
2.133639648437500000e+04
1.930297851562500000e+00
3.198367919921875000e+03
7.029970550537109375e+01
1.320994281768798828e+01
5.490124702453613281e+00
1.908965826034545898e+00
8.077151775360107422e-01
1.329760058593750000e+04
5.283792972564697266e+00
2.348415184020996094e+01
8.404078483581542969e-01
1.433444499969482422e+01
5.688180446624755859e+00
5.087515354156494141e+00
4.800657348632812500e+02
6.888248291015625000e+02
4.213133454322814941e-01
2.346214000000000000e+06
1.652906799316406250e+02
4.617158412933349609e+00
1.894710779190063477e+00
7.724484375000000000e+04
1.644494140625000000e+03
8.468989562988281250e+01
1.349632656250000000e+05
1.076395117187500000e+04
9.972677230834960938e+00
6.664728906250000000e+04
1.447043090820312500e+03
8.130955566406250000e+03
6.490293145179748535e-01
7.209416866302490234e+00
9.418311523437500000e+03
8.957392120361328125e+01
3.344105148315429688e+01
2.831870555877685547e+00
2.257556343078613281e+01
1.991779088973999023e+00
1.906307067871093750e+02
1.381359008789062500e+03
1.720424843750000000e+05
2.046336889266967773e+00
1.640082153320312500e+03
3.602603906250000000e+04
7.053394165039062500e+02
2.159975290298461914e+00
3.118098258972167969e+01
1.616432785987854004e+00
5.040734481811523438e+01
1.725500366210937500e+03
9.749682031250000000e+04
1.110320434570312500e+03
3.250507712364196777e-01
3.291284799575805664e+00
1.409374028444290161e-01
6.728149414062500000e+01
1.304397583007812500e-01
7.833009765625000000e+03
5.821667480468750000e+01
9.515295982360839844e+00
1.547293424606323242e+00
3.332384872436523438e+01
4.709553718566894531e-02
1.098988130688667297e-01
5.891915283203125000e+02
2.059423437500000000e+04
9.540665894746780396e-02
4.064789550781250000e+03
4.534368896484375000e+01
1.473236799240112305e+00
1.521955261230468750e+02
2.627981933593750000e+03
1.549702929687500000e+04
7.779049072265625000e+02
1.664515468750000000e+05
9.591078186035156250e+01
2.760488319396972656e+01
2.504132986068725586e+00
2.890286445617675781e+01
7.977520942687988281e+00
1.638276481628417969e+01
9.241003036499023438e+00
4.579600143432617188e+01
1.157365156250000000e+05
1.318140332031250000e+04
3.586471252441406250e+02
6.750445312500000000e+04
5.426328182220458984e+00
6.997035503387451172e+00
4.989392280578613281e+00
3.097731590270996094e+01
3.115941619873046875e+01
5.601270198822021484e+00
7.748665618896484375e+01
3.031073379516601562e+01
9.670603179931640625e+01
2.220530700683593750e+02
1.958621484375000000e+04
3.166855468750000000e+02
1.328356323242187500e+03
1.397845840454101562e+01
6.672671875000000000e+04
9.518612861633300781e+00
4.138482093811035156e+00
1.069835586547851562e+02
4.000761413574218750e+02
3.006991863250732422e+00
2.560774169921875000e+03
4.210857868194580078e+00
6.696807861328125000e+02
9.518232421875000000e+03
4.445485115051269531e+00
2.891663818359375000e+02
6.474588871002197266e+00
1.839758007812500000e+04
7.013811645507812500e+02
5.555783843994140625e+01
6.857648437500000000e+03
5.312545776367187500e+02
2.294972610473632812e+01
6.347963867187500000e+03
1.160919628906250000e+04
2.893161621093750000e+02
6.178771250000000000e+05
5.052760009765625000e+02
4.063076972961425781e-01
1.521438671875000000e+04
3.671602487564086914e+00
1.709312629699707031e+01
4.203983125000000000e+05
1.044866466522216797e+01
5.664338750000000000e+05
8.743430664062500000e+03
5.048699188232421875e+01
1.449367370605468750e+02
2.778368759155273438e+01
1.400248146057128906e+01
2.186438293457031250e+02
2.310821533203125000e+00
2.673904296875000000e+03
1.454193890094757080e-01
2.615959531250000000e+05
9.699606875000000000e+05
7.703322172164916992e-01
6.301603698730468750e+01
2.279719531250000000e+04
1.148852348327636719e+01
1.410454101562500000e+02
2.985630750656127930e+00
1.840744171142578125e+02
1.935978889465332031e+00
1.269121289062500000e+04
1.321806526184082031e+01
2.430788269042968750e+02
1.824388694763183594e+01
2.129557609558105469e+00
8.998446464538574219e-01
7.344840240478515625e+01
1.523288637399673462e-01
1.240406250000000000e+03
1.338573551177978516e+01
8.398032188415527344e+00
9.395488739013671875e+00
2.975972652435302734e+00
1.560858130455017090e+00
2.476678848266601562e+00
1.330240607261657715e+00
1.688624755859375000e+03
8.467063307762145996e-01
1.666830444335937500e+01
6.968689727783203125e+01
2.944080273437500000e+04
1.005100000000000000e+05
6.784204711914062500e+02
6.209547042846679688e+00
5.839513778686523438e+01
1.553189575195312500e+03
4.976592968750000000e+04
5.667577514648437500e+02
8.582628631591796875e+01
3.250064134597778320e+00
4.369202343750000000e+04
3.714401125907897949e-01
6.147132396697998047e+00
4.933213710784912109e+00
1.282084137201309204e-01
1.715579628944396973e-01
3.227439498901367188e+01
1.960174918174743652e+00
7.351115417480468750e+01
1.925526809692382812e+01
1.957972049713134766e-01
5.237752441406250000e+03
6.854996948242187500e+02
1.803638219833374023e+00
3.177198181152343750e+02
1.009750078125000000e+05
2.634347724914550781e+01
2.022403564453125000e+03
2.898059082031250000e+03
2.556374549865722656e+01
3.928724609375000000e+03
4.019523262977600098e-01
1.312816524505615234e+01
2.406391113281250000e+03
1.008742343750000000e+05
8.819266406250000000e+04
3.471922683715820312e+01
1.353634948730468750e+02
1.710329467773437500e+03
2.035032617187500000e+04
4.239410400390625000e+00
2.389710998535156250e+01
1.423679101562500000e+04
7.273920059204101562e+00
3.497003316879272461e+00
1.547636566162109375e+02
2.088750600814819336e+00
7.701251220703125000e+01
1.198263574218750000e+04
1.491300678253173828e+01
7.644017089843750000e+03
2.009399414062500000e+00
3.124760389328002930e+00
2.350850552320480347e-01
1.238786602020263672e+01
3.048166562500000000e+05
2.546940185546875000e+03
6.798185058593750000e+03
2.210398906250000000e+05
1.590339355468750000e+03
3.860209472656250000e+03
2.776836156845092773e+00
6.565513916015625000e+02
9.632262420654296875e+01
5.294678211212158203e-01
4.027554702758789062e+01
3.889595031738281250e+01
2.877904052734375000e+03
2.959816894531250000e+02
2.406360015869140625e+02
4.233184814453125000e+02
7.831276855468750000e+03
7.489897251129150391e+00
7.793975067138671875e+01
1.608202819824218750e+02
3.611735153198242188e+01
3.410000000000000000e+03
9.689772129058837891e-01
1.079334960937500000e+04
1.037502765655517578e+00
1.004408203125000000e+05
4.193679687500000000e+03
1.197807598114013672e+01
2.653443750000000000e+04
3.199795898437500000e+03
1.650134658813476562e+01
8.012113571166992188e+00
2.051514625549316406e+01
3.426738262176513672e+00
6.243418750000000000e+05
3.210079040527343750e+02
5.224450000000000000e+04
9.783683013916015625e+01
1.578070068359375000e+03
3.748820703125000000e+04
2.487949579954147339e-01
9.581250610351562500e+02
2.573226367187500000e+04
7.219992675781250000e+02
8.507286071777343750e+00
1.375049285888671875e+02
3.592132949829101562e+01
8.183610156250000000e+04
4.304984741210937500e+02
3.481118408203125000e+03
2.389337778091430664e+00
2.045414843750000000e+04
1.219719409942626953e+00
2.972900976562500000e+04
2.016112136840820312e+01
2.955436401367187500e+02
8.238903045654296875e+00
1.295057983398437500e+03
3.281708002090454102e+00
6.644749755859375000e+02
2.893194580078125000e+01
1.825098125000000000e+06
6.504776000976562500e+01
2.375507617187500000e+04
2.074463500976562500e+02
5.075903701782226562e+01
5.624515151977539062e+01
9.873793125152587891e-01
1.349302031250000000e+05
3.189785242080688477e+00
6.826858520507812500e+02
2.098648376464843750e+02
8.440454483032226562e+00
3.051029396057128906e+01
4.917532348632812500e+01
4.797806250000000000e+04
1.435322021484375000e+03
1.344045162200927734e+00
1.687987899780273438e+01
2.513332128524780273e+00
5.512477111816406250e+01
2.063879585266113281e+01
1.549668212890625000e+03
9.194224609375000000e+03
3.187653808593750000e+02
3.836407470703125000e+02
4.325532836914062500e+02
1.255037307739257812e+02
1.236501541137695312e+02
4.633760070800781250e+02
4.607044219970703125e+00
8.120562434196472168e-01
3.188314819335937500e+01
1.861971139907836914e+00
1.479735565185546875e+02
1.294573974609375000e+03
2.369599804687500000e+04
6.879405468750000000e+04
3.944208374023437500e+02
3.495205078125000000e+04
8.220528960227966309e-01
6.577204132080078125e+01
2.892704725265502930e+00
3.000370849609375000e+03
7.703091144561767578e+00
8.963241577148437500e+00
1.222914886474609375e+02
2.044177246093750000e+01
7.903008937835693359e+00
2.008347749710083008e+00
1.016718872070312500e+03
4.656227588653564453e+00
3.799329376220703125e+01
7.905640625000000000e+03
3.277875061035156250e+02
2.384892940521240234e+00
1.590147558593750000e+04
2.251250296831130981e-01
2.695385932922363281e+01
3.612961530685424805e+00
7.777642726898193359e+00
1.841383398437500000e+04
1.247371315956115723e+00
7.709330749511718750e+01
1.016612343750000000e+05
2.735306091308593750e+02
1.645954704284667969e+01
3.556317138671875000e+03
5.598527789115905762e-01
1.249271392822265625e+02
4.463118362426757812e+01
3.039299726486206055e+00
9.903169555664062500e+02
1.995541015625000000e+03
6.530464887619018555e-01
1.573653906250000000e+04
1.757880000000000000e+06
1.337202812500000000e+05
1.384540820312500000e+04
1.911587333679199219e+01
2.967762304687500000e+04
1.588549041748046875e+01
4.782344341278076172e+00
1.275686645507812500e+03
2.731052041053771973e-01
1.188294696807861328e+01
2.659171750000000000e+06
1.793499908447265625e+02
7.284730672836303711e-01
2.394359375000000000e+05
7.767507031250000000e+04
3.718990783691406250e+02
2.347604560852050781e+01
4.553264687500000000e+05
8.243603906250000000e+04
9.276959838867187500e+02
1.439060974121093750e+02
3.428235937500000000e+04
1.101407170295715332e+00
1.199965667724609375e+01
5.638871582031250000e+03
5.155987262725830078e+00
7.529208593750000000e+04
7.489336395263671875e+01
3.326867341995239258e+00
1.181084375000000000e+04
9.616877138614654541e-02
3.388592834472656250e+02
1.902959570312500000e+04
1.825916992187500000e+03
1.686806835937500000e+04
7.468196153640747070e-01
4.301278991699218750e+02
1.393115425109863281e+01
9.360712766647338867e-01
1.784450650215148926e+00
1.081663208007812500e+02
9.863355636596679688e+00
2.494179062500000000e+05
9.869251953125000000e+03
9.632401562500000000e+04
4.850182056427001953e+00
2.252105140686035156e+01
6.681461811065673828e+00
4.185588867187500000e+03
1.323754882812500000e+02
8.197157287597656250e+01
2.438940256834030151e-01
1.340969276428222656e+01
2.028143167495727539e+00
2.059483051300048828e+00
1.359556518554687500e+03
1.080495548248291016e+01
1.187762304687500000e+04
1.121149139404296875e+02
6.566503143310546875e+01
9.620644569396972656e+00
1.433632656250000000e+05
9.522648811340332031e+00
1.475875488281250000e+04
2.393957138061523438e+01
3.198015403747558594e+01
4.608177661895751953e+00
2.423824548721313477e+00
5.802893066406250000e+02
6.612646579742431641e-01
2.659668554687500000e+04
2.593619728088378906e+01
7.775711669921875000e+02
6.444084167480468750e+00
7.604259014129638672e+00
8.605228424072265625e+00
2.683825683593750000e+02
3.562078252434730530e-02
7.397137500000000000e+05
1.045117645263671875e+02
1.974746322631835938e+01
3.575331497192382812e+01
1.852297973632812500e+02
5.256108283996582031e+00
3.847041503906250000e+03
2.160549014806747437e-01
1.836077880859375000e+01
2.281167793273925781e+01
9.516721191406250000e+02
4.297375488281250000e+01
1.373012500000000000e+05
7.599281668663024902e-01
7.040503501892089844e+00
9.480391693115234375e+01
4.452477645874023438e+01
1.207667500000000000e+06
1.809516479492187500e+03
9.711133241653442383e-01
2.998571533203125000e+03
2.155842018127441406e+01
3.730944442749023438e+01
8.931320800781250000e+02
2.481657104492187500e+02
2.605811500549316406e+01
3.689158916473388672e+00
1.832240234375000000e+03
2.413294921875000000e+03
2.166207656250000000e+05
8.735691070556640625e+00
1.852349090576171875e+01
4.552560806274414062e+00
2.186511328125000000e+04
4.215312011718750000e+03
1.912288427352905273e+00
5.510138671875000000e+03
3.178375434875488281e+01
7.446022033691406250e+00
3.812388777732849121e-01
7.685194702148437500e+02
5.857411956787109375e+01
7.856213281250000000e+04
1.301935729980468750e+02
2.811306953430175781e+00
5.352602050781250000e+03
4.807921875000000000e+05
1.046649658203125000e+03
3.470123672485351562e+01
3.183667659759521484e+00
1.315671730041503906e+01
2.307837486267089844e+01
