589.233
1562.16
0.963653
5343.43
8.52283
73.5411
0.587889
19.9753
6.97741
134.365
0.805574
267.526
1230.8
9601.17
129981.0
237993.0
1.05718e+06
1.64223
63.7566
249.797
16980.4
119488.0
1.57313
1701.97
10.0944
66311.7
0.537676
74.6837
1.5359
8.47868
298.209
1.1828
24.8755
336.277
12692.8
55.8472
8662.86
0.512405
2750.97
142976.0
5.60888
1.08275
1.15041
58.2116
4450.72
262.215
2313.8
894.146
322.15
54.4991
16466.3
95.5212
0.633017
47619.5
4970.82
2881.2
9721.51
1321.04
475893.0
27355.8
26.2751
52721.8
1.75419
0.431743
3115.04
3.38068
16.5389
12.9105
105913.0
9.08459
152.389
58656.2
0.0137092
17768.5
30689.9
16.1343
6775.4
140846.0
1120.08
9.15675
6.13862
151.083
663.059
7.20784
301.665
372.64
2453.36
108.756
14.9763
27.2248
23.3741
2.60057
0.704636
111.985
3638.06
12801.5
107.746
31118.8
655.306
93360.2
2.86136
1.26566
38.1811
4.27717
446.7
231.042
8401.29
13.6498
0.446569
5579.22
11949.5
34.5925
2.6245
0.236491
6.8295
210.854
6.59774
7.94324
4.59344
42.9019
525945.0
0.280945
8502.06
66.561
380.742
3731.3
29.5425
5288.92
5728.47
1704.28
2.60499
460.028
0.308583
3.34283
18.3531
832269.0
3.06289
1.65597
22.7606
5815.18
1051.45
987.617
4.23167
128694.0
12846.9
221.56
1673.52
0.039151
824.276
3.98527
1368.66
7712.32
17.8632
10.7309
1.69607
22348.4
5.11884
4846.54
1.55673
74.9234
24247.7
90.7402
108692.0
58.2707
1.63735
5.66114
1.05304
27.2197
2.27926
1701.41
3.15178
15.6256
2.85766
1.6547
6.66656e+06
273536.0
23.3918
30.7521
4726.12
0.109069
17.194
753.973
5216.04
2918.95
51991.6
5.74607
212.917
220.903
78691.1
30.8913
1.52304
28.5762
1.06379
114.413
0.380033
2.31711
17878.0
939.66
20.0816
79.9502
59594.1
2170.04
3631.29
198887.0
926.51
15.5909
4680.76
890705.0
358.121
239.869
30301.9
45.1947
37.1972
113.177
40909.5
19.1045
47701.8
33.8
1949.82
8635.96
0.932826
21.5954
4679.71
278.192
2.68021
1.96393
30.3361
10.2057
731.464
4720.79
686.71
1.41174
315.064
80618.7
1007.3
6.69425
142.112
6720.82
11.1982
498.274
0.443043
100.973
9.04992
66969.0
1245.29
2.52896
99.3901
687363.0
3.66718
0.334125
27.7773
135.592
4557.03
184740.0
63308.7
4.32415
437215.0
2.61103
3172.46
3.24712
71.6551
119.25
61.5954
4322.04
0.620774
1.08164e+06
377.426
133919.0
44.2053
33400.3
19795.5
52.9744
631.768
2.25917
221.055
11686.0
10.103
17.3427
482.299
2.46293
3.15978
414281.0
153.422
4.79716
4.30382
11920.3
7095.26
1377.74
1.05592
13.7611
127.961
0.61622
0.147289
0.988871
9008.89
1.24346
1.24855
59.9417
20.4123
440041.0
11184.3
1.89748
30.1303
48.6266
1.80571
32211.5
2.06919
3.41095
36.4292
1.93979
12756.8
3.61504
2507.97
199.289
12.0577
63.5411
6509.66
2.50873
39.7356
8.4203
5.36932
550.731
15.8858
21294.8
0.796226
1462.78
423.501
3.05141
17.2407
1352.03
20586.4
342.981
382.607
794698.0
890.653
5.40603
7.95533
509838.0
17059.6
54.1955
8.06195
6248.86
68.9225
518.392
5.31224
678.56
3186.5
33.4268
98627.3
109.566
3.00255
3.46983
142.585
90682.8
2405.47
432.691
1.01867
173784.0
207.641
51.1119
217.881
16006.2
17.4036
12.6319
48.5974
366.43
17518.4
854.065
21.5418
2875.61
11.4155
87759.5
24.5601
10742.6
75788.8
222004.0
18.051
0.531589
31.0764
16.9102
403.974
81837.9
161342.0
2.6092
5921.07
104.137
1415.8
156.077
9.37858
2739.84
3165.61
4949.03
10675.1
22303.1
17.8033
42.3334
53.3654
4.29328
10047.7
4.04166
30.727
0.905052
32.8758
69.4541
1561.88
1.21792e+06
0.28955
2451.5
1.57273e+06
432.457
13.7038
89.9507
57.5675
1651.87
406.761
27.487
5.40437
2350.78
2096.82
3382.63
1.33687
107892.0
2997.28
1.03626
5.2741
24.2529
459271.0
449.981
89.245
1990.1
3.85768
145.977
17473.7
2429.18
2.35297e+06
1.03348
815.709
52038.7
15.9413
5218.41
48.2603
5.86054
576.383
2005.18
20164.3
2.42471
38.9731
1.79329
56.1274
416498.0
187.595
296004.0
1280.37
13245.5
234.904
3.98474
7018.66
3.40195
177.509
190081.0
0.380783
613.186
1.00893e+07
47.3903
8339.37
1411.86
0.422987
31442.2
24.0908
101.343
587.319
0.959103
442.324
51536.1
46546.8
179.594
7021.75
2974.76
6.03005
16.8551
1.41644
295.465
52.0817
159.103
54.2101
0.237353
51.4937
357.853
20.3179
8194.59
157893.0
979481.0
67652.3
4.80108
19377.8
446.174
396084.0
30.2548
5.38598
0.225012
3.25878
41.7641
854.282
339.952
124.928
5.1989
8.8365
868.742
2.29811
39574.1
36.7971
8035.79
4.65569
6.55178
125.681
53015.1
3.80285e+07
5.99178
0.775366
245.935
2186.67
103.248
2313.5
140.955
1972.03
828.197
258.663
67.3312
148.287
1.79641
1271.78
610911.0
171658.0
105.343
106701.0
81979.4
947079.0
0.0805027
95.3015
32493.9
1.83201
0.275552
12009.6
5.45451
45.8602
24584.7
36.5307
23902.4
1223.91
649.912
228627.0
529627.0
70.0717
472.717
30.0391
32.5808
5.01874e+06
1053.24
4.12229
5033.7
6.38349
1330.78
20076.7
10.8801
181.075
1.634
1214.49
21.3749
8.60524
1.31909
858.316
998.815
19.2412
7.31875
0.857592
1111.74
120.02
166.935
11.3867
1.55281e+06
0.850762
4.8625
33299.8
1.68338
1.09496e+06
589569.0
102.89
1179.39
301496.0
710088.0
1815.82
9456.07
1281.96
1346.1
4343.26
579.27
1077.62
33.8588
32.1765
9648.61
0.0355336
1298.54
8.07934
21.4564
146.305
18500.3
15471.2
193662.0
1717.45
9027.48
8265.69
21.2937
20.6633
45.3279
3672.23
411808.0
0.569544
5.35693
3941.9
360.879
2.71059
4.8489
436.105
2.37848
15.6658
42601.0
0.377869
4.67459
99.4919
32868.5
5639.04
2.61671
2.02276
4.80888
28494.5
0.0398663
0.427899
313.535
1.76356
187384.0
2.69484e+06
140.891
1.13107e+06
0.216766
2.84538
3.84149
13.8836
164.428
2041.54
275.095
3283.82
145.883
1.08274
127.972
28895.9
172.543
82.5037
2.632
2315.02
4.87171
53.554
6270.89
299.737
1808.28
11.783
20573.9
32291.2
5058.69
3.02503
7943.44
2068.62
4.43914
6.52278
0.802072
670.703
8971.11
2117.97
243192.0
33790.1
103.659
31768.2
76.0762
94.3739
733.826
109.885
98363.6
26.027
2.98549e+06
0.177739
2.28764
0.903883
90.3928
89874.4
33.6267
4.04243
381.179
8022.73
3.55463
17.009
3.03527
1.00606e+06
6.99671
168896.0
2410.62
27.1153
3.72727
3.03422
15.8748
15076.4
9.82774
1.35241
1382.49
28.7826
4.66867
6.8737
6.44436
188691.0
17834.7
243.453
204.09
1.09838
21.001
3.46623
439.284
242595.0
18714.1
1.47721
1.57708e+06
0.0941025
813.311
809.434
1020.0
18.4356
16.357
89499.2
107.203
15584.1
4.07528
60.7791
673255.0
200.101
517.512
1.01353
48.4988
47.5792
19.5595
4.18644
36.3911
18.2454
119953.0
15762.7
192524.0
108.203
2622.21
21.8203
25.4319
7.3911
445.291
96.0289
60007.2
15.6843
5.46311
135.513
1283.26
51274.1
0.652021
13.844
35.1521
9474.0
20.7351
9.59104
263772.0
7.1251
6874.05
10.9181
1.94154
22.5085
1579.25
1.974
7.76417
3052.7
80.9661
906.559
1724.01
12.0357
1.81429
39.9333
12307.5
643.256
124.474
15840.5
604.503
175024.0
3506.54
175.88
2016.27
121.798
385417.0
14155.6
5.10865
659.207
61.1477
4338.87
4.57854
140.471
78.397
3.81462
489.382
2675.81
144.075
6.40186
5818.17
25.744
1613.14
0.202564
1198.07
2.83154
19899.5
18.9158
51978.8
2074.7
13.1393
33.0328
0.690292
30125.6
63.9529
8.28185
28.4048
66.274
0.69487
2062.29
13.8261
1.84306
201.738
235.75
77.5397
2991.33
0.904644
1.86471
14383.1
1286.84
2492.01
10.0729
6415.1
21.3546
0.662887
0.779152
0.183366
443.715
7.75044
4.18717
18479.5
2535.14
2.00634
11107.7
18.0834
93.864
7.33993
62.2902
187.629
9.13982
325.383
2378.06
5.58209
2.32145
13.6406
75277.3
3.21132
0.535342
1.85746
25.0002
6.18649
5.52565
2.25318
20108.4
3.7779
201.132
72.4343
1.12129e+06
229.515
11.0259
42.2921
0.633297
219404.0
26539.1
17622.2
13.0735
1.92992
7949.49
65.4667
13715.5
0.547318
62079.9
980.998
17550.8
61.6141
43575.9
0.677051
12217.6
1408.76
34.912
2568.18
1.69832
25.38
34817.9
3.21369
241.785
261.059
1.54392
32.4919
0.314189
1214.3
29.9957
215512.0
13.6975
150.512
105862.0
2.68955
13199.8
2.36618
68235.8
3.08606
337.393
16.9289
4.74675
2820.78
7.82614
632633.0
89899.2
4421.42
4.06479
3.54814
19088.1
528211.0
21.6891
896.958
8.19454e+06
186.234
1132.13
1.01198
11.3976
0.464535
11.1884
1.45917e+06
3257.62
4.10552
168.93
4.44189
4.66201
14.542
0.056355
175.205
1507.47
31.4143
67723.4
19.6758
1941.05
233797.0
11771.8
29.5009
2654.4
230.157
252.28
1.08621e+07
0.278935
19.6453
30302.3
1.97821e+06
51.1957
2.5115
42.9375
6103.07
3.89673e+07
731598.0
87439.6
94.2918
23813.7
14025.9
1.28231
2386.2
1.53279
6.20123
37.8254
1369.95
41546.6
11.7609
0.638371
1.14379e+06
1348.11
1688.82
1706.82
3.43014
307609.0
6.35384
1.47583
6.99713
33.8773
23.3346
8642.16
37.7951
0.899458
7.22394
579.24
2.50886
7927.49
95.979
310.085
17.1357
26.266
7.74504
17943.0
1.51222
7.00346
49322.8
894.51
1.00605
74.5506
5.81616
3756.12
5963.57
27.3958
21.4552
5942.21
1631.4
48083.5
21185.1
3.56008e+06
10.5265
2.10747
46.3502
20781.6
765.301
7.14455
20.4259
1738.58
215.503
22.1456
0.812518
129.331
119829.0
2.6954
19.1671
2.25064
107.542
746064.0
0.609979
59377.3
2921.33
6987.99
112451.0
1970.8
12188.5
66032.2
107.319
1.88472
56.0408
80.3606
109066.0
75644.7
106.844
26.1395
24.5684
54.325
7.96731
97.7689
235.055
1217.29
80.2669
23.2609
0.887507
3.21834
7.90068
116.826
6229.93
12611.1
5.79026
8.478
2892.47
13.0318
13.1321
18084.9
795.776
149.44
3135.26
18.7608
25.9702
97.1362
3502.65
24.8678
32766.1
23961.3
19056.2
40.6239
5322.62
2.66449e+06
15.0105
0.431234
492.668
5482.02
21.3895
1262.86
363.842
17277.4
3.91958
1.48899e+06
12775.4
63635.2
3.1602
44437.8
92.5733
19460.3
4844.25
41.9491
2940.86
711.106
4.32845
17.4127
265786.0
20696.4
294988.0
1405.93
41547.8
7.93221
3732.66
108809.0
1223.61
19599.5
10.2923
114077.0
1.13936
6.96468
2.76288
835.757
0.34888
419.791
135.635
15.2708
1028.82
14.0098
2.07066
38.1759
0.949296
4.52128
6379.7
74.1017
161.537
74219.8
2317.7
6581.93
1.91271
23.9597
10.9097
1291.18
11.6605
77.5886
26.7697
32954.5
43537.2
490.534
133615.0
1.63987
106134.0
25997.7
970680.0
6.3224
21.4135
5.84165
383575.0
51.7372
1.32594
11922.5
21.121
14.5175
865.409
39.9061
23.6274
3.8764
0.274579
186.992
24.2201
3.14004
1.68477
19.1631
48.3955
65021.0
22.2454
58911.9
27544.2
180511.0
132900.0
68.1546
11944.8
8.13037
2675.23
57.536
285.895
12099.6
35.8311
2.1056
25.733
18.4146
85658.8
1.15181
73.1344
11.5547
23125.7
0.223552
13530.9
8571.1
3693.49
69.7325
271272.0
67.0337
3.20221
6702.69
10.4215
105.103
137380.0
822.199
9076.85
14589.3
129.581
16814.5
15328.8
4.25145
1269.38
0.638861
869.918
12.9037
7.31961
5.38036
1.95504
1.47979
5.17144
1.4198
0.201311
4065.66
72306.1
3727.21
431862.0
4.19769
2193.9
54673.0
163.337
50619.7
44715.8
2.74408
0.901198
110.319
0.321782
5.23696
1027.81
40786.2
1118.72
30481.1
381.855
40625.3
2547.64
66418.5
275967.0
1.32933
0.580306
1.13935
245.755
9.30174
30.8093
95497.5
47.6354
5186.23
22375.8
6805.8
151.999
2392.21
395.225
19.5509
918.883
195.48
2415.57
19.236
36.8137
4491.89
9307.16
10.5158
1070.9
2.21161
5068.03
85427.6
0.503048
23.0782
36.1842
93.3353
5414.21
102.346
6.02728
0.686218
1549.3
171076.0
156.377
1.38851e+06
6.09855
10.6784
46.564
673.135
2493.81
1.41076
44467.0
11000.1
336.187
56.9539
76030.1
2024.63
1.53892
1.33073
2122.57
135455.0
4.86766
636.291
14.2587
1128.95
104.901
2439.47
1.6864
4.91434
4.9883
409871.0
758.797
2.75931
7.16096
140.297
2.98143
34.2134
1.61013
4751.15
2.78052
528876.0
60714.3
25.3107
3471.61
0.35516
1768.74
624.026
56389.3
1.85739
70.0875
1563.83
1418.01
6407.52
4.23206
92983.2
95.58
884.718
200.665
795.092
2.20349
299.553
1.01948
888.888
181.607
13.2178
389.697
11.9292
6.65572
1.05221
122.975
72.8534
165.507
1.30351
888.211
60.58
3.44502
2.79585
15.5871
157.149
21486.2
3.59296
22.907
9373.02
6.68928
2015.48
4116.3
2292.45
57.623
1.40858
7332.21
406.553
1433.8
17.2078
12910.6
228.115
2435.33
1.03615
6168.63
1.17474
17.4689
3.10087
1121.84
1.96187
3.45588
2.8034
3.62562
72.6138
1860.8
720.025
119.659
105.595
37.6071
0.817066
1027.15
13.9662
9020.77
2.65604e+06
1448.86
4.90767
14.7427
16567.5
134176.0
40.6687
250.219
0.262482
125937.0
912.968
127.028
1.7297
10.7032
4.44387
22402.2
96.9659
474633.0
1.03978
15283.9
31.936
146.042
106529.0
1726.23
463.396
3059.51
67401.0
271.915
131.807
24.5922
85.2569
7316.33
122263.0
49.6303
42.6176
5.59305
3.1417
174.888
386.167
1419.91
381.765
5790.55
1.17037
3074.39
46.173
6558.53
0.796394
502.756
56.0919
210869.0
11066.8
505.568
86765.7
6050.12
31.2736
4.20675
10.3149
2.34992
75543.1
2.40997
3.30857
11.2345
51.9771
0.0638068
0.60059
64.3508
9646.09
79.5698
17.7064
37414.0
2661.11
119855.0
4313.32
1.92236e+06
1.27601
201.061
19.6918
188.422
0.801854
412.419
10.8526
773.423
141.876
233.333
1.3632
173.787
6.21977
14405.8
34.2031
2.37321
0.667595
4.23188
134.29
1.20552
3633.52
2.75171
1673.16
120.95
61572.4
572.739
83.2568
8.01352
0.957831
799960.0
3043.93
2.54571
2998.75
13.3037
44174.3
310.901
185132.0
0.155243
1.03193
2.56246
45.4844
25628.2
0.494072
54.6683
1370.39
167498.0
421.578
20917.1
22.6544
0.167575
756.518
2350.13
29.4729
19.0469
0.0800453
34.8853
1.74024
29094.4
4.87011
3.89983
183.937
993428.0
1300.87
9099.47
8.64103
8.67869
3764.94
153.918
0.56926
85.8577
5.00543
34.2916
20.4755
380629.0
17.1735
6.35427
38.4913
19984.7
330.329
648558.0
12.9595
1626.01
13.2762
869.47
383.751
7127.99
197.454
122601.0
44187.8
422.676
32.6282
3.09883
0.9508
8.02126
727.56
59.4519
197721.0
2138.54
123.343
92366.5
143.628
10.339
124.665
28.3156
550.762
29066.3
32.86
1.90354
10.2487
3.02992e+06
11.0038
2.07552
1.73537
49.7282
126293.0
856921.0
129.312
115845.0
2554.51
151.879
204.994
463.092
2127.98
8840.33
1441.86
4.94487
175.292
69974.5
73.1395
37.0308
4.74086
0.547035
639020.0
5.97524
3.31282
1.2284
2771.86
15.6384
59298.0
0.742279
52.2632
8886.11
494252.0
37.3625
445657.0
238.94
17.8256
1.07949
5453.75
0.206473
24298.1
749.094
56.3388
16.3376
13.7755
2.88029
12634.6
5.50675
2.03676
5984.07
10363.7
629.176
0.835595
261.121
45065.7
412.561
6.78723
4934.07
1.29166
991.556
317.716
9051.79
806.436
340288.0
25382.0
7.68246
54.7146
101.652
92832.8
457.332
6.50251
216.714
1.81772
12.7291
1077.43
138004.0
7617.26
24.9005
12.7113
30.5006
1.99516
18201.4
39.7881
0.834672
27.5313
1.02093
44578.9
7.45102
55.2622
1492.04
91.9866
1115.37
263963.0
2.44466
5.63076
347.776
21.1846
2288.91
603.618
454759.0
7.62791
164.448
1.06315e+06
10.9623
84.7863
0.47393
26861.7
49.8673
8.28359
0.749918
0.564252
0.813049
252611.0
88589.7
219.77
1890.61
959.582
2219.33
212.619
102193.0
22536.8
34.2676
2115.43
5.22758
4513.93
105858.0
15.1681
7.46933
5.06237
11.596
64.5136
31.4997
3.63072
591.942
0.624003
191.313
11113.1
99.9126
1.50165
4.03495
127.71
11.3497
216.517
42.4447
1.17103
1229.18
8.64023
67.9942
1667.15
18478.9
0.548867
266.193
635.048
7389.96
996.99
157950.0
30749.3
13.7289
9.47421
1.59043
41.2053
78625.3
128.329
475095.0
3779.98
14.0379
146.924
452.148
3258.38
6.69351
1.76667
287.818
3.77787
2.29364
7022.98
3939.96
0.946179
387254.0
4.29636
11804.2
76403.6
19713.4
0.907711
14.4696
2042.41
859.091
13558.1
39.7591
21894.3
1.62802
158743.0
46.708
1.43482
2.53556
5.82133
2746.23
41.0644
4232.96
131.061
30604.7
1315.7
41.7639
7.29069
92652.1
91961.3
0.699961
3.00877
443.218
9509.01
595.501
136.786
26650.8
17.4463
90264.9
0.469235
1.51673
1.09369
115298.0
161182.0
3.02376
545.203
122.249
2837.5
11618.0
14105.0
2.643
7159.97
276.663
11.6865
69454.6
29859.6
3935.72
13.6575
59.1574
830.642
1115.76
1.6409
1.7399
12.4071
99.1872
0.338787
150.899
37.0012
21808.0
4.0615
56.6269
29742.5
137.348
213405.0
2725.85
0.429509
0.625282
45.2966
133.802
144.525
2.82261
12.0874
0.165048
42668.0
9829.36
112021.0
4.71236
133932.0
3984.4
38.5224
159.863
5.90755
3.50715
13.7008
1488.79
5.50896
0.0544894
367273.0
11.1913
55.9204
79402.7
10.1849
518.098
8206.29
1625.57
34.7304
1.8131
1.02185
115.633
7856.56
2377.86
261.445
896724.0
7.39962
2.10878
78.7906
72.5389
10.2752
0.492106
303.904
3.96689
651.095
2334.41
2303.02
2.5256
0.340238
36.1746
4.09159
480.186
538.028
0.738679
11929.7
23.9982
9.58863
378.36
5.79446
1.13689
1.53305
56.4304
244.622
1585.79
8558.91
4913.45
5858.69
1063.86
61.1842
2394.74
12943.5
10753.4
4.91998
299.951
8.49502
0.230469
16.5712
0.137336
14752.2
40509.5
1683.59
0.602561
299.088
7.3732
79.5501
4.30829
19.5018
160.779
13868.6
228.704
1.02663
0.413503
6091.91
42.8174
1.33813
143.572
68380.0
280.554
69.1699
76.4981
15.2456
49.9505
2373.1
683878.0
2333.24
37227.5
1877.56
54.7246
20006.4
50630.8
15.2448
397.895
88598.2
72630.0
1.67776
4889.01
29.6368
4225.72
10.2408
218.506
442.079
44.898
150.777
119.683
55.5108
5332.62
2.0179
89403.6
1.53387
436821.0
2412.01
156699.0
78.1531
23.3645
5.68357
91.5529
4162.59
4.19556e+06
69.0629
69.2626
21.5673
161.844
2.16942
1778.6
2375.2
14.9274
12.2442
41.5746
65.2056
8665.34
96.6352
87.6042
3.16396
41.2323
20075.4
289175.0
57.1756
27222.2
1697.06
40.4384
16989.4
21.195
418002.0
3.28894
320258.0
4848.07
304864.0
4.32967
9.04126
3463.16
268.32
49.266
13390.5
1.36995
10.0049
504.661
5.58422
2.09099
111.768
1821.91
511.074
6395.84
3.91408
0.132156
61.5061
89.0546
37.2396
2453.49
16.6908
884.918
1.17507e+06
46.8716
8.40485
7351.76
1172.57
299.723
1276.89
32.1876
6.95051
17.4032
193.16
192.867
4.78797e+06
966.495
4.00586
796.23
12970.5
0.289187
119.061
1349.08
16.3007
315.959
7.24734
1.75109
66896.6
45320.0
71665.4
160.246
100.06
1142.54
3.94112
13481.2
1029.66
159.315
108.679
396.693
16.6848
4.47169
44.8651
44499.6
1684.96
13.1609
199.973
1.69622
1.22495e+06
22423.8
16.5575
17679.3
291291.0
109.47
711.382
1035.21
4.33531
1.87808
5.02753
69.4865
100224.0
7.73857
18586.5
1.17811
253.857
13.2331
5.4562
15.7078
14.7702
7428.2
0.601671
32.6455
217.692
3031.18
6.75384
46927.5
7.08488
5339.31
41.8242
20803.7
1.003e+06
112.538
2.87871
345.784
5.14362
26200.0
30.0062
31.9527
47.3597
118.099
49.6768
21261.7
326.195
667.732
1.76999
1472.11
117.529
3.92299
76.8235
0.826785
21517.1
34162.4
48889.2
17363.1
781710.0
0.678148
3103.22
2.21947
3767.16
22962.1
118.461
3.52343
2.18665
2.56964
5.47222
32.4618
3103.19
31.097
12.4307
82.5545
150152.0
2549.35
1989.59
53.4428
9.73401
52.8387
491.137
35121.4
19.6642
43.3137
885.076
10.6394
134.305
35999.1
66.8815
8179.5
280.839
12.6621
0.673137
4.03612
490.14
55.8637
35.2989
149.787
109.331
14.1042
1.13168
1.73443
159.783
265.653
42.61
12553.5
253.712
543.73
164571.0
9273.95
95.7117
83622.0
261.217
923.671
60.9833
11309.9
4.8046
300.376
6966.41
0.650253
67485.0
0.0158026
19.4728
139486.0
16.1544
5.24343e+06
5511.6
9.78895
2.3649
600.082
96.9914
0.883708
164.447
0.176982
12965.4
30816.2
601.169
182.66
56.4601
153.379
24.2498
5290.86
0.418776
52.0665
273.321
22.9185
15.3143
13402.9
12.9069
92145.7
0.657618
559.381
202.675
20.7297
83.8961
744.499
2.68409
0.470979
3394.41
0.870724
215.789
37.2109
252.975
1143.1
8.11152
2488.67
22.574
104.019
169098.0
1769.3
1441.72
5.49019
4.28109
43.0004
1730.93
19.3788
33.8008
62.3364
305.882
5936.8
1.84635
18.8755
25.4302
45.6512
4086.09
1048.27
1827.5
72.492
26132.8
8282.43
121.248
6.46644
3030.85
9.41566
29049.7
18561.2
166.924
2692.88
0.815255
65.0101
227898.0
66247.8
9.73287
1.61877
16753.6
72.6541
4.75017
13.2193
54.2218
56001.4
0.834427
4.05887
145.074
4871.03
13198.7
20.2891
7.20608
225.025
62344.7
20673.8
16.9427
693.301
14.9252
3416.42
0.744961
8.94396
4.11154
17969.6
2.57035
5255.25
157.188
1263.03
2.53182e+06
19.8929
1288.57
20.916
16.9781
17.3175
37.271
261.272
511.262
90.6893
10176.9
357.136
1111.39
665.032
14.8681
210.797
4.88416
4.98005
3.68365
10.9911
2081.41
17.1206
3708.51
1.40615
143188.0
9.96029
10.3606
1.15539e+06
5219.97
4861.08
87.4272
7999.82
655.204
57.5938
3346.85
166.536
167.199
317333.0
6.06442
1055.63
1.3253
208.856
5.21215
2.97644
2.95133
621.967
612.368
144132.0
232.611
450.541
60488.8
488.66
107.967
1087.56
831.376
5.31478
91065.6
41.9412
55.0359
30474.9
8840.78
0.558791
2335.51
6.14143
35.0937
7.68266
1.6829
52.333
19.5472
22.0363
301.6
9.14941
265101.0
5.7183
10.3
165.793
21484.4
3073.49
28.7513
12.8943
20157.6
2.56647
98.0234
1.10218
185.569
1.25137
30359.5
1585.88
0.785153
25912.5
5.43447
5.64562
731.745
1393.72
246.974
2403.37
16258.2
93224.7
257.434
2.77609
17.5702
233892.0
2996.25
416.354
14.261
72.1578
36.7856
55.418
0.663333
0.8411
8.75125
5522.49
39.8747
41.5716
2.72099
1986.4
7.7347
2.24903e+06
16334.2
34.2358
3373.47
82532.4
126.822
1949.9
26.2016
2.41083
335.857
25.7523
47896.2
237.024
8084.58
14.9025
708.648
36205.1
1.23755
85.5973
259.177
28.0786
238.339
24.5484
3190.59
3.97942
1.04156
2.85751e+06
20.8126
10.2437
39.8222
1.5206
134.522
27.5684
6348.52
192.866
7.73895
22.1078
33159.3
17.9553
449.475
468.536
346.97
2.35337
7.88372
154141.0
30.0816
0.740889
516.76
25.8585
359.588
1515.94
257.399
269579.0
9995.09
5.51912
2.62487
3040.44
0.0356935
3.12949
10049.7
409.291
122.278
998.814
641.716
567.055
2033.89
13.2417
86.6437
29.2517
7.75974
617803.0
13.025
574.096
1142.34
2018.22
4691.85
0.302244
56.7468
1223.59
2206.73
2.98923
27.5366
204.668
88.1104
36926.4
69.9106
176.295
60601.4
563361.0
1.31918e+06
0.24047
8.95746
27075.3
47.2764
0.585743
1209.03
167.537
3.98902
3425.5
581529.0
28.6235
2342.52
31346.6
103659.0
6.11058
2.23558
774.424
54.0956
78.1288
25297.6
393461.0
1087.77
74.4437
7329.13
20845.3
22282.9
4536.64
56196.9
49.1674
5.96109
13.5814
6.01887
42.6108
18285.0
9.92377
35203.3
0.363005
63.9948
10.4385
28.1237
407.662
259690.0
2798.67
1.88766
3669.71
55.1588
1.20894e+06
255.103
413.11
449707.0
3.31534
4718.55
8.92861
6282.0
0.763956
5.68394
332513.0
489.493
8.6348
48.5823
27840.1
95710.9
2.23755
219.068
13.8244
0.501708
3.03501
12.5532
7.09002
161.455
168.757
37425.0
25.164
2.08309
1629.52
96.1792
0.744375
0.595354
11591.0
35.2609
14.897
2094.74
0.613206
39.3095
8544.02
54.2196
1.15199
49.3171
547.111
1.05068
20.0243
2.98498
221742.0
18.6512
0.85509
1.08442
9.13846
0.244198
220.796
1.72285e+07
112.14
4.99142
0.598634
3.00833
71619.3
733.5
57151.2
21.5828
70.3044
654.318
559.021
67.2601
0.822836
2249.9
55.6749
24.9159
23.3369
511315.0
1.51963
4.68844
789.591
57.436
19.2115
43.8665
170.699
4790.86
11.7955
698067.0
31.3343
8.45473
7.09065
16.0799
10.9048
4.72161
2418.66
12.7201
4.86423
357.788
1503.73
69.17
0.708496
86.0184
294.168
17.2533
608.697
944.106
1103.42
518.225
5.31878
753.8
9.07279
142174.0
645.616
208.98
1.13127
1.36969
1797.2
1.33108
16.8245
716.829
5.21478
5.47734
809.664
60.318
5.29439e+06
11.8905
3.07194
121.981
40.3524
143.267
67336.5
131.969
2380.04
1.63827
4.27633
40.3488
99.8607
426488.0
0.519985
8.53485
11510.5
15.501
14627.1
0.412506
638.277
24.4874
8.81191
307177.0
1.85109e+06
48.0448
930.265
2307.21
0.96266
173.354
23.2597
523.189
2.57286
61.3702
5991.96
6054.1
1241.98
95.355
268.478
5925.67
11.6653
19077.4
0.829959
0.377473
1389.25
414.915
1224.1
77823.9
1998.49
0.386231
9.23495
10.8124
40.544
3.81958
11.2868
2928.49
2.47842
12.0857
470.022
1.56622
424.73
59286.1
71.8814
51.9745
26.6101
125.442
0.935323
4179.64
680.901
294.687
51.9891
349.327
49147.8
3740.68
129.781
0.63675
940.947
3.55664
19.7472
6.02013
644.823
6.95252
17.3654
2080.34
9541.1
87.9085
50.5232
7.57297
28.9446
13882.1
120.316
40.8947
286797.0
258.678
30.2345
0.86717
13020.8
494.029
0.612433
2.96597
37875.6
1.44861
7.15981
9.21748
22306.2
194519.0
38.8444
4237.47
917.09
3771.97
8.17181
2670.71
255.032
1136.95
4.99341
41928.9
160.915
3.95589
51.2605
178.96
1741.68
2.56936
42.4086
510.716
0.688026
351.519
19708.4
363.517
11.8318
186.31
76376.6
7567.85
16.0303
5.31404
8.20352
13.5144
4.7652
17.031
0.717861
1.4328
18751.2
0.98715
9850.46
444.013
261248.0
14.8751
283.698
2.02249
105.655
4.52541
40180.7
534.66
5321.51
18221.8
45.7056
141.216
0.44745
138.158
16568.4
0.613804
1180.84
22.3398
389514.0
114.766
117.349
328.262
0.680746
321.766
2.18442
14.6236
58.4749
1164.7
866512.0
40.3036
18.0266
8549.29
4699.36
0.91278
0.633432
584.911
104.769
2519.49
9158.02
1333.32
6.00119
22.2739
1.5158
5.75663
105.425
32.2276
4.03091
64.7714
78126.2
44.2981
1092.98
71544.4
1104.22
3.38552
4.23452
4.54486
1.65289
1282.1
88.1655
850355.0
88487.9
34.4191
19.4067
15.341
13055.7
19.4576
1.96693
342.466
202.818
52094.1
6344.32
8.52927
9242.66
2131.87
1.6633
0.812073
108139.0
2949.39
7.12448
38534.9
1882.69
1951.07
0.714786
190.03
19.9367
17.5545
1853.66
1152.2
1.8892
16371.9
90.8746
114.46
50827.3
3055.44
4381.93
0.479584
93817.0
756.177
11.3243
27.5694
58.538
27.5889
7248.16
3345.46
4372.1
27.1986
3.53453
1.53168
0.21134
187985.0
1.67735
3719.18
114.088
17.7884
15.5311
271942.0
27857.4
2279.2
6.4181
2863.43
0.624717
214.96
3.65289
516278.0
16.21
307.285
844790.0
339.938
3.5086
69359.8
984.023
42.6378
127.409
6.12693
6.39169
554005.0
2463.78
211.526
0.302467
1340.18
4.61103
62230.0
2.13712
2.37613e+06
533.705
1349.66
629266.0
458300.0
0.172975
7.95275
8332.05
1.66305
601385.0
5782.19
3.40035
54.2475
0.345219
292.267
6611.67
80.23
4619.31
65008.0
15.1528
1.92559
7231.81
139.783
1.79108
31.2794
9.8275
2.87397e+06
31.9376
3678.76
26.5852
636.661
0.550874
12293.5
34.1691
238398.0
13.8137
38546.7
12.6083
11004.8
29.3342
134368.0
5.48984
123362.0
1.00489
453.764
35.6399
0.732529
2.00942
1.02728e+06
186456.0
1.78867
1.25762
112.43
12.9218
137.046
361.775
13.7502
7810.61
0.154221
1.31612e+06
10.3161
3.78078
22.369
1.00878
3.44632
0.886622
3.25817
1.69773
5105.94
31.3997
12461.1
4.24392
311144.0
182.637
9.9466
35.0932
46.9441
1.5825e+06
6.83776
371.088
164.41
6.08984
37.0456
1.57987e+06
12692.3
552.708
5662.83
184.605
1.14868e+06
2.1115
60799.2
12.9558
51.3402
254.919
44903.8
39.4943
587401.0
195997.0
281273.0
4345.65
815.385
3.24308
5453.18
78.5691
37.7131
6.54262
91.9589
8.14455
584497.0
182317.0
6.42904
5853.1
1197.8
0.0373275
3.95343
21950.2
217803.0
356454.0
10.7077
39151.6
14.7461
3698.22
6347.66
19.5376
739.508
1925.07
166141.0
3.77964
79.4544
2132.79
35962.8
126.44
93.9173
4.74647
288952.0
18228.6
113.674
141956.0
2410.57
8.10926
0.223802
32921.0
4.11194
32.7511
284.951
28.5406
7409.89
19029.8
1610.01
3.55216
71249.1
12.3238
1349.47
22.673
739890.0
8.02611
42672.8
3.8606
6396.74
140.599
26.4199
10.9802
3.81793
1.61543
26595.2
10.5676
46.9683
1.68082
28.6689
11.3764
10.175
960.131
1377.65
0.842627
4.69243e+06
330.581
9.23432
3.78942
154490.0
3288.99
169.38
269927.0
21527.9
19.9454
133295.0
2894.09
16261.9
1.29806
14.4188
18836.6
179.148
66.8821
5.66374
45.1511
3.98356
381.261
2762.72
344085.0
4.09267
3280.16
72052.1
1410.68
4.31995
62.362
3.23287
100.815
3451.0
194994.0
2220.64
0.650102
6.58257
0.281875
134.563
0.26088
15666.0
116.433
19.0306
3.09459
66.6477
0.0941911
0.219798
1178.38
41188.5
0.190813
8129.58
90.6874
2.94647
304.391
5255.96
30994.1
1555.81
332903.0
191.822
55.2098
5.00827
57.8057
15.955
32.7655
18.482
91.592
231473.0
26362.8
717.294
135009.0
10.8527
13.9941
9.97878
61.9546
62.3188
11.2025
154.973
60.6215
193.412
444.106
39172.4
633.371
2656.71
27.9569
133453.0
19.0372
8.27696
213.967
800.152
6.01398
5121.55
8.42172
1339.36
19036.5
8.89097
578.333
12.9492
36795.2
1402.76
111.116
13715.3
1062.51
45.8995
12695.9
23218.4
578.632
1.23575e+06
1010.55
0.812615
30428.8
7.3432
34.1863
840797.0
20.8973
1.13287e+06
17486.9
100.974
289.873
55.5674
28.005
437.288
4.62164
5347.81
0.290839
523192.0
1.93992e+06
1.54066
126.032
45594.4
22.977
282.091
5.97126
368.149
3.87196
25382.4
26.4361
486.158
36.4878
4.25912
1.79969
146.897
0.304658
2480.81
26.7715
16.7961
18.791
5.95195
3.12172
4.95336
2.66048
3377.25
1.69341
33.3366
139.374
58881.6
201020.0
1356.84
12.4191
116.79
3106.38
99531.9
1133.52
171.653
6.50013
87384.0
0.74288
12.2943
9.86643
0.256417
0.343116
64.5488
3.92035
147.022
38.5105
0.391594
10475.5
1371.0
3.60728
635.44
201950.0
52.687
4044.81
5796.12
51.1275
7857.45
0.803905
26.2563
4812.78
201748.0
176385.0
69.4385
270.727
3420.66
40700.7
8.47882
47.7942
28473.6
14.5478
6.99401
309.527
4.1775
154.025
23965.3
29.826
15288.0
4.0188
6.24952
0.47017
24.7757
609633.0
5093.88
13596.4
442080.0
3180.68
7720.42
5.55367
1313.1
192.645
1.05894
80.5511
77.7919
5755.81
591.963
481.272
846.637
15662.6
14.9798
155.88
321.641
72.2347
6820.0
1.93795
21586.7
2.07501
200882.0
8387.36
23.9562
53068.9
6399.59
33.0027
16.0242
41.0303
6.85348
1.24868e+06
642.016
104489.0
195.674
3156.14
74976.4
0.49759
1916.25
51464.5
1444.0
17.0146
275.01
71.8427
163672.0
860.997
6962.24
4.77868
40908.3
2.43944
59458.0
40.3222
591.087
16.4778
2590.12
6.56342
1328.95
57.8639
3.6502e+06
130.096
47510.2
414.893
101.518
112.49
1.97476
269860.0
6.37957
1365.37
419.73
16.8809
61.0206
98.3506
95956.1
2870.64
2.68809
33.7598
5.02666
110.25
41.2776
3099.34
18388.4
637.531
767.281
865.107
251.007
247.3
926.752
9.21409
1.62411
63.7663
3.72394
295.947
2589.15
47392.0
137588.0
788.842
69904.1
1.64411
131.544
5.78541
6000.74
15.4062
17.9265
244.583
40.8835
15.806
4.0167
2033.44
9.31246
75.9866
15811.3
655.575
4.76979
31803.0
0.45025
53.9077
7.22592
15.5553
36827.7
2.49474
154.187
203322.0
547.061
32.9191
7112.63
1.11971
249.854
89.2624
6.0786
1980.63
3991.08
1.30609
31473.1
3.51576e+06
267441.0
27690.8
38.2317
59355.2
31.771
9.56469
2551.37
0.54621
23.7659
5.31834e+06
358.7
1.45695
478872.0
155350.0
743.798
46.9521
910653.0
164872.0
1855.39
287.812
68564.7
2.20281
23.9993
11277.7
10.312
150584.0
149.787
6.65373
23621.7
0.192338
677.719
38059.2
3651.83
33736.1
1.49364
860.256
27.8623
1.87214
3.5689
216.333
19.7267
498836.0
19738.5
192648.0
9.70036
45.0421
13.3629
8371.18
264.751
163.943
0.487788
26.8194
4.05629
4.11897
2719.11
21.6099
23755.2
224.23
131.33
19.2413
286727.0
19.0453
29517.5
47.8791
63.9603
9.21636
4.84765
1160.58
1.32253
53193.4
51.8724
1555.14
12.8882
15.2085
17.2105
536.765
0.0712416
1.47943e+06
209.024
39.4949
71.5066
370.46
10.5122
7694.08
0.43211
36.7216
45.6234
1903.34
85.9475
274602.0
1.51986
14.081
189.608
89.0496
2.41534e+06
3619.03
1.94223
5997.14
43.1168
74.6189
1786.26
496.331
52.1162
7.37832
3664.48
4826.59
433242.0
17.4714
37.047
9.10512
43730.2
8430.62
3.82458
11020.3
63.5675
14.892
0.762478
1537.04
117.148
157124.0
260.387
5.62261
10705.2
961584.0
2093.3
69.4025
6.36734
26.3134
46.1567
