5.718441009521484375e+01
5.706458663940429688e+01
5.711764526367187500e+01
4.636154556274414062e+01
3.813685989379882812e+01
4.623968887329101562e+01
4.777419281005859375e+01
5.167734527587890625e+01
3.901802062988281250e+01
5.306373596191406250e+01
3.990368270874023438e+01
6.097986602783203125e+01
4.603940200805664062e+01
4.577354812622070312e+01
4.344480514526367188e+01
6.078784942626953125e+01
4.979425430297851562e+01
4.906776428222656250e+01
3.846084976196289062e+01
1.296335315704345703e+01
4.053954315185546875e+01
1.298101902008056641e+01
5.890895080566406250e+01
2.528012084960937500e+01
5.704497146606445312e+01
5.874426651000976562e+01
4.973839187622070312e+01
3.315705490112304688e+01
3.874988937377929688e+01
6.078784942626953125e+01
3.872664260864257812e+01
3.795623779296875000e+01
6.014454269409179688e+01
3.244385528564453125e+01
5.443088912963867188e+01
5.477371978759765625e+01
5.963826370239257812e+01
4.653524398803710938e+01
3.745416641235351562e+01
5.090933609008789062e+01
5.364455032348632812e+01
3.044606399536132812e+01
4.330996704101562500e+01
5.026006317138671875e+01
2.912585067749023438e+01
3.123115921020507812e+01
1.834053039550781250e+01
4.989466094970703125e+01
5.868146896362304688e+01
5.850587081909179688e+01
4.840778350830078125e+01
4.118827819824218750e+01
3.733831024169921875e+01
4.605892181396484375e+01
5.246628189086914062e+01
3.881435394287109375e+01
5.106519317626953125e+01
6.178361129760742188e+01
3.965561294555664062e+01
3.606518173217773438e+01
3.730208969116210938e+01
4.957345581054687500e+01
6.022708129882812500e+01
4.563019943237304688e+01
4.694893646240234375e+01
5.923473739624023438e+01
5.659213638305664062e+01
5.714461517333984375e+01
4.904713439941406250e+01
5.717337036132812500e+01
3.821064376831054688e+01
2.828562164306640625e+01
5.356130218505859375e+01
5.365407943725585938e+01
6.086624908447265625e+01
6.084808349609375000e+01
4.378607940673828125e+01
4.997488021850585938e+01
5.927774429321289062e+01
4.821623229980468750e+01
1.697837066650390625e+01
6.049810409545898438e+01
3.082420921325683594e+01
5.090789031982421875e+01
5.902085494995117188e+01
3.900720596313476562e+01
5.126823425292968750e+01
5.318682098388671875e+01
4.056000137329101562e+01
4.597809219360351562e+01
4.840778350830078125e+01
3.900910186767578125e+01
6.044865036010742188e+01
4.472616195678710938e+01
5.828619766235351562e+01
4.782583999633789062e+01
4.009605789184570312e+01
6.016054916381835938e+01
5.221763229370117188e+01
3.780034637451171875e+01
4.792164993286132812e+01
5.823633193969726562e+01
4.767549514770507812e+01
5.066378784179687500e+01
4.686663436889648438e+01
4.757690048217773438e+01
6.682860565185546875e+01
4.469400024414062500e+01
3.999507904052734375e+01
1.886775207519531250e+01
4.119348526000976562e+01
3.871186065673828125e+01
5.068942642211914062e+01
6.738208007812500000e+01
5.996756744384765625e+01
4.524129486083984375e+01
4.633930206298828125e+01
5.623300170898437500e+01
3.241078567504882812e+01
5.033390808105468750e+01
3.557291412353515625e+01
5.857023620605468750e+01
4.114095306396484375e+01
3.963643646240234375e+01
4.596566390991210938e+01
3.720662307739257812e+01
4.748763275146484375e+01
5.504878234863281250e+01
2.284381675720214844e+01
5.355559539794921875e+01
5.112770080566406250e+01
4.469810104370117188e+01
5.025181961059570312e+01
6.164409637451171875e+01
5.887744140625000000e+01
5.137876510620117188e+01
6.046424484252929688e+01
5.744596099853515625e+01
4.054666900634765625e+01
3.807683944702148438e+01
4.224302291870117188e+01
1.799487304687500000e+01
5.208701324462890625e+01
3.833662414550781250e+01
6.033090209960937500e+01
6.155706405639648438e+01
4.086215591430664062e+01
4.343811416625976562e+01
3.871595001220703125e+01
4.998200607299804688e+01
4.476395797729492188e+01
6.029348754882812500e+01
3.800149154663085938e+01
5.856766891479492188e+01
5.476794815063476562e+01
3.315705490112304688e+01
4.831389236450195312e+01
4.434508895874023438e+01
5.810842514038085938e+01
3.172061729431152344e+01
5.755577087402343750e+01
5.000583267211914062e+01
5.994443893432617188e+01
3.560831451416015625e+01
4.359819793701171875e+01
3.557884979248046875e+01
4.749022674560546875e+01
6.006343841552734375e+01
4.938922882080078125e+01
1.838984298706054688e+01
3.611530303955078125e+01
5.528880310058593750e+01
5.070075225830078125e+01
3.065008163452148438e+01
3.990897369384765625e+01
5.217350769042968750e+01
5.818542480468750000e+01
5.055642318725585938e+01
6.054563522338867188e+01
1.951369094848632812e+01
4.636766052246093750e+01
5.028547668457031250e+01
4.451203918457031250e+01
5.401633071899414062e+01
4.901425933837890625e+01
3.773229980468750000e+01
5.568859481811523438e+01
3.023804855346679688e+01
5.824438476562500000e+01
4.677652740478515625e+01
6.015294647216796875e+01
5.695329666137695312e+01
4.929082489013671875e+01
6.063528442382812500e+01
5.600300979614257812e+01
4.982196044921875000e+01
6.057185363769531250e+01
3.117056846618652344e+01
5.960940551757812500e+01
5.592511367797851562e+01
6.044259643554687500e+01
4.550456619262695312e+01
4.034408187866210938e+01
5.691849136352539062e+01
4.705722427368164062e+01
6.001033401489257812e+01
5.500742721557617188e+01
6.068240356445312500e+01
4.212770080566406250e+01
5.061182785034179688e+01
4.042112350463867188e+01
1.817033386230468750e+01
5.959226989746093750e+01
4.592273712158203125e+01
5.222629928588867188e+01
5.863956832885742188e+01
5.945568847656250000e+01
6.072237777709960938e+01
5.883638381958007812e+01
4.528650283813476562e+01
4.928143692016601562e+01
5.030455398559570312e+01
5.539353942871093750e+01
3.755650711059570312e+01
3.726413345336914062e+01
6.054906845092773438e+01
4.486167526245117188e+01
2.400239181518554688e+01
3.955410766601562500e+01
5.472109222412109375e+01
5.876272964477539062e+01
3.767392730712890625e+01
4.915324020385742188e+01
6.081748199462890625e+01
5.781537628173828125e+01
4.811513900756835938e+01
6.085246276855468750e+01
2.168851089477539062e+01
3.445581817626953125e+01
3.044606399536132812e+01
6.071366119384765625e+01
4.378947067260742188e+01
2.960417366027832031e+01
4.500140762329101562e+01
4.923758316040039062e+01
5.068365097045898438e+01
5.203101348876953125e+01
3.758263397216796875e+01
3.353700637817382812e+01
2.474971961975097656e+01
3.815216445922851562e+01
4.698537445068359375e+01
4.298308181762695312e+01
3.741051483154296875e+01
4.154837417602539062e+01
3.843389129638671875e+01
