35.4073
52.2129
38.2972
41.3584
37.9305
56.4155
40.8771
34.6854
30.0049
34.6093
48.9204
41.9047
33.9985
49.4418
10.0165
48.6607
45.669
44.114
33.0863
46.3515
38.683
38.5618
39.8316
32.94
13.2677
30.3124
43.1274
36.2114
34.8762
22.1384
46.1662
55.9838
34.0602
45.9792
37.9264
41.9336
34.4631
34.6629
29.8377
56.1024
49.0528
43.0039
44.6762
37.6034
46.2308
53.8517
49.6262
31.6086
50.9215
44.773
5.79665
56.5901
34.3508
45.0885
34.4585
44.1848
40.6408
42.6711
45.5643
36.591
61.6638
39.6075
21.3117
33.6594
60.7752
43.593
32.2864
32.2193
46.1081
56.6898
32.1509
41.3299
37.1407
40.6074
38.8766
23.9801
20.7502
46.0251
39.6295
34.7219
16.3267
55.8799
35.0421
34.4983
38.0107
9.86067
18.3505
44.4668
12.1429
39.9595
33.0023
34.7008
40.3537
38.8112
32.7903
38.3212
45.9454
37.6075
28.923
33.5623
37.1859
53.856
53.0226
38.9092
44.5591
33.2767
14.1117
18.1195
39.4133
39.4993
38.6311
18.5766
39.8934
34.3125
47.0678
27.4674
46.3966
51.5574
56.9498
45.5815
33.2652
49.0117
35.141
38.4346
42.09
38.2841
48.0585
8.02374
27.774
49.4923
42.2721
9.33256
46.1303
39.9942
39.1895
53.2548
45.0363
47.8798
43.4337
45.7924
41.3288
52.8238
39.6868
47.0229
9.18864
45.7329
27.209
45.2673
45.3423
41.1428
46.4105
42.4628
43.1847
57.6522
38.1628
38.9186
55.2856
52.2691
40.5947
66.0295
40.04
48.1293
53.013
41.4766
26.9548
17.3797
52.7729
44.0959
36.9877
35.1767
39.5294
34.7678
52.3935
41.6936
45.3565
41.4804
13.9154
50.3832
34.0591
41.0741
43.6183
42.1806
49.7363
53.0571
52.9182
55.9579
39.3305
39.1713
42.9018
40.6535
56.3365
33.5691
43.7332
34.3865
39.264
34.4281
39.1658
43.0372
40.6929
58.0694
2.03936
45.8023
35.1135
44.6988
52.0951
39.648
42.3632
39.4475
44.2605
39.8011
41.0619
38.1874
29.511
32.403
44.8667
37.733
40.9628
42.7021
36.8222
52.2056
46.3084
35.0841
50.3156
45.4924
54.8349
47.0693
54.1706
48.6489
45.9592
45.6294
37.6431
23.4742
40.8409
37.5221
48.431
53.6071
36.8744
46.6012
50.6835
44.6613
42.9535
41.403
22.7933
35.2015
54.0542
34.203
50.1941
25.8784
19.587
39.7369
36.9645
50.4291
42.1825
52.6371
38.2954
38.7994
38.4154
45.8979
42.2672
34.1007
40.2985
8.75453
60.1414
44.3305
42.2111
26.8836
4.74874
60.6896
34.4617
41.6722
60.3854
40.2148
39.4285
45.2322
52.147
44.9258
26.8251
29.1725
44.4694
52.8521
55.7873
35.1591
36.862
45.5257
18.4953
52.5938
57.7799
54.102
32.9991
37.913
33.5945
24.8524
46.5167
4.14863
35.5748
43.992
44.8941
36.437
34.5574
34.5843
33.6636
45.5533
34.8541
42.5371
80.3237
35.2863
40.4238
35.4353
46.5484
60.3342
45.5663
2.83439
35.0572
49.5593
48.8903
45.4029
46.077
42.5512
47.1957
9.6528
42.078
45.2925
38.4295
50.8068
40.041
32.0844
43.5317
33.9271
38.321
33.9565
47.1509
39.6078
31.1492
39.5034
50.5674
3.40634
45.7924
40.8971
51.5876
39.1477
32.8587
46.1644
59.8246
25.1003
39.8523
40.3611
42.4973
46.2004
45.519
46.1145
38.479
39.7254
28.5849
45.0635
51.9272
38.0822
35.8784
37.991
32.4655
48.0535
34.9153
56.0637
51.0617
43.6124
17.9197
32.5014
43.2083
35.7635
33.9651
35.2259
39.2656
29.0167
39.0564
47.5631
44.9934
37.0326
44.796
39.5959
48.8881
41.3809
37.1549
39.7114
40.1517
45.0838
48.5489
38.1955
20.2345
34.8746
40.9035
47.4153
30.4842
23.5349
28.507
39.7864
37.821
57.8847
9.54169
40.426
35.6157
34.8634
36.8313
33.4307
40.3323
60.0132
46.1288
46.9118
36.1497
39.2218
45.5055
46.0202
44.6173
49.9653
39.9484
32.8412
32.9114
28.9584
40.5797
52.3769
47.895
55.9399
42.3826
34.8936
42.7064
45.2425
36.6646
39.72
40.461
35.5968
38.7456
37.5409
43.1958
52.7198
41.6788
5.48618
34.3869
16.6448
64.0571
28.6095
50.6571
43.563
32.2781
48.7661
51.4168
53.7814
36.4652
40.1587
47.0454
43.4809
36.6876
34.6122
24.1669
49.4069
55.7544
4.91867
42.0136
29.9932
29.3606
62.8714
42.0145
20.2136
16.7576
42.4007
34.1089
6.04104
46.251
30.2071
40.3267
39.2658
35.361
45.0363
34.9041
43.8939
40.052
40.5115
38.5029
45.5864
36.7628
40.6607
41.3403
34.8432
34.4043
30.1467
54.4789
38.0532
34.8453
39.9354
27.1654
50.0276
51.3362
39.7136
53.389
6.51602
68.925
60.2899
34.8493
47.0378
14.0475
42.8681
47.6919
36.1083
40.1615
12.2192
61.7777
40.0851
40.5525
16.6027
7.42529
45.7357
38.0915
57.159
44.0272
54.4299
30.9465
44.2406
52.9899
33.0995
34.5886
45.2946
46.1988
39.1226
31.336
33.9976
41.9819
40.3866
43.2493
24.9951
56.186
42.9561
10.5131
38.8742
57.8719
60.2344
59.0534
55.9631
44.2906
52.6167
46.248
48.9659
36.2131
22.6775
43.2742
39.3979
33.4626
40.0497
66.1007
47.8372
49.763
39.8583
52.2855
48.6429
34.0049
61.0175
54.2187
33.6391
39.284
37.8187
34.7816
39.5532
38.8116
45.9127
49.4203
37.0217
36.4443
34.9386
40.3459
28.6224
23.8894
34.8011
46.752
45.6979
34.7435
53.3428
42.078
49.7469
31.7701
39.17
47.9532
34.2949
51.5248
40.9954
50.9129
49.8574
51.8752
59.1912
56.9171
35.3539
53.2494
44.1509
46.4065
44.8118
61.2172
45.6333
54.0052
40.7406
8.53825
32.846
10.5025
43.3202
49.0044
38.8754
43.2998
38.576
45.1117
44.7714
6.03951
1.91177
43.8382
49.7986
41.7401
60.6406
44.3167
31.448
34.2298
36.7701
41.2039
41.3626
34.8933
39.6782
52.3766
32.6419
54.333
27.5535
39.6058
36.5471
50.7674
15.328
42.9438
37.6152
44.8866
46.479
35.4722
8.20399
26.832
39.3038
53.8003
32.0586
44.2617
45.6453
24.9702
43.0827
45.6722
18.0046
35.4275
44.7497
34.633
67.4669
46.661
43.4333
39.971
43.5166
34.7626
52.895
18.2928
49.4343
54.7044
27.1006
40.4782
53.5639
37.6385
40.9198
11.6245
62.9259
18.7895
41.2172
37.8514
45.2546
38.0139
42.9859
6.63637
42.5565
50.8141
43.4635
39.8325
39.3789
40.6058
40.0187
45.4907
39.7943
35.0315
33.1319
31.0528
44.4491
35.0601
27.7593
46.4743
40.0623
37.5851
52.9354
44.9035
32.0031
19.8347
38.1182
40.0155
45.0872
39.9081
41.4002
33.5504
41.9246
44.0661
35.1213
43.8644
38.9946
52.4072
74.9101
30.2893
28.8836
29.7936
33.1959
61.8754
37.3364
68.9705
49.3395
38.5475
10.2048
5.94263
40.1287
11.0745
36.0718
34.4143
20.1578
3.62301
61.5697
37.7717
40.7289
54.156
68.1399
49.9964
46.2112
46.998
35.6131
42.2563
49.5199
44.5112
45.5162
34.0848
27.1391
34.1709
26.653
63.966
38.5691
40.9781
27.842
39.7517
43.6376
51.8625
63.5392
49.316
40.303
6.14394
40.2322
42.7354
47.5558
18.3591
33.5995
58.9909
29.0866
3.47531
37.1922
51.9084
44.3646
35.2031
36.5401
29.9701
40.4869
39.5509
43.0156
3.57758
35.0496
45.0979
44.1116
39.7931
19.0906
35.3914
59.5896
34.9267
53.3699
53.3457
39.0909
48.7063
53.3599
39.7618
43.6753
30.241
35.2657
34.1152
40.1764
39.0813
29.8524
45.5202
45.3499
42.7342
32.4885
42.2084
40.2139
23.9048
36.0599
41.294
48.1225
39.8848
12.6026
46.2145
34.1787
19.571
39.704
51.446
36.8176
36.0583
58.8688
37.6581
34.9559
34.3784
38.2792
29.6328
51.8858
39.5766
42.831
29.1638
34.5646
33.4213
52.8358
39.2783
34.1864
36.8662
34.6577
39.4983
36.5841
39.8828
47.6875
33.6585
11.9714
46.6156
48.4996
33.1286
38.3586
33.845
39.9358
34.555
53.1915
40.4707
3.26706
34.6338
26.1612
45.9135
26.3327
41.6032
40.0818
52.2173
58.097
45.0267
46.5153
49.7968
38.906
44.1117
42.9454
21.7203
10.3936
40.1723
53.2638
31.6329
45.5265
34.9242
40.4186
46.1568
38.371
52.3584
51.0065
36.9708
39.0067
54.3934
44.1711
38.4805
33.4074
36.9378
47.3961
39.6162
22.0257
44.7726
33.7888
41.7135
40.426
1.44041
47.7554
37.6663
49.4212
35.8741
50.504
40.67
44.8598
54.245
39.2247
35.4891
49.1659
37.7729
46.9508
39.4007
47.5301
39.1913
51.0301
47.4244
51.4611
39.9954
41.7727
34.6338
48.3009
37.1126
41.8717
9.41658
43.071
20.7924
46.4401
33.2908
43.2092
45.9656
31.7089
29.5908
28.8836
50.6292
35.9822
45.0557
48.1117
37.2375
25.8654
45.7647
34.311
37.5091
39.3788
25.6423
46.3903
34.3733
49.437
47.0035
38.6427
40.9418
37.6728
36.145
40.0708
44.8912
39.9734
34.4832
46.4087
34.9455
39.3772
54.5349
22.8345
37.4623
39.6479
50.9997
58.1665
42.17
22.3646
38.5812
3.64386
42.6095
28.9196
40.6256
29.1498
47.0879
46.7645
41.5696
44.6594
44.1704
41.9117
21.8435
44.7905
52.0805
39.7465
52.4683
40.7974
46.6436
65.3742
51.6697
52.8921
36.8762
15.6186
50.6212
54.7265
5.12259
34.0497
28.2143
5.17173
29.9788
49.9326
38.4802
35.7611
39.4309
34.8389
35.0984
43.7657
36.6492
47.9711
47.3633
39.0456
33.1781
58.5853
39.1001
51.7973
43.6043
36.5247
40.2859
49.5325
40.5566
7.57716
34.56
41.6242
51.1141
46.4314
49.35
33.7093
42.9912
41.8466
59.5706
49.442
42.7429
7.98162
35.7344
44.9967
58.9175
37.5388
40.4025
40.0588
45.3284
36.6229
43.9561
30.89
48.0302
32.3523
54.3801
32.3622
40.1634
52.0602
40.6959
37.6956
58.1648
52.5815
43.8526
39.4542
38.436
33.6634
45.5288
46.1618
33.5684
25.5415
58.5049
25.6248
45.4864
39.8258
35.2813
36.1948
39.8234
43.0906
45.7236
56.2592
44.877
30.8939
36.3431
46.9988
39.7722
46.3108
2.50019
51.5649
41.2217
47.5923
40.7471
43.3726
46.4529
52.4864
57.3009
38.3164
33.0205
34.635
25.4874
45.9599
39.8096
67.3422
34.1331
34.4896
19.1598
38.7409
57.8611
45.3742
37.8975
27.169
50.3745
3.2389
42.5116
48.0984
27.7042
33.3548
34.3162
28.1383
34.6628
36.223
1.62825
40.101
24.7633
30.2598
62.0852
22.6143
32.4334
36.085
33.9784
61.853
45.5534
21.8644
35.6312
37.4794
50.0985
57.0132
40.3069
48.122
33.6502
40.9703
8.11174
60.4029
37.0359
49.2776
53.8632
40.8335
38.0586
5.50285
44.1933
50.2469
45.137
35.2777
49.442
53.0046
20.7435
41.6494
53.6582
53.9591
28.1644
27.276
38.7002
41.8367
45.7794
37.634
52.2057
45.8664
39.5599
43.6205
56.8747
20.0197
34.5433
39.3645
34.9491
45.4358
41.8596
39.4149
55.0011
48.0073
46.2569
31.2265
42.4166
40.0232
44.0029
29.9084
23.5383
37.6968
45.5186
43.5185
41.1784
46.5279
29.0767
7.31571
37.9686
44.6348
48.8362
47.3906
39.0848
41.908
36.2415
39.0629
32.7352
40.7322
49.234
48.4957
54.5399
53.02
42.2772
45.8214
33.988
52.9862
41.6751
51.2824
52.3506
45.7802
35.2987
56.0238
43.971
52.5316
39.6166
31.7864
33.309
36.0154
0.905893
37.9267
61.7598
40.2151
40.3912
38.1462
58.1576
2.97618
46.1274
33.8
52.926
37.9994
49.9079
47.3556
46.5821
14.0218
52.3049
32.8647
37.5654
39.9974
46.4734
34.4402
39.0406
55.1611
43.2525
39.2606
38.2363
33.6674
50.2228
38.6235
50.632
50.0976
51.9352
34.8542
51.6901
44.8315
41.9446
34.52
43.0127
39.732
41.2745
36.6692
0.595912
39.3689
38.9736
41.8987
43.127
37.8603
38.4995
31.9527
43.9786
50.9158
25.9711
22.0244
43.8011
45.1275
44.8254
40.4514
37.0098
46.4797
40.4318
36.5071
46.9593
32.3552
12.4024
38.8238
49.1883
51.8053
48.8796
39.8443
52.108
28.4594
36.3052
37.4296
45.8022
37.6307
43.2234
43.2145
45.3678
40.979
45.0717
32.6475
39.0293
27.3755
31.0416
41.7535
44.762
34.2188
27.0071
19.5541
63.0423
44.7384
55.0745
41.399
7.00043
10.0176
23.3348
36.5276
42.099
58.4928
39.6008
27.071
38.7132
11.366
45.4956
23.453
40.4423
51.1667
34.1649
37.7631
48.4714
49.4813
28.8175
48.2177
33.1873
42.1774
49.8229
37.3879
44.1643
35.4315
42.724
50.461
41.0258
32.3661
35.9928
39.3155
61.8731
60.1546
46.3653
42.5125
31.2747
45.8032
13.5733
39.0226
61.8351
62.1483
50.4099
56.2453
42.4872
53.5862
39.0437
48.0725
40.3571
48.687
31.6043
18.9295
39.019
38.3271
40.6854
50.7506
31.3257
52.0269
21.7672
52.2895
35.0821
38.8905
26.1051
40.4015
65.9429
49.4516
38.7108
45.7959
40.0235
38.2977
34.0473
36.3754
31.539
11.6443
44.9159
34.8634
22.797
46.8159
29.3054
44.6473
33.4193
40.6147
31.5446
40.0572
44.9929
38.2357
51.1712
41.069
34.4422
39.3797
48.7499
58.4804
53.4387
53.1625
53.1814
28.4997
40.3097
38.5302
34.2244
53.3142
36.5316
32.2636
33.8128
48.0543
37.9754
44.4964
38.6713
34.5044
41.1213
32.153
34.5846
39.7507
42.2285
36.3543
48.3315
35.981
55.5369
37.9696
34.6887
37.1723
59.8442
41.8859
37.6069
61.9985
40.9771
64.2917
34.7577
38.4069
34.0275
39.9238
47.1654
44.6359
31.9773
39.525
38.7971
45.2184
48.9064
50.1463
33.382
62.2044
51.3214
36.3766
50.3918
50.4342
34.558
31.4682
52.1798
42.9158
38.9244
46.5158
49.2612
35.1058
54.7038
47.6226
60.2813
39.865
37.6934
35.025
59.8582
42.9741
41.4885
41.4657
42.9567
45.2982
43.7783
43.8512
48.9588
61.3378
47.2079
48.181
46.7897
34.2315
30.7992
46.7575
38.865
39.8655
44.482
25.6668
4.00435
47.3708
64.2861
43.0913
43.2022
35.923
36.5668
50.5795
51.4545
47.21
39.2727
52.2079
55.6534
33.3568
41.5955
53.5807
40.2615
45.0014
35.0327
50.3663
51.8091
44.2383
42.0451
54.8934
60.0998
48.8508
15.7987
39.7038
35.9292
41.5258
47.2602
9.3276
38.8464
43.3623
36.5398
40.0803
54.6432
46.2923
29.8111
46.6956
52.3442
13.0263
30.7412
48.4939
47.3756
38.2122
34.3279
38.1665
33.1148
42.149
47.2648
46.438
33.6902
53.309
51.6497
46.6808
39.0747
41.5722
25.1299
43.2963
33.5492
47.7784
46.4252
39.7107
33.2529
31.7305
42.2341
37.427
33.5052
38.4329
34.4192
40.7609
35.1699
51.9303
25.5143
49.1108
52.3905
36.43
65.5528
53.3214
36.4969
30.1549
50.5746
43.5186
27.1146
8.47877
46.7464
71.1576
34.5604
39.8132
42.7712
47.1195
43.5524
52.3837
34.3785
39.4264
31.6898
29.9349
8.38727
38.9058
30.4328
53.6559
32.8773
44.2751
39.52
55.1555
37.3551
40.3758
33.5403
40.7816
45.1285
30.7569
50.6888
48.5988
44.5812
39.0076
26.913
42.8268
34.6889
47.089
35.0596
46.6984
39.8051
41.6103
5.52568
52.736
46.4453
40.6311
48.7101
41.2856
39.1253
34.5296
36.718
36.4434
47.748
43.2278
48.8923
41.6559
37.4625
52.8053
47.9847
49.501
44.3918
40.3524
35.0545
21.0392
44.3265
62.8478
39.8936
48.7011
32.5051
39.5731
40.5225
34.6844
47.9499
22.6418
54.4057
35.7675
62.0642
59.3107
50.9597
34.9846
45.5149
45.7472
39.7497
34.2359
42.3091
46.7491
7.83777
38.8851
34.0532
46.3311
36.7534
52.173
44.3592
34.5357
38.2571
40.0716
38.7494
41.1464
25.6626
5.29431
31.4459
51.2995
39.7872
59.4704
49.6013
33.3059
50.9359
39.8871
37.9137
45.5648
38.6399
45.9068
37.0131
46.2343
20.0676
42.3946
26.4286
46.0767
44.8459
24.7734
61.1035
46.3364
34.7005
30.8387
51.775
34.4985
38.3018
45.5637
28.8627
52.3724
34.4015
36.9001
36.1195
45.8967
48.5188
43.6144
38.988
27.8065
42.3392
28.2371
39.5368
34.8425
66.8261
43.1473
34.3679
42.2595
44.9964
45.3366
34.03
50.3429
61.1113
35.1984
34.6411
4.69096
26.3186
48.8629
54.9194
37.4229
43.8788
33.3858
53.5242
25.9932
7.91378
46.1256
42.8492
39.4519
42.0093
44.8787
43.3998
39.067
48.1387
43.6236
38.7731
46.5798
45.8893
45.8829
45.5316
40.4299
39.8722
40.7695
51.7712
45.4906
26.2687
42.5676
46.1704
46.1301
40.0484
45.2331
73.9909
45.1737
40.6756
30.0697
37.886
39.8429
42.6456
67.0127
39.081
41.0992
38.1058
51.9813
37.3616
38.548
22.7591
49.6232
43.4596
47.0373
34.3216
34.5741
20.3072
10.5222
40.2067
53.456
48.0458
62.0946
48.6949
34.1603
52.0454
42.1544
1.91898
51.706
48.9322
40.0293
38.0663
46.571
50.3026
42.9532
39.7361
48.6767
50.8755
53.805
46.0417
18.0809
46.8915
4.36909
42.7804
38.6815
35.0752
39.4622
48.8647
36.7926
59.6556
52.5321
43.9866
44.1902
33.7578
30.5686
62.9082
39.9544
51.8185
52.6452
4.61147
37.1985
53.6384
42.3581
45.5461
52.0236
28.8475
42.4647
45.3919
41.054
52.8673
36.897
46.8768
44.3461
45.8045
42.0991
39.917
34.8496
45.599
51.1781
48.7134
37.2306
45.6822
36.3778
52.4819
52.3488
43.2008
39.2999
46.6713
43.9442
42.6648
39.7291
27.8948
36.6319
25.1548
39.8884
54.7739
27.4111
46.1578
29.6857
41.2871
38.5687
34.3092
46.2355
41.6603
31.5717
32.0542
34.5572
18.6194
64.2374
50.1651
44.9935
46.073
59.9208
37.9041
50.4225
32.1864
36.7585
25.8564
39.7491
39.79
49.0213
43.7607
33.6733
62.6836
36.1069
39.3768
51.8257
10.9527
39.6075
45.4076
34.9766
39.4852
43.5936
38.2545
39.9193
40.101
39.1193
36.6303
38.8201
40.2028
55.4631
39.7571
38.6218
34.3758
36.052
45.5834
29.9674
43.3604
50.3044
34.4068
23.6323
56.5174
40.2752
12.5008
46.1247
39.7953
38.604
42.0858
23.2218
57.8669
43.44
34.8816
28.1891
41.9204
31.9507
33.6091
60.2408
42.5591
53.4401
10.9164
44.9576
43.3069
45.743
46.1044
51.2689
44.9356
48.4287
44.5568
42.7045
6.52149
46.5373
40.874
40.937
53.426
49.2548
33.2844
9.47006
34.1866
38.9046
51.6727
35.5903
38.714
26.8661
20.9242
40.0261
33.8461
52.1494
39.5315
51.9923
37.9312
26.4043
44.7062
39.8885
28.4472
20.0475
40.3038
23.8312
45.9017
42.5857
31.2625
36.4649
45.9817
34.2779
39.419
43.8574
31.4583
33.2637
39.6285
65.905
52.5505
43.8403
4.74733
46.1022
35.2653
48.1917
41.3266
9.24011
34.5765
37.9125
39.8332
41.2217
37.6594
38.5563
32.8321
52.7329
35.9545
35.1102
34.7594
52.4627
21.741
45.2788
51.726
40.208
35.3846
38.9028
54.7966
65.2014
39.482
7.4808
26.3426
50.2203
34.0079
45.2142
53.719
35.2821
7.8241
27.4551
50.2705
41.845
38.6539
46.2423
34.0681
44.3453
38.1322
51.9786
40.0566
43.2222
35.9994
39.1095
39.4569
37.5687
56.0844
40.7004
52.3828
42.7811
34.4165
21.9853
38.469
34.4043
36.7471
45.4935
43.3786
39.095
47.5625
44.372
40.1167
40.3149
33.8149
39.4854
45.0993
47.4707
40.0014
39.7085
53.6358
42.2911
52.747
51.5983
40.1058
3.18061
46.8715
24.7641
41.6113
39.5636
37.9618
32.7023
50.1932
47.0972
23.9877
39.9501
35.1678
36.2025
37.4478
46.0044
45.6819
40.5725
38.8902
35.588
40.2023
43.0523
56.3197
22.4665
39.347
19.0375
43.4612
27.0607
14.51
48.5557
48.7539
50.3435
45.1245
42.4305
37.0624
56.1618
41.1479
40.0956
42.4312
16.5513
13.3867
45.5489
4.46649
35.6244
1.93565
39.9301
42.3947
16.8576
39.1239
70.9416
43.5617
64.1254
43.4172
41.4454
46.3234
21.2467
45.4241
40.2242
54.9282
27.3622
40.0433
28.6878
43.1492
57.2317
40.2491
39.9863
46.7206
45.6904
45.961
37.0275
47.4326
34.5823
53.3976
28.2125
40.0455
40.6355
39.9265
39.4872
46.1689
39.3595
34.9483
39.8776
60.0772
43.373
41.0141
33.3639
45.3493
52.4642
52.8698
46.8256
13.8709
42.918
41.6575
39.6211
31.5454
52.226
42.4355
12.2427
46.4184
34.6083
37.6044
42.8443
35.09
39.9226
4.75965
27.9478
23.5603
43.5378
47.3651
40.0753
37.5302
39.7181
45.6018
29.8409
20.6094
53.5096
45.2097
61.8183
18.0126
22.3462
60.9367
32.9785
49.2332
48.8387
39.3202
39.5338
44.6157
49.0211
48.1072
39.2431
42.0075
46.6838
40.1358
39.4727
39.3306
42.8571
38.4131
44.8957
41.5022
42.2591
46.2413
39.4489
45.2298
50.3032
45.6575
45.1812
53.5031
44.7294
39.0487
22.0826
50.5088
45.3983
38.421
39.2649
31.4825
39.3418
39.4839
24.8487
43.1616
46.4845
45.8414
52.0794
41.1873
58.2426
36.0135
43.7268
63.0165
39.1555
33.4861
49.2738
38.0564
49.8483
60.8863
14.8056
41.559
30.2578
34.0631
38.3644
31.1541
38.6961
46.3842
43.6681
49.9967
40.0576
42.7029
27.8349
53.6468
36.8337
40.2213
43.1118
43.6367
52.3573
51.8668
62.718
51.7882
36.192
40.7974
47.5299
45.9154
37.2648
34.3632
30.205
53.5569
53.3516
52.7832
30.8033
49.9963
44.4418
35.9105
39.1326
37.3172
34.9543
33.74
49.7155
43.2396
39.3621
40.4065
52.7222
13.9398
39.4544
39.7409
39.9954
42.5698
46.0819
38.4667
41.0158
37.8235
44.481
46.6299
30.5831
44.4119
39.3211
37.9601
49.8037
40.7989
40.4591
47.9084
49.5483
37.843
40.0586
46.1157
25.4574
63.8315
47.4588
36.0947
39.8083
34.3341
40.8672
38.7241
35.6086
49.1299
42.9244
40.3091
41.7082
39.839
43.048
38.5092
48.2364
34.444
30.2325
32.3717
40.917
24.1217
68.3513
46.3932
44.6897
35.6426
44.2511
39.2275
6.09196
26.6408
40.7407
49.713
39.2565
32.6168
39.8332
20.5674
38.3792
46.9207
43.7513
35.1067
38.6049
40.2626
44.5363
53.1453
30.6892
45.2572
31.51
64.8189
39.4958
46.034
40.6728
54.2744
44.6076
39.5476
53.3132
50.4782
44.726
44.5024
34.254
37.7535
51.3321
48.3313
51.5814
37.8889
41.9493
17.6655
41.5255
59.474
47.006
28.467
48.6643
45.8878
43.1689
42.8903
26.6916
50.5139
39.8742
1.43833
32.2914
39.1719
32.4237
44.2238
38.8847
32.7301
36.6161
29.9314
31.097
40.3094
39.0494
40.7814
39.8613
37.9321
50.4376
44.895
46.8866
35.1769
59.0142
34.5373
48.9557
38.9719
34.5459
58.5512
39.8441
28.1055
46.215
33.3553
46.8768
44.159
56.4835
40.3395
29.2252
25.6944
4.83767
41.6261
39.5461
32.2652
29.5041
38.4377
48.9871
33.6347
34.5337
56.3535
41.5643
43.8291
57.4572
44.4997
53.1329
46.3806
38.0387
33.5014
30.1976
34.7741
37.5866
23.4764
42.4862
43.377
39.6315
38.838
40.1811
46.5509
34.7502
55.6581
47.6701
39.1384
33.3587
34.4476
45.9342
50.5345
41.7765
38.7621
40.1899
34.5622
55.4331
41.6246
43.4813
6.64583
43.6877
35.5373
43.5175
39.2872
40.3354
41.1106
28.5041
42.9318
39.7704
42.3068
32.0108
53.669
28.9246
50.4766
32.8579
9.00505
21.2279
66.23
54.3471
25.6951
41.9238
15.2992
41.0104
53.4552
39.6091
52.4277
34.7189
46.9198
37.1211
37.8049
44.1029
61.3218
40.0051
42.5596
34.9364
34.144
41.2993
35.9802
28.2188
39.8087
15.4683
28.7498
52.0722
29.5725
26.9288
44.3284
44.4565
47.1837
48.8716
43.6711
39.6829
43.933
33.6143
34.0332
46.1698
42.5697
40.0305
41.1012
18.5387
45.8269
51.1422
37.24
40.1007
43.6194
47.6384
54.9248
34.2386
46.4536
33.8985
45.0489
33.8461
26.7971
39.9489
45.1642
39.7376
40.2007
40.0408
41.3659
9.43779
34.1798
34.6813
39.0785
49.0055
36.0329
26.1315
44.4637
36.0057
46.3548
41.3186
44.2945
64.5277
43.1381
15.8349
39.7582
53.5897
31.1823
53.4872
39.6554
18.8218
46.5965
17.0241
38.5649
39.6956
51.497
13.5859
46.5212
27.4804
64.2076
39.765
46.1547
33.8753
38.4849
40.4409
46.9256
32.9587
31.0686
49.619
48.6091
40.1674
3.05297
59.2926
49.3591
34.6623
46.4414
38.8024
39.968
22.5643
33.3338
37.5013
43.0998
42.1982
50.6706
40.1268
10.3814
42.4063
43.1016
40.3431
83.8614
36.7958
39.3524
33.0477
28.9586
45.6221
39.6482
32.8074
50.254
34.3011
47.7232
37.9665
52.2878
44.4633
72.4
43.9639
29.8029
31.087
30.6262
49.1933
46.992
34.3273
20.6415
53.4552
39.7147
39.0254
56.3777
47.8271
64.9921
47.3401
33.5108
32.238
54.3922
35.1736
38.9491
44.754
29.7509
47.1908
44.2409
33.8754
21.8887
42.2682
70.2471
55.2065
41.6438
39.7251
34.4443
35.4945
42.9186
39.2793
27.2329
39.0289
34.9871
17.4963
73.7005
60.7393
45.1914
51.1057
40.6097
39.2099
47.491
39.7551
39.771
34.364
35.3577
42.8538
39.8994
11.6768
42.81
44.8074
34.4961
54.0415
40.2494
40.034
39.3486
38.3748
45.6803
38.3223
54.0207
42.6877
51.4409
41.5345
39.4671
34.4249
46.4069
40.5404
36.566
45.1118
59.9641
43.4351
47.3501
38.6656
45.6799
35.245
35.2903
64.1929
40.1995
38.1457
37.866
40.1652
46.5613
36.58
48.9813
32.0278
51.7386
33.8362
39.9297
15.4335
15.2074
38.8126
33.2098
15.6497
37.4718
39.0381
52.4726
28.7001
51.2323
34.662
53.2258
45.9415
42.9567
29.9585
47.9377
40.5842
44.9283
39.7467
48.904
45.7872
34.3347
39.6867
12.5276
46.9544
37.6617
44.3632
38.0455
42.6162
39.2998
40.0066
44.2055
51.1451
49.3447
39.0868
41.3407
45.0838
35.0308
26.2734
44.587
59.5777
40.639
40.7352
7.10445
48.0859
45.5332
39.4959
44.2236
53.012
9.31194
44.7747
39.7157
48.2017
39.2832
46.0027
43.0885
43.7852
42.909
39.5446
52.5597
39.4875
45.9595
42.1992
40.3792
44.4065
47.1224
41.8175
56.4068
44.6877
34.1499
40.5138
38.952
42.6528
39.5483
39.8621
31.4793
47.8982
30.7664
48.8241
47.7993
34.7969
44.3737
35.7924
48.0491
34.6494
44.7523
47.4885
40.8935
47.5751
47.1068
41.8437
54.7857
44.7976
30.7506
49.4091
40.6558
31.2434
2.27151
42.9368
42.4966
45.3147
45.8971
50.2737
37.6198
35.9197
29.8963
21.7279
45.1415
33.1623
53.8332
42.3618
43.7847
53.083
10.9854
54.5767
33.4248
45.3691
39.8365
39.5785
47.1343
41.4034
40.4951
46.446
40.3396
33.4646
52.862
58.4088
1.9919
66.7146
49.8723
36.8707
40.0149
45.0374
19.7271
33.8601
49.3611
37.2273
47.2332
39.9982
39.8707
41.8932
53.0916
33.5458
45.3664
51.776
39.867
52.4564
46.8343
53.8474
37.7394
37.7068
39.3123
32.7023
59.7576
47.7311
34.7598
40.0604
37.8734
49.3017
47.7781
33.2583
38.9294
37.6
43.4013
41.616
52.7258
21.6587
58.076
43.3887
40.5173
39.1398
24.1632
44.6961
58.0393
30.0875
52.6025
42.7103
9.6531
31.9978
39.4172
37.1082
39.3287
44.7987
43.0616
49.1767
35.1565
20.6361
51.5373
48.7624
43.7537
40.3259
40.1019
58.189
48.0902
53.3448
42.753
38.4225
44.0186
33.6077
27.8826
64.2904
58.1162
40.9154
36.8363
45.6868
51.4384
34.5534
35.3099
36.1428
58.4101
43.2642
47.4588
11.7467
37.1506
44.0922
40.4719
25.5985
27.421
40.4745
36.6719
54.9594
52.2317
36.2943
46.7245
39.7145
35.7502
46.7202
49.8938
36.5682
40.3527
50.8605
33.2691
63.7368
44.3557
40.1595
34.8974
22.3788
45.8746
57.1187
34.5171
33.5478
46.7535
26.0685
58.1411
29.3432
6.68492
50.7703
52.3176
34.1902
40.0053
43.2743
40.1911
51.1606
35.6019
38.2355
48.0154
45.68
40.8357
54.5489
45.3485
41.5268
49.7863
1.9976
46.7427
49.5011
34.8579
28.8892
44.7003
52.6555
45.3954
43.7329
39.9798
21.4374
42.3231
45.5336
46.4083
46.2827
67.5798
40.6287
55.5533
37.2317
46.7008
33.5474
6.44927
58.1385
57.2292
1.71996
25.6211
53.83
44.5092
49.3062
47.1455
45.1189
51.7762
3.79022
37.1593
42.4031
31.0925
40.211
44.2237
29.2541
40.0832
37.683
36.4549
36.8499
51.5439
46.3402
46.6514
32.5139
36.2787
46.2791
25.569
30.029
49.0883
44.0827
47.1143
43.1858
39.5233
37.1241
22.4995
31.7461
34.6824
32.6874
38.4464
42.2895
34.4021
39.8835
33.7788
63.6763
54.5052
35.2149
31.4091
40.7314
54.9384
48.2864
44.737
45.6118
50.4276
37.1157
39.2626
33.7892
40.2435
36.8711
35.7048
48.3519
44.8667
58.5732
50.2633
45.3496
37.5781
39.3187
30.2379
33.1277
40.0064
37.2065
21.9074
40.7882
36.9219
35.0876
35.7653
46.238
35.7794
61.7962
51.7766
40.3502
34.511
37.0736
13.8661
44.719
39.9597
39.6754
51.6373
35.3827
32.5132
46.3102
21.4116
58.1835
30.0349
54.7333
43.393
38.1374
38.5509
43.2205
45.5002
35.8341
34.6004
38.5943
7.36425
31.9074
46.1663
50.2992
36.9359
42.1262
36.2784
52.4441
30.0351
46.5728
44.3353
34.0182
43.2892
63.8413
32.476
31.7369
38.5218
46.0565
46.0927
45.1499
29.7075
27.2023
36.7059
32.7046
34.1651
44.4563
46.4861
55.534
39.4393
53.7125
42.8964
34.7618
36.7545
39.0537
35.9531
39.6526
42.2319
18.7918
56.4059
47.9322
38.9758
38.7727
61.1933
45.5432
40.0159
50.794
32.6616
37.1035
54.4916
47.2705
24.9711
47.3695
23.744
51.9354
39.4543
12.7295
48.1553
48.0422
33.5181
31.1555
38.0696
5.9076
32.3689
56.1371
3.32965
4.0199
40.2409
34.5728
47.175
56.7047
47.1044
40.0901
54.9279
47.0246
33.9745
39.8304
19.1922
27.3482
33.3799
37.2883
41.0784
2.89274
53.523
3.48141
40.9746
51.107
37.736
48.4942
46.1407
39.6899
26.097
44.7968
55.4605
32.9464
45.0521
42.931
40.6032
4.90423
45.6011
68.4528
37.6956
43.0037
45.4343
2.63059
33.0187
42.9664
50.5473
41.9917
33.4544
43.7633
45.4015
33.9688
45.0146
36.2107
44.225
2.29157
38.4824
33.7858
40.2527
49.6304
42.1917
50.2213
26.9995
46.2607
35.9635
56.5114
42.7993
35.159
45.9622
57.1224
14.648
30.4261
40.001
51.4093
40.918
27.7174
32.2984
38.0895
13.331
42.1471
51.7641
36.1154
42.4401
52.1275
7.24544
44.4153
29.024
37.4941
32.7688
57.2733
39.5929
40.8337
39.772
43.2444
42.7416
33.4061
49.6821
35.5751
37.2482
43.067
42.5768
43.956
31.0769
34.8929
35.127
35.1979
39.1625
9.40372
46.4827
49.3208
49.6797
48.0917
33.1983
39.8434
38.9946
34.8519
44.9236
15.91
38.067
33.8173
43.3913
45.9603
53.0017
35.6184
29.484
38.9583
32.8389
42.9153
33.2413
50.9862
45.6186
31.8888
42.7066
45.7767
54.9223
46.1082
35.6788
35.8787
20.2244
51.9618
42.8104
8.71438
40.5267
40.6669
51.9532
45.7403
34.3614
48.966
45.6267
50.0959
10.686
36.8573
35.4389
34.2101
32.9694
35.2797
38.0741
41.5779
29.6131
19.5089
39.4534
40.4283
45.5772
44.0738
34.5569
45.4715
34.8067
34.6796
15.2089
40.998
30.1639
11.0885
39.3171
46.255
35.8001
39.2402
42.1715
51.9104
39.1723
47.6771
35.0156
4.05142
52.3006
37.0854
38.5781
57.4508
44.4183
43.0252
34.8267
6.18908
35.9632
51.5487
7.43954
44.2275
51.286
27.9841
33.6946
36.9755
49.3414
46.1835
56.1753
48.0088
40.5596
38.0317
40.7034
33.336
45.6721
32.4619
51.0373
43.0466
35.2805
49.408
38.8675
42.7152
33.6984
50.9426
50.7272
39.1025
52.792
49.5127
47.1297
52.6668
53.1333
53.6696
29.0165
34.161
44.199
31.0601
38.6471
32.8782
35.0361
40.0185
34.5397
46.4808
52.7182
35.4047
34.9489
44.4726
34.2155
7.19834
26.0827
37.0307
41.3035
40.1445
44.2498
58.5504
38.6093
40.8771
39.7055
34.72
34.8784
39.4208
34.9965
45.5262
47.9579
52.5725
3.93929
37.2078
31.6381
51.263
35.4302
43.412
64.245
35.3079
49.5699
40.0797
37.5707
39.3989
55.497
43.4158
45.8642
46.033
23.5877
45.7911
3.01461
31.0518
45.9957
39.7583
39.2508
43.8736
52.1709
42.0935
44.6599
52.6663
37.3502
47.256
46.6665
41.1776
38.9487
60.1195
35.9947
34.1947
34.7036
50.1219
39.8031
34.3517
51.7519
31.895
25.6113
38.465
36.4346
49.2884
39.8167
39.0649
39.1439
42.1467
50.579
41.6085
34.7677
4.61429
57.5945
44.0831
39.3134
34.9711
46.8229
35.2875
49.8735
34.4297
45.1827
44.2419
39.0957
34.672
39.8115
38.7579
21.0077
45.4265
39.1067
34.6399
42.1604
39.8359
34.2551
41.2192
48.2324
32.2243
35.1852
34.7855
39.8365
52.455
39.9263
40.3826
34.0166
35.2428
45.7524
45.7665
45.2623
34.2084
32.5791
34.0219
34.3835
40.2708
39.8391
30.3649
57.3929
40.354
33.3678
40.6091
26.5245
38.0492
30.2877
37.9368
40.0138
46.9252
46.4566
51.9745
40.156
24.6302
30.1645
40.4284
37.2836
6.09307
39.8722
34.1769
60.8772
41.5508
30.5834
62.8125
44.8872
39.5415
36.0775
49.4786
49.5284
43.3735
43.2002
49.5461
16.536
37.9367
45.5645
49.9653
44.0594
51.0165
50.8652
45.9176
49.5412
38.7426
42.9167
45.0928
40.1485
36.2813
35.81
41.1089
38.9803
46.1949
55.6183
23.2596
42.7928
45.2676
22.7767
37.297
33.8497
38.9792
38.6964
33.128
42.4991
38.2983
40.0461
34.732
34.7482
45.3235
41.8358
12.6413
22.9948
8.66328
59.9627
31.2654
34.6435
35.4807
53.1947
45.105
53.3482
33.8573
37.3877
40.3203
25.3895
33.352
43.5553
60.6143
25.0194
33.5343
45.5945
29.3871
25.0275
17.0798
57.4156
50.8083
62.9085
45.9439
32.9251
34.3401
34.5293
38.6267
42.7479
37.7597
39.8559
37.4766
34.6314
57.3713
58.3659
34.4975
31.5704
31.8388
35.1158
2.38848
34.9419
38.5677
45.2326
52.8211
34.5453
45.6491
44.2576
37.9531
18.5411
31.2148
38.9483
42.8175
55.6157
56.967
50.8019
57.7302
36.068
45.7847
37.8503
40.1952
20.0981
65.2778
39.2479
45.492
39.5642
49.7115
46.6074
40.3588
39.7008
36.6227
40.4123
44.8702
45.4366
10.7276
38.3168
41.2116
42.5844
51.4847
36.2159
14.474
10.3991
48.7567
56.0602
26.3953
38.7498
51.4985
46.4883
37.2117
45.0534
38.6871
42.4494
54.928
48.4465
46.369
47.1691
33.9649
45.3417
34.8789
40.7761
36.6384
38.7937
34.5803
58.1896
41.7924
25.6756
40.0119
34.9501
45.1388
46.173
37.5639
33.6493
54.1538
42.9175
35.5734
45.7445
33.621
53.8422
39.3509
54.3448
60.6626
37.6425
37.7006
37.7091
34.5908
44.6216
66.0099
54.3102
38.7402
45.2811
28.7325
41.7135
27.4086
39.2259
43.2519
40.1816
30.1031
45.574
45.6697
34.8127
42.912
9.56265
43.612
39.4676
52.7961
39.3556
39.7176
35.946
46.5169
49.0479
45.5422
53.7493
52.4135
41.1092
41.0815
35.2929
39.4214
46.3829
60.5202
41.2897
39.9703
41.5963
44.897
46.856
46.9447
47.0989
61.6432
5.02547
44.6797
22.5753
48.4987
35.3425
50.5482
34.5762
40.7628
53.0167
47.5919
31.9035
46.3587
39.3652
44.584
21.0269
37.0275
38.9455
45.5885
34.5952
32.221
48.4352
47.7663
68.3025
7.3474
43.1899
48.298
38.1301
46.4489
45.9381
35.6189
45.8138
46.0946
50.2431
51.8915
31.4338
5.13483
41.9664
39.1106
21.0281
14.2075
39.932
45.0551
53.1232
39.8912
40.1347
53.7905
49.8902
30.8223
38.9404
40.9658
42.6495
42.677
31.0869
42.8747
50.205
36.666
31.5006
53.139
46.468
43.5734
32.2124
39.4506
40.1928
34.6565
35.0155
39.0985
44.3415
49.3331
46.2077
34.6368
41.6965
3.35637
60.0601
40.8901
35.6463
38.9508
33.7097
34.436
31.2136
35.9531
39.2834
28.7458
49.6171
37.6486
38.9252
20.0899
39.4179
38.041
36.4735
45.5255
42.6812
36.7051
41.0038
47.2191
33.2062
33.0217
39.1246
37.2782
45.8079
40.1492
3.27233
56.7416
61.3496
42.9906
39.8854
36.6174
35.0879
52.9576
41.259
30.901
43.2158
45.1329
40.1877
38.8332
39.2205
39.7665
43.1752
43.2039
39.5877
34.8114
4.55999
50.7165
46.8481
53.6377
34.3775
37.5676
39.1452
24.5898
7.95181
34.3074
43.6198
36.4886
36.5768
39.4948
1.33616
43.3406
45.8096
37.6383
30.894
37.1575
38.6293
55.1589
55.6918
53.6882
49.0213
30.0213
40.2007
46.3798
26.3852
45.0701
40.4134
49.4348
40.2049
58.8603
32.7975
45.1395
42.4309
15.9167
48.4782
64.6783
37.5834
47.5401
36.5988
44.1803
33.0226
46.7259
34.1771
36.1967
42.3353
37.2562
35.3052
56.9938
46.8509
44.5895
60.7293
37.0618
42.9675
3.88792
39.6963
52.4082
1.59249
46.6035
39.5183
53.4971
35.2467
40.9429
31.7668
33.9463
47.6726
22.6421
56.6327
33.3875
43.3413
32.8478
40.026
39.81
49.5138
45.4434
34.2719
34.4403
17.0237
32.5143
48.7913
45.8622
45.4222
17.3936
38.4334
57.8752
43.5501
37.5679
44.1657
16.1855
40.0924
42.0526
48.9165
35.3053
25.9178
44.8702
58.2253
42.0415
52.909
33.6082
40.848
48.8516
42.805
38.479
65.2273
33.4408
11.0928
41.177
45.359
43.1279
46.6085
35.8212
45.7334
47.525
47.0603
54.8867
45.4129
39.3184
43.8684
39.9485
51.3066
39.7706
41.8484
52.9179
34.3804
40.0941
37.0111
2.77103
35.0919
44.5154
40.5808
16.2166
45.0289
37.1263
40.7301
45.1929
51.0072
46.0082
43.5528
45.4146
53.9533
40.4833
40.5034
31.4314
17.1925
35.054
36.4498
31.1981
48.2464
34.9968
43.5953
20.219
34.4033
54.7877
26.2889
54.4778
37.7161
39.4709
33.7487
36.7951
39.9684
39.6244
75.0597
42.6903
35.8479
41.5617
42.143
38.2442
37.5722
34.5384
44.7322
49.6174
53.2297
35.9914
42.1176
34.545
50.7394
38.4044
50.2168
51.7292
11.5052
45.4824
45.222
38.445
38.7402
36.7085
39.4221
13.9259
43.5814
38.846
39.6555
33.2855
37.1954
36.1339
44.7195
37.1817
47.6051
28.4419
37.1342
31.9786
37.3994
45.5342
40.7829
61.4668
14.8525
38.8455
42.443
53.0555
38.078
10.5758
40.7935
45.8332
33.1263
42.6671
32.0331
49.4428
39.073
31.8963
42.2133
3.79403
5.97722
38.881
42.7067
59.6915
34.9937
48.2778
38.9759
43.7574
36.5017
44.0723
36.2039
58.2408
33.3298
43.6516
39.9815
52.096
40.0218
52.805
5.33482
45.8552
57.5717
35.2838
39.3253
47.4196
46.6054
39.5825
39.4639
24.0291
37.8241
43.5185
44.9144
40.5212
42.2521
37.5118
37.8552
35.3794
50.5229
48.1714
39.9476
53.6746
41.1823
40.3104
55.9036
31.4452
44.6571
37.7104
40.844
34.6069
39.6446
42.8786
37.562
44.457
49.7285
45.4524
34.0821
33.2792
40.6015
42.7337
47.0127
58.5826
42.8349
39.6045
49.6908
39.9308
31.8732
38.7212
43.0984
49.9543
35.3249
54.0102
44.4824
44.319
45.8154
43.1832
33.756
42.6269
68.3738
43.7462
42.0415
38.6683
40.3939
34.786
42.4996
36.6632
39.34
31.2166
5.59135
33.8335
45.0126
43.3905
39.1671
33.8865
39.4801
34.5834
45.754
36.44
40.265
42.9654
50.6762
57.776
45.2331
45.0169
51.8329
34.1938
51.9211
46.6073
46.0118
44.8558
40.2538
44.7924
25.2311
27.9966
39.6045
58.2417
43.7213
49.4313
39.6603
34.369
31.8246
51.9487
23.7787
34.1884
52.1437
22.9669
42.7854
41.3999
44.1383
20.3352
51.707
24.4756
39.6763
50.038
34.1966
33.3011
40.5984
40.0438
34.2821
43.0808
46.761
40.2353
40.9711
43.0131
40.915
37.6926
39.2734
45.8789
55.1919
52.515
52.7738
48.223
43.3171
44.689
54.9391
36.2155
53.9137
40.152
41.9864
35.7433
39.4532
38.6923
45.8714
34.981
29.1362
39.8443
32.3273
2.62359
43.9199
46.0683
51.9047
36.2708
20.8183
33.1909
45.637
33.7919
40.6524
52.3252
34.3131
29.4627
51.0654
46.1984
35.4739
43.2004
46.3699
34.3744
50.7608
55.4614
49.923
45.8713
30.9566
50.8286
55.2902
40.1827
40.869
51.452
54.3229
39.2052
39.2491
33.0519
34.3799
34.9504
32.2168
34.8103
40.2576
48.2257
44.1576
39.7108
1.63508
30.3918
42.1313
40.1603
43.2626
39.9652
43.3978
56.9385
54.8198
47.8534
44.9903
49.1427
15.9709
12.9327
55.5378
45.4303
49.2248
60.4512
39.7319
47.2613
46.2602
36.2251
18.2528
5.3925
39.8008
47.7901
39.6172
35.9106
50.7376
56.9907
34.5055
40.2857
44.6178
43.9442
43.5508
40.6092
40.7784
44.8671
39.6897
35.2316
46.7118
62.0239
47.8515
37.0392
6.4183
35.6308
40.1627
1.36258
45.1109
44.2074
38.7156
33.7015
53.6626
45.0154
34.5618
13.6981
44.3237
45.1382
24.3519
39.8597
46.7431
36.1117
47.3792
46.635
50.9977
44.8633
49.9882
53.8563
11.9148
38.5932
49.6733
40.6615
32.0032
45.5957
34.808
40.8992
40.6271
23.6515
42.5046
39.5457
52.2902
46.8344
39.6062
19.3188
39.1317
34.3912
36.1997
43.4373
30.4091
15.9335
34.0083
8.23014
37.6925
45.5556
35.0195
33.7731
42.1935
59.7124
43.5367
36.5952
33.5853
50.6992
40.2084
61.6994
41.7654
12.716
45.1966
45.0071
46.4727
37.6925
45.5503
40.7364
52.3111
32.0514
53.0484
51.1862
37.7888
33.9621
43.3273
42.1285
61.1649
40.9254
47.88
35.8593
41.6519
34.6117
49.5633
37.9211
51.0473
41.965
39.5316
35.344
29.8238
34.7825
58.6265
41.9693
53.2433
2.1329
32.5081
39.054
38.424
42.5331
41.7386
44.5551
49.8813
49.7873
45.6479
37.7208
49.5579
46.3445
49.2162
34.6257
35.9197
52.4486
36.0805
38.4606
38.9332
31.6638
9.91074
42.1407
33.3626
55.0242
33.7147
52.9703
47.2552
47.8686
56.9064
39.7483
47.1026
7.33796
29.5352
33.1988
42.7821
39.7994
39.9642
54.2274
53.5619
49.3681
3.57634
31.8904
29.0951
32.1056
41.3052
44.7829
52.2589
48.3505
47.9165
45.5395
40.2829
47.3636
36.2545
53.5911
61.0255
46.0089
47.451
42.8497
39.9725
53.6323
41.1205
36.0928
45.3831
41.5781
43.47
49.3936
34.9534
32.5907
42.6256
52.0823
24.2827
54.1257
44.2064
34.0814
28.8845
12.0483
33.3205
40.4276
38.7313
45.1772
34.9024
34.566
49.9508
40.0254
46.1417
42.9709
6.08371
40.1561
8.18268
39.6432
2.14042
39.4598
46.3713
46.4594
39.7898
51.1619
42.8293
49.1621
35.2576
42.4506
45.2654
40.3103
34.5849
18.8715
43.1475
45.9126
33.5914
3.87599
34.2801
50.2201
33.995
53.0601
43.9525
48.6591
32.3334
33.4402
40.4718
10.1093
41.9237
25.8255
50.9021
64.6498
37.1635
39.7639
51.9532
4.12492
49.2246
53.4913
43.7394
31.9423
46.3363
42.9789
37.246
34.766
34.7205
40.4981
52.0855
36.9678
46.978
25.679
34.4892
43.7592
25.6902
49.1366
39.5558
30.7694
35.8929
49.4142
40.8726
39.2241
40.6584
11.3878
44.5035
55.2872
14.2729
41.3538
29.6945
57.8077
59.0149
54.3657
33.0355
43.9922
50.5506
39.5431
61.3752
46.4221
43.5755
30.2578
34.9688
40.7194
50.144
39.7954
40.1893
45.0499
55.0197
43.7611
39.6408
24.522
40.1943
21.2562
48.5388
37.0671
22.0257
40.2693
46.0777
33.9142
50.4753
45.9257
7.74285
35.4155
37.17
22.8042
41.0124
28.2078
39.369
61.7982
34.0865
45.1608
46.3291
9.67706
39.8689
47.9456
45.4859
38.9974
47.0243
52.4958
36.4578
46.0206
29.4089
30.8037
40.6748
57.0734
45.7753
43.0824
41.054
45.3679
37.8104
35.3171
52.9679
54.4866
32.7991
28.8657
35.2008
40.565
35.9028
39.0854
40.3805
40.0607
38.0343
34.496
42.6406
38.6573
36.8641
37.5887
11.8961
39.8445
39.2832
40.6314
47.1975
39.7889
50.5523
56.8498
55.9999
36.0897
47.2569
34.4424
39.3004
51.8595
45.2606
16.3523
41.1508
37.2426
38.7891
32.1102
53.6838
45.8371
46.0947
45.8633
39.8514
45.2258
37.7963
52.1613
47.9594
19.4118
39.6053
44.301
24.0414
65.4488
41.4943
48.9736
47.4979
35.4196
40.9308
39.2412
39.7232
34.7742
45.5901
43.4043
55.7838
34.7675
35.3952
50.9811
36.4837
46.3853
43.1076
28.1891
37.5269
39.1979
39.8654
42.0951
33.3037
45.1744
33.0708
24.9582
48.488
36.2734
6.54605
34.4259
42.0199
52.4429
45.8316
44.8729
17.4372
33.2991
53.0407
36.1652
36.559
27.3199
38.93
40.0717
51.0392
37.95
40.912
46.0777
42.6567
39.1037
39.6269
50.5519
49.7777
40.1129
48.1581
53.6434
42.9571
41.0923
34.8157
46.0984
48.6186
51.7987
36.6201
43.4828
46.6065
59.2653
5.80026
45.5376
29.344
48.3692
32.0077
52.0786
39.4664
24.4441
48.0379
39.7995
47.4349
48.0123
39.5392
40.3624
41.7424
46.2104
44.6549
49.4125
50.0751
39.2511
40.7877
22.4945
19.8682
58.488
51.2012
36.3529
29.5372
2.93642
26.6812
32.9714
45.1278
46.1488
48.0165
45.4928
13.5262
45.6856
60.69
31.1149
23.9888
35.176
39.5239
34.7312
35.2609
46.2121
38.6121
21.8408
41.5406
48.919
37.8841
6.42923
52.0845
59.9721
48.6249
39.8697
39.4958
42.1023
41.6106
45.6479
45.8052
38.3951
38.2659
34.4241
52.025
42.6682
17.8392
42.8542
50.5422
52.0784
56.9576
47.406
5.8554
48.5672
39.4612
54.3292
11.4663
25.0388
61.6137
40.1934
45.5128
46.6203
52.6767
41.7567
35.1123
44.4791
45.9356
8.74063
51.7289
46.6596
46.1266
46.5364
49.3258
36.3573
52.3909
40.6903
46.1871
40.8794
45.7604
40.5499
42.9503
53.8089
45.9182
39.6341
60.8103
32.7615
54.5585
37.7623
44.5108
52.9222
56.9854
44.9851
15.6721
38.7156
38.9988
46.0044
50.8213
46.217
20.2152
43.2953
40.5877
14.3855
40.8477
44.6736
21.3295
42.0461
7.92927
32.7231
38.5768
54.2227
37.165
40.0399
31.813
46.9809
49.9399
46.3201
5.97525
42.9422
38.9647
39.086
42.8501
45.606
38.7137
37.0668
28.615
39.5261
41.465
48.012
36.0227
39.9111
40.2624
37.9001
42.9091
34.8724
39.288
18.4074
12.7025
46.6704
33.5877
48.1816
45.7319
43.8529
2.20719
42.6177
34.761
41.5016
35.666
34.3462
34.3095
45.2171
44.3756
52.9401
34.5567
53.0463
39.2305
35.3476
35.117
42.369
44.1038
47.0497
41.2537
45.804
31.7882
39.2211
34.6152
34.8891
34.413
57.9213
26.385
51.6756
40.1003
36.9823
44.8831
43.5151
34.8454
42.5989
34.7181
34.7775
52.5152
52.2371
46.901
47.2425
61.4028
42.291
43.1085
42.3038
34.1647
34.913
5.04222
38.5479
39.3799
42.1397
41.8851
42.3852
46.0471
30.5705
47.42
34.1774
25.7763
40.1667
23.5082
32.103
33.9122
60.3104
41.3235
34.9735
40.5594
25.0574
36.811
47.3699
40.1529
43.8606
39.8651
45.4772
52.2848
56.5442
40.6275
44.5362
6.56762
47.1855
66.0878
24.1012
43.918
28.9898
33.1852
56.5442
30.1618
52.8835
56.3255
45.5694
4.96925
52.0109
43.5059
48.935
34.0543
40.9066
47.1241
42.9551
4.65764
53.1525
39.7399
56.0048
42.0697
39.9614
37.8518
47.4675
39.9335
49.3664
34.7613
44.8819
53.6817
45.2256
45.1944
39.8941
60.8393
44.4549
38.6978
34.6766
29.444
55.0515
44.014
39.8313
39.7183
28.3657
33.5804
40.3423
35.4298
37.6197
40.8184
39.8068
35.6074
43.4142
56.7694
39.5132
55.0008
43.2508
35.1842
22.5819
40.0258
12.5887
42.574
37.0139
40.5008
33.5659
38.3248
45.2948
40.9371
40.7327
43.7295
41.013
48.4026
51.6949
49.2042
45.5138
33.4815
61.9503
21.2458
52.7555
44.3501
20.1069
14.9933
39.89
38.589
53.3242
38.1753
37.8655
40.8673
36.5409
40.5472
45.6481
58.9841
53.0941
31.6911
46.4723
44.9034
34.4685
34.4667
39.6207
47.1539
33.1077
46.8852
53.1421
3.0674
49.0006
41.5673
53.0023
32.556
52.0672
36.1355
44.3434
44.9206
53.0232
31.1291
52.2319
24.3663
38.5956
39.7571
57.6379
42.7931
39.3371
37.3082
33.1181
33.8598
47.043
42.8376
26.7523
11.0711
52.856
45.3806
44.9759
57.2301
51.0646
34.8371
40.4886
45.6749
43.6789
50.2108
47.6482
49.0743
28.4977
46.4806
34.0735
40.9458
59.1979
35.0043
44.0252
40.6281
40.3614
19.9973
42.5224
35.0001
46.3523
40.2298
38.7598
33.6697
45.8396
43.6983
40.7391
7.42668
46.5253
30.4496
39.4657
40.0088
25.4823
38.0994
40.0238
33.7529
7.16162
45.769
47.2971
40.0471
39.573
39.08
31.241
34.3983
39.3309
45.5802
35.734
4.40244
57.068
29.5952
45.2358
53.0806
51.8013
52.312
35.3178
55.426
42.1353
34.2522
37.0874
42.1455
53.2055
33.2544
34.752
57.3215
39.7687
38.7685
52.5428
21.5912
45.4189
34.4037
68.7655
45.1539
30.4421
45.1294
43.5946
48.8814
56.4336
36.9781
48.1099
39.2692
41.7877
34.5744
29.4087
31.0952
46.8705
36.1825
45.5774
40.8091
44.8119
49.6853
41.3315
47.4982
38.9568
57.7055
43.1402
45.2859
45.6137
38.1911
34.4759
48.2052
45.1143
41.0975
38.1812
34.9127
40.903
20.9345
30.112
47.0906
34.3576
45.6858
43.2345
51.422
34.77
17.6018
45.2856
54.9443
47.731
45.1959
43.277
37.7509
40.4729
33.9408
38.2444
43.6447
45.0782
45.9454
39.9551
44.6804
36.3893
43.9198
45.3281
51.7055
39.3297
34.8313
44.775
42.5271
39.6574
21.1607
37.7765
33.3004
47.6349
47.2848
34.689
42.0276
42.6442
38.5174
25.6401
38.5908
38.1355
39.8428
13.93
37.8969
44.4385
33.4116
49.629
50.5598
34.7137
41.3741
38.6576
36.4733
59.0263
44.0403
38.4144
56.7271
37.9029
47.3032
31.8271
38.9618
39.3001
35.6497
39.8808
43.4226
41.4111
44.5466
39.055
57.1095
33.5721
45.2088
52.8288
54.0601
39.6462
58.8352
45.0521
41.7219
50.8917
41.2233
52.8512
49.6573
35.5339
38.0787
34.5607
37.3106
34.728
9.58404
52.5194
38.7015
47.359
42.117
37.2367
48.531
34.0193
39.2503
27.2544
9.83448
41.6297
52.8024
39.9373
30.8221
9.3804
58.5106
38.9089
52.1479
41.6591
22.7882
42.7031
2.1482
39.5234
40.7271
67.5902
45.1888
49.2618
50.1648
41.7268
49.4324
33.3361
38.4256
43.6886
44.5859
39.0483
35.0446
45.4185
46.6801
37.4168
29.6464
36.829
46.1875
42.7283
39.1968
35.237
32.315
33.3112
41.5581
32.4203
36.8069
39.5413
46.0729
52.4128
37.2808
37.6521
39.7824
70.4998
52.9936
60.8917
50.5027
36.0678
38.9092
38.3475
34.9221
39.3391
33.7946
42.1051
48.2475
46.2861
37.9868
25.8114
40.3512
35.4436
40.0629
40.6165
39.361
39.4835
39.2659
48.3313
39.222
38.4374
51.8212
34.879
33.5209
45.1944
32.4309
42.0185
41.6486
49.9413
34.1776
40.2199
40.4356
64.5525
57.5434
5.77627
39.5762
2.00269
39.0277
30.4733
45.1848
51.9013
39.4947
49.1041
43.7993
58.2532
45.9625
46.0626
32.7354
38.9186
39.038
34.7143
26.4662
56.7838
46.5344
33.6334
38.0423
3.24155
31.9485
39.3399
32.1738
28.298
33.6039
36.9953
34.869
49.9743
34.374
51.3039
50.2242
51.4396
37.8482
35.9139
40.879
37.7141
43.0047
43.0552
37.5687
34.3817
27.9124
47.9103
46.9791
50.8761
17.2522
34.157
39.8589
39.7142
57.3464
37.2804
34.485
39.8811
56.3339
42.1352
43.7488
45.6679
37.0362
47.9383
46.514
48.416
39.9832
46.2746
62.2918
55.2734
61.7076
44.7944
47.0033
44.3607
25.0409
47.7685
43.4289
41.9054
42.0404
35.7832
41.3575
52.0749
23.1848
34.79
20.7263
40.3991
29.8084
46.3202
50.6516
40.3095
45.8998
38.9228
46.9625
44.4697
47.8867
47.1721
45.244
30.721
34.3499
37.6503
31.4167
45.4568
38.5954
2.70885
36.6621
44.9284
59.9535
34.6174
33.4602
37.4332
53.1813
38.073
28.9386
40.4915
39.2356
38.0389
39.8491
40.6233
38.0065
75.4847
52.1016
34.8938
40.7622
32.912
40.3848
33.0495
43.9933
31.4572
29.2166
40.4925
35.8591
46.0944
31.1911
71.3378
61.1771
48.275
15.1883
50.5783
48.1852
39.8083
37.5041
45.4861
40.7891
46.7199
34.4388
34.9818
32.7587
39.5748
34.2701
26.6012
32.6647
45.8292
46.6024
48.6002
42.2914
57.2707
44.3359
37.1999
43.5166
46.1238
63.3728
41.0806
44.5934
54.4394
36.5557
37.1907
39.6712
43.8225
38.4279
45.196
39.5145
43.1086
37.6383
35.317
43.8516
34.7558
66.8626
38.7238
53.5575
30.4483
52.7866
48.5113
38.1498
7.76348
38.08
35.9244
34.5149
40.1967
28.44
33.1742
49.7109
39.4235
40.2291
31.9263
38.0712
34.9793
47.3326
31.4005
42.2211
4.47097
41.1674
52.4924
49.5278
65.5508
45.1622
38.7226
43.6876
30.8332
51.4651
34.8443
30.3286
14.8293
50.6357
41.4257
39.6536
34.8927
42.6172
49.8237
45.0526
39.4314
39.4183
48.796
38.742
42.624
60.7104
44.5366
35.8895
34.8886
40.6706
46.152
40.9953
36.4818
62.6156
45.2607
34.5422
43.3547
56.0201
3.53813
40.8005
40.4876
45.0546
18.5974
20.4792
31.6688
26.4215
53.3419
46.1709
59.1745
40.4986
35.4887
43.2442
37.2679
25.8012
52.0024
59.2297
4.79362
55.8877
61.2917
40.6212
48.5858
18.1567
46.6748
39.2784
66.3291
46.6015
47.9423
39.9653
43.7217
36.9859
39.2971
39.2942
33.1644
39.8909
45.5897
39.0392
46.3035
46.2947
39.4264
45.7917
43.1959
35.0631
55.4117
40.0437
34.728
46.3627
50.6015
40.7321
47.302
30.214
38.5263
43.7572
36.4136
38.2268
45.9315
32.9353
41.5523
39.5923
45.5009
40.0993
32.4898
47.5864
43.438
42.8781
38.9293
39.9266
37.723
35.4336
50.3309
47.0964
41.4991
40.2022
14.6306
42.3432
34.6621
38.2345
1.79118
45.7911
34.4184
39.2056
38.5649
47.717
34.4676
47.551
39.4147
40.3563
39.9398
41.8997
39.3507
33.2112
37.41
46.8437
37.8633
54.3148
56.5317
39.832
52.5446
42.0875
39.7463
48.8711
55.7287
41.6843
36.8618
53.1696
39.1009
52.0262
40.6286
40.1185
43.3794
38.5385
49.6991
47.929
28.8241
31.7879
35.1556
37.0134
34.9127
41.5954
39.0491
37.5641
27.9371
37.3764
52.1534
38.2741
49.1228
45.1696
34.7684
44.294
43.7245
64.5883
48.7321
28.4743
48.5409
41.4569
5.02991
29.2781
39.0522
47.5333
42.9124
52.7477
2.25325
46.731
50.2296
44.9412
37.9034
45.4606
34.3425
39.6926
41.2763
44.645
49.6477
43.1993
41.34
46.0367
35.8852
34.6379
42.5014
43.0898
49.0369
47.4952
41.1402
42.7934
52.2827
39.6892
40.2613
40.1405
1.93794
6.92418
45.239
39.5166
45.4926
46.8936
53.5802
43.259
40.7832
34.1423
34.4505
26.3
35.0166
37.1321
47.8329
49.7153
38.3861
1.0358
45.4215
45.9904
43.8672
39.0671
9.19989
25.6887
33.329
31.3509
37.1554
39.4468
39.0501
52.7295
50.3495
49.5151
42.1205
33.4667
39.3545
51.884
24.2022
37.1497
34.7955
57.7667
45.1572
51.6379
57.9548
39.2207
5.99581
23.6057
40.7448
51.9618
42.7723
35.3881
39.5859
34.2544
43.0188
23.8067
42.255
31.7696
26.7323
40.7249
33.4523
1.38571
43.6438
37.5389
41.8867
63.3896
33.4263
39.0658
40.0621
27.3878
45.5071
26.8273
7.42033
33.2021
50.6375
44.4501
47.7307
40.6008
37.5309
43.8626
40.2613
4.97712
31.5554
41.8989
42.456
53.3507
39.3984
47.7787
37.483
50.3101
39.9545
43.4915
57.7547
4.51498
51.2463
38.8648
25.0114
48.1669
34.8294
40.1147
50.7552
46.1466
46.3418
59.4522
47.9133
39.2753
44.3504
55.1008
58.3876
36.3881
39.5433
33.185
34.812
39.776
49.3392
2.69951
50.9294
45.7399
14.8504
28.8132
48.9699
51.6879
34.9722
39.3164
50.0566
37.306
21.8146
30.5696
39.2784
40.2709
14.2206
31.8952
40.3832
31.4311
43.3685
40.3257
43.475
6.89808
39.1209
34.8859
32.5767
44.2989
44.7355
36.9625
36.8898
32.5375
2.33022
38.2549
34.7542
52.8896
48.6249
52.2726
50.0814
20.4422
53.8522
42.4488
46.0257
43.4298
24.9255
46.6237
39.3732
42.7579
49.0159
28.9347
43.5205
46.1454
40.1223
23.6031
32.8264
28.6265
35.9002
46.2157
42.5678
35.1556
41.1203
52.986
38.2283
49.3414
34.8139
44.2877
39.7451
34.4313
40.6069
44.0753
38.2586
43.0152
37.1373
30.0901
20.8336
45.5333
25.8459
33.0925
46.2078
41.5038
25.205
43.9792
37.8377
17.0238
35.6053
34.5267
51.3849
37.8856
13.8198
37.3759
34.5444
36.1681
40.0616
61.9761
52.821
46.6566
40.2276
52.2174
65.9139
40.2229
36.1219
41.9147
52.2665
24.9501
39.9778
14.5815
45.7727
50.3904
27.4217
39.6278
43.0307
41.7276
42.1763
49.5697
31.2936
80.1371
43.8462
36.0579
5.30921
49.8519
40.7548
33.5416
22.8545
34.974
32.6514
33.919
38.7161
42.0825
56.3806
42.8949
48.4809
11.1863
40.0055
53.369
53.0619
39.5383
53.9714
47.2291
35.0448
32.4876
29.6928
39.7857
40.0819
34.8059
46.3186
35.5359
43.2576
44.0371
44.2949
31.4171
33.9364
44.6313
37.548
37.5298
47.3513
37.1192
53.1386
34.9382
38.268
33.0654
44.083
44.33
33.4806
51.7113
52.0981
35.4953
42.4699
43.3357
62.6747
44.745
39.456
42.389
33.4691
38.4427
34.3691
47.5244
51.8024
3.93708
12.7253
21.4758
45.6143
39.96
38.7578
37.8959
52.8585
35.5126
40.1433
51.0939
35.0581
10.7584
15.9601
32.0603
30.806
42.5045
35.5802
40.4344
65.6246
34.9297
40.2154
36.6662
44.2446
33.2999
34.3042
23.3765
37.0839
45.908
45.6226
42.0791
49.992
36.1402
39.4567
35.8018
62.8031
38.1368
42.7129
51.263
36.5616
50.5058
37.2784
39.3959
38.6618
31.7677
40.986
34.739
43.6494
48.9739
3.3986
35.7668
49.6446
44.5906
35.0792
44.2064
31.2655
57.317
38.4419
47.2928
47.1482
50.1931
40.8839
45.7685
45.4184
46.5396
41.5051
34.6916
40.1051
31.215
39.4116
52.4678
45.4542
4.22705
27.772
38.0499
49.3532
52.8965
43.3357
54.9225
37.8435
3.87533
5.68073
46.503
36.3772
32.6449
39.8825
42.6466
33.1098
40.5795
35.353
39.7454
44.0264
32.5861
45.9416
50.3761
44.2221
53.8847
16.6428
45.2812
31.0407
34.4324
45.352
44.7944
27.9406
52.0171
66.9808
50.4615
44.5401
45.6019
40.0833
43.5978
47.108
29.536
30.5156
42.4922
51.696
31.6645
44.9489
34.2562
42.8042
37.6658
38.5359
49.1339
52.5254
39.6635
40.0808
45.9011
45.5942
45.8916
35.5966
61.1725
10.5359
54.9064
46.6887
45.1388
28.0689
39.2846
50.7147
53.1513
32.5176
34.9924
26.7176
36.2196
9.02792
43.9516
53.8999
37.379
34.2543
38.4941
48.8621
28.781
37.8565
46.3061
36.508
51.7816
30.5927
37.6033
41.32
52.8078
38.9697
49.7864
45.9336
54.0648
45.4047
37.3392
21.634
46.9023
46.3631
54.5119
48.6447
65.3143
34.7296
46.8873
39.1878
43.4849
34.4407
46.9924
49.5745
45.6046
35.7532
44.4131
37.567
51.3454
51.9305
51.4366
44.0813
49.8228
51.6913
46.0754
42.5373
44.4922
61.6221
39.7162
34.8595
31.5934
36.7897
50.3314
45.7259
60.2347
39.5425
3.12448
39.7715
42.1704
39.2577
39.9963
35.4723
48.3806
52.3009
53.2974
49.9361
44.7291
56.9974
40.7159
55.1459
53.3184
39.9816
42.9425
17.4779
34.3353
34.4133
51.4919
61.8573
32.5821
51.8573
36.7815
38.9825
23.1703
1.413
47.6719
47.2295
51.4066
51.9908
42.5879
40.2745
9.93607
28.0841
36.1855
37.2114
45.8613
45.0285
50.3264
38.3455
11.1696
56.4603
56.2589
40.2042
3.74215
41.1005
27.2749
44.7037
36.2879
38.3039
34.2368
35.1615
56.1521
41.6309
39.438
42.0738
38.893
44.4422
41.3538
43.0591
46.1193
32.3757
47.2666
39.4955
22.3711
11.3986
35.0326
63.4153
3.50727
31.5231
43.7259
46.7302
41.0602
4.16507
31.1081
40.1559
46.0323
39.6999
39.5051
49.0403
36.0205
2.32604
43.3485
52.009
54.0775
66.2762
18.3104
42.1839
41.7148
37.5747
35.7884
46.088
43.9885
53.2352
45.7893
48.7912
31.7257
45.8387
37.5033
52.8249
40.0531
44.1085
62.3095
49.0861
45.7378
39.551
44.1511
49.7887
33.7558
15.9421
35.676
30.2189
64.4647
34.2931
48.412
33.4671
45.0147
57.3003
37.4542
39.3575
45.7183
16.4957
11.9738
34.853
38.0089
25.2639
46.617
49.1583
40.1994
48.8694
36.8808
37.5239
35.0909
33.6383
36.341
43.4618
35.242
40.8467
37.9227
24.2267
52.64
43.2067
48.5717
81.6018
45.3592
52.3707
47.9307
32.6433
42.4013
23.6543
34.0597
39.7311
46.39
39.6542
25.5288
11.1141
36.0064
39.2631
38.0265
8.96881
44.5169
36.0724
6.78247
36.2033
65.8439
39.7824
35.997
33.3822
34.2927
41.7106
55.9091
45.8271
40.4766
36.0768
47.8823
9.61844
38.5809
43.0313
38.4762
47.3416
58.7205
11.0532
40.6574
29.1661
46.6035
53.3704
43.9534
33.8111
47.9829
42.7535
40.3377
31.4924
43.6309
39.0965
66.1056
31.207
50.9343
14.9971
12.5964
35.1113
30.8427
60.2206
35.7437
28.5128
59.1183
35.4542
40.7766
49.8564
37.6015
42.6594
60.8331
51.3144
34.8001
2.47295
40.2636
52.5368
36.2946
42.7875
4.91135
19.5011
48.1384
37.1963
26.6979
40.5296
46.4959
41.3232
41.6131
37.5316
41.7926
56.1138
34.2986
34.7006
37.9936
27.3394
43.8356
41.4664
45.9595
46.4835
41.7139
41.0759
52.0042
33.0884
48.468
40.2552
76.3313
46.7836
32.6359
37.1223
33.7074
53.1456
40.9631
42.7029
45.679
40.179
34.0005
36.3672
49.5407
28.2248
45.8349
31.0874
31.8567
33.2114
40.0685
42.7243
33.2052
49.512
50.8134
53.3858
33.4616
73.0744
28.0954
39.6513
39.5782
46.9137
45.488
35.421
33.5203
36.2776
53.4673
49.0922
50.9132
41.0803
56.1048
35.0905
49.9428
45.5808
44.5354
6.0348
46.1707
7.98673
39.6926
38.9629
32.8392
31.9262
44.1744
40.264
42.9271
39.6194
38.751
57.494
31.8846
34.7101
37.2992
50.2899
25.0094
32.2324
34.8561
31.42
39.5658
33.6792
36.3125
46.9047
38.4937
42.4156
47.6709
39.8509
58.6596
39.1921
46.6602
50.3591
37.1593
39.3245
32.8826
47.0675
71.9623
26.9306
33.7281
35.8066
28.4003
44.3685
47.2774
37.9336
59.111
40.6369
42.4839
39.7887
40.2859
46.3516
39.6922
43.627
18.0964
39.8123
40.2266
40.6365
33.1552
27.4382
52.9803
43.3385
48.1737
45.6358
36.9272
45.5349
33.7169
45.61
27.0893
39.7825
50.3984
46.0887
41.2426
48.9467
35.1508
20.5287
44.6131
44.2885
37.0538
66.1893
42.5794
51.8053
33.8051
44.7465
43.1747
45.3414
45.8724
45.799
39.4941
33.9207
28.392
35.9631
53.3639
46.3354
48.9448
39.1501
44.5875
43.0967
35.7412
38.2361
43.7707
44.399
48.5024
48.1955
32.9693
34.4019
41.7715
34.684
7.63426
36.2569
37.7566
47.4783
53.695
40.2052
45.2802
65.2676
37.5432
46.993
41.7342
44.8057
55.0998
35.3964
37.7068
51.1219
46.4178
55.8106
39.8096
34.2748
45.2268
0.87576
40.2424
34.5131
32.6712
35.4694
33.5533
12.9014
46.4457
41.6558
56.8961
45.0872
30.663
45.7431
41.2728
39.0199
44.565
26.8892
44.9065
38.2708
33.1763
39.177
53.7407
39.6635
30.5716
38.1078
48.9965
46.4489
35.4204
32.6786
38.6287
46.018
28.8779
28.3132
4.67122
27.3729
39.5358
38.5165
35.4306
46.9822
40.5905
49.6403
37.8893
34.755
57.2658
31.0677
27.8848
49.8816
52.2407
19.9208
51.6295
42.7955
39.838
47.9711
46.1621
54.1418
40.1804
40.545
58.3124
47.3438
33.71
45.7391
46.6205
36.4517
44.2778
46.0407
36.1112
42.9734
37.736
50.7509
46.1858
28.4985
31.8076
40.8491
39.9057
43.0004
38.7719
42.2688
44.4084
31.4327
35.5351
36.6444
34.9749
39.4971
53.0329
44.9771
46.7499
18.2236
6.66876
4.29743
46.7983
37.9712
47.3038
21.2122
58.6955
37.9548
40.1409
47.7235
48.5998
52.5831
51.8449
4.85978
53.6612
39.7195
39.0562
34.6537
48.9694
39.0066
41.1556
39.5428
34.7944
42.9564
46.2418
37.3493
46.6382
29.179
46.9803
42.0745
38.2275
44.5631
43.0768
47.4277
47.14
35.5857
37.9194
43.7368
41.2836
29.8769
54.0692
40.3043
40.1078
40.8852
31.3507
42.0787
44.6072
41.8544
25.2216
39.2346
49.8347
26.5348
48.8598
45.635
47.8904
44.7125
45.6597
33.9067
34.0218
46.6523
37.459
41.8489
43.6081
45.7336
64.9534
33.124
50.0179
44.7254
64.3009
9.15862
42.0501
39.6593
29.6413
43.8205
44.9318
33.2851
50.0999
34.6866
43.7354
33.6059
40.7232
39.8497
43.4347
46.3457
30.3265
43.2134
55.9482
31.6141
38.1489
39.4532
52.2839
48.5618
20.7675
41.2656
44.4612
50.4806
50.5085
48.8743
56.2658
44.6906
59.6966
52.0865
48.2353
45.2099
35.7364
37.0345
48.5086
52.9276
40.0043
40.8681
46.741
34.2083
42.0017
43.039
51.1276
36.1723
34.3402
45.8516
46.7004
40.3796
17.4911
32.0252
9.17469
45.1241
45.2519
37.3236
53.2517
38.0123
4.3293
42.3278
44.3472
33.25
42.8503
37.3744
41.3481
50.7955
62.6076
39.6953
52.2676
46.2002
39.7757
35.1606
47.228
28.9383
45.4673
37.4144
41.7403
46.4765
39.4994
2.09705
33.9226
34.9757
47.4332
25.2819
51.8259
34.1925
51.2626
61.024
47.9224
46.5927
47.773
45.3843
39.1152
47.1104
56.419
39.403
45.6177
38.9776
46.715
51.8057
50.6522
51.3691
37.3705
33.1926
37.957
60.0074
41.067
47.3427
52.7101
30.489
45.294
40.8726
45.0175
32.4648
49.2899
50.4774
39.0972
38.6844
34.2313
48.8402
32.3478
22.7972
44.468
40.6801
47.1105
43.7908
57.2332
20.176
55.7407
65.4232
43.7648
39.91
33.567
34.5963
36.4882
48.454
40.3533
40.4567
39.7092
45.3845
38.9184
37.764
43.0716
34.7949
34.8124
40.7441
41.5324
57.8197
26.333
60.9429
10.3194
38.4492
27.3976
5.27623
24.0042
38.8207
35.9934
39.3734
44.1301
26.6929
56.5195
47.4792
39.1334
62.7871
43.1771
46.9951
40.4914
43.3411
37.1693
42.3229
39.1259
1.39223
39.7842
42.9344
45.8241
39.5089
35.2341
48.6036
30.2748
38.6843
41.7925
48.7932
44.0731
34.6977
40.7683
37.894
34.8393
52.3426
45.6278
25.9833
57.5633
25.103
28.1499
43.6679
45.7876
35.0352
41.4577
44.993
43.8837
31.4275
40.9327
39.8472
38.8861
43.3793
39.89
39.7314
25.3337
27.0726
56.5937
31.9558
56.88
34.4166
48.6291
36.1838
49.6576
43.167
51.3993
44.2094
35.3435
39.0193
37.5109
32.7223
39.6722
46.267
34.3648
37.2973
41.2755
49.4179
39.3964
39.1761
35.2552
27.0154
13.7259
45.0967
35.1359
28.5781
35.2156
34.5135
45.3214
40.5453
42.9541
43.7751
33.5786
38.7525
11.2506
42.8079
34.6928
50.1326
55.9517
42.5939
52.8934
23.7605
36.1051
40.3408
33.8845
40.6751
45.8174
40.6493
44.4602
36.978
6.03357
64.0772
37.1206
32.8864
37.5651
39.0487
61.0719
47.8277
54.8494
7.76169
41.3017
34.5705
35.8215
48.1917
43.0305
40.181
39.0006
38.0379
40.5497
34.2144
44.9247
42.338
51.574
44.6773
35.1382
40.2927
38.1363
33.9528
33.8267
68.7357
50.5712
49.3806
35.4683
39.3495
40.0788
44.108
44.945
34.5434
47.9187
40.3985
46.2913
49.7205
34.7443
39.6776
31.6038
36.5114
41.8245
47.6187
29.2119
15.2485
5.42047
35.5201
43.2313
37.68
38.7091
4.50775
53.063
38.242
51.3326
35.0273
6.38449
51.6682
44.1979
47.0392
53.6922
46.3939
44.6521
41.9062
50.2151
38.5595
38.7316
36.4242
45.5942
47.2039
37.4618
46.0778
38.1939
40.6163
84.6331
44.4908
40.5205
46.6143
38.5914
30.9395
54.8258
40.5021
53.2634
34.1981
37.7244
67.2691
39.5986
58.3127
16.2347
38.4482
50.7767
37.5854
36.1232
27.4037
37.3022
37.9622
41.5449
40.0668
40.6129
53.0011
10.8191
41.3773
38.633
30.6515
46.0374
51.5647
32.3128
43.165
33.9787
40.2834
38.959
41.4138
40.3286
44.4438
9.46076
36.7382
43.9008
30.5923
43.0528
52.331
39.6256
51.3961
6.94617
38.4768
36.8404
43.1805
66.6037
2.68916
43.8574
48.5695
50.2393
43.3166
34.3069
45.6274
33.6838
39.5612
48.2189
40.6863
47.2283
46.189
59.567
42.9438
49.2571
31.5455
40.7768
42.9006
38.7644
46.4085
42.002
42.9309
45.4977
53.3926
37.5688
43.6883
46.1311
39.8952
35.6275
41.3857
49.665
37.1936
48.1989
43.9924
34.8712
50.0791
40.4242
40.7035
45.2919
28.8892
45.144
7.30074
47.8813
37.6904
67.3466
46.6812
45.5838
38.1124
34.5052
54.6362
41.8356
46.1747
35.0476
38.8832
37.3434
40.2673
40.7344
44.3659
33.6451
22.7088
32.1253
9.93326
59.6323
37.7416
34.3535
60.666
36.7856
49.2306
35.5578
36.9805
46.0023
31.1572
56.3317
47.9177
65.9293
46.5136
40.4565
32.8531
52.8178
49.4352
12.1867
30.5596
39.7894
47.1178
47.6091
68.4671
34.4637
35.7515
38.4482
37.9085
49.4738
33.0019
37.362
44.1836
52.9975
43.3155
35.8532
38.4379
47.429
52.0271
48.2423
14.9836
33.9123
36.2662
33.3944
25.8546
45.5016
34.0153
39.1972
59.6278
47.3328
28.6897
37.1536
41.7297
35.1038
7.38556
37.8503
37.7144
39.8265
41.4177
39.442
38.7843
41.1564
34.1045
39.6292
37.2562
55.5189
45.3782
58.4676
39.5956
49.227
39.6615
39.9215
65.9524
51.8372
33.4277
46.463
43.972
45.6899
53.6678
46.3713
45.9786
54.9503
40.4838
2.3755
40.0897
35.0248
30.8452
33.3077
10.9156
56.2516
35.5875
39.7646
59.634
44.03
10.5642
46.3815
45.9995
47.2498
34.6346
39.0396
48.9896
27.8419
48.2497
25.9678
59.1771
42.9097
48.2898
42.4314
32.3729
1.24673
40.6897
44.7902
43.6215
26.389
45.2865
38.0807
46.2965
49.4927
48.1992
37.0798
48.9574
13.6061
39.6172
49.0441
42.5222
50.1425
26.3551
30.4248
31.8136
41.7569
31.7092
34.9649
47.4343
34.0603
46.2157
34.4429
41.4685
43.6482
52.589
34.5617
35.7055
40.2361
39.4012
48.0078
52.9076
33.995
46.5924
37.3711
39.1425
34.7879
53.6181
43.9663
46.3163
38.4791
48.3572
38.8925
54.7878
51.3205
34.1612
44.9419
39.1826
47.1599
40.6641
58.5613
48.8377
41.1099
16.1142
46.6363
42.4376
41.2261
36.6792
40.3572
28.1021
15.45
40.2692
39.9545
37.9508
32.6703
43.0108
38.3261
44.6363
23.5165
39.5328
12.9483
33.8647
35.8263
67.5724
33.6262
3.62153
30.6621
39.6761
33.0649
39.8987
52.928
35.0415
44.8531
42.3386
40.3429
39.2388
44.5403
34.3751
35.0932
52.4117
42.8501
39.369
37.1858
71.4339
44.871
37.3764
39.6685
36.4984
49.8744
43.4832
47.5145
53.0944
37.6643
41.1868
36.3203
46.5799
33.0007
39.8881
55.4016
53.039
30.4556
45.4209
42.671
50.3527
36.9488
46.7108
21.9555
27.9625
40.1407
48.4512
55.7153
39.6405
32.7766
39.934
32.256
46.0031
44.3083
34.5441
40.3098
35.5604
4.01004
9.91739
46.5239
35.2989
36.5983
46.8908
39.8179
50.861
34.5478
36.4853
44.661
29.3208
34.4772
46.0576
44.7131
35.4202
39.769
32.0632
44.4828
43.9319
47.8462
32.049
20.6196
38.1536
40.6789
39.2994
45.6433
41.0756
33.4362
33.9714
35.2251
43.5006
40.3807
40.4352
46.0484
46.4896
44.4436
34.9384
34.9382
39.1837
45.9047
44.9362
46.4928
57.4628
20.7825
31.9715
40.3933
38.2971
34.7589
36.6134
39.1933
44.8184
7.12496
37.8097
56.031
39.3233
40.1534
42.6374
21.4559
43.418
42.4924
44.9779
39.5055
48.319
38.7439
48.3465
53.6392
36.7396
40.7804
27.5434
41.2416
46.4897
37.1591
40.0903
40.5116
21.8368
50.1827
39.3976
42.9456
36.0072
47.0009
10.2351
46.0798
38.9191
34.4497
28.9776
46.7138
49.3437
47.7513
39.6567
48.0505
45.4411
52.7774
35.4878
30.6618
46.5587
37.0479
58.152
40.8419
55.5656
37.1209
31.65
17.2878
47.1254
45.489
42.9526
41.9666
47.0251
46.7412
35.6672
29.9507
60.309
39.5909
53.7907
52.3258
50.3141
41.5565
46.8987
20.5086
33.6208
36.952
39.4343
44.6372
41.7876
39.5061
37.0332
52.966
7.85019
39.1598
27.5854
37.1496
37.4291
41.2789
43.8752
35.3679
44.6995
34.2092
35.6932
40.0356
35.6574
41.5014
42.6728
49.4856
44.4932
32.8589
59.3036
66.3514
56.2371
39.3541
51.1236
52.7522
21.3422
45.2139
47.0926
39.855
38.8549
39.1507
35.8191
34.0837
40.6353
39.8898
39.9483
33.7841
31.1726
40.334
41.2952
55.3405
37.2004
43.3712
34.8108
38.6822
37.6336
28.3503
30.1645
39.1463
60.9333
39.9658
24.6694
36.2994
44.1677
48.4111
45.4802
46.8256
40.2686
38.5862
45.3979
46.9135
39.8771
49.7622
39.1169
43.4021
46.1449
25.4571
47.0299
52.9206
9.58371
58.3176
45.7399
44.4786
42.2714
27.2798
46.7044
30.8181
41.3211
29.2189
34.8072
44.994
30.1536
47.6045
38.7745
49.6304
54.0242
44.9095
40.198
26.474
15.1456
34.4908
39.4918
46.5132
28.8586
50.2845
32.4419
35.2164
49.2348
40.6493
48.8956
45.3343
39.9605
38.3966
51.3643
44.475
31.8577
36.6397
38.4491
50.5974
41.9086
31.4071
31.3056
52.3479
48.2421
25.5625
51.9697
45.5903
34.9104
27.5824
41.2086
39.9929
39.8617
33.4387
49.0426
46.4929
40.9931
36.7667
44.707
38.7324
52.7574
35.5041
37.0905
34.846
44.351
41.2208
43.044
38.5537
62.4577
4.1124
41.904
39.2028
39.1516
41.0574
55.9379
54.8756
40.7495
40.2611
47.549
45.4766
51.8416
49.7086
17.6975
49.692
23.8145
53.8304
42.4484
39.571
37.0764
48.0425
39.5937
35.419
4.5001
49.731
48.5585
39.2921
36.7983
53.4968
31.1238
33.3721
39.7627
46.1874
44.3657
23.6376
37.3926
43.9999
27.995
62.1635
36.009
37.4354
38.194
72.5389
39.3123
37.3067
15.1424
40.5274
28.61
43.5338
62.2187
41.7864
37.2723
25.4407
34.7739
45.96
37.5745
33.0137
41.9494
60.6621
42.8682
38.2131
7.55461
37.6774
44.0926
49.8041
54.9485
11.7146
43.2895
34.6696
19.7362
57.3795
58.3973
46.9859
49.1781
46.2823
46.0429
39.9106
38.8314
44.0117
32.085
42.4924
3.02165
30.2726
33.4449
40.1176
53.3886
34.4706
39.1122
45.6538
46.677
31.1617
36.0008
46.1001
46.4089
41.5174
38.1126
35.7429
34.5381
46.5248
6.03795
56.9354
34.3508
46.1067
48.901
49.7899
47.2056
39.3157
61.3429
47.5622
41.431
53.311
40.6766
45.9932
38.1617
40.2155
50.3447
31.3004
52.3178
33.6769
39.7354
36.75
39.5369
46.0936
42.3582
28.4339
38.9527
26.1716
33.8114
4.13151
44.9478
37.9946
39.9805
56.5649
42.1563
2.07124
53.3049
45.5546
38.509
3.98113
44.2439
43.8856
61.1013
43.594
32.2695
49.6717
42.2554
3.26278
40.3303
29.8642
45.1264
44.6648
45.4089
34.3874
50.6856
31.8168
39.8797
40.0856
23.263
64.9886
34.6888
37.1593
33.7735
49.6148
43.2784
44.9029
48.4403
46.3036
42.034
31.5503
39.2933
24.4502
42.9674
55.6119
42.2464
39.2709
41.5353
33.5942
33.9921
40.9617
32.3788
34.6352
34.6231
57.5364
41.4355
45.5284
42.4305
48.9342
42.1236
39.671
39.7571
48.4129
39.1692
40.8932
33.1654
62.8989
34.998
47.8979
41.9992
34.0927
45.7942
38.8362
29.9716
45.6593
35.513
40.6844
36.2753
44.8663
45.8485
44.8923
36.3776
38.0941
41.312
55.2175
34.6676
32.8512
55.0012
32.7657
51.2985
47.3531
38.5589
39.9301
46.0599
35.652
36.6066
49.7052
7.57148
45.3136
2.47971
35.3076
45.8594
39.6772
44.8129
45.662
53.5105
47.219
37.7243
37.8929
44.9621
41.2927
46.1364
48.6879
37.6477
32.5873
37.1488
49.2634
34.4412
48.7633
3.65029
31.5508
39.1346
23.9021
24.1022
44.841
42.2647
39.1625
41.1934
41.5176
47.1317
38.1434
34.4501
33.401
54.4587
37.2576
34.9735
39.3316
41.1099
42.4186
55.5863
22.8978
42.7471
54.0469
36.7634
8.22977
33.3443
40.4736
51.9939
31.6106
37.5006
31.682
39.6924
35.0548
46.1279
33.759
32.3967
21.9168
41.2536
42.894
42.6229
38.402
34.9488
40.5859
43.6384
61.0845
44.4452
35.4212
45.7664
25.0644
40.8063
50.5981
37.1144
44.4543
49.9827
37.1126
40.1207
23.7913
34.7613
23.4644
62.0594
26.0735
40.8961
46.3229
45.2369
47.754
33.2114
35.0911
38.7448
46.4061
48.3946
46.081
35.7508
52.5696
33.8387
34.9322
44.0809
39.1316
5.05213
37.4964
43.521
48.6209
53.3942
33.5338
51.0891
34.7886
37.3404
24.9416
35.2939
32.3813
45.8595
34.0191
41.3282
50.2978
34.707
34.1235
40.5052
43.9267
30.2542
46.8201
31.8991
44.8652
39.1281
26.1628
43.2495
61.8106
41.1759
32.2516
64.434
34.9074
33.8751
7.51855
40.7229
49.4624
39.6367
43.809
38.3051
46.2768
43.8554
64.8364
42.5935
57.5653
34.9564
34.1139
30.9567
41.5922
39.3545
37.5491
44.4154
40.7046
40.0934
39.0535
49.9874
37.1271
29.7747
49.6399
39.8188
49.1116
47.3325
31.6772
50.2242
40.202
40.7978
49.7223
45.5738
36.3063
46.4407
42.0091
47.6379
39.976
40.1426
49.5653
45.6821
45.1262
30.373
40.1196
52.6933
33.8395
9.77474
51.414
52.4156
46.4006
42.4996
38.1353
34.2535
42.7366
39.6901
61.6828
23.5968
41.8394
60.8824
41.4063
26.0932
42.9941
7.40625
45.9626
46.4821
54.1031
42.9069
45.7205
43.4295
51.4852
35.3872
60.8496
34.6416
31.9521
6.88129
43.7428
45.516
45.7473
40.5744
72.768
54.16
37.8096
34.829
64.528
40.5018
38.1987
45.2222
36.4794
45.9166
52.8942
34.8627
46.085
39.5092
46.2548
38.658
38.7505
39.2039
53.245
46.0005
37.3448
2.89275
56.5168
47.3514
35.9579
20.0893
27.7449
33.38
34.3373
45.193
41.8574
44.1841
49.2561
54.4517
33.0897
37.4099
26.727
40.2573
35.3628
10.0434
52.587
38.4671
41.2526
51.9713
19.5668
47.7843
43.1754
40.2192
40.4894
36.6338
41.9089
56.4394
45.6994
29.005
45.327
43.5867
34.2899
45.6236
34.0994
46.6761
44.4973
45.9339
46.3094
57.8374
49.8562
53.6557
45.942
40.1379
37.4233
36.063
53.317
36.9437
39.5555
38.4227
48.4154
52.5444
46.4126
60.181
39.2663
49.9139
46.3061
40.6403
52.0566
38.4814
32.0069
38.3207
53.3751
42.0204
37.0953
58.2071
40.6907
30.5266
48.829
31.4977
43.4135
11.777
32.8835
45.3992
40.3821
9.39111
45.4987
39.558
51.7202
41.8251
39.2345
41.5102
36.3306
53.7893
53.4293
40.4752
44.9585
53.4694
54.3792
50.6847
34.8616
47.4656
50.3416
39.7737
34.5412
39.3126
35.7975
45.89
43.968
39.878
44.0121
39.7006
58.2172
42.2439
34.2396
45.1989
39.3067
40.4584
34.011
34.4121
47.1761
28.2539
39.4074
46.7287
33.6261
35.156
44.7925
39.7109
49.9449
46.6209
35.0283
39.2542
30.0715
61.036
59.3073
47.0632
45.4656
43.0678
34.7951
46.0058
30.6947
35.8823
31.7318
4.55292
25.513
35.8568
35.5904
42.9161
52.5316
2.31297
37.3344
34.5678
44.9699
36.9545
34.7759
34.4776
39.0098
68.0226
49.5292
47.9705
34.6935
40.3598
52.637
47.7116
38.7748
51.6243
34.7307
34.1059
39.6095
44.6737
45.6579
52.2335
42.7253
39.6368
42.8769
2.01036
5.19964
34.5386
46.1987
61.7355
46.428
35.1086
32.7641
36.1659
51.0597
52.6841
34.9201
34.6319
39.995
48.7822
43.3783
38.577
1.17868
44.3231
44.9792
36.8212
58.5853
22.5346
29.3863
47.4438
37.472
43.3689
45.1072
48.7101
46.2159
43.4062
46.0257
36.1056
57.5252
48.5703
45.08
27.9595
36.6942
48.8686
38.2319
34.4062
39.9264
48.8342
34.424
6.19283
32.6614
28.4244
61.0526
51.3741
36.0998
39.9139
41.6286
60.5257
26.9923
34.0648
31.0779
24.6341
37.4211
33.7687
1.71281
57.4952
49.3496
42.4535
49.1779
51.9675
48.0915
37.5064
27.5113
53.2869
22.7393
8.0586
38.1668
47.7228
39.5587
36.4544
43.5542
34.5751
43.6643
45.6813
3.69005
32.1823
42.2955
40.0737
44.0549
32.526
38.6345
46.4909
35.2311
37.3546
43.7421
45.5541
7.14148
36.3259
36.0692
28.7542
51.0504
39.3507
43.8324
40.6975
37.8049
41.4456
39.2258
50.977
38.8586
45.3445
44.0118
40.728
30.287
38.8963
36.9499
34.7302
39.7423
47.0461
2.60483
62.6556
46.9774
11.1085
31.2814
45.1277
34.0564
39.9549
50.7489
43.9768
28.9326
21.6405
41.3303
45.5402
39.9081
11.3737
43.291
45.2699
26.1504
35.306
56.5961
38.9428
5.63069
56.412
65.0349
36.8993
39.8972
45.5871
36.3915
34.5369
27.4468
4.7369
52.2634
22.0853
34.264
58.2959
45.4365
53.3464
16.2055
56.9889
32.7988
45.6267
57.3711
32.2668
36.7558
38.5775
44.9232
41.6774
33.7241
44.1968
46.1652
36.2254
19.8721
40.385
26.8879
33.3683
39.5241
58.5534
37.0711
58.9946
34.4002
39.0623
54.8294
45.6083
42.3129
36.5635
44.761
61.9133
38.9588
58.2925
49.0727
39.562
41.2828
16.7827
52.1217
35.2903
38.9257
45.7283
34.5246
29.9564
25.2244
35.2267
22.6889
40.071
39.3608
46.4596
54.8383
18.9913
34.8808
50.2721
40.4123
40.1812
52.2267
45.7753
51.4461
46.2669
33.5092
48.057
45.233
32.1977
52.6003
45.6764
27.6394
40.6406
21.4413
30.8613
38.3982
24.8061
40.4787
49.5616
42.2726
49.1558
46.336
31.2468
49.1973
38.4689
41.4219
4.13232
50.0978
35.7482
34.1782
33.2034
47.0063
32.6578
39.2626
39.1009
41.0269
49.5167
51.4984
58.8508
11.2475
48.1811
40.231
39.5578
43.9351
53.0132
38.2454
46.244
42.2427
26.5858
37.3527
33.9705
34.799
37.3661
46.57
44.8998
33.9788
52.6973
37.5443
41.4551
40.8925
34.4866
38.9035
41.6963
34.4824
40.0396
38.4189
49.8302
38.2658
35.9191
55.479
41.6637
47.069
52.4361
35.2321
38.3254
45.2242
41.1325
45.8579
45.5289
33.1284
33.4844
33.837
34.0243
54.496
33.9477
5.63894
18.7621
17.6575
44.9101
38.8557
46.9238
37.3454
45.6806
38.3599
42.167
44.7401
37.1626
6.16635
14.418
36.4532
30.3617
59.6806
39.747
44.3864
38.9216
42.4222
44.9393
38.6675
38.3699
39.7638
32.8389
28.5627
34.6886
38.6918
34.3623
43.0122
37.519
38.695
34.9877
55.5221
64.2569
41.4181
34.8827
55.6619
31.2153
47.7108
47.8136
36.5746
39.4441
34.2055
51.4023
49.6733
33.6228
61.4403
5.40298
35.1477
46.9648
33.7135
58.5292
38.5237
27.4386
48.8823
38.9966
40.8588
43.32
38.5978
43.7644
37.6565
39.4191
44.0679
54.885
42.8099
39.2541
47.2073
36.7571
39.7099
34.6364
4.94274
29.9432
41.0414
32.5694
46.2242
44.1261
53.2163
44.6932
2.36729
5.23223
33.2332
37.3206
36.705
45.1047
44.8878
40.988
34.7145
51.5422
47.8498
38.906
38.0676
45.4457
38.3248
31.438
52.7472
15.9227
40.2779
41.8058
30.7041
39.741
39.5645
39.3122
49.1657
40.5204
38.9027
44.0226
55.3751
45.261
39.2852
46.7842
27.7676
44.09
39.2862
44.201
36.0462
48.5335
52.028
45.0034
50.1618
42.0323
42.7227
56.6443
45.7913
58.5832
34.6045
45.7341
43.4849
40.3264
35.5685
11.4595
47.1389
51.725
51.1184
24.5375
37.2177
47.7811
58.5508
45.1996
32.9709
32.8782
38.6699
9.384
45.7433
39.7441
34.8354
45.4213
36.1992
45.0639
31.245
61.5132
51.0151
33.696
33.6525
35.192
41.0104
37.3031
60.7046
39.5118
47.1621
44.9992
35.113
44.9955
51.2934
26.507
44.6968
35.5155
61.9033
42.0943
39.4491
45.9269
39.8721
46.2279
39.8937
39.6473
46.6003
42.7217
45.3503
35.64
47.4877
40.5004
43.9681
40.6504
58.7606
45.5205
34.911
58.7174
37.2156
53.1923
47.1274
37.4231
45.3308
46.9804
36.6201
51.4064
40.61
48.9557
36.817
45.6606
6.85089
46.9653
33.3083
45.969
40.9654
50.4228
56.3269
46.9576
56.1329
46.2222
39.2142
36.1865
70.8171
50.2925
49.1324
37.8074
52.413
24.4771
39.5506
50.4164
38.5766
44.2454
31.4783
34.6412
37.9424
33.5234
21.8013
1.1177
41.11
40.1103
38.4092
47.9061
35.6122
52.1176
13.6853
39.9921
34.4177
45.0129
36.396
46.2353
38.0266
54.1069
13.0445
50.4935
59.3733
40.1388
4.64686
51.0357
38.2901
38.3774
44.5154
42.9324
39.9632
35.584
52.2192
29.9145
33.992
46.5476
45.6124
38.5448
46.859
34.2987
41.0123
34.7073
43.8304
39.3056
19.6191
7.88118
37.4307
47.6564
4.32502
36.6454
40.4697
37.4223
40.5781
8.01224
30.6521
42.941
50.6129
59.9045
45.5203
44.4214
35.019
2.60492
26.0572
44.7108
60.6368
38.3001
17.0343
41.475
47.5559
46.3892
32.4594
34.9392
38.1229
43.9873
39.9722
47.135
31.4274
44.6246
38.1492
43.0369
37.5783
41.2614
44.1593
29.5601
39.8119
39.7263
43.8396
39.1616
42.8037
20.3921
40.7555
25.7087
53.1588
52.0526
36.0213
39.9384
45.214
48.9356
38.2263
47.8957
45.8219
9.38879
11.2747
45.0298
59.7424
28.1732
39.7906
34.366
31.5017
57.1946
56.8328
42.0998
40.6262
42.514
29.1625
33.0307
32.3952
38.0001
34.9332
22.0525
39.8203
34.6602
55.4295
56.4743
49.3383
39.6314
36.6117
47.5707
38.7277
18.9423
38.5412
42.7623
40.1403
44.2361
21.5984
13.3551
37.8259
39.3014
57.1953
8.71696
32.6545
32.0362
9.29448
40.2923
43.6452
39.8795
42.2655
43.0614
19.6734
44.8307
47.3356
49.3926
52.8858
33.8914
42.6542
7.71358
39.5882
45.9172
38.9192
52.5762
47.3008
12.7366
38.2973
39.5334
40.0602
44.1387
62.5842
31.0851
44.6281
32.6704
40.1374
38.4432
42.9775
75.0889
51.2551
41.9011
34.1119
21.5409
5.97252
35.1347
24.4708
37.9983
28.8868
21.306
35.4385
39.9092
35.5252
34.6799
45.3731
45.3403
46.1742
35.5096
45.7507
1.14182
54.7696
34.4479
67.8334
51.4684
9.52772
22.3232
34.9649
44.0935
35.1248
38.5505
39.9396
38.6046
45.0613
46.1463
45.8366
39.5783
44.7408
46.2295
42.8054
26.9547
36.6946
43.1674
40.5284
34.4539
38.3453
41.1453
34.6166
41.277
47.7038
49.7209
43.4306
47.131
34.7015
42.4496
39.0259
53.2832
26.3267
53.7516
51.2196
24.7294
48.1741
43.5961
40.1287
22.9782
35.0657
25.0961
30.7147
45.6979
36.2659
55.211
40.7146
42.4226
62.0791
50.2576
55.7005
39.7628
29.9659
30.0055
39.8706
46.3682
47.9754
53.8015
38.7639
39.1165
35.4701
36.2859
44.933
45.8274
47.7579
58.6288
61.8868
48.3705
45.6231
2.41384
40.105
3.83633
53.6088
39.5189
42.8075
35.1072
46.7655
61.1517
33.8141
43.228
40.7185
50.0176
33.9227
42.7277
40.6457
47.4071
21.3428
32.968
31.6517
29.6752
35.9984
39.7899
46.8483
34.7689
49.6503
45.2086
47.1453
39.6238
40.1882
29.8365
48.6918
46.2865
34.4856
41.8075
37.9352
41.1359
49.0015
29.2227
40.5044
31.773
34.5593
38.0348
50.815
38.7687
33.6567
38.6503
34.9421
45.3472
46.1022
46.5759
34.7852
45.8933
12.4643
41.7463
33.9242
35.2675
36.6377
27.3164
57.2478
42.3157
36.6702
39.2202
36.7747
43.8319
35.65
34.5052
28.6213
46.4453
33.552
40.2924
47.1033
43.6226
35.4156
14.8556
39.1687
34.2381
38.0842
40.0553
37.0602
34.5313
36.6
45.9775
40.0012
32.7327
54.4847
42.2544
44.7725
27.3776
34.9757
47.2465
34.1767
52.2117
36.7179
37.5376
61.2987
40.7595
46.2486
38.4971
32.7991
39.0773
34.2385
45.7454
43.8575
36.0755
41.0378
49.8172
3.39313
38.896
33.5453
48.5705
51.0867
50.3142
46.1595
34.5111
45.07
44.0516
39.8393
45.7013
34.9768
25.268
43.6449
40.4067
37.0588
44.737
49.5852
34.3782
51.5482
2.18852
43.3653
39.8131
39.5405
35.3809
32.8504
25.1047
46.6873
40.2421
49.2727
40.3631
28.0645
44.8267
48.0157
34.1411
42.0275
34.8549
52.447
47.8081
43.4301
44.3419
39.9625
40.023
57.2246
34.3184
37.0857
52.0763
35.2933
54.6752
41.2472
48.9144
34.7284
36.8823
5.16544
34.126
38.7107
38.5456
43.565
51.7398
35.6263
40.2822
34.3994
31.9752
49.5783
28.8641
25.5395
34.1065
41.9882
16.5573
37.3784
46.5597
52.7505
38.7266
34.4776
53.2196
45.6011
43.213
40.9508
60.6695
35.7217
42.1768
49.966
40.2007
44.3179
34.4958
28.5719
38.5925
43.5204
39.2717
41.0677
25.9986
36.3413
41.2419
42.7931
35.207
38.4247
35.2245
34.9346
27.6927
33.8408
50.3933
34.3775
35.0973
34.6326
49.8112
37.898
25.0756
7.67185
0.981819
35.5414
49.4134
39.3566
21.2067
42.7033
37.6869
46.2581
36.7329
45.516
51.1373
40.4767
6.71862
48.489
44.7115
51.6828
49.2495
38.7695
44.4569
32.2056
43.7917
57.1198
40.4418
45.7308
53.5469
39.6121
38.0301
31.0495
45.1375
32.4676
39.0376
40.1878
33.7235
42.3358
48.4261
40.0469
39.7613
36.4927
28.5311
44.9656
45.3235
40.0873
47.5122
37.651
57.4882
34.1291
57.2236
31.8925
36.3248
38.4531
53.6624
53.4842
45.1956
37.7124
38.3531
38.8316
39.15
37.8758
37.2906
33.4512
44.9623
47.3256
54.1484
49.5763
28.0583
52.0648
34.4229
42.5197
7.65166
41.5019
59.7382
31.9465
52.9097
50.1566
33.5795
45.9585
53.94
49.8179
44.8265
33.7643
42.817
41.997
38.4363
32.2757
34.8899
40.097
35.8244
32.9974
40.0956
37.9417
60.4921
20.5806
37.3739
42.1795
41.5585
41.1827
45.68
40.91
48.6155
36.6687
46.5176
39.1336
40.6948
56.1615
39.3922
44.6099
37.4438
47.2788
37.8051
69.8996
35.2586
46.3991
49.9621
45.6002
50.4767
31.6689
39.7909
70.4965
39.7721
41.2632
39.5842
11.444
39.504
52.563
42.1851
35.0739
43.3653
5.32488
51.8201
34.1494
31.5913
44.1211
40.033
43.8338
48.0186
48.8006
35.5068
44.9495
40.8888
40.4077
27.9125
36.329
27.2692
51.4474
40.7801
41.3353
45.3358
42.1983
3.31504
38.0634
49.7558
41.1517
30.0062
31.8978
42.4572
46.7542
34.546
46.5835
52.3116
47.1434
45.5815
41.6375
39.3234
46.3533
44.3755
39.447
39.7988
45.4409
39.8295
35.4359
50.7437
37.828
29.3384
33.0189
40.8996
44.6923
38.044
38.9874
29.5491
46.5227
40.7547
39.4776
34.5972
34.4335
38.7724
34.0842
36.3822
45.3559
39.8222
24.914
21.6703
51.556
33.2638
70.2387
44.1543
52.1201
32.3109
59.2981
52.6799
56.2935
45.1838
44.6657
42.7438
39.9103
41.7258
43.2206
30.4241
45.8534
21.886
32.6274
40.345
41.3635
48.9844
34.5777
59.5976
44.6927
48.9714
25.3013
42.2772
9.2561
41.5876
32.1262
11.2265
26.3409
48.6174
55.1692
47.6827
47.4069
24.2567
50.0355
38.5687
45.1905
51.1565
30.287
45.475
35.3092
37.1532
34.6027
39.1214
53.5345
3.39501
49.702
64.1592
34.1482
34.3184
43.5342
49.9243
32.9035
35.1265
35.0613
45.5968
45.9025
34.507
41.9401
36.3367
49.3616
35.9347
45.3984
30.466
35.4663
36.9403
19.0084
53.797
45.4155
35.0024
39.804
34.4662
38.8568
32.973
40.2412
43.5395
40.8496
57.5734
34.8108
39.3149
23.156
37.7896
35.0245
41.5669
41.1309
48.2286
39.3446
36.2349
45.8683
37.2631
39.2027
47.6262
44.6066
39.3182
43.1026
37.5666
46.2211
39.8925
34.0506
32.8335
47.0047
39.919
39.971
31.2864
35.4247
33.1207
15.4142
39.7617
40.2407
20.4253
34.303
37.2682
49.3729
46.4546
40.3537
53.4179
51.0989
41.8044
13.8953
46.0976
60.6064
40.3256
39.4654
52.6991
43.8513
27.0631
37.4963
43.3243
36.6118
39.986
60.7854
37.8527
43.3307
32.607
9.45682
47.8873
40.7788
53.8546
39.6385
32.5846
50.6182
38.6693
53.2222
7.54335
45.8222
39.7533
44.2321
70.204
34.8693
46.035
35.8515
42.427
35.2493
33.2729
58.2792
41.3274
39.4305
39.6728
32.2794
45.4747
34.7724
40.2661
39.1067
53.0203
40.2112
46.8466
49.0214
39.1051
40.3321
53.3738
42.579
52.0783
31.5318
40.2679
53.0193
35.4947
41.9782
49.3636
46.4949
31.5655
38.5129
46.1829
33.2454
10.0103
5.25967
35.4834
37.5669
47.4803
39.3241
3.54537
40.3956
43.2593
39.187
36.0563
5.11953
47.6977
44.4833
43.496
42.3131
40.3967
41.3712
43.8463
46.0691
41.3493
42.3891
44.2264
44.7024
42.4046
36.9752
45.273
31.3611
47.522
36.3749
43.8202
30.1508
44.5632
28.7067
27.1715
38.1297
62.3093
57.3982
42.0682
41.2285
41.8561
49.8042
51.1158
16.8524
33.3444
47.0187
35.0505
38.1036
33.9911
49.3742
36.4683
63.8114
51.2
37.5161
45.6254
8.95927
39.3533
36.0847
25.4985
46.2854
40.2788
21.0877
40.2911
37.2294
37.5884
55.9869
47.6637
47.3234
45.2222
15.9734
47.9896
39.1461
33.221
41.1543
53.9556
47.5023
39.3185
7.23166
33.5976
38.7391
53.6175
40.5976
3.5089
46.1665
58.6384
37.8335
33.0461
35.6617
39.7137
63.0173
37.7072
39.9672
40.2534
37.1173
45.6229
39.9884
43.4733
52.1494
36.362
47.0417
47.8308
37.517
37.3477
51.1739
60.041
42.9127
53.7891
38.0402
43.3136
30.5676
56.0647
60.762
45.5206
46.7539
52.9728
40.8834
57.6956
39.0739
34.8012
31.7593
50.5876
45.2802
17.761
40.0601
8.37952
38.9235
31.4908
39.9384
43.2329
55.4529
37.6328
30.6217
33.8261
33.7381
44.4898
53.0634
30.186
32.7809
45.5169
37.8165
44.4498
38.0637
19.141
34.4283
16.8303
44.8931
39.3064
39.6751
47.8134
38.2732
41.1417
54.264
17.5166
49.8699
44.6462
39.8279
48.4559
34.7892
50.3114
39.3201
32.0813
44.7306
49.1619
18.9058
45.2192
39.9236
42.6937
41.1916
45.1014
39.5915
27.8659
44.4785
37.9608
49.9037
42.5389
53.9417
33.3687
48.9184
43.2219
52.6692
34.2951
44.2837
47.2289
46.9391
17.3618
38.3347
37.4354
49.1266
16.4527
53.0082
34.6591
33.8675
44.038
50.1856
33.3575
39.4738
42.3725
40.9793
10.9483
64.5779
36.6202
60.0092
45.4031
39.7795
45.7119
41.4573
39.77
39.6136
47.1878
46.1649
66.3699
42.2382
52.429
39.314
44.1801
44.4528
39.965
41.8891
54.3768
43.7933
50.2013
40.1783
40.5567
40.0088
42.6258
31.517
46.0302
2.78765
34.6503
46.4402
39.5256
37.9139
20.8072
34.1677
46.2263
36.3226
51.9295
40.943
21.7924
38.3459
49.6517
31.6743
52.6628
25.7225
43.0252
35.3547
68.0071
36.4236
46.526
44.9499
39.7686
49.4723
43.7225
1.8699
47.2064
44.0597
40.4801
27.9583
34.1156
40.3168
42.6952
53.9857
44.5283
54.24
34.6214
9.85387
34.8484
39.7743
32.5975
39.8113
37.7003
27.8165
21.1517
34.0683
34.4492
46.0803
41.1848
34.0466
40.3389
41.5981
62.7538
31.5662
39.8588
39.8909
44.8123
53.9903
45.9986
41.25
46.2357
41.5349
35.0617
39.2379
44.6241
40.0234
76.3509
45.1095
52.6998
40.7387
32.9062
58.3947
39.3445
34.9979
56.992
59.8336
34.1356
53.6053
35.1274
40.3133
46.3112
57.5538
19.4137
43.3249
39.1632
38.5079
45.3234
39.5175
31.648
13.209
30.4188
40.4367
43.4167
38.3245
44.0507
44.9371
41.0245
23.3768
33.9356
13.8001
45.7547
28.6493
42.0447
38.8837
3.9006
32.2341
49.5026
35.5259
39.8137
48.6784
32.7672
55.7414
39.9942
38.2771
40.7274
40.001
33.1812
44.0716
57.5224
37.1067
45.3956
42.0537
49.4963
52.1519
39.7862
45.8173
49.0529
48.1088
38.5302
53.5592
54.8751
40.5918
43.9895
36.9235
33.092
34.1326
38.2344
53.6319
45.5542
35.3686
53.3547
44.2082
42.4911
42.5188
51.9232
20.5
33.8724
34.9341
38.837
46.1805
36.082
37.6291
49.0117
53.3581
35.4068
45.6297
45.1497
42.3655
41.5964
3.89114
15.585
50.3903
45.9201
43.5027
40.509
39.6477
50.782
37.3711
36.3289
47.9742
25.8103
31.3443
34.8387
41.9703
40.7955
52.5184
35.9885
41.7927
39.5625
44.0507
46.6256
22.8271
54.4984
45.1091
54.1435
34.5217
44.4054
42.6106
39.41
54.8207
38.1539
42.3289
35.212
49.2037
35.6526
40.8272
40.7766
34.7667
48.8234
41.2731
34.8281
44.234
42.112
16.7381
41.2387
40.4919
53.1441
31.4892
38.6656
38.6888
33.8579
7.17105
37.5017
34.1029
33.5347
38.6195
34.3157
26.0772
49.0478
35.71
45.3604
34.3821
42.885
39.7675
54.471
38.2792
43.5978
40.11
33.4565
55.4987
45.8272
34.0823
52.9615
36.3647
35.9899
37.4966
39.4018
31.734
35.356
59.4278
17.9064
42.8798
51.7139
42.9977
28.7362
47.0348
47.3334
45.6092
29.5778
41.7216
47.154
45.5163
36.0501
48.1792
40.8387
37.585
41.1359
40.9365
36.5667
42.6471
30.5705
6.33758
47.9479
36.3524
52.0409
33.4809
46.4647
50.4051
55.1814
40.2591
37.0874
53.1753
44.4005
42.1591
33.3098
54.4203
37.1948
19.4219
58.7363
64.5415
42.4766
37.5474
35.8099
66.5429
50.6046
40.0724
10.1054
50.0891
33.1835
38.1552
46.9594
40.0383
38.9639
48.1949
46.6057
51.4183
37.8179
49.6724
61.9824
42.4984
43.6758
51.6257
43.9404
38.6981
38.35
48.0162
45.1825
34.3103
47.317
37.8862
22.472
40.3392
44.8239
43.0708
45.8994
49.5601
54.8908
34.1706
61.6681
45.7993
51.5078
48.9217
38.5832
46.189
37.9276
36.2047
43.3355
41.6547
44.987
33.1615
43.3596
25.7198
47.7115
43.9658
39.7894
40.0416
23.2224
33.8362
33.3661
45.906
35.0744
36.4887
44.7138
38.6062
55.8057
50.3519
47.8418
45.3647
55.2103
35.0639
29.2223
26.6311
69.8036
39.498
5.98883
48.3323
53.6262
43.5979
55.513
43.8784
52.8444
31.9816
45.8466
24.6714
46.8375
46.6649
53.142
40.9297
34.7099
34.674
40.2978
39.3126
39.7624
21.7352
9.37967
45.1008
53.3165
52.2523
37.4344
64.3861
42.5398
47.6758
34.5707
46.3397
49.6733
44.5561
54.6945
47.1681
41.1158
44.662
39.382
40.3071
33.478
39.2239
39.0422
42.4254
30.1756
47.4383
38.426
22.7822
43.2861
40.5313
45.8871
31.0229
33.3378
45.1917
45.3832
42.8047
42.1959
29.5327
40.3853
38.591
38.8653
45.8367
65.1941
38.1752
45.4301
35.5882
46.9511
46.6485
33.2508
47.9864
41.9857
4.66805
34.6449
44.8227
30.9966
36.5194
32.6065
38.5013
55.2682
40.2406
53.5897
52.8869
34.5704
34.9752
17.0551
36.3392
32.4496
35.4243
38.0163
34.4722
44.5481
44.8284
31.1924
53.9733
4.66054
41.9102
50.6374
45.0801
42.6782
42.7107
32.4588
38.7216
42.7113
52.3
41.4186
23.3314
42.5204
41.6865
25.3778
58.3351
35.2012
35.19
29.1708
46.584
41.4818
40.236
17.3693
43.6823
31.7771
40.1716
42.6127
35.3693
32.5029
29.4386
28.7778
46.6701
40.7702
41.4874
39.5171
39.7139
33.2512
49.7849
9.4471
39.6039
64.7686
42.8804
51.945
13.0726
38.7408
46.0908
23.0493
41.5283
41.6372
60.6
45.8044
40.4667
39.7933
40.3053
47.6033
47.586
36.1701
43.7132
1.48149
38.102
40.4365
40.3352
34.3507
39.7761
38.6615
37.1721
47.1731
36.4955
47.754
40.8556
46.6339
50.4897
41.6786
42.2731
33.4586
34.7693
7.44717
34.6621
49.2489
39.4808
43.3394
45.7095
45.4391
41.8969
40.0069
26.8915
35.2575
35.709
42.3204
37.5317
38.671
38.194
37.9344
41.3072
37.0842
51.4737
43.3301
37.3415
52.3439
34.6425
64.6772
28.5389
44.7536
30.5146
34.0879
3.05139
45.938
51.1807
40.5178
42.332
54.0078
2.0274
43.3475
38.1436
46.5914
1.81942
46.4357
33.4774
47.5459
35.2431
29.8207
45.5031
34.1258
4.09632
40.1581
41.2085
52.2862
44.55
38.7438
44.8213
55.9694
29.1409
43.2493
46.6834
16.6352
40.7133
44.5995
30.8465
