93.8469
90.7742
77.6564
94.0162
93.8485
94.0501
94.4855
72.1174
55.6407
94.1274
91.6527
70.1348
77.5047
92.1861
27.8725
75.3566
78.3612
87.2968
61.5309
94.0315
87.2787
87.0867
93.0441
83.4154
17.7484
63.4087
80.0058
71.608
90.6678
57.2021
93.0278
87.1974
54.8502
94.1442
85.5839
78.7248
76.8428
89.2048
62.6401
94.364
81.8199
90.297
94.0456
70.4169
94.4185
91.4879
92.0467
69.4262
43.5109
87.9513
10.0765
94.1479
88.2184
83.4948
92.138
66.2372
94.441
95.8113
89.9947
55.2505
93.4392
89.1675
27.6257
86.5824
93.7987
94.9941
74.3326
51.271
91.2026
84.6715
59.831
92.4824
51.7754
92.4916
85.1926
58.8767
44.0503
90.6112
92.5607
92.6528
19.3858
89.6023
93.1419
90.1826
89.2102
24.6288
17.3425
93.8933
15.7088
94.4603
83.7423
91.2763
93.1974
89.1642
60.8148
89.562
94.4732
56.4527
51.7621
57.4445
83.3305
88.817
89.2164
54.8878
84.8589
64.5505
38.8074
24.7283
95.2214
89.6352
58.7784
46.4902
90.1946
51.674
93.5376
56.1012
94.6414
64.6997
92.6426
95.4407
62.5735
73.3938
93.0985
68.323
92.851
80.478
94.4088
14.3476
27.4412
91.4271
74.8796
14.5286
93.1477
68.489
90.3776
93.5179
93.8424
94.3243
78.2481
64.5722
92.6218
91.1529
87.669
94.1516
16.7532
93.3031
64.572
92.3362
93.6268
84.3696
93.7817
85.1984
95.0274
92.4453
44.8577
86.4853
87.3114
95.2271
67.6585
93.1954
70.3084
87.5079
94.3012
67.3525
46.0159
32.2271
91.5195
91.7451
91.3316
94.7288
93.9462
95.5441
78.9787
93.4088
95.0649
65.8774
11.8608
84.998
90.279
93.9057
92.323
89.7417
92.4967
93.424
89.8823
90.6245
91.1679
93.4364
86.3834
94.467
93.7767
87.565
63.7408
62.1051
93.4055
92.9853
61.3671
57.7944
94.0761
93.7373
3.018
94.7614
93.6405
69.8219
86.9467
86.8019
91.1557
86.0432
84.9497
87.2449
95.7229
91.8181
54.7131
57.6948
74.7887
71.2995
86.0592
89.447
92.8949
89.7444
84.4833
61.2949
69.1379
93.7024
92.5707
93.4767
93.6838
93.9552
90.9598
93.3922
90.3445
32.3756
77.4525
56.9543
81.2476
93.3088
79.6355
94.7118
93.4007
73.8491
92.8465
93.8611
56.4021
78.9371
85.2506
60.2602
93.036
50.4093
25.561
87.9924
78.7539
93.3452
75.6087
94.6693
84.3419
90.201
62.1793
89.3528
77.9169
90.5344
91.8089
11.192
91.0589
86.6005
71.3072
65.1378
6.41242
91.7776
88.3106
85.0986
89.6858
90.8065
94.0461
79.1037
89.4305
91.9345
54.2842
53.3978
93.6782
95.0967
95.3494
92.3574
92.2688
78.2923
43.2842
90.241
58.2726
93.9985
59.3834
81.5417
67.3787
42.9033
93.3059
3.34671
93.5351
83.5786
92.8705
64.9798
93.2199
91.6951
68.1473
95.7904
63.8519
87.2456
65.8086
92.4397
93.5112
64.2444
91.6326
94.7788
88.4044
4.81753
93.6321
89.3837
85.5635
91.4906
91.7828
95.2631
92.3673
6.20392
93.4286
91.1171
85.0216
90.7971
86.9575
85.8954
84.3881
85.9623
62.0467
91.8195
88.4342
93.1944
50.7572
91.7675
92.6915
8.12006
92.8425
83.6666
89.6231
89.0606
55.4865
91.2541
71.208
59.8669
88.295
92.2273
95.3735
94.8244
67.6209
92.6689
58.5807
92.3504
59.3269
83.4768
88.5095
78.327
67.4708
84.0452
60.2344
61.1044
93.2854
94.2882
75.8712
74.3483
33.7779
54.931
92.1973
56.2552
77.1945
56.8504
91.8434
54.5435
83.7766
94.3997
84.3343
69.4265
88.339
87.9901
87.0037
64.3304
69.7606
88.8165
95.8122
84.0913
91.8024
87.2855
48.4046
91.9788
72.8642
92.6268
50.7512
42.1564
54.3504
92.4096
81.7759
93.0002
13.6012
94.8315
93.7387
91.4902
93.229
74.8302
91.2482
94.0297
77.222
76.8698
61.1367
90.6099
92.3893
87.4589
89.4501
94.3551
90.6451
54.1766
68.1736
60.7263
93.4378
94.0775
83.7685
85.68
81.835
92.6556
93.4495
91.9992
96.2249
92.5915
91.0359
94.1284
87.7061
75.6019
72.0905
92.476
66.2091
4.07167
89.3817
31.4013
95.0402
49.437
93.9839
64.3362
63.8208
91.1386
92.5798
89.7289
64.4517
84.0985
63.6488
90.1185
88.5191
92.9913
50.9127
92.9507
93.8389
9.80192
70.6184
60.0857
62.0468
63.8874
81.6577
27.2299
38.9932
94.1473
95.0969
6.02197
88.2322
44.2999
91.4688
81.9488
93.675
85.7561
78.6953
71.6577
90.8765
91.0721
89.2422
95.2579
80.2026
94.9385
92.7317
88.8497
88.405
58.6356
80.7139
89.7605
96.9761
69.4806
49.1052
78.2888
85.306
92.229
93.1537
4.08899
93.8014
90.3169
53.8066
93.1082
26.5035
54.4396
94.5527
83.9019
93.9721
32.7941
94.6972
94.9663
95.0526
35.9501
14.698
94.2617
68.6946
93.1828
73.271
94.3321
62.3318
90.0479
87.9399
86.6521
92.2317
86.7898
90.4895
86.7848
81.9388
85.5483
87.8745
96.5219
92.1584
60.9962
88.2046
90.3699
9.89014
90.415
93.8129
92.3391
93.8433
91.7474
74.3775
87.2509
92.6642
86.8087
52.5184
49.6582
91.6131
94.7256
82.0526
88.8319
92.489
96.2767
94.8401
90.3922
87.5206
76.7193
78.5945
93.9617
94.5285
61.5494
74.5777
80.3646
93.6517
87.3994
58.5057
92.1288
65.3609
92.3041
59.9489
95.2104
92.4945
49.1977
47.3336
93.7305
73.6344
94.5347
87.7544
75.4943
95.369
95.3729
76.1207
94.2596
55.8564
53.9808
94.2553
63.0449
89.0104
78.1863
93.2596
83.8646
92.4803
92.8562
92.059
84.4483
91.8671
90.2666
95.7353
93.1553
93.3987
94.6034
16.7781
62.6763
27.617
93.3515
89.6159
55.9641
76.4152
85.3255
79.8575
88.4906
5.47277
2.99238
85.4516
81.801
88.711
95.2019
76.2397
64.8171
88.456
93.0705
92.29
83.4926
72.921
91.4146
63.0956
60.116
69.4523
65.5708
89.101
72.214
91.4717
17.872
91.9768
87.2558
92.3732
93.184
84.4116
10.0701
51.4098
89.7765
92.4021
61.2163
88.0193
89.8781
22.0683
92.8426
90.9935
35.6104
58.2971
87.0541
89.2936
90.6876
93.3977
92.7433
92.5891
91.0001
75.6539
92.8897
45.2848
90.543
94.7652
46.644
93.5701
93.7223
93.4454
93.9057
18.3035
95.2111
23.3717
93.265
93.4068
73.6552
85.143
92.2892
6.13129
87.5615
84.3921
81.4441
92.286
91.8653
77.901
92.1656
88.0189
89.5223
95.032
67.6265
54.8598
68.5089
92.9951
56.4753
92.3793
82.8175
72.8635
87.1244
87.7498
65.1253
44.8378
94.915
92.091
89.9748
92.0676
85.3255
77.816
96.0295
86.4296
93.2744
65.7687
82.5853
92.9037
93.0183
55.1145
60.7179
57.8518
79.6466
93.8077
81.7526
86.1086
91.8918
89.6542
3.76126
6.14532
87.9216
15.538
68.093
93.8266
30.776
6.31066
86.2378
86.3604
71.8495
92.5568
94.775
79.9076
91.8664
49.0702
81.2192
76.1785
93.7246
86.4959
86.0406
81.6089
68.2414
81.9293
50.7167
87.0672
69.4039
93.3988
58.4152
91.8332
89.2351
94.0809
86.1551
96.0331
93.9589
7.23554
95.7411
90.6119
87.2205
33.5439
60.6494
65.1693
62.3194
4.76885
96.018
92.5371
89.7375
78.9164
76.0216
54.2382
69.1981
87.5953
87.2073
3.66411
90.9151
73.8187
57.1101
95.0074
47.8926
63.7266
85.1194
91.1942
92.2297
93.1065
89.3845
87.9961
90.66
60.8041
86.7994
62.5125
89.9993
88.5783
93.222
89.2148
42.4498
90.1998
57.1552
90.1319
82.8008
93.926
94.4561
25.1355
94.9563
84.5447
89.3022
93.7576
33.1925
92.2412
59.0368
24.7073
92.4365
83.2991
91.8591
57.8367
90.9116
92.2828
63.9617
93.2705
81.6219
26.2972
83.2679
60.1095
92.798
47.78
94.679
83.6686
92.4934
92.7845
65.5129
93.6912
91.3022
88.6298
85.092
89.4174
66.7991
88.771
22.6255
94.8179
96.0746
54.2649
79.4767
88.0045
90.3908
93.716
95.4094
94.0031
5.08708
90.4753
32.1313
79.761
59.3951
93.1373
92.4342
90.5783
88.9748
89.2881
93.7653
79.5826
77.0276
95.7408
67.8946
53.7756
10.3166
78.2233
94.4304
78.2982
92.8667
90.6421
70.9234
94.1378
86.5562
76.5318
80.3169
49.178
86.1802
93.3471
87.9962
82.9117
61.1312
83.0485
81.5273
92.2861
25.096
73.4073
85.2089
88.6676
93.6224
3.75828
90.6263
94.6718
93.0507
94.0872
94.4014
86.0568
88.1159
95.9229
89.6093
93.3578
92.9787
87.4619
94.0587
90.9219
94.4613
82.8935
92.552
86.8639
80.019
87.7617
92.3059
83.3968
89.8977
93.9413
94.1686
6.71035
92.3273
35.8581
93.2662
85.0826
93.511
91.781
86.6226
56.6688
60.4448
91.4513
86.5397
91.6721
83.7705
93.6866
51.712
92.6549
83.6441
58.5054
90.6558
32.7134
78.1607
89.6109
95.2703
93.9846
67.4644
94.8408
92.0306
86.6664
95.5204
86.0278
93.9528
82.4358
94.1891
92.8213
94.1556
91.3724
27.1547
91.0493
80.4471
89.268
93.1761
79.5339
37.2193
85.0263
3.31139
71.9021
52.1702
94.7444
25.0036
94.9079
82.646
90.8323
78.7106
93.6847
80.7551
29.3423
87.3721
95.5863
93.9978
94.8618
92.5698
94.7947
89.8773
89.7557
88.1914
94.879
19.9844
92.2962
85.5817
4.99575
85.9979
36.2023
6.25825
65.3451
79.0679
63.4578
92.8088
88.9473
91.7899
93.2659
59.5404
84.7106
95.7208
94.2169
83.5816
67.1456
94.7329
89.2628
92.4608
95.1239
94.3309
78.0099
89.9113
93.6333
7.23857
55.0452
96.3236
93.1032
87.3643
93.7083
85.4273
78.3743
91.9612
92.382
89.055
93.4404
15.8471
94.2141
90.2795
79.9573
79.2192
64.4209
97.4701
89.2699
57.0784
82.4756
49.9856
86.4856
50.5
61.0128
63.9494
61.192
79.3646
92.7702
94.0875
93.1229
93.233
94.1253
66.8314
95.2104
73.0766
93.3517
93.7718
57.6782
38.0044
91.4203
26.2051
91.2772
91.1142
74.9541
76.6346
97.2991
98.3872
82.8596
86.897
83.4012
75.979
56.747
92.6919
87.3659
89.7216
3.0215
92.3238
66.3629
94.1015
95.3319
85.9545
95.9291
50.907
89.5521
94.7371
81.178
83.0053
51.2961
94.3416
93.6704
93.8665
91.425
55.0099
34.6003
85.6689
95.5765
88.2978
81.6554
53.388
82.8402
4.60968
81.5928
87.3217
67.0612
75.8515
88.5422
57.0821
94.1138
79.5261
6.17023
93.9276
54.4147
52.4941
94.8445
54.2037
52.4754
93.8714
87.8345
93.5466
92.5202
21.8769
79.9151
79.6183
86.0381
93.9156
90.6463
93.6302
74.2914
96.4181
10.7258
94.7821
48.1911
93.1331
95.4676
93.1769
88.0014
7.12089
80.0861
91.9133
87.476
93.1691
90.3255
94.791
23.0124
62.8528
74.8472
85.3554
48.2821
53.3875
89.1352
80.8531
86.4811
80.3415
82.4415
92.141
91.2555
83.6698
82.4279
47.5612
95.6849
93.8251
82.079
88.9096
94.3336
86.4436
89.526
75.161
93.7222
58.4414
93.8997
94.592
81.9211
76.5861
40.5642
94.6466
91.5301
94.9626
82.0276
88.7847
47.8861
12.4448
85.1361
91.9657
94.5846
96.4903
91.2432
95.2551
79.5113
88.9772
51.7329
65.1028
95.6063
94.798
93.131
93.749
91.8812
90.0454
86.816
89.6386
93.7898
58.4548
82.3319
92.9858
93.1148
96.4231
83.3392
94.9906
93.5288
59.5663
82.111
82.6874
1.35617
79.5735
85.7123
85.5453
92.7911
85.8488
88.7154
2.93895
95.3382
61.5266
88.0408
86.1249
94.5606
88.2726
94.4376
15.2507
95.8274
85.2088
82.8837
85.3662
90.721
88.2534
85.7299
94.8354
93.2612
91.26
73.9279
83.3874
88.8869
62.9096
94.6587
91.9027
94.2405
71.4463
94.2363
86.3935
70.3475
70.8745
87.0818
63.1259
78.4176
73.8997
2.59734
88.1836
92.6716
57.8183
90.16
92.94
92.9868
60.8576
92.4047
93.158
59.8005
41.4764
94.6153
91.9566
91.3059
66.5249
83.8925
88.82
58.2941
94.3974
84.5557
82.6047
29.0734
87.6941
92.8549
93.1613
94.7171
90.8072
92.7478
57.5645
94.4049
81.1807
94.8723
78.8453
92.4373
86.6073
80.0996
61.7287
86.6839
79.6839
89.2387
48.7382
66.1919
57.6814
90.9759
89.7766
61.0912
34.2683
95.116
88.5278
86.1608
89.7487
9.4615
9.25653
46.4113
92.5401
82.3953
93.4383
93.6971
47.0242
84.8515
12.4389
93.1092
44.3178
91.8367
85.9664
54.0966
95.621
74.5072
92.5595
54.3841
80.7854
60.8633
88.4512
90.1696
58.9777
92.99
94.017
89.3062
93.2945
93.8895
58.825
93.905
93.6467
91.8278
92.4295
84.8748
77.7311
54.3372
93.5201
11.8096
90.6821
74.6779
91.9241
91.7737
60.9943
94.9484
92.9643
93.0812
92.946
94.4075
92.1306
64.3088
34.7154
69.1383
86.7473
58.1906
85.0861
53.9123
92.1382
47.9728
92.2186
78.9618
90.9236
55.2954
92.8675
96.0425
75.8737
87.9634
92.7661
88.5796
64.1254
90.3245
94.5218
81.8424
12.823
80.8894
94.0789
11.1461
93.9528
53.8424
84.9513
50.4033
95.1067
60.6584
95.3569
70.6377
50.4318
94.5571
94.3131
90.146
67.1034
88.0198
84.0028
92.4818
91.6035
92.3064
53.674
71.7331
77.0968
90.6711
90.1123
60.59
58.8214
87.9484
91.6958
88.8448
93.5883
85.361
29.6489
90.6508
71.4983
92.052
92.4084
88.4804
89.522
87.5787
74.8622
88.2653
74.1051
92.7391
93.7271
92.9129
92.0285
76.4504
76.7832
96.9618
90.5688
67.0295
83.9931
54.78
71.491
94.893
83.0674
62.3062
85.2966
51.2949
94.1903
94.3224
93.3505
54.2991
80.9367
77.5167
31.2688
92.055
96.2113
89.462
47.5876
87.8507
72.9423
91.1759
91.2182
93.944
96.36
87.3822
86.0229
70.5867
93.2547
82.9936
93.7076
96.9844
90.5261
76.7388
93.863
61.2347
86.0781
91.1754
83.3608
93.7966
91.2112
61.2071
92.3737
94.6514
66.5903
54.946
89.8334
87.5651
87.3877
77.8355
59.6801
5.05726
93.9753
88.3711
80.106
92.7236
64.5421
93.1804
93.1532
81.762
94.8527
92.3434
89.6747
89.2554
91.2473
93.3038
90.6929
93.871
91.9868
94.6454
88.1444
67.33
69.7626
92.4853
93.4576
94.6144
69.7566
38.7111
88.4922
40.8615
83.5206
93.6456
27.3306
63.0827
75.0918
87.7075
89.461
94.5969
96.5805
50.2081
91.2299
83.4775
13.3033
60.8616
84.1173
87.5047
93.298
90.7863
86.1573
68.8369
53.5768
65.3454
91.5937
64.3393
89.1387
56.4683
92.628
45.1711
57.8809
34.0338
95.5127
85.6986
89.4707
95.0808
95.8639
87.0787
71.9182
78.0794
60.3781
85.5337
79.1729
63.4432
92.1804
83.2256
93.5858
55.9708
87.9565
90.3346
85.8117
91.7971
94.4283
69.7328
59.0002
93.8744
90.7568
67.1498
8.44666
95.49
94.7683
60.7611
75.1978
83.3407
93.8058
74.9139
94.4365
94.4821
94.0141
81.5554
29.2404
11.1263
87.4949
70.0492
74.5262
54.9659
84.319
66.9908
92.9874
89.7561
90.3755
82.2149
66.6204
91.471
59.2925
92.9296
60.2585
94.1583
93.8719
49.4089
90.8226
91.3473
93.6597
94.0583
94.3924
87.3001
71.7112
5.52311
94.1585
84.1559
93.0602
93.0683
82.2822
89.7042
44.1014
60.7083
80.8072
91.8798
86.433
68.8496
92.8522
80.6937
95.7929
88.5822
95.1299
86.1462
92.7174
94.3496
24.7594
82.79
80.9059
92.0627
71.7383
53.7625
91.3963
95.2186
95.002
87.7567
43.8915
93.7925
95.6083
94.1749
93.6181
83.0225
91.4565
92.7225
91.0906
90.0407
91.5567
57.7362
93.8206
17.3016
53.5803
80.4515
94.5876
82.2857
90.029
90.1348
89.7704
86.058
95.8457
87.2591
84.188
22.2529
5.15473
49.9398
94.0804
88.8931
93.0277
79.7521
65.7595
83.2596
90.1914
89.7229
79.2774
92.1549
87.961
73.9746
95.968
27.4319
80.4093
65.6935
70.3709
92.845
44.3498
84.6654
95.4802
93.5155
45.4374
93.7859
91.4105
89.042
93.2567
55.5731
87.9956
65.1011
94.3339
54.424
90.5908
85.3929
91.9601
68.75
58.862
58.7469
64.8261
90.4678
79.068
89.3154
95.3941
90.9651
91.349
51.9292
87.5901
60.106
89.1571
94.6137
59.5449
59.7052
5.19351
60.5388
81.4756
94.3264
77.6061
96.2974
87.3782
94.0985
54.5797
9.12585
93.6418
93.8181
90.9878
89.2164
95.1663
90.3041
85.6
71.8046
92.6488
89.8437
93.1364
90.7959
91.6708
90.6451
91.8648
91.96
93.6152
89.7887
95.4211
49.9547
93.2318
90.2554
53.3915
93.2636
84.3013
90.3944
83.5915
60.6487
60.1565
83.3985
93.7182
66.2455
92.9224
87.0093
94.6307
95.0078
59.2098
82.6403
76.1646
37.4182
91.4761
91.0549
93.4592
91.6448
54.7084
30.3107
16.3277
89.656
91.489
94.729
96.8967
92.7205
82.8224
91.2597
92.5301
2.13234
94.4805
87.0357
94.1665
84.3047
94.1991
95.0056
51.9905
75.8609
63.7614
92.4468
92.1703
91.0794
50.9089
66.8735
5.46457
89.6357
87.9188
93.7957
93.6156
93.9072
87.7065
87.6211
89.6909
84.2236
81.5915
84.965
58.897
85.7857
92.6401
64.6824
84.2526
3.82
89.5284
94.6248
94.8118
93.2921
91.3844
63.011
87.2326
90.6027
67.2423
94.8587
88.4666
85.7797
67.8444
89.3735
72.7244
68.1072
91.4081
92.5243
84.4357
91.0501
93.16
87.1982
89.9549
93.1895
51.3535
93.5073
91.4408
94.8647
90.5133
93.9635
93.1105
56.4718
78.455
50.7491
89.5539
94.6151
37.9514
93.9834
58.4591
92.0649
85.5662
94.0804
86.8006
47.5538
61.6856
51.3482
65.2582
18.7393
85.9379
78.972
81.9966
94.6281
93.7838
91.3217
83.7968
86.7668
93.8407
51.8299
91.0368
93.1976
86.3252
84.3435
86.5917
94.8742
93.1998
90.025
94.197
14.3487
86.2054
92.0964
66.4653
84.5944
85.0167
57.4896
87.1288
93.7029
88.2493
95.9847
88.4713
94.0011
90.7032
89.0766
66.2216
92.4678
78.1217
95.8211
53.7897
92.3353
88.1126
89.0006
25.9394
93.8498
89.2431
13.6345
85.4138
92.7352
92.3457
59.3163
60.1864
93.4193
93.3782
93.6936
55.298
87.6879
55.5677
55.3226
94.8331
94.2592
72.1624
12.3992
91.9572
92.1702
88.8532
92.034
91.8724
85.201
75.5905
94.8086
80.3646
8.94237
93.1536
93.6653
86.1706
94.2988
66.0598
53.835
14.2385
60.0268
95.6484
90.5392
82.1283
87.2776
53.2386
31.5269
92.1603
50.7887
92.7886
87.091
87.5298
68.9432
61.0039
87.965
78.5601
58.7836
15.056
90.2996
48.2532
92.482
66.7671
71.4045
79.4669
92.8816
78.6251
94.6536
86.2997
81.3335
88.7895
92.8355
92.2832
93.0704
87.4875
4.65738
90.2268
85.6003
86.4072
94.2519
11.0434
86.2584
66.7075
92.76
87.1232
83.7071
86.6504
53.9238
94.6538
91.4184
93.59
92.2221
90.999
25.4087
91.8311
62.607
93.5695
94.9869
89.0532
93.3846
89.8171
95.9302
13.5057
52.25
83.4148
88.8474
87.7575
75.0751
44.0796
6.60767
32.6338
92.833
93.4907
84.0504
91.9062
61.4605
88.7559
94.9111
94.2753
91.8542
83.7545
77.0105
81.0563
94.2579
87.9722
91.932
97.025
75.4313
93.3297
92.0515
47.8307
92.1252
51.82
87.4371
94.9951
64.6949
86.4198
90.2089
87.2219
90.5008
91.0739
62.4752
93.9028
88.8045
64.2422
94.9774
94.0944
92.8361
70.4343
89.4946
92.953
94.4021
6.85739
94.0147
39.875
94.6815
36.5561
85.4061
64.0051
95.13
94.8163
38.245
88.2196
61.6942
93.477
94.1324
77.9121
61.25
83.3132
63.6271
64.9896
87.4976
80.261
60.8598
52.4142
58.5404
36.1048
87.833
55.3278
16.6773
96.4499
82.8438
81.0154
93.2386
64.1175
59.6391
90.4474
93.9551
59.7391
89.1994
47.1053
7.36041
72.9161
4.17544
91.5544
2.27344
92.3341
93.0634
49.628
89.7934
93.3697
86.9264
93.0914
80.9438
57.9107
92.8967
50.1228
87.0657
94.5955
94.4115
54.7215
87.6122
61.9058
91.783
90.6691
92.6526
92.7773
93.2774
95.1875
63.7334
78.3077
81.0022
89.2892
78.1217
43.8998
89.9272
80.3066
87.6309
90.4999
89.822
86.3714
89.9494
92.2232
79.0
94.3763
90.8881
89.9526
85.8242
92.5575
96.4939
91.9657
35.0459
81.7884
64.5149
85.027
76.5306
90.7317
93.7895
29.6914
91.8364
60.1453
94.4643
96.5655
89.678
93.8073
15.8087
54.7347
53.3928
92.4959
94.6404
94.1566
89.8173
91.2071
94.1943
65.172
41.4978
91.4252
87.6655
96.0734
11.4401
29.7503
91.8855
82.8048
88.6666
87.3675
57.1745
96.2601
92.0929
88.0243
86.7022
93.6636
74.2866
71.6421
93.2971
89.2686
86.4963
92.3386
93.5914
95.6023
94.7554
81.6165
93.7003
85.9172
87.3343
94.0884
96.0593
86.0318
90.4351
75.8938
81.2975
57.8984
93.2666
91.467
94.2394
86.5424
72.8516
93.726
85.3273
48.229
90.5301
94.898
92.0953
55.7286
80.7174
92.9793
73.5576
78.1022
94.7527
86.1226
91.0516
86.2505
83.3096
90.4479
93.7714
23.1709
95.5518
63.2942
90.1255
93.4929
59.3006
84.0877
91.7578
59.4382
64.3683
58.6409
93.6026
42.5398
91.6804
91.4768
80.211
88.2547
92.3354
90.0979
93.9914
94.1333
86.3475
59.7901
65.7785
93.2856
94.7771
92.7022
62.345
60.8114
94.311
85.1181
90.6548
73.012
91.5358
80.4295
69.5652
88.8321
61.4634
94.0655
82.2536
92.4457
92.2334
70.5765
95.0929
93.3917
29.8184
90.2
93.0579
88.3594
95.5153
92.3036
90.7987
85.452
86.941
93.8195
91.4848
55.1449
81.4562
72.6866
75.4196
96.771
95.693
93.2118
86.1196
92.8144
67.9536
77.1272
86.9445
57.579
87.4228
94.708
77.7018
61.9904
90.7861
93.1283
86.0873
94.046
86.7098
93.7644
84.8386
89.38
91.325
84.65
51.9583
91.727
91.9856
71.3577
74.1305
95.9079
57.7932
93.898
91.961
88.1075
92.9603
86.7397
82.454
16.3598
31.0838
88.9411
79.5706
63.1887
77.6797
89.2422
46.8145
79.6394
94.7836
54.2672
92.9514
89.8834
77.0585
90.2185
93.1056
55.8591
91.4655
65.4871
94.8305
92.0112
92.9322
87.3867
91.9796
85.7634
88.1969
94.8662
91.7394
89.4688
94.5507
89.1464
72.4491
82.0225
94.1259
92.5015
94.2072
82.5297
18.2431
57.2716
92.6567
93.9371
60.1306
95.1898
90.8219
90.5454
91.2122
55.1602
84.2573
93.4436
1.92385
76.0749
89.1572
72.4567
94.0246
85.1069
82.4781
81.9524
50.9294
78.1264
69.4469
92.0026
95.2246
83.0858
87.6355
82.9122
70.842
82.182
71.139
92.3858
92.2973
94.3449
94.004
94.4389
95.1463
89.8122
49.3305
92.2929
61.3003
93.7901
74.9017
90.2926
94.0281
49.9399
46.4385
11.66
93.1002
87.0652
61.2346
48.0081
84.7596
96.3696
56.1731
58.4111
76.9329
94.682
85.6326
83.4282
85.7792
63.749
90.9392
66.7038
83.9468
44.2145
87.5653
93.612
50.5378
93.9603
93.3385
87.8615
86.2545
92.8014
71.3227
91.6842
90.8605
85.2973
68.3889
61.4136
92.1978
94.2528
93.7438
84.0505
76.3812
90.5412
92.1019
94.5088
81.4108
93.4918
10.3248
85.1311
95.2236
74.0709
82.4765
52.9112
92.6984
45.979
96.5269
87.4207
92.1909
82.6154
94.534
47.8503
88.3237
83.878
11.5163
28.4274
97.9075
92.1832
50.9653
79.2952
36.6463
94.3023
94.0843
90.7094
77.0134
95.2708
90.4177
60.8371
86.1209
77.9274
89.1216
69.2927
87.9443
92.3279
91.7051
94.9472
70.4094
45.933
63.1854
29.5901
32.0649
94.1331
59.5896
55.915
93.3604
75.8685
93.7216
74.9523
91.4649
85.5163
91.9967
53.5824
91.1423
91.6168
89.33
92.1665
93.8102
30.2848
93.8113
95.9375
81.8665
92.6691
71.8198
95.9061
88.3364
91.6548
94.9915
90.116
90.4863
68.1943
54.8451
90.5041
83.0086
82.389
93.3944
91.869
76.0159
9.63268
85.5139
58.2083
93.6393
90.4175
66.1756
51.5867
85.6803
67.0482
93.3706
94.3162
83.7842
74.5802
94.3703
17.77
93.9079
93.8747
54.8126
94.7098
86.1779
49.6102
93.3089
38.1433
87.2163
89.8835
87.6402
26.7722
90.6873
54.8488
88.3731
95.3276
86.4696
90.9632
70.5665
95.6609
77.5283
57.2261
66.9457
59.3229
92.9232
94.9659
5.4737
81.7447
92.5503
58.7399
92.9616
89.8267
93.5768
31.9485
56.702
93.0173
84.7663
80.2605
81.0124
95.2822
12.7256
60.9927
92.6093
93.0704
78.547
89.5767
90.7811
85.6875
60.3517
89.6605
94.8973
64.6728
94.5286
53.4521
95.6117
85.6544
89.8568
84.6156
82.5656
92.6247
42.5808
65.2689
52.0669
89.117
79.4281
91.9921
27.0044
94.6717
88.9567
70.6054
90.0467
93.7481
94.051
92.1358
48.8389
54.0711
93.8716
94.9464
82.8954
87.6502
43.9729
95.7874
92.3721
77.2545
53.6048
60.2892
91.6165
95.1173
69.6717
95.2537
87.1825
83.6893
93.5495
90.2161
51.4234
87.8407
92.6808
27.9788
89.6183
91.8826
93.6208
93.3605
90.3835
85.9162
96.7636
83.1804
91.3922
91.9893
81.201
89.6563
55.4282
41.8252
84.5172
88.0435
93.9398
95.2483
69.89
93.8488
90.4848
81.5541
93.7341
82.7188
94.8051
90.6108
85.1442
96.0147
92.1096
91.0286
80.0332
90.4176
76.9719
59.9901
93.866
86.0559
94.5433
63.9178
91.1651
78.4621
74.3543
94.3632
91.8622
85.2127
50.2484
66.0844
88.5105
75.7498
92.0075
56.5629
74.5233
90.1264
86.9329
47.229
26.0744
36.6199
87.5857
33.1346
83.1672
57.3553
88.2909
55.5113
88.84
93.0823
83.0446
65.0545
92.112
62.2149
94.5328
77.635
88.9585
91.0844
94.5473
95.5317
90.8504
92.458
19.2002
91.5072
60.9442
83.3331
80.288
88.2803
88.0303
92.8429
93.5293
91.751
72.6993
83.0842
85.75
85.2683
94.66
58.4279
83.8767
72.5769
94.2818
58.5942
6.0225
94.5302
93.3104
94.2253
84.5069
95.5322
11.7209
85.2952
91.9324
88.1039
91.529
93.9439
84.1282
84.6668
94.8911
89.2546
83.3436
89.8545
95.8065
67.24
95.8301
91.6996
93.3201
87.6645
94.9118
92.3874
85.7372
81.0782
82.3297
81.0946
92.7934
85.4936
83.2066
65.4935
46.247
89.0413
94.4104
95.223
90.223
86.1451
86.8603
91.9612
86.272
93.6165
64.8361
95.5882
93.2786
78.6137
86.3612
84.2586
70.4442
82.1977
89.4942
55.4187
5.05104
88.2005
89.2933
91.0839
93.4623
93.2452
83.0512
72.5434
47.8417
47.3696
87.5065
58.8594
89.067
94.3432
95.0837
92.0214
12.437
93.0927
88.296
75.764
65.508
89.9022
96.596
93.8924
94.7955
92.9271
93.3848
86.8915
95.0316
76.8173
2.54486
92.1596
87.0607
75.125
90.4138
87.9425
14.4814
60.5404
78.0855
58.5424
75.9732
77.99
87.4124
92.1096
95.7854
85.5579
88.6699
96.2165
88.8974
86.6948
93.3322
89.8034
66.6613
82.6387
86.6044
85.2861
93.686
95.6304
83.4813
90.8182
80.5052
94.6762
89.4521
90.8717
82.791
93.5557
94.0861
95.5094
92.5733
26.312
93.1819
93.9095
92.7289
92.8832
42.2796
88.31
84.8723
54.6593
69.232
87.4851
18.0065
75.3712
90.017
88.8057
93.778
93.6239
93.6683
35.6614
93.9203
54.989
93.0963
92.6357
77.5258
77.4364
83.9728
90.6936
93.1649
92.8047
89.2091
93.3402
78.3627
35.2116
54.8065
91.8601
92.0108
78.4226
78.4995
94.5176
92.7489
90.5706
95.3314
62.2329
86.8734
93.2459
72.8124
20.4302
90.1098
85.79
95.5593
53.317
52.1547
92.6723
55.0742
95.0565
91.279
86.1031
93.5963
88.4491
63.8391
84.765
84.2885
70.2148
59.4506
94.5253
86.4693
57.1194
88.1486
92.768
71.4773
26.7053
92.4484
96.1555
87.3403
54.0695
93.1454
59.033
86.2878
52.5187
9.43118
81.9753
95.8655
64.2084
94.9366
76.6669
92.1677
92.951
94.781
93.7641
94.3775
94.2429
68.6897
94.551
94.8223
93.7489
91.3822
5.62801
94.4175
94.0079
59.988
52.3871
91.2057
91.7095
88.6282
94.1979
92.693
51.7455
75.1637
93.8807
93.4073
91.1233
94.3708
55.0737
83.2183
77.7997
95.4845
86.081
12.9054
81.9601
83.4093
2.01626
32.5449
92.2226
85.9486
91.6905
93.7941
92.7935
84.2324
9.52359
89.6313
92.3422
69.3285
94.5167
83.0524
57.9359
81.1714
86.1861
60.2818
92.9075
86.3357
93.8169
94.5156
80.5189
73.3522
95.2246
64.6146
65.1257
92.5773
93.3753
92.0984
94.1664
87.1993
53.0891
39.2456
53.4243
88.7701
64.4664
88.5224
70.9417
42.8088
66.066
86.4317
94.1351
92.0004
94.1148
61.1075
93.9624
85.4783
94.5808
73.3161
92.6901
87.6174
62.366
75.1
91.2853
94.452
69.4047
94.0688
84.0976
90.1026
87.7668
91.8195
83.7386
64.3722
91.7652
62.4429
85.6231
92.2753
78.2054
28.1232
94.6323
82.2076
88.2773
95.7691
93.2649
83.0271
55.9171
95.6322
91.7488
90.4194
88.6675
16.7379
87.5144
93.0511
89.41
95.4255
59.1669
62.4426
94.409
27.2295
68.8802
51.5658
93.0871
90.1784
51.6026
88.6721
94.0859
83.844
95.4082
88.3899
93.8606
16.3903
58.8341
93.5393
64.0141
95.1606
87.5631
44.9538
93.9929
57.5349
70.2496
94.2086
73.3777
90.844
92.0739
68.5398
74.9375
76.5079
86.9124
94.1652
93.0463
50.2164
58.1691
89.902
52.7037
54.3766
84.144
92.7936
90.3683
89.443
86.6835
67.1847
92.5116
82.552
84.8723
93.0306
64.5605
94.2007
11.8821
88.7749
95.3944
88.6003
87.2198
92.2335
92.8072
95.7087
72.2908
79.5534
71.2253
93.9561
94.0384
47.2747
68.9362
51.14
93.8315
94.1728
24.2619
90.6106
91.0408
86.0982
72.5736
92.3846
8.82474
72.571
82.6403
2.74421
4.3488
93.1374
87.4717
93.9289
89.0343
94.9167
95.5879
88.3558
91.0793
88.4871
96.7606
56.0928
49.2188
77.7678
92.8326
94.4268
4.87897
97.0525
5.10492
90.1058
73.4876
96.0924
81.7603
92.7701
91.8808
34.3868
86.87
93.8656
85.1225
86.9827
87.0018
90.7207
4.32493
89.5879
93.9844
72.2392
74.954
83.9522
6.56267
53.9072
94.3452
85.2534
95.1147
56.0411
90.9702
62.3715
82.7861
90.1216
61.3021
72.7672
2.78945
56.9854
81.4186
94.9154
81.9269
83.5367
88.2219
51.2392
92.0689
85.0032
63.8793
91.6069
91.3363
91.0148
93.6276
24.486
62.09
95.1181
88.236
92.0071
52.6956
62.0215
95.1094
30.1914
81.2085
89.2877
92.8717
85.9303
93.1394
20.1265
84.0185
38.3191
94.9532
59.4352
94.0345
91.042
84.2332
92.3594
72.4759
81.8806
88.1343
95.172
94.2913
83.8856
88.7031
73.3731
94.3166
55.3545
93.1744
93.3076
59.0896
79.3799
14.3182
91.1536
65.2082
89.8999
93.9734
83.0294
92.2003
86.449
92.5562
88.4297
33.6036
81.6977
58.3741
92.0294
93.8964
94.7509
93.792
63.7969
82.2724
66.2069
94.4428
65.4394
88.4878
71.4907
79.7952
61.0488
89.0537
92.0265
94.1819
55.0921
91.4982
39.8645
81.8546
81.5349
17.7872
94.7389
93.088
89.0339
88.9163
89.386
90.1486
90.4817
68.6517
14.6787
59.9191
92.0359
89.4809
65.6069
63.6561
79.0364
86.1813
58.6952
33.63
58.1688
87.2967
89.0652
84.3874
95.8284
91.2737
91.3547
67.75
16.6961
93.8151
49.1087
10.3212
90.1808
90.109
93.4788
95.2677
90.3601
90.8431
94.7022
84.4987
72.5595
3.76317
82.4755
74.7395
90.3146
93.0715
93.6738
94.8367
93.5554
20.854
92.6291
88.0957
11.5508
93.2777
65.8507
47.3493
88.9018
59.2164
90.9135
92.6624
49.4827
85.6074
92.8396
86.6528
79.8236
70.5285
93.3833
73.5658
92.0474
91.4856
91.5851
66.8291
85.9116
89.1876
49.9847
90.4246
87.4947
94.9349
92.9737
97.4764
93.5867
93.2582
91.4041
90.9881
63.5894
89.6401
94.074
57.0445
87.3151
79.436
94.0119
59.026
93.8199
91.6106
86.5301
93.7898
52.5643
94.785
90.1398
6.29703
52.5163
94.3925
93.6108
96.1138
82.9883
88.2943
79.5802
94.5979
93.7265
94.1044
93.3122
58.0515
93.6295
92.3275
91.8974
62.8855
8.61585
73.6751
58.8199
86.8025
63.5183
93.4088
92.652
91.9629
93.5112
96.4188
94.9419
91.4882
93.7865
95.4358
92.8208
90.6261
38.0041
89.6011
4.36691
73.0575
94.9743
92.8252
89.6299
94.4522
95.3894
81.2462
79.644
57.7625
88.3518
92.1297
72.2508
93.725
89.572
91.3376
92.4044
86.2982
93.2496
93.9621
88.9524
59.9142
88.2961
60.1934
28.7224
85.7129
88.5225
72.5972
62.7071
81.5265
93.2542
57.8967
89.9076
83.1049
94.1157
5.36048
92.7301
96.4057
93.3022
93.2648
90.83
63.7379
88.9538
90.6117
93.0518
88.2403
86.4763
92.877
92.6619
77.853
34.6128
90.8486
92.3999
94.1497
91.4869
73.3984
88.5292
87.0116
56.6062
53.3273
91.7347
57.1595
90.6456
94.6311
76.3131
91.4483
90.1944
92.7914
94.0922
84.7793
91.9978
62.3532
82.7193
88.2341
88.4949
94.8182
77.5025
53.7604
89.1407
91.9688
56.6461
69.4897
51.0355
79.091
52.9996
74.1491
94.0217
70.6757
93.8193
90.9817
59.1045
52.3378
53.378
94.8946
86.3196
10.6205
91.5212
91.1884
89.3837
94.2692
66.0148
93.3024
93.8316
90.9377
75.4842
93.9107
95.0444
92.6411
93.2773
93.1528
32.1284
31.7649
93.6899
88.1402
87.043
86.3472
87.459
90.2056
95.1323
88.0653
80.205
91.7117
92.1848
94.6582
70.4065
93.8395
87.9605
90.7536
79.3897
31.6875
79.8882
75.4279
25.9217
78.5755
91.3418
58.8803
83.2622
81.5558
89.9682
88.0998
88.0681
91.512
70.4255
92.8917
88.4848
19.2393
51.9033
14.0235
94.0913
28.6365
71.4204
60.1936
89.9321
88.6646
92.279
56.2947
80.1383
50.6394
55.6113
85.9594
83.4073
93.6502
30.3679
91.0696
92.6652
58.1039
64.82
15.5483
85.9785
66.2794
84.7112
78.0561
86.7996
93.0776
90.9201
53.2586
93.8713
79.3936
91.2362
76.5455
93.5033
52.3646
92.6182
92.0007
81.9772
66.2043
95.7472
4.21764
95.3694
85.6865
96.5228
95.0397
94.7352
91.141
94.8067
70.8558
23.4954
66.5391
88.5369
91.2905
90.1812
78.8746
92.9227
91.48
92.9704
95.8268
93.6535
91.4379
36.9651
93.2069
88.2276
90.6239
89.9969
91.3782
92.7841
94.1407
91.9599
89.5953
63.3631
92.4678
83.4393
12.4005
94.8798
63.0855
83.5704
95.4241
92.8913
31.8961
14.012
90.1516
93.5674
48.8691
66.2041
93.1591
92.1953
92.2968
84.8656
89.0975
88.5991
86.2865
89.4213
92.927
93.5661
89.3849
81.0259
92.1456
85.3241
58.9881
86.379
86.6056
93.3062
19.6631
27.336
93.4368
93.1262
90.2609
93.6435
92.3398
82.4381
92.7455
39.7095
91.3812
88.543
73.1383
94.2571
91.6103
90.9174
95.4299
93.166
93.621
86.742
92.2703
88.8685
91.9925
85.819
81.3799
94.8948
68.0154
67.4309
41.0421
87.9472
93.0338
92.2228
56.9709
90.8207
88.3413
94.9817
91.1213
15.8442
76.4985
87.4476
91.3883
70.2309
93.7189
56.4449
93.3786
93.092
95.9536
93.387
93.9676
93.7894
92.3555
91.9398
92.6278
93.2423
92.178
79.7178
93.1083
92.8806
86.8369
93.0648
94.0518
94.1107
92.4255
7.32996
89.9301
29.8048
91.5958
85.5936
85.4361
92.6158
92.774
94.0532
95.2309
59.1592
80.647
90.8279
93.5339
51.3932
65.9111
65.7584
93.1188
75.7755
54.9054
82.2462
80.1806
90.7751
17.0104
94.5981
87.4398
83.136
93.5754
72.4897
92.7175
93.8338
76.3651
92.1229
84.8387
59.3705
7.96988
94.309
92.3461
21.1281
19.0269
95.1641
94.7295
94.6289
89.3588
60.7629
92.7258
94.6712
59.0663
83.018
90.9229
89.6652
71.3443
81.2239
86.0933
86.1447
97.1411
74.3714
83.4911
90.0068
78.0952
60.7767
94.5009
55.7611
93.8459
93.7301
68.1907
94.5304
91.4155
94.6729
87.0346
94.7341
4.26613
93.2878
93.9423
96.294
87.2592
81.385
88.4817
76.4597
66.4502
87.7317
55.1431
94.4448
95.4167
89.3512
29.9719
65.2265
81.8807
85.6263
94.5186
90.6032
63.43
93.7693
95.625
85.3339
84.6093
90.404
61.6876
94.354
93.7289
3.65143
93.4377
94.4706
94.8547
94.4073
70.9038
92.8295
92.3185
55.9191
65.5984
81.1254
73.5142
90.203
75.067
75.63
95.9324
91.8736
71.3279
94.1463
92.4879
4.21898
83.3161
86.3986
93.5237
90.7061
92.1363
84.9473
22.2614
7.34484
71.8823
93.3555
61.505
81.529
93.0115
2.34529
55.9776
94.2075
78.0016
55.0477
92.7888
73.416
85.8827
81.622
93.8732
93.2556
52.3413
93.4914
92.9703
52.0578
74.2613
81.6881
88.7948
94.0059
86.9
50.1271
91.6997
81.0399
29.1457
85.2068
91.1946
80.4623
92.2189
57.6941
82.5822
50.1399
92.7582
90.0843
58.8313
91.9493
73.6935
77.0779
91.6327
93.1972
54.4347
76.1907
90.1661
85.7341
7.03044
90.9347
73.3295
2.13371
93.786
89.2266
92.1785
93.8677
93.8037
62.3091
87.7077
67.2398
35.9762
91.4255
83.651
92.3865
88.3066
77.5315
85.958
93.6274
85.8177
93.7979
93.3369
22.9189
60.7597
94.2149
92.0853
88.3886
28.2102
58.9446
90.1895
67.1816
93.755
92.7108
32.6313
94.1105
70.3764
93.6504
95.4982
52.4127
77.5607
92.6984
94.3879
92.5114
79.2724
79.3539
88.7021
92.2777
82.0455
91.0052
87.4403
17.7704
91.7682
85.0377
85.9571
89.3294
84.7096
88.5453
81.9908
93.6034
93.2043
93.4618
91.5295
93.9514
95.411
93.8772
93.2214
85.1152
87.5907
80.5388
90.0718
86.6801
16.5719
87.3574
82.0011
68.7036
21.9309
67.0884
84.8497
92.8987
88.345
95.2306
71.2949
64.0407
93.5445
87.3325
95.5036
62.5521
80.7773
29.5517
80.9922
84.9609
47.7925
95.3464
92.5605
94.5232
56.4036
80.8122
94.2606
51.9612
62.6137
92.3298
91.0847
65.3535
93.8865
90.8408
87.8365
89.7215
93.5589
96.0989
94.6858
80.2583
87.5578
93.882
96.1044
91.6829
89.1857
87.8256
50.2799
63.5062
90.3107
92.9803
62.0525
94.6512
86.6563
14.6986
92.1589
86.1885
86.4699
89.3163
89.5032
93.7467
21.731
85.9037
86.5704
86.9334
60.7178
90.5017
95.6954
82.0548
94.9999
77.5249
48.4249
84.2609
54.3632
85.364
51.8335
92.5383
92.4513
43.662
88.3091
51.1178
88.4453
91.6006
16.9924
81.6828
94.5834
84.7496
87.2573
45.0772
78.4988
87.0513
64.5963
72.7157
7.90497
10.42
64.4175
95.0663
93.7883
95.0313
93.1081
85.1505
90.1535
95.1899
53.1486
96.04
94.0585
63.9157
93.7029
94.1446
90.6217
91.2582
94.188
5.62081
93.3501
79.9183
94.643
91.7083
59.0691
94.4388
69.6132
91.9266
52.1151
94.2515
92.127
88.807
94.6001
95.2333
58.0349
93.1014
82.6437
94.5548
93.0246
89.4052
92.0512
75.5277
67.179
80.1131
60.753
80.8595
82.9286
52.7577
92.8729
92.7811
91.9095
92.6293
89.628
63.9245
88.9887
84.0704
62.1541
92.9774
94.0086
95.2989
88.3406
92.8748
90.0907
93.5521
94.0479
63.0315
66.5779
94.9252
93.8197
75.9833
86.7177
59.7367
93.3117
93.4699
88.1988
68.7635
93.7219
94.729
94.9323
93.9071
94.3178
94.3222
95.9136
88.8941
74.9408
93.0101
53.2549
6.24621
53.47
90.6537
92.0965
82.0704
87.2284
40.8813
95.3647
78.8923
93.5577
91.5133
89.3322
91.6086
92.8939
89.5609
57.4282
90.9299
69.4918
96.4494
64.272
95.0222
93.2719
93.8183
92.385
63.067
55.432
76.5001
83.1953
93.4988
93.8697
86.38
61.368
81.8331
87.7584
34.1622
88.6446
91.1664
41.1497
88.4579
46.8348
83.6225
46.5183
79.9762
48.2954
94.39
79.7699
91.2114
83.9941
92.9348
93.947
88.9701
96.2189
92.6621
61.5056
95.063
91.1583
94.9283
92.8504
90.1749
94.0042
94.9496
93.1706
93.2834
94.0512
76.544
92.9913
67.7614
94.2686
94.0077
85.3788
58.7625
96.4033
89.217
83.2351
65.5047
88.2892
65.6693
90.0383
58.0548
2.77402
86.9079
92.3619
91.7242
96.0455
46.0024
63.0129
86.9635
56.3195
94.5134
59.0868
69.3058
53.3069
89.0131
92.0758
64.3441
91.0903
92.9693
90.5741
51.9457
91.8911
93.3899
92.1594
67.0692
87.6379
91.2953
92.3631
95.9471
92.1742
71.4207
60.3281
87.8007
87.1536
89.5776
52.9597
60.2346
58.6078
93.1781
94.8945
77.8357
87.7319
2.11174
63.4894
95.0228
94.5268
93.1299
92.7592
85.7094
89.8323
84.0352
92.9633
92.4581
91.3413
35.4626
17.1265
90.6364
88.4479
88.8349
78.4746
93.8601
85.7918
88.6601
56.136
12.0461
8.6616
93.5657
90.9322
89.1872
53.7659
92.6317
91.7747
86.8703
91.2024
86.6165
94.838
75.3405
66.7919
92.9879
91.4453
94.1331
73.7446
92.6021
93.7143
93.955
84.212
4.84256
66.7192
76.5016
2.91731
89.6303
93.1645
79.9287
88.9367
93.8251
90.4186
90.3157
19.797
93.7271
91.2404
49.7047
90.6669
93.7521
92.6439
89.685
92.3992
94.1735
78.1715
92.6125
63.9407
17.8537
86.3904
92.2827
93.4429
55.0985
90.1227
92.8108
92.9339
93.7374
52.5499
79.1517
88.0284
88.959
92.1364
79.4925
28.5387
89.5364
88.9362
82.6941
91.6903
59.6316
33.597
57.3811
8.73448
79.2759
92.0226
92.9933
87.5692
83.956
94.683
83.4945
89.7248
83.6459
92.5984
92.1788
94.371
95.2436
39.2501
85.6673
92.9196
92.7404
66.9318
94.4685
95.2239
91.2625
52.9452
93.8684
93.9169
62.5572
90.1196
93.5612
87.844
95.2736
95.8674
94.4191
52.9857
93.3181
89.5425
89.7646
79.3275
92.7258
75.9821
92.3141
62.7444
65.695
95.9139
82.5056
94.6199
94.0277
2.83997
79.7373
49.5486
83.3451
94.3398
81.257
90.0639
91.9649
89.6599
92.0658
95.7841
84.0761
90.1234
56.7938
65.9232
55.6233
93.794
52.4245
86.2382
61.2014
78.0612
15.9226
88.4372
41.7879
84.084
68.5554
91.8391
92.7216
93.1455
92.9666
94.2311
63.8896
12.3021
51.6151
84.8792
77.9862
93.184
58.4904
92.3439
93.2975
57.6589
7.21048
55.3636
48.3769
83.3292
76.239
84.1298
91.2115
86.5373
95.3975
88.0648
95.0332
79.1378
88.9569
93.4108
93.631
94.0089
94.898
88.9934
58.9376
93.5947
93.1137
71.0208
92.3963
94.3245
86.1726
91.8114
92.4423
87.0758
85.6516
93.1547
32.8723
95.127
54.435
92.2545
64.7121
9.21599
78.0578
95.4737
81.9924
87.7677
96.465
93.7106
63.4841
86.2582
68.7072
93.0857
9.45536
93.0959
11.0587
86.8357
1.30018
88.3219
93.4831
92.0807
93.2115
89.9201
90.393
88.7937
93.597
61.9069
92.1744
94.2196
93.989
49.0926
93.3852
94.2836
88.0526
11.2989
78.0913
81.6591
70.2078
55.7796
92.6254
96.2659
60.2593
84.9453
92.1906
18.9232
93.7734
63.0741
79.0111
87.0889
94.2618
98.0002
87.9221
4.50632
94.0366
94.4704
89.3995
63.9311
97.0144
88.4949
88.7444
94.9716
91.9838
92.4012
84.031
70.1571
90.7404
48.8989
95.1587
82.4997
50.648
91.3065
90.3932
47.8734
72.1869
94.4458
82.1776
82.7545
93.6825
19.8273
95.4388
85.311
17.4353
71.9588
52.6903
98.3103
94.3297
95.7324
87.8852
84.1816
94.6383
91.501
66.2622
93.0088
77.0985
66.5466
92.7477
68.6422
93.8362
89.9807
91.9056
90.1446
95.8211
76.7105
88.404
39.7386
93.5883
32.7917
93.8154
95.3134
51.2569
91.8127
87.9043
82.0527
94.9794
92.0719
9.08986
78.3223
59.5217
20.4087
94.0918
59.0108
94.0461
92.849
87.2868
90.8951
94.2098
15.7564
89.1756
73.8791
85.6356
93.6046
94.4285
76.3448
72.3369
95.9923
60.6249
73.9741
93.7248
81.7823
93.0806
94.581
91.967
95.4709
92.4671
69.0569
60.9855
94.0429
55.3165
63.3563
93.8148
95.0167
76.2196
83.7684
58.5412
84.9439
48.6734
92.6392
75.7916
90.4848
88.5984
83.5842
17.9385
94.4224
92.4714
92.2497
92.3165
92.5316
95.5844
94.0895
85.1824
76.3051
81.7801
92.7139
64.0209
95.6531
92.1773
28.0835
94.8041
54.8166
90.379
60.9293
94.6937
84.9199
95.7955
93.3627
90.187
60.0624
75.7717
90.55
61.2935
37.7077
92.5483
80.2981
32.5296
86.7703
92.0839
92.2914
59.9482
65.2249
52.5777
91.1788
89.9179
91.9223
90.0845
78.4304
88.2607
92.8612
63.909
63.0736
72.7623
95.9226
76.1611
55.9973
82.0728
88.5789
92.3168
94.0933
66.6588
74.222
56.7866
42.8557
61.8482
69.9293
10.4409
67.9874
95.4156
84.4234
95.1191
90.7112
44.3131
72.3212
92.2122
72.0278
56.9424
54.2585
67.7043
92.5199
92.9123
78.0223
80.6892
89.7377
94.2167
93.2709
93.6278
93.6051
94.8084
69.5969
92.6106
91.7396
95.3731
94.4837
55.6902
91.5598
72.2573
93.374
87.4536
86.165
94.7207
92.8175
6.95087
79.9772
62.5275
67.008
60.1354
93.947
54.5331
48.9787
85.6496
93.0453
92.9831
88.9527
76.9233
91.8816
95.466
96.4568
87.6615
94.8547
89.997
90.9541
95.6872
50.3746
36.5457
87.3215
85.9029
89.4129
60.4239
8.40027
45.9505
64.6213
87.836
69.9009
73.6702
88.0165
22.9199
89.3595
94.0036
59.4408
53.7925
91.9801
91.0482
58.9977
93.0981
93.3401
84.9591
41.4425
84.5591
86.0357
93.9358
5.61233
88.0007
92.534
93.0607
93.1349
56.1875
85.8083
88.2439
92.0801
90.7074
86.2698
80.8767
58.9717
90.8837
92.2298
23.225
94.2503
80.0341
65.5532
92.4384
94.5095
9.54138
88.6157
89.3822
95.6703
10.3004
53.6574
94.2616
94.6018
89.9182
94.0623
93.3561
93.9271
94.1709
87.6053
92.645
14.511
90.1476
69.5619
94.4553
69.7677
93.6185
81.9882
96.3908
74.0965
72.0103
92.499
91.6767
92.6978
93.2054
93.0884
86.9613
87.8017
96.1519
63.2598
93.3008
91.2879
86.596
93.421
93.9266
87.4621
50.6673
89.7477
86.611
95.5327
93.9575
94.7107
25.1575
92.6193
94.1429
20.0102
92.3027
86.46
42.9664
93.1167
11.4349
80.3759
88.2166
94.5002
92.7786
92.4632
77.6252
91.3649
90.4445
91.4363
8.18342
92.1604
87.8219
90.595
89.6419
93.2134
80.6834
90.0432
49.0571
89.0661
78.2703
92.6197
71.6544
82.3533
93.5285
82.5951
79.2128
93.6887
86.2948
37.5521
32.063
93.7009
69.7489
86.3155
92.0016
91.0181
1.71281
86.6278
92.7305
61.5365
95.8743
67.5617
85.6687
93.2469
95.166
93.9735
89.703
94.0135
95.5108
92.6158
65.3751
86.2372
93.9476
94.0302
84.9857
62.3874
68.6043
64.7535
90.3094
44.0307
94.2611
94.8993
59.6827
88.3273
94.6065
70.3872
94.1643
85.6272
94.6192
95.3064
92.8292
93.3152
93.3024
92.302
72.9996
72.0822
95.9529
92.746
90.2985
78.2948
57.4843
84.3284
5.25846
90.5592
92.5489
86.6883
57.629
72.0984
94.027
61.9505
70.5047
88.2604
54.6305
91.4463
57.2512
56.526
88.1358
91.8684
73.9802
70.1337
72.2103
51.2909
92.8051
85.3006
90.8593
95.5221
91.1845
89.2297
92.9708
92.5207
97.9256
87.2585
13.1399
94.613
90.8755
45.2542
81.8239
61.2682
58.5437
91.9667
58.9091
65.9578
93.6546
94.3331
5.26214
89.6632
81.868
83.2545
91.4312
93.7788
84.5351
90.7501
5.49192
90.4084
85.255
93.7463
84.31
92.8678
95.1313
93.1057
65.9214
65.8762
92.9193
83.9977
92.9394
92.186
61.6765
94.5974
85.6906
84.3563
64.871
90.1028
47.646
95.5046
86.9007
96.3031
91.0556
53.2992
85.6311
95.2161
92.2841
80.8002
86.8568
94.5923
47.656
85.2101
92.5834
90.6604
92.9877
93.8627
91.2418
45.2912
85.8202
11.2406
76.1223
92.5825
66.7023
62.5481
87.5726
93.0583
60.8622
93.3148
81.456
91.2256
94.2963
87.5198
95.7714
93.7819
57.1764
90.4788
50.0691
94.2837
86.3515
45.1005
32.0514
87.05
91.394
93.2037
96.4422
94.0907
82.9929
80.3333
90.9342
86.5085
85.2533
91.8999
61.6622
94.0836
85.358
89.6608
92.8989
86.2086
92.5471
63.1617
83.9006
94.0693
4.28358
97.2808
60.1595
93.65
51.3481
87.4361
69.5091
66.5592
76.8739
93.7422
53.0578
93.6621
38.2937
85.6816
90.5197
52.4484
93.4344
93.6045
94.0714
74.6467
66.5564
93.902
88.7238
61.2486
8.035
92.6829
93.0748
86.774
91.3341
94.1693
93.2666
61.5202
89.6904
80.7203
89.5689
89.2759
92.8922
64.9567
93.6529
87.0177
94.4185
86.8808
92.9929
70.8252
94.4754
92.6534
36.4201
92.508
33.6931
94.0502
95.2725
71.9196
53.2365
94.3023
81.0073
95.9921
11.5244
95.2265
72.5562
90.2172
94.2682
53.6657
85.7182
92.2641
87.9504
8.73101
79.4955
92.4649
92.3577
89.774
64.5541
60.986
93.7392
68.7771
91.9688
93.4252
9.5317
84.2286
25.0588
86.62
89.6461
86.3678
90.96
92.9023
88.9755
90.5311
89.0828
89.8274
93.1726
93.9112
48.5852
92.556
92.488
88.8715
92.3474
92.9513
28.8814
92.3388
92.0398
94.0268
91.137
70.0696
91.8972
83.9663
81.9171
96.8354
89.6868
89.3383
91.9469
83.5511
90.183
55.0991
60.7672
95.1478
93.3624
90.5207
93.4972
92.3367
80.4621
66.8521
93.5602
95.461
95.5831
92.9655
86.7514
94.3019
84.8138
91.0628
80.3086
92.0549
93.257
49.8699
94.5602
60.554
41.5679
53.555
94.0129
90.5985
94.5928
92.1498
70.3517
81.2913
41.167
91.6797
92.0075
53.0537
89.2242
90.8898
94.0828
93.8322
86.9451
86.8709
91.8053
90.5995
93.8995
93.697
57.8176
87.1274
93.7654
90.2443
87.5024
89.323
84.1244
94.5014
84.3495
92.404
53.5564
81.2538
76.6423
88.5575
91.1056
50.8561
87.2713
92.9146
62.8367
58.2271
56.3211
65.3389
90.8501
31.9993
82.2971
68.7444
85.0456
93.0774
92.2572
63.3689
94.842
91.1539
76.5675
93.4195
84.7884
88.9759
94.6512
62.8146
95.125
72.2956
84.4911
89.0256
56.7862
79.3269
79.5738
87.6897
80.1375
81.8278
96.1163
82.9192
93.8581
92.7612
84.4798
89.003
90.6275
92.724
81.8934
85.0479
92.9572
93.1666
94.3077
92.6824
92.0531
93.3193
91.8288
93.1261
15.0091
93.7923
87.2972
92.5497
93.7565
94.9591
85.4391
89.3958
88.588
45.5949
16.7832
84.0215
93.7767
94.501
56.2178
7.14335
91.4524
83.5669
89.2958
71.1006
36.039
85.3091
2.43573
61.6176
93.2983
94.1959
88.4868
92.055
96.2973
78.816
91.654
87.5151
76.0344
87.6397
94.0339
87.4104
94.3105
92.0573
87.349
72.5927
55.5576
93.6852
87.8391
59.4812
89.898
59.8543
56.0098
66.9516
85.3287
60.403
67.0877
54.4184
95.6691
96.3182
92.8626
73.0515
93.8865
94.4909
95.9444
93.2664
87.6571
93.12
85.8404
82.7225
93.5581
93.4674
55.4444
79.8448
88.5413
94.4413
86.6854
61.4368
92.251
93.3395
67.7526
94.4256
92.9743
94.2234
89.4237
73.9729
85.3372
93.7961
93.6298
93.2443
59.3058
93.3401
56.3679
92.9629
93.7761
88.6129
89.8463
94.0297
94.9577
93.4874
92.5798
6.00142
87.3469
2.6766
61.3671
70.9867
93.538
90.5007
92.7572
92.7169
95.9316
93.261
92.5309
91.4938
58.403
91.0961
89.1869
88.4463
58.5065
95.9031
92.0368
55.1732
66.7513
10.426
79.0113
91.0818
53.5614
64.7871
65.1179
88.269
91.8064
91.5205
62.1228
94.9258
95.1308
90.3471
57.596
93.4553
94.4683
89.2131
94.3238
95.02
82.721
85.6625
52.8654
84.4879
91.5343
89.0479
15.8167
63.1116
73.8359
93.2255
67.2612
76.669
56.438
93.1693
95.012
91.0556
61.734
72.5776
36.8244
95.2316
93.2942
94.0687
94.9805
86.5351
86.9774
87.466
90.5859
83.652
77.1504
88.9182
49.3716
93.5358
95.0777
88.2957
85.2157
93.3855
84.1981
94.9546
45.8703
90.9205
28.787
93.8381
54.333
84.002
93.7443
63.343
93.3553
89.506
91.1211
86.8034
92.9711
95.014
95.6789
65.5575
88.5963
82.0253
63.1957
94.5289
88.7197
6.13146
81.7226
74.3298
65.1761
95.9944
84.2745
92.1264
90.9086
79.668
53.5478
55.3625
62.2165
63.994
66.6115
64.3639
81.6982
90.8146
86.454
92.6052
94.6456
65.7742
94.8684
61.0944
86.1067
86.5774
55.4006
94.4453
93.8227
67.8859
63.9186
98.633
91.9983
87.4504
17.9808
95.2481
78.2068
93.9204
71.841
94.4887
90.7782
94.295
89.3128
92.2037
75.7152
92.6682
57.4503
43.2915
85.0921
93.1271
93.9464
90.826
62.6255
85.4895
88.917
93.5914
92.2462
58.7118
91.4503
92.0326
95.262
94.171
83.6592
95.1688
94.1673
95.0323
85.5191
94.1476
69.7664
93.7009
94.5781
93.6401
80.8413
91.0292
94.1917
85.5648
93.2223
60.3785
88.1169
94.0719
57.2798
7.38501
85.9611
85.6048
89.9901
92.2236
29.904
69.1723
88.2788
94.6737
91.998
45.5053
82.5188
92.8454
92.7982
49.7216
94.1945
12.0709
94.2713
95.9013
95.7648
48.8294
91.3426
88.0018
95.9206
68.617
93.6416
90.3134
59.5164
7.78049
94.7871
92.6644
85.4984
94.31
95.3072
92.1104
61.2138
92.2189
92.8761
93.5062
84.8172
84.5697
72.0387
91.3081
94.9786
93.5713
92.7671
81.1078
92.0374
49.9359
93.2195
87.9176
90.5222
90.8084
91.3941
4.39305
93.7128
94.1191
58.0604
50.5723
52.6639
75.8082
41.3207
91.5939
92.1835
94.1036
95.9025
74.9753
84.258
76.8952
56.0622
87.9638
93.7575
7.05134
96.3695
96.0453
93.9962
89.3926
37.6404
93.9823
94.7112
89.5954
94.534
93.4493
94.5885
84.4136
89.6493
58.5176
92.7031
86.6622
75.1274
92.3085
89.2429
94.2187
91.4207
86.8468
94.033
86.676
93.4157
86.2233
90.6995
92.0409
92.0958
70.7794
91.7299
81.3147
64.0774
87.4846
80.3146
95.5068
82.6038
81.519
75.7391
96.0066
63.2629
91.4665
92.4054
61.0596
75.1835
88.0302
95.5925
88.1388
87.0054
93.575
77.9363
60.327
68.7172
86.7451
94.7936
32.4
72.91
86.8514
95.4935
4.12314
87.1363
90.6586
93.2255
92.1949
93.4609
93.1195
82.7032
89.9036
86.6889
93.6632
87.1604
86.7681
68.4174
62.1641
92.6901
76.3947
92.4741
92.6102
91.8894
91.9544
78.4747
93.0672
94.0739
85.7862
93.4865
92.0041
93.2639
61.7171
88.9944
79.405
86.9824
82.6089
64.0155
71.8352
93.3003
56.2651
62.6068
94.1848
57.052
63.7924
76.229
93.4537
92.3955
58.9681
64.6376
86.9343
62.9071
95.4464
88.8949
40.5225
85.9643
93.3861
91.9305
76.884
57.2362
78.1748
76.9317
8.03155
52.6589
87.5519
93.6329
93.2144
92.0269
2.30672
93.7022
90.7933
88.7922
81.0739
94.581
87.2278
85.2252
68.4461
94.1264
93.3034
86.7019
92.3272
89.9577
93.4715
86.6745
81.4792
92.95
88.5345
91.7705
88.3765
92.8511
84.8161
88.8068
92.0596
92.0678
3.29071
5.15281
90.4053
92.0026
92.8705
75.952
89.7254
76.6841
94.9709
89.4
50.7278
57.3203
91.2675
89.363
95.3452
92.0328
85.4266
1.77949
87.5791
91.9274
93.5121
91.0904
18.0008
57.669
83.295
58.7478
79.4864
81.5249
88.4735
92.6243
62.1837
83.3072
84.9323
73.1287
87.7896
81.4328
53.7823
60.4436
94.8434
95.656
86.3105
86.0207
80.9978
87.7883
13.1274
29.5222
49.1505
96.0482
93.4085
94.7211
95.7307
58.5427
93.8092
40.4049
89.4383
45.3498
52.2769
67.3096
88.1987
2.61028
86.0385
83.2632
75.3656
87.1563
89.3251
87.9535
91.2126
59.3373
93.5347
53.9788
6.87953
77.4974
92.6262
90.2654
58.4066
94.6913
92.5529
84.7456
94.3838
6.60139
61.0726
82.5211
76.1015
92.9969
84.9148
95.5098
76.196
90.6659
78.9079
80.4937
95.1736
4.93869
85.0848
74.2864
52.7819
76.1219
90.4469
92.1674
96.2044
94.1817
94.1705
66.5177
92.677
90.9799
95.6669
85.9755
93.3657
65.927
86.7869
84.235
91.83
94.3732
70.1542
2.1165
81.3114
92.6331
14.9533
57.5852
95.2485
89.4693
93.9595
89.7435
94.1537
62.3009
55.0936
63.1538
90.3371
65.8823
12.0922
82.249
92.6758
61.677
67.8973
89.1224
86.7912
5.05707
86.6162
79.8231
61.236
95.2695
80.6696
79.2334
92.8829
57.0743
6.14551
69.9245
46.2736
93.8108
93.6372
89.3728
91.3071
40.0413
79.2159
78.0616
91.6787
94.6318
48.1422
88.5445
87.6044
88.1882
83.2929
57.8211
80.7668
95.9722
71.9057
39.5007
63.5294
52.7663
70.0186
88.5945
69.3344
65.8563
79.9909
91.1338
68.06
94.0611
95.4412
88.2277
62.6808
80.6382
95.2224
86.2923
85.4048
95.1802
88.0506
57.9109
30.0943
92.7841
57.8555
63.8179
94.4225
62.2242
27.6689
63.6973
55.1688
35.6019
96.1774
90.5081
94.3322
93.4322
11.6355
95.5128
93.2673
65.9171
91.8356
79.9929
91.3219
93.1888
91.1586
87.4099
91.9341
89.2891
53.9386
92.4643
90.1479
53.6849
93.0134
30.0614
74.6253
65.2848
52.263
94.666
80.063
70.4671
91.6684
92.2965
86.3022
87.202
85.1157
93.5664
6.64654
93.0833
93.3176
88.8883
51.7459
94.6905
81.4508
89.7009
76.9298
76.8389
94.6515
92.9841
91.9195
20.6747
81.5583
93.3003
93.2044
96.6356
93.4591
85.6381
91.4999
64.1581
57.8654
94.9672
78.5787
93.7109
92.9017
93.796
94.7413
84.8908
81.0734
60.559
67.09
93.9839
92.8014
57.2402
92.8471
92.667
94.0061
94.5633
84.1974
80.4556
63.8277
93.5086
72.3303
94.8285
89.5751
93.1181
85.1036
91.6947
93.5776
91.8227
90.5372
56.169
87.006
76.5574
84.3955
93.7149
82.826
6.22808
39.4696
25.85
90.6037
87.6233
85.1548
66.1307
91.1986
83.6301
92.5039
70.86
68.1323
17.832
24.7957
63.2273
60.3982
64.646
63.0457
90.8215
80.4753
90.853
85.4411
62.0442
89.8119
69.6296
62.0512
52.3363
94.8531
87.4583
94.0545
95.2029
84.2039
93.3819
65.0945
79.1485
68.2475
59.402
95.2602
92.3992
48.9089
89.9345
80.3834
85.0192
84.8837
50.5368
91.9051
89.4835
76.6578
93.7532
6.38404
94.2456
93.9611
85.215
95.317
62.6889
61.3149
87.0635
62.0003
94.2083
88.1807
95.8688
84.1691
90.6119
65.7083
93.1936
93.4549
94.1251
90.694
70.446
90.7673
89.6729
94.4871
4.86897
53.5613
87.9092
86.0569
91.5744
65.5368
69.5146
83.465
2.55606
8.60917
85.3416
49.0024
76.2194
94.2409
92.3852
63.3763
92.7416
93.8893
61.815
86.7548
84.7044
89.9771
60.6768
70.3752
77.671
38.3638
90.083
68.066
67.2587
88.9212
92.2231
60.3055
92.0421
89.972
93.7259
87.1806
94.8099
90.5903
87.1854
93.8202
61.561
61.8256
86.1992
89.4782
75.3546
92.261
92.3156
93.7359
91.4925
78.8244
95.162
86.8926
86.3389
86.3055
90.4879
92.6829
93.6824
92.673
93.8402
17.2286
94.9852
91.793
91.3031
51.0905
88.4248
85.4675
94.8932
75.3808
75.8652
52.4283
88.7607
19.5836
95.2503
92.1361
93.5472
55.9043
83.0456
89.0616
66.7695
89.8102
87.3096
83.1466
86.4084
65.2292
81.9033
92.3677
88.3145
85.2487
94.4631
94.1898
91.995
91.7238
85.493
44.9648
82.8311
92.6664
93.8612
86.0274
91.959
73.143
93.6287
91.1158
95.5623
92.3962
93.0756
91.9281
93.9108
93.3852
94.776
75.7316
86.8243
89.6774
52.4396
92.1354
96.1637
94.9083
94.8346
91.8968
93.447
93.7996
91.1132
93.8387
70.8678
88.1456
95.018
94.6451
92.2562
90.3919
4.72241
92.2727
55.9218
72.3432
92.1113
69.779
95.8361
93.5459
92.2043
94.4349
90.7881
68.4643
94.7643
93.3432
93.7215
85.7857
87.2599
20.5373
90.8605
60.8237
94.7947
90.953
65.3197
76.4034
76.5019
88.9826
48.3815
1.92058
94.9417
93.1165
91.9341
83.158
76.6564
92.1314
16.3053
56.7033
79.2892
56.5234
93.8228
86.1018
87.2508
83.7975
24.0795
71.6232
90.5352
93.6712
4.86559
92.054
63.1248
86.3743
69.7928
87.0131
90.3775
94.2044
90.5606
58.7073
89.5852
59.6712
86.6323
84.6859
93.5738
89.2343
95.5396
61.0465
85.1355
90.8438
47.5847
10.5251
56.7296
69.9178
8.72388
57.3751
50.7569
94.8126
92.0417
6.17066
71.8005
91.4221
92.9887
61.6539
92.2668
88.5612
61.4046
3.86521
60.6158
82.8142
91.7695
79.4137
34.2458
92.8685
92.5134
82.3418
77.0445
91.6145
80.9813
65.2614
90.1497
86.9358
82.7561
87.9235
68.603
93.7705
90.3792
52.8945
94.2015
77.9759
93.4492
94.2425
85.4724
87.8133
57.8205
21.1591
52.9671
54.3476
89.1182
89.8478
93.1185
82.1709
84.5747
93.1595
76.2833
59.8952
95.0424
33.6245
12.4657
94.3581
93.9998
53.2877
64.9466
90.7276
58.9272
93.8869
86.1391
94.1506
93.4115
64.9702
61.4092
65.5846
67.8483
92.2465
95.1734
48.2171
90.9262
90.7615
93.3793
94.5271
91.7193
89.0751
60.1534
83.2375
86.8598
33.491
90.7815
91.0312
89.8073
87.4939
27.4626
18.0536
52.5618
87.7103
84.6005
8.73454
56.1238
53.5064
10.9485
93.8236
94.2159
94.018
76.9321
89.3549
40.3535
87.9633
92.3913
90.6403
95.3974
84.9698
82.4527
11.9479
89.775
90.4701
86.1194
93.253
85.4018
12.9206
57.717
59.5403
93.0222
87.3847
96.4082
31.9572
88.388
61.2787
90.3454
58.9688
86.2649
90.6683
93.7136
55.9163
84.5418
47.047
10.5529
94.3751
58.5684
92.7559
52.2289
31.1048
69.6974
53.166
93.6801
94.2842
95.1364
66.5894
88.4528
80.8129
93.4688
3.16378
70.9135
91.2371
94.3861
91.3549
8.44188
42.2422
79.3897
95.5667
63.3811
94.883
88.0053
94.5151
78.1487
87.6752
86.4401
91.68
83.7715
93.883
75.1491
31.4082
85.1537
83.422
92.9137
94.3015
74.7136
92.8179
90.0009
80.6087
79.2789
93.3316
84.4377
92.9125
59.7149
93.8774
86.8237
97.3147
57.3062
93.2976
82.5327
51.9685
84.2705
89.3888
92.153
39.6279
95.3568
48.2895
58.6673
77.1029
56.6683
94.6368
61.5425
87.7701
95.0712
93.4856
86.1805
89.5571
54.056
63.1273
81.3881
88.2411
92.8208
93.0094
81.7666
75.7915
94.403
63.4699
93.1591
94.7508
72.2712
94.2827
94.6119
55.583
95.1474
2.51258
93.5084
8.76954
93.9564
88.6036
78.5872
52.7767
92.9673
92.6559
90.5729
71.0123
52.1298
92.2462
58.8762
64.7725
94.3985
92.2346
19.9228
56.9007
59.9831
57.9023
58.6864
83.9276
95.0811
93.4453
80.6106
93.0933
93.6412
72.3403
64.0613
63.7884
93.2533
93.233
87.4623
74.1194
79.7212
93.1383
72.7357
44.3915
79.0145
75.2804
60.7496
95.4562
91.9744
86.5951
88.6281
78.2899
89.0646
87.1122
64.8458
67.0492
87.9342
89.7902
37.0466
88.3862
69.4829
92.0313
83.069
39.3159
91.7656
93.3154
95.1937
93.6428
69.5407
63.8206
64.5879
92.1147
54.7479
92.867
67.7567
93.5195
92.7148
96.5261
80.3384
23.4107
84.0918
89.9624
51.3395
90.3726
81.8996
92.3206
88.2098
88.4599
91.5472
84.0077
91.988
90.304
91.6685
54.5245
58.4424
62.8906
54.6258
96.7296
90.6435
93.3738
94.3501
66.4512
93.7896
86.6907
78.4899
92.1122
88.9454
84.2867
83.7513
57.1225
93.1948
92.8455
6.09148
86.4296
53.7739
95.5515
92.9384
64.2094
91.3302
91.7561
88.4368
95.5514
93.409
90.2592
94.3768
61.4992
82.5508
94.1886
89.5003
92.9936
89.3826
90.3008
95.3806
1.99585
89.8321
93.7141
58.8197
81.3276
62.99
20.0864
93.2749
94.45
93.7251
91.9455
31.5922
91.9442
94.892
90.4311
85.9103
68.0905
87.9244
84.4879
64.4923
85.5009
91.7881
93.8907
69.0724
64.4242
83.8912
94.8838
91.6801
74.5143
94.8636
94.1603
41.0097
59.6714
4.42359
49.6003
87.0446
86.4881
54.2371
94.3426
71.6969
78.454
84.8907
64.3384
92.8415
54.6035
56.2297
88.1789
87.4294
46.8901
51.0649
89.9657
91.4419
89.6409
93.191
94.0576
93.0586
95.8099
95.491
92.5247
60.928
95.2082
59.5068
93.8303
75.5379
90.9915
62.3117
87.4617
81.1249
86.869
93.3612
54.691
79.4722
92.5363
79.2565
93.853
83.9012
57.5507
90.9916
54.7602
60.0891
82.3913
62.8956
93.858
88.0155
89.7434
91.2576
49.1655
11.2735
3.07974
95.3654
80.8652
95.6759
45.0003
94.0084
54.2366
91.3049
77.978
79.7509
93.6688
92.5851
10.2761
46.9643
86.5103
86.0049
93.4835
91.3144
73.7381
58.9108
90.0202
82.5262
90.9227
94.0568
94.9284
93.9172
57.7969
72.4208
90.8798
81.5246
88.1085
93.3155
85.0319
92.7903
81.3007
95.369
93.038
63.0008
51.3034
93.116
94.6285
93.7926
94.0955
49.1387
67.0987
85.8414
91.1948
57.6348
87.5107
59.8184
57.192
95.3271
88.027
63.3159
86.3889
86.2907
90.4885
61.2443
51.7985
71.1989
80.1201
91.6978
96.709
93.4127
59.1383
94.3507
90.6441
96.37
14.4435
94.619
92.1014
59.2284
64.3619
83.8876
87.858
86.5497
89.937
93.8092
78.4781
62.5882
88.4974
65.979
54.9644
57.1503
95.963
89.2823
51.7024
57.5348
85.2612
94.3769
89.5035
29.2369
87.2211
89.1682
87.1811
80.2063
91.4127
93.0896
56.2752
88.2838
94.4363
95.6463
74.9607
87.1569
93.5151
88.9398
92.8362
61.2453
93.3628
93.7304
91.8706
76.0984
91.6196
94.6048
93.6843
51.2221
92.5165
93.8866
60.1974
30.8518
80.3056
14.177
90.8678
91.0483
79.5124
91.7055
93.872
8.25501
88.0002
86.9282
49.783
88.9955
90.5433
94.7986
90.5395
94.3
92.5265
86.4994
91.7104
89.3037
50.9115
93.3325
51.1461
88.2589
62.8176
94.0381
92.5552
63.9968
4.84325
80.4872
95.3907
93.8009
62.0529
77.0146
94.2147
95.5381
90.1484
93.8962
92.5365
95.2258
93.7865
90.0031
92.651
93.9022
89.6348
93.9109
95.3275
92.5039
91.9814
94.2309
93.0344
90.6451
60.4954
83.9989
94.2789
91.4055
78.2635
94.2263
50.4111
94.7063
75.0406
90.5532
60.6902
88.3673
89.061
82.0495
84.6586
92.0574
89.5676
53.9419
43.851
89.6153
59.805
95.601
83.1341
90.8008
25.1438
91.3111
93.1818
96.0017
94.4309
86.1056
68.4721
93.242
94.8353
93.2975
62.9978
92.5397
27.168
61.0654
95.2741
92.4224
87.3315
95.4387
83.5852
94.7438
90.8577
59.6543
82.0186
9.97069
82.9855
57.7162
10.5149
51.8645
88.7559
93.3666
86.452
90.0295
55.1091
93.7929
89.3612
92.2217
92.3429
48.5946
65.7662
94.2346
90.799
87.9678
86.1777
90.2359
2.24167
91.6396
81.3182
78.0827
75.218
59.5125
94.8531
58.1195
94.595
52.0877
94.4717
92.8656
59.1137
74.0385
75.9399
93.3456
56.4087
88.7116
45.1114
93.3488
54.8779
44.0676
93.3051
91.8693
92.8423
86.4561
92.0651
87.1782
57.8829
95.3749
91.0579
62.1349
94.2403
90.7605
86.2783
25.9354
49.0017
95.3541
80.2332
74.9019
90.7038
94.1215
87.2764
90.2774
82.3148
87.1535
88.9852
96.2948
88.7002
57.9227
59.7366
92.7298
88.1044
90.1154
81.8117
61.2335
91.7074
93.3197
26.8645
92.4404
59.6913
43.8412
92.2636
93.9154
51.0596
56.4471
58.6791
93.7272
92.043
93.4931
93.3693
86.6644
84.8617
18.4446
93.5282
92.1843
93.646
84.9289
94.2983
89.0323
48.1711
63.152
86.0021
82.6651
95.4113
93.4733
93.4277
85.8631
77.0743
10.5122
93.0645
93.25
84.1481
92.2861
60.9371
94.0261
78.055
93.9682
12.5136
92.7745
91.4771
95.1464
96.2198
93.8802
89.9692
86.0049
59.1435
94.5592
66.5659
51.5803
96.4526
85.6084
86.0104
87.7498
94.9623
67.6572
93.0633
89.5329
90.7285
95.0958
93.2222
95.2656
87.4759
91.0724
93.4703
93.6132
90.5386
74.6046
94.1289
94.9086
83.4403
89.3084
91.4401
64.2051
86.506
70.9282
93.8365
64.609
18.7227
7.32929
83.6822
74.6878
93.0885
90.6524
4.51803
93.0901
81.3788
84.1516
54.435
7.3576
95.9595
85.0202
83.2995
84.3735
95.3839
64.9574
93.5873
96.394
86.4061
90.7202
78.8879
93.9825
93.6644
91.7602
89.5738
60.1467
91.9284
88.3623
87.6645
61.8019
83.5207
61.7221
56.834
86.0215
93.2858
95.7856
76.9983
85.2492
93.2951
73.1679
93.7983
27.3656
82.8878
94.6102
74.3494
87.2944
53.5176
94.2047
66.9843
84.092
91.8096
75.0618
90.7607
20.5972
83.2283
78.1719
54.3165
89.8291
92.6667
58.1882
94.7585
81.8426
72.9849
89.9219
95.9504
94.0422
87.9945
35.7906
71.2257
91.9015
64.2022
89.8742
93.4751
93.0782
86.5785
18.2878
87.98
88.3024
76.5174
95.4244
4.99205
84.3673
94.4248
93.7115
74.671
75.3057
92.2382
78.0373
91.4924
92.6072
64.7149
67.8213
84.0454
93.855
92.5443
66.7034
78.2427
93.7707
96.04
93.4293
90.8247
93.8289
88.6633
88.3638
93.1715
79.046
94.9327
64.228
91.279
88.1164
78.8095
94.9428
94.2288
92.5989
96.2696
92.037
94.1142
57.6766
92.8144
94.2016
35.3857
91.5079
21.4075
73.7371
63.9064
92.719
84.1364
85.9644
76.6868
65.7309
87.3995
85.7882
85.3429
92.1363
65.6451
81.6223
89.6522
89.0845
86.0838
87.7375
43.2101
72.1708
31.5569
84.0195
63.5356
85.8691
81.3173
90.5126
69.6379
80.8846
46.1856
95.861
67.4144
93.8938
95.1666
91.8389
94.709
93.0022
55.664
93.3926
70.7511
20.3869
54.0657
94.4476
70.2291
70.1974
83.254
90.2727
60.6037
62.9963
87.4054
95.2107
84.7043
83.7621
86.6939
93.0108
90.6456
79.9809
91.5404
87.9105
89.3004
93.6077
41.526
78.3501
59.0546
87.2029
19.3721
91.1552
59.5625
89.3102
71.1032
91.2426
53.5596
76.489
93.5595
92.1634
17.3143
92.7685
84.8405
91.4598
91.9277
68.1465
52.6082
93.5238
89.79
90.632
82.2876
89.0448
93.0986
94.8256
92.4059
59.167
88.0638
89.7069
95.3235
94.446
83.4466
94.7924
82.0065
94.0919
92.796
93.972
79.5773
64.4818
94.8998
2.18277
71.7012
94.9033
63.0276
80.8521
9.78371
90.8153
91.466
61.8882
89.3617
94.1445
36.8429
69.667
93.2785
62.07
83.9786
54.3802
79.7942
60.197
91.5162
55.4129
92.0756
84.8235
58.1362
95.9613
47.9997
2.26616
93.4221
95.5846
94.0644
56.7243
88.3425
93.6893
91.8457
92.9282
87.4221
72.0985
89.4964
22.0706
95.0501
89.9507
75.936
89.4574
59.6753
60.6575
23.6221
79.2644
53.0509
91.4924
91.2746
89.0541
93.2278
80.9134
51.5205
62.4125
92.1259
93.7886
78.4051
93.8529
69.308
95.3349
86.4088
84.7202
92.3701
93.4061
80.6052
92.5822
94.0202
91.0153
91.6319
76.7895
68.4258
83.3802
94.7041
94.8126
92.1865
88.8659
86.0792
64.0692
92.7789
57.2672
93.9966
90.6984
24.4584
88.8509
68.3587
86.4192
87.6755
92.2078
61.1273
24.864
60.4546
93.8255
94.4338
83.5192
61.1148
82.265
94.2036
29.8763
89.1176
21.2798
86.5676
68.098
93.2142
88.2636
5.74
58.9499
94.4993
61.7648
90.5664
87.448
65.4704
87.76
87.6543
64.3302
89.4822
90.6024
45.895
95.4155
91.0978
69.7487
85.6659
78.5453
95.8213
77.9628
66.6439
94.3161
74.1669
79.067
82.6552
95.6675
86.722
95.9556
93.5011
69.7583
87.1503
60.1805
61.8835
91.4986
95.9525
49.5054
94.3685
79.3712
72.9335
77.4025
91.3786
55.7587
58.6666
94.6877
80.8688
94.6341
84.9871
76.3739
93.3121
74.685
93.6783
88.1511
78.3004
91.9471
74.6863
5.54087
22.4342
94.9082
94.1478
93.8156
90.6161
94.5176
94.5246
91.9485
93.7068
77.1079
47.7377
63.2052
92.1642
92.2897
55.9397
90.7815
80.689
86.6346
86.5292
84.4076
80.4783
29.4894
93.4941
94.9403
92.4585
89.6002
95.9858
77.7507
91.2538
96.9528
80.5659
89.8981
95.2537
89.7686
72.8704
66.8061
94.7399
90.0891
76.561
94.531
93.5571
95.2448
84.849
46.2735
85.2778
94.2113
93.0329
67.5229
78.7951
53.3053
90.5509
8.95247
83.8499
89.0075
59.119
93.8071
94.0198
41.7338
87.5446
94.3969
95.5499
90.4697
89.0684
60.0817
93.5596
77.0264
83.9577
91.8222
55.2833
94.3244
91.5804
67.0566
94.9654
65.1684
57.0162
92.2871
85.0478
67.3572
92.7299
91.8594
8.32022
92.5281
75.4523
91.6432
54.5616
92.5452
74.0751
93.7987
57.4908
57.2594
69.8257
92.4996
77.7619
70.11
94.3223
59.957
93.5581
94.1451
90.1954
75.0253
56.7121
15.6932
81.7996
87.9971
96.3094
85.6298
93.6779
83.0888
94.768
68.4712
91.0435
93.6514
53.5191
91.2093
84.5089
92.1534
79.6953
41.1442
83.5898
92.9567
64.1859
86.0216
95.165
89.861
81.4669
91.9296
14.449
93.1519
55.5172
54.4507
94.1743
93.0905
82.9453
92.7807
93.9606
91.9925
66.5212
85.6354
95.5964
86.5908
82.6029
74.286
82.6947
82.692
73.0798
92.5098
90.9902
87.747
93.1736
94.0495
52.3094
90.9443
94.0893
94.3582
93.6653
91.1545
82.3787
83.59
93.5732
96.489
93.7019
78.3585
68.181
96.4519
93.7557
87.6833
73.7251
82.5487
93.6969
83.584
93.5768
58.9082
68.5148
85.4172
91.8572
83.7752
33.3081
88.0289
91.6125
70.8492
91.1332
91.3649
92.3815
89.0573
89.6414
94.0987
68.6418
92.0026
95.8451
93.5322
55.6032
55.4653
93.2949
95.7818
9.97695
68.4767
88.7792
83.7803
86.4033
62.249
90.6763
56.3071
91.4292
27.4601
93.2123
90.5588
63.9403
91.6364
57.5136
88.9417
93.8663
76.6463
92.1588
55.9172
8.65304
91.3023
90.9124
90.8344
56.849
92.8581
80.6245
94.8106
94.5396
91.4622
72.4497
91.0284
93.5937
89.952
64.2699
89.0208
76.4722
80.2338
85.7515
83.9105
88.5847
75.1693
50.7214
91.2932
80.1542
52.6443
85.7099
93.4002
93.434
47.2215
84.4509
92.2371
91.6988
83.3443
92.1335
59.3824
94.1477
79.4112
90.2927
87.5961
93.1172
53.6749
88.5834
72.2326
94.9376
76.1574
81.0967
81.7195
63.7758
4.36113
74.2903
88.6706
75.4086
51.6463
65.4532
89.3957
91.7217
92.2031
93.1911
90.9641
91.7337
83.5735
36.134
81.6625
48.4614
94.5784
71.0113
91.8386
72.5021
94.6368
63.889
91.7296
10.0609
86.323
89.5987
90.8979
75.2165
94.5301
52.0702
84.6551
69.6305
87.6643
85.2052
52.1393
91.1281
88.3099
57.5639
94.3619
92.1073
94.7854
74.5972
94.435
93.1629
94.7621
44.642
93.8981
28.63
85.3495
91.8112
94.0883
72.9026
54.245
56.6157
93.6758
91.514
84.1524
91.8339
92.0152
87.5123
81.0307
11.2674
93.3689
93.9682
82.0473
94.1151
17.3692
86.6163
85.9019
43.4716
93.9614
93.9745
94.3408
86.7031
94.4281
93.998
89.7802
88.0312
90.123
48.7604
80.2321
2.39816
57.4306
88.1443
93.1404
88.4845
90.7054
84.9586
94.0326
86.618
69.1927
74.9586
92.4137
93.5488
94.3888
82.037
92.8633
58.6017
91.7749
5.92735
93.5627
82.5526
68.1328
75.6789
85.4321
93.8463
86.4197
95.8425
61.0156
93.5287
91.7236
67.1898
95.8022
59.013
62.872
85.1011
73.4774
87.085
86.3266
94.3031
85.2704
88.7588
90.9819
89.737
39.7496
90.1478
60.1966
91.6101
7.98123
91.7502
92.4723
68.0009
51.3277
95.3149
3.45376
65.9003
87.319
84.0102
3.48795
95.9026
84.4397
94.1124
94.5259
53.6038
91.939
89.524
4.85654
94.8582
74.5911
85.4229
83.9693
82.4591
90.1926
78.8324
48.9781
79.4547
92.9858
40.5218
78.9285
94.172
60.7654
91.2044
76.1521
87.4691
94.1627
87.4571
91.6282
91.0138
86.433
74.5133
54.629
92.9658
86.7922
61.7355
90.9481
58.9509
56.4234
66.0835
84.2162
62.4271
68.1579
56.9319
94.7416
94.292
91.6421
71.2443
92.1422
93.2723
93.0281
92.8983
87.7116
92.67
85.9043
84.2913
95.0307
92.3128
58.8547
80.7627
88.1041
93.0464
86.7658
54.3716
94.1643
94.077
71.7441
94.8185
92.6479
94.2941
92.6417
72.1462
84.3056
93.5193
93.9499
93.6305
59.2639
92.6596
51.5913
93.9579
92.2111
90.1461
90.2425
94.2323
94.6163
95.9427
93.6031
9.17136
86.84
2.65297
59.9937
71.0402
92.0493
91.8246
91.6083
94.5701
93.4972
91.9643
95.1667
92.2706
59.5626
91.6925
88.4936
90.6528
55.8924
95.5066
92.0209
56.2634
72.7898
11.7692
80.0208
90.7414
55.7878
60.4751
63.9111
89.7981
93.1192
90.6917
65.3053
93.6594
93.8527
90.522
59.6038
94.7042
94.4622
90.2861
94.09
93.9241
82.067
85.2585
56.0751
84.0462
92.2384
90.3606
11.838
59.6205
73.3067
92.9334
66.6867
79.2436
56.5125
92.9817
94.9768
90.9565
62.7054
78.0368
38.871
94.3811
94.5439
92.3203
94.5861
86.0708
87.2086
87.4083
90.7122
83.2857
77.0293
88.8894
52.5274
92.7498
93.7209
89.6135
85.2409
93.4243
83.7323
92.4338
48.4067
90.2521
27.3538
92.4661
54.6278
83.5597
91.2184
63.8086
94.4858
89.4278
89.709
86.9325
93.3274
94.9225
95.8581
66.6569
89.3304
84.3829
55.0837
94.2908
88.7101
3.64369
82.1567
77.7794
59.8213
93.9351
83.2893
92.3174
92.8267
75.9868
56.7809
54.351
63.0318
67.971
70.3132
63.6268
83.1003
91.9212
86.9099
93.9901
93.1453
66.5717
94.4038
71.5485
86.7831
84.7216
56.3508
94.0779
95.593
68.9249
64.8941
97.3046
90.4978
87.4393
15.6062
91.9993
73.4428
92.3157
72.729
93.4493
92.5432
92.6322
90.0749
92.8798
71.9876
91.2293
58.4524
43.6046
83.9453
92.5261
90.8666
89.7073
63.2687
84.0334
87.8568
91.8653
92.8771
58.4828
91.5328
94.037
95.3144
92.9352
84.5467
94.5629
90.9466
90.9122
85.5164
93.8136
65.2648
92.5914
94.5488
94.3588
81.2202
90.1241
95.2323
85.6573
93.4694
63.1531
87.9149
94.2767
65.791
5.95937
85.9607
85.5544
91.191
92.3009
29.6845
73.3808
88.8182
93.8965
92.5207
46.291
82.7746
92.8629
93.9044
49.2934
92.5556
7.55633
93.2814
96.7337
94.9367
47.9776
91.1706
87.5999
93.9813
66.5561
94.5467
91.5868
62.1895
7.93302
95.0921
93.8509
85.1327
93.8485
92.951
91.4599
65.0102
92.1095
93.1829
92.8045
84.5625
84.4996
69.6657
91.2157
95.3195
93.6016
91.6381
78.518
94.7184
45.5959
93.3177
94.5693
94.0401
89.8947
93.3809
5.96062
95.6332
93.1365
62.8576
47.8785
53.1147
76.7129
38.4911
95.2544
94.4506
94.3156
94.4285
67.4834
84.5882
78.7364
55.2041
87.7596
93.4561
8.95093
95.6758
93.9966
94.5273
90.1546
38.4245
94.0917
93.31
90.9022
95.5374
93.6834
91.4579
84.4923
89.2586
55.9768
90.5642
86.3192
71.4039
91.6391
89.8371
91.7932
90.8911
87.6105
93.0384
85.9785
93.803
86.3724
93.7695
92.4537
94.3931
66.1684
93.4394
82.8955
64.1444
87.7451
80.0179
95.4014
82.788
81.2628
79.2535
96.0725
68.6127
92.5275
93.4583
58.992
77.5968
87.8554
96.2096
87.0363
87.333
94.3803
78.0172
65.8625
69.6563
86.9156
92.2172
30.2015
76.3043
87.0546
96.1415
5.36752
87.894
89.7014
94.509
94.1414
94.5606
92.7984
83.1855
92.4674
85.6842
96.0446
87.1969
87.8787
70.3586
60.4101
93.2783
73.9861
93.3129
92.487
93.4411
91.9575
78.1455
89.8603
95.335
87.2476
92.5587
91.3486
93.091
61.2513
91.0323
79.4477
88.0435
82.5353
59.1063
71.0999
93.2006
56.16
62.0952
91.2801
58.6765
66.1281
77.4128
94.9167
92.0355
59.6383
56.8958
85.909
65.0681
95.2952
88.3854
49.4202
85.4292
91.9274
91.4533
78.6221
61.1333
77.3883
77.7668
5.58439
51.5777
85.9881
95.0551
92.8408
92.3569
3.49926
92.467
89.8938
89.4252
83.5412
95.3124
87.7018
84.6949
74.7106
92.3322
92.809
87.1395
90.8981
89.3995
92.9722
86.443
82.7584
94.4031
88.88
90.592
86.3024
92.2711
85.2502
89.6275
92.7184
93.1443
2.39117
4.69273
91.8529
91.6438
93.8356
74.616
90.732
74.6991
95.0517
90.141
57.054
59.1923
92.8411
90.7638
94.606
93.5051
84.6521
2.48412
87.5597
91.7492
93.746
90.2129
14.1856
57.2298
82.7728
56.7322
78.2602
81.0805
88.4349
93.3278
63.9227
84.5817
84.8501
76.0694
89.9345
81.3091
52.6595
59.5593
95.0672
93.6276
86.6523
86.1199
81.2081
88.7919
10.633
36.394
51.2461
95.7962
96.6925
94.0235
93.865
57.129
93.8397
43.9599
88.8505
46.6832
49.8559
71.291
89.175
2.36609
83.8801
82.4347
75.3375
87.9587
88.6321
87.7253
90.9163
60.2135
93.1929
52.22
9.15701
80.8456
92.4792
89.8841
60.4207
95.67
91.895
85.5155
92.6666
6.47327
61.5287
82.4559
70.7394
91.9163
86.4461
95.5112
76.8304
93.4873
78.6315
81.6884
94.7465
5.15219
84.4165
66.8572
49.9013
75.0615
90.2926
94.4261
93.4103
93.7464
93.9178
62.8034
94.1155
91.0886
95.4013
85.4465
94.8117
66.4022
86.8333
84.3409
92.5181
94.4844
70.0843
2.98372
80.3166
91.1462
12.2609
58.5355
95.3288
89.5322
95.0421
89.2376
94.1596
58.2836
51.057
62.1269
90.279
63.3822
13.1118
81.7497
91.8017
58.9464
65.6334
89.4826
88.2986
9.61864
85.6194
80.7449
62.8648
95.2296
82.813
78.5054
94.0971
58.4079
5.29242
68.5138
48.3306
93.5497
92.248
90.3981
90.6668
46.0386
80.8248
76.7115
91.8936
94.9392
53.3723
89.1872
87.679
87.6976
82.5909
57.9134
82.4586
95.0545
67.3982
35.3036
59.7823
54.2808
69.3864
88.4396
67.3396
65.7094
80.4925
89.805
67.2597
92.2289
92.8808
88.7685
68.8088
83.0394
94.038
85.6376
84.9925
93.7751
87.4283
61.8951
28.1014
92.837
51.5289
66.477
93.7355
56.5351
33.5555
59.3491
60.26
32.8268
95.4864
92.7129
94.1909
93.3502
15.4
91.8108
94.3566
68.8203
92.9852
80.4738
92.7541
92.883
90.7547
87.3624
93.2221
91.4622
53.3666
93.9739
90.9064
55.069
93.1041
21.973
73.9669
66.7797
52.365
93.9763
81.0664
68.6182
90.5206
94.7126
85.5562
86.3286
85.3307
93.7715
6.61598
93.3009
93.2434
87.9684
47.4414
94.2633
80.6906
90.7651
78.1817
76.1459
93.3127
91.0242
94.3294
16.6796
81.4624
94.1466
93.2722
95.9393
93.7375
86.9395
91.502
64.5165
58.7394
92.3175
77.4508
96.3271
91.6869
91.772
95.372
85.0118
81.7293
62.9657
71.3486
92.2919
94.5374
58.5384
91.9814
92.3326
94.0923
93.8808
84.7084
80.1519
63.4485
95.099
71.5783
94.9431
88.7194
93.0885
85.09
91.4866
94.8841
93.1356
93.8487
57.4039
85.9218
78.4334
83.276
92.3605
82.5232
5.3594
39.0704
26.7139
90.6735
87.7752
84.7626
58.128
91.8438
83.9998
92.6772
72.3554
64.7318
19.0528
29.7273
62.0383
64.9835
64.8774
62.4167
91.9304
78.6864
91.1952
85.2887
62.7877
90.2372
67.2649
61.6353
51.3924
95.4164
87.1673
93.8401
93.7514
83.5839
93.5219
64.6481
78.0572
72.3033
65.4855
91.0934
94.7152
50.8058
90.6313
81.0099
84.819
84.7164
49.5128
94.0828
91.844
84.2005
95.4198
4.30494
95.0101
94.4317
84.7557
94.3174
62.1164
61.8923
87.6296
69.4232
91.4501
88.8328
94.78
84.5066
91.3008
68.5196
94.2504
93.3679
89.9836
91.5312
67.1683
91.4409
89.9928
94.5578
3.48982
62.2313
88.1427
83.6954
90.7547
66.2907
68.1313
83.5989
3.02748
7.60474
85.5708
51.6866
71.3237
94.812
92.7024
64.1324
92.2782
95.2693
66.2332
87.6571
84.3016
90.4461
69.867
67.6535
76.3029
28.5131
92.8695
67.2702
62.4471
91.6291
91.4415
57.9618
91.695
91.2171
93.5043
85.9768
93.9901
91.4282
87.5125
92.2432
64.791
59.9678
85.9206
90.1289
75.7968
89.5009
90.9983
89.5947
90.0903
76.9606
91.4817
87.4909
85.7081
85.7151
91.4482
94.4128
93.6949
93.1892
92.6658
17.9176
95.9011
91.5705
91.7766
53.2757
88.1192
86.5537
93.8601
75.8264
76.8044
58.409
87.0101
17.4852
94.991
93.4628
93.9322
56.8991
85.7637
89.988
67.792
89.9437
88.7479
84.6924
86.3868
66.5778
83.8091
91.9375
88.2823
84.9111
94.52
91.2495
92.6457
92.0205
85.5203
41.5824
83.3299
94.7331
93.7248
85.3285
91.684
67.5768
92.6166
93.6035
93.8483
91.7367
93.2647
92.9303
94.542
92.2713
95.0529
75.4452
86.3025
89.5054
52.237
95.4816
94.2709
94.6836
91.1879
91.456
93.4322
92.5908
91.8253
93.4205
72.2484
86.7701
94.7454
93.9653
90.6294
90.6093
4.62613
95.1616
50.403
76.11
92.6988
68.0841
96.9284
92.9127
90.8756
94.4658
92.5033
69.393
94.9193
93.6332
93.1131
85.6962
89.6895
23.9475
89.4523
65.5871
92.7419
95.8555
64.2421
77.5454
75.6183
89.8598
52.2171
1.44822
93.4512
92.9538
91.2998
83.7705
77.0302
91.5715
22.9647
58.1717
79.4032
57.7464
92.219
86.5658
89.0186
81.747
17.5382
71.7683
91.1082
94.6612
5.69472
93.3432
59.8002
86.5645
71.6421
86.2413
91.596
94.5888
90.9294
55.127
88.9947
61.9359
86.2814
85.136
95.2565
90.1354
94.5594
55.1416
84.897
90.8127
52.5589
11.9664
57.0605
66.2527
5.4493
52.1902
50.6504
94.028
92.8776
4.59508
73.7766
91.9856
94.9488
60.925
93.5256
88.9139
66.5835
5.9852
60.6458
82.8544
91.0901
79.6746
31.5472
92.7941
91.7997
81.3261
75.9304
93.522
79.4917
62.8644
89.5493
86.6065
81.4153
87.6169
66.809
94.5716
91.775
52.2747
94.1575
77.1359
91.8207
95.4853
84.792
87.2406
60.5214
21.2546
51.2806
63.2368
89.1245
89.9276
94.0475
81.563
84.4932
93.0187
75.3566
57.2457
93.5283
31.6537
14.7043
92.5753
93.8024
53.8641
65.3544
89.8269
64.6445
94.5917
86.4048
93.047
94.1246
64.1664
63.6898
70.1058
65.5714
94.5579
92.7374
48.2737
92.7465
91.3326
92.704
94.4649
91.6241
89.6526
61.4117
81.8451
86.3929
33.6823
90.5401
90.1745
90.0091
85.6497
24.6628
15.4888
55.499
88.7572
84.1123
15.6527
51.8286
52.3097
6.47986
94.4674
92.1604
92.2266
75.7509
89.577
49.2746
88.8428
93.0989
91.4455
95.9141
84.5301
83.3833
12.0414
88.4097
90.1272
88.2319
93.9531
83.9832
17.4339
53.4859
64.3283
93.3152
86.4236
96.0192
32.4334
87.5554
60.7924
88.1097
56.2381
84.9824
90.5261
93.6702
55.3954
84.8368
45.1761
11.0321
93.287
55.0768
94.1975
55.4141
36.3942
66.6114
57.4657
93.3296
94.4841
93.4124
67.2266
89.1245
78.5934
93.5635
5.79204
72.9305
90.6065
92.9917
91.6156
5.44151
40.9903
76.5846
94.0711
62.6256
93.4976
88.0797
93.6499
74.8361
87.9529
86.2506
91.5035
83.5344
92.9246
74.988
32.7812
84.5251
82.4274
93.5753
94.7713
66.0686
93.237
89.1985
80.5622
79.6079
93.2885
85.1663
93.2579
60.8144
96.3395
86.7922
95.1667
59.368
91.9743
83.0685
54.2105
85.0826
90.5311
93.099
42.2272
94.5599
47.0965
58.9617
76.9486
58.8318
93.542
68.5753
88.6365
94.0689
93.538
85.678
89.6296
54.2617
60.4189
81.8367
89.1956
95.5704
94.0955
81.0175
69.7557
94.2202
63.9355
95.407
97.0316
73.2672
93.5005
95.4498
61.6806
95.0188
3.69363
92.9201
8.05959
94.2303
87.8332
78.2786
55.6369
93.3052
92.0177
92.1288
70.7587
51.5494
92.8457
55.8735
68.6511
92.8516
92.5615
24.0785
56.4678
56.3769
53.9456
65.4661
83.9361
94.6254
94.0841
81.2247
93.261
94.9371
72.3408
62.1914
63.5211
93.9992
94.1551
88.4367
75.0545
78.454
94.6336
72.5697
46.4989
79.0704
74.5163
61.7474
93.3391
92.6088
86.5032
88.6449
78.1399
87.8913
87.1684
66.2862
72.2589
87.6323
90.5459
25.0483
88.0904
70.672
93.8629
83.6057
42.2377
92.7892
94.5483
94.0543
97.5437
69.7522
68.7091
63.8862
93.0094
56.2745
92.9775
69.9391
93.0818
94.8953
92.5851
81.402
31.4306
85.2448
90.088
61.0361
91.2235
82.7376
93.7409
87.4044
88.683
93.2518
83.1665
93.8207
90.2838
91.6636
60.5014
59.484
58.8699
59.6029
94.3839
90.352
94.489
93.955
70.7108
93.4203
86.9056
78.8438
90.0471
88.3757
85.1861
83.0087
53.5281
92.072
92.8236
5.34725
87.4671
54.9926
94.9459
95.5719
65.8864
90.2259
93.6416
89.8762
92.9921
93.7992
89.9263
95.036
55.3707
83.1816
93.0199
90.6669
93.5215
90.2674
91.0618
94.0314
1.5966
91.5697
91.9485
60.876
80.6518
60.984
17.4271
94.858
94.7115
93.4221
93.6534
29.6664
91.4789
94.214
89.1633
86.0262
63.1214
87.9469
84.6853
60.6953
85.3225
91.9565
92.3047
70.3631
64.8846
86.0702
94.1929
93.8103
74.6764
93.5483
94.3754
46.9664
59.659
5.12504
45.718
87.297
85.6039
63.3004
93.9806
72.157
79.7548
83.3662
60.1096
92.3185
52.6585
58.0973
89.1171
87.3537
38.3459
51.2854
91.1298
90.7222
89.6971
94.9584
93.2173
92.7974
94.5107
93.8725
92.9755
54.0618
94.1674
56.6477
92.6689
78.6223
91.6606
66.3478
89.4728
80.763
86.9507
93.8394
55.1324
78.0232
92.1234
77.4378
94.0241
84.3247
56.9332
95.7034
52.9497
57.9858
80.1566
62.0737
92.9246
87.9008
90.4405
93.113
55.7295
11.1253
3.33771
92.8806
81.3269
93.331
43.8675
92.9769
65.7094
90.7114
75.78
82.3525
92.3703
95.7897
5.75589
50.5892
86.635
85.4715
90.3305
90.8327
72.6304
62.1119
90.7442
82.3797
90.6711
92.7782
92.9777
92.7066
58.3819
74.5334
91.1451
81.9788
88.0312
91.8979
86.2867
92.5062
77.9413
92.6288
93.1703
66.5732
54.4376
93.8859
95.2161
92.5345
92.5765
49.0944
65.3076
85.8892
94.7127
54.3318
88.3281
62.9647
53.3357
93.3819
88.0404
62.899
86.8037
86.1867
90.5359
63.0942
59.0845
72.1792
81.295
91.9929
94.3426
94.1453
59.8745
94.2536
94.1686
93.478
18.0569
93.3467
92.6507
59.6213
63.8418
83.4057
87.5051
86.5191
90.2581
92.31
77.0259
69.4304
89.4776
55.5989
63.0018
56.4246
95.7911
89.2905
50.487
69.4361
85.3611
93.8774
89.114
25.8155
87.3053
89.7816
87.0922
81.4623
91.6537
92.9304
61.7623
88.13
91.8849
93.7256
77.0249
87.6137
92.2113
88.3819
91.4598
63.7117
93.3326
94.2697
90.9732
76.7833
90.6964
94.7899
93.6284
52.4052
94.0938
94.4207
59.8884
30.8205
80.9809
13.3652
89.5075
90.4388
81.3235
94.0574
92.556
7.23024
88.0239
87.1942
46.3749
89.0955
89.3447
93.6641
90.8316
95.9839
93.7551
86.7535
91.6864
90.1165
50.6041
93.3081
52.8027
86.9595
66.4796
91.4828
91.3888
66.9861
6.8305
81.9303
95.1181
93.1071
61.8227
76.7712
92.8444
95.0439
91.0477
96.1964
93.1713
95.9305
92.3631
90.4659
94.041
94.6495
88.818
95.3675
95.9017
92.7489
90.6182
94.929
93.2211
92.3408
63.8023
85.4467
93.1584
92.0156
77.7084
92.7615
52.4512
93.1462
69.0344
92.5846
56.9177
87.4774
88.4837
81.5856
86.22
89.4397
89.4299
56.0233
47.3465
93.4159
57.4637
94.1118
83.3484
90.6771
24.2682
91.2239
94.0503
94.087
94.463
87.4083
66.7096
93.6037
91.801
92.1927
64.1643
91.9703
22.6155
63.6678
94.2195
92.3308
87.1808
94.568
82.9368
92.7941
90.933
59.0131
82.3814
14.0101
82.8902
53.4498
8.34774
54.4062
89.0846
93.3312
86.6278
89.7054
55.6846
94.2739
89.7551
91.6444
93.5177
44.8906
67.248
93.6068
92.9209
87.8997
87.0328
89.9538
2.47719
91.3678
82.3196
83.1651
75.7973
56.7896
94.5244
53.0388
94.0445
49.9846
93.8315
93.7132
60.8078
72.2784
75.8366
92.6943
55.0974
90.5853
42.8513
93.5899
55.8703
43.3872
94.5357
91.9276
94.1618
86.1758
89.8695
85.0744
54.6691
93.7891
92.5869
63.2208
93.6637
92.905
82.8809
21.1875
50.2465
95.5483
79.5493
74.0569
90.5656
93.9829
86.6101
90.2657
82.2077
87.2429
89.5005
94.4308
89.153
58.8154
60.2672
91.6836
88.3487
89.3602
81.5447
60.8869
93.8446
94.1129
33.487
93.9197
57.6901
42.5834
91.2082
93.4665
49.0462
64.2704
67.0741
91.1565
94.0123
92.2687
94.3856
86.6368
85.2932
15.4969
94.2881
93.6765
91.9749
84.7299
94.8764
89.3296
51.1269
58.7342
86.2468
81.8859
94.1708
92.8684
92.3802
85.89
79.0602
9.50747
90.9092
92.5037
85.4686
93.981
56.5682
91.7753
78.8344
92.5535
14.7086
94.5966
93.2087
93.0483
95.9849
94.2576
91.7225
84.2935
56.7554
94.4023
65.4482
52.461
98.2279
86.0547
87.1161
87.8492
94.7658
67.1275
92.1129
87.891
91.4005
92.2164
92.5723
93.5994
87.5604
91.7389
93.6893
93.0588
89.6638
76.4772
93.5443
92.7935
82.2306
89.2594
89.683
60.2708
86.41
67.5423
93.0082
65.5096
16.1219
9.82871
85.1664
75.2262
92.0566
88.2354
4.65575
93.281
80.3653
84.5878
56.222
4.49557
95.4202
85.0636
81.1624
82.9445
96.2507
64.3304
93.2638
92.8239
86.4845
91.7703
81.0037
93.0086
94.1049
96.9168
88.9871
62.8212
92.1243
87.7635
88.7953
60.4013
84.2232
66.1145
56.8535
86.4328
93.2372
95.5807
73.7848
85.7327
94.3544
67.3502
93.1966
29.3921
82.569
94.4999
75.9646
86.8112
58.2366
92.5512
67.6394
84.4255
91.4663
75.7798
91.2313
22.8244
82.9918
78.8813
51.3594
89.9094
93.5872
58.4627
95.2691
81.0369
71.9835
91.497
94.7569
92.7442
87.3002
35.1495
70.9708
93.3956
66.1025
91.6066
93.3331
93.4064
86.5806
15.6667
88.6446
88.7393
81.2664
94.0113
4.39277
83.2654
94.7617
94.6295
65.5153
76.0163
92.8884
77.9155
91.2405
92.7685
64.7066
68.8978
84.5152
95.6246
91.5601
67.2981
78.8594
93.1499
92.2447
92.1986
93.296
95.1418
90.8079
88.772
94.1142
78.1658
95.8701
58.4537
89.6354
88.7651
79.8806
94.5346
94.1419
93.9195
95.4047
91.988
93.072
64.3545
93.2508
97.538
31.8818
91.8791
21.2073
75.0417
59.7572
93.8662
82.8004
85.6757
77.0979
69.2361
86.8372
87.6302
86.4168
92.8872
61.1932
81.8385
89.5571
89.5297
87.4717
88.4065
38.4439
71.4413
26.3302
85.1301
62.6713
86.1816
83.0317
89.7188
71.3152
80.7468
47.9781
96.9583
69.4762
92.8809
94.1871
93.2444
94.9144
92.2397
54.7957
95.5549
70.3177
20.7704
56.5663
96.6833
67.7621
70.0352
83.2397
89.904
59.3224
68.8516
86.744
97.1675
85.6179
84.848
87.088
93.4439
90.1365
79.3834
88.6382
87.6034
90.716
94.5583
52.5959
78.9307
59.5477
87.5591
21.8116
92.0998
64.408
88.6891
72.2133
93.2483
53.4455
77.243
92.6264
92.1544
20.3252
92.2886
84.3033
91.1975
93.2319
62.277
55.3601
94.1713
88.8981
91.8261
77.8114
88.9225
93.9509
93.8503
92.0778
61.1261
88.1889
90.7041
91.0259
94.0974
83.7883
96.509
81.8879
93.0505
92.9892
95.3401
79.6409
63.9098
94.8236
2.63236
69.7686
96.1109
54.0134
80.7953
7.8896
90.5919
93.0862
60.3826
90.1045
93.7547
34.8754
73.3919
93.1271
55.9065
83.6228
53.6443
79.6301
60.4961
91.7791
55.7414
92.1978
85.6863
64.413
94.176
52.496
2.74097
93.3119
92.9228
94.4109
55.7363
88.2545
92.5121
92.88
93.2263
86.9928
72.0886
89.6716
23.738
93.6996
91.6991
71.694
89.8603
61.6527
62.4168
22.9134
80.3732
54.9635
91.0192
91.2367
89.3335
92.409
80.5865
51.1586
60.4512
94.0799
92.4302
79.5336
94.0792
67.1654
94.0037
87.0998
84.4838
94.5676
96.093
81.1529
93.6871
92.8719
90.2762
92.7171
76.8129
64.9689
85.7053
94.4056
93.0646
92.6347
89.5446
86.228
70.6274
93.5079
50.7811
94.2264
89.0665
22.6341
88.6542
62.6124
84.8113
88.4899
93.0769
63.0443
19.3159
64.009
94.1599
93.9984
84.862
62.7781
82.9488
92.9426
25.9222
88.8331
23.7872
88.9638
68.5531
92.1274
87.4657
3.88721
62.1709
93.7807
64.3477
90.1747
87.5237
66.5947
87.362
88.6876
72.1247
89.431
89.927
48.1319
92.6788
88.8199
66.7316
86.2399
78.9347
95.3134
78.006
66.9856
95.2518
74.0939
78.7518
84.5866
94.2473
86.0134
96.1345
94.7008
59.3107
87.5242
55.8111
50.958
92.2297
95.6201
55.3962
93.2796
79.6076
66.1272
75.3886
91.2064
51.7009
60.4882
95.4827
80.9406
95.8701
83.333
76.8327
95.2681
75.5578
94.0443
86.6144
75.2714
91.3861
75.5291
5.10527
20.2621
96.0425
93.8661
95.3298
91.4305
95.5886
94.9043
91.3049
93.7346
76.9616
48.8628
60.8499
94.5505
93.8183
54.6639
89.7451
80.0688
86.7242
87.2758
83.3498
80.9715
30.5017
94.1449
94.3426
92.2513
91.15
94.5247
79.0814
93.88
94.0884
81.8386
91.0375
94.4368
90.2396
69.4207
68.4422
94.47
89.5736
76.3373
93.6459
93.3021
93.9118
85.0902
49.2042
85.8971
93.8283
93.8053
64.8825
81.0272
52.7025
91.2737
10.5891
83.6329
90.6732
66.7477
93.942
94.6128
39.2344
87.5763
92.1049
94.2328
91.8764
88.2818
61.3872
94.0071
80.5823
83.9359
92.2518
57.275
92.0588
92.7684
64.9471
94.5953
69.4613
53.6062
91.6554
84.9343
66.6905
94.3615
91.696
9.10779
94.5474
78.105
93.1332
53.9018
94.5171
74.1871
91.8507
58.6503
51.2967
66.5174
91.8045
71.632
68.1212
93.8985
58.6182
92.4833
94.4295
90.7771
73.5945
57.8072
10.0401
82.1655
88.0152
94.2337
85.7325
92.7382
84.0001
91.3062
71.3818
92.1254
90.8027
55.9373
91.1143
84.479
93.09
82.5896
46.4833
83.348
93.83
61.1269
84.6379
94.8013
90.8454
80.3779
91.5971
11.0413
90.7666
56.8068
51.3893
95.8775
94.4144
80.2659
94.1753
93.0178
90.4494
60.2776
86.9748
94.5772
87.9504
82.3928
78.4334
83.795
84.0634
72.6385
91.2702
91.2498
87.8046
92.5077
95.0971
45.812
91.9499
94.8617
94.4061
94.2335
93.3275
82.1576
83.8056
94.4471
95.2703
95.0922
77.8715
65.8662
94.3044
96.4133
86.6171
75.351
83.3599
92.0873
82.9287
91.6586
54.4061
70.6595
85.2029
91.8936
84.3866
32.501
87.8713
91.1353
70.3945
91.1065
91.6201
91.4283
89.6672
89.6355
95.1258
70.2883
93.6944
94.6911
93.2246
59.3811
55.884
92.6849
93.9311
10.7741
75.5648
88.3793
83.4766
87.3015
62.0356
89.7705
61.5725
93.7161
33.1961
93.6305
93.2175
62.0462
92.9742
55.8344
90.2268
94.5035
78.135
94.8522
53.821
12.6444
90.7944
91.0264
90.1014
57.7394
93.7268
81.5223
95.0266
95.2337
94.1477
73.0876
90.0416
92.4976
88.4311
65.2166
89.9555
74.6939
76.5115
85.3875
83.7696
88.8267
77.2872
54.399
93.7864
78.2764
46.4228
85.605
95.1319
94.1494
48.7028
84.9123
92.5151
89.9319
83.9653
90.5314
58.8442
94.7616
75.3121
89.0333
89.4846
93.8326
57.0211
87.5696
74.1666
94.1407
74.096
81.4289
82.9555
61.0166
5.66344
75.5957
88.102
76.0468
55.3204
67.9361
89.8562
92.3169
91.0684
93.2511
90.8935
90.9016
81.5121
36.0801
83.0841
48.3251
93.4613
61.0055
91.1475
72.861
93.8379
67.1023
92.7559
7.31045
86.5138
92.3581
92.1458
76.6208
93.0117
49.4266
84.2973
68.6633
87.3861
84.468
48.1386
90.8263
87.4685
58.2695
93.848
92.9882
94.9364
75.0698
94.7209
93.5274
94.108
44.0397
93.6019
33.067
84.1224
90.7308
92.1737
75.9155
55.5739
57.5169
94.2478
92.5409
85.6376
91.9708
93.2138
87.5368
83.0829
12.5336
94.0774
94.0662
83.1786
93.7474
18.1409
86.3116
87.346
39.0961
94.9969
94.8437
93.9911
86.0687
94.1879
95.2972
91.1716
87.8845
90.6035
56.7299
82.1846
2.52563
53.0793
87.4394
96.4925
90.0405
91.8333
84.6654
97.7601
86.1197
69.6024
73.1211
93.1254
95.4685
93.8906
80.0858
92.9873
59.8457
91.1853
4.91988
94.0404
81.2666
65.9697
70.7548
84.7419
92.9968
87.6638
95.3999
59.6972
92.2289
92.2093
68.0495
95.0396
54.8068
63.8438
86.2129
72.6824
86.7272
84.6966
91.6476
84.2777
89.3855
93.3579
89.7704
43.701
89.5646
59.0282
91.7262
6.01229
92.4798
93.4717
69.4459
59.763
94.4184
3.4418
63.9782
87.1759
84.2093
4.33875
90.818
83.1579
94.5722
94.2404
54.7511
90.996
89.847
4.81639
93.8652
76.7931
85.4352
83.28
82.0349
90.0904
78.208
57.3022
80.7368
92.9368
36.6974
77.793
92.6206
61.9996
