1.278564866383870502e+01
1.366054884592691998e+01
1.540929349263509174e+01
3.082132307688395301e+01
1.078897460301717182e+01
1.487912019093831439e+01
1.468996113538742065e+01
1.698440138498942176e+01
1.201451508204142193e+01
2.405815633138020715e+01
1.173969268798828125e+01
2.904100036621093750e+01
2.054137929280598840e+01
6.086563364664713305e+01
2.274831755956013879e+01
2.203157567977905273e+01
4.238410186767578125e+01
1.359561872482299805e+01
1.927183532714843750e+01
6.803192392985026515e+01
1.035443973541259766e+01
1.268892987569173236e+01
1.986780293782551965e+01
1.292675701777140240e+01
1.642457183202107629e+01
1.857259750366210938e+01
1.097163661321004291e+01
1.881271711985270301e+01
1.891924540201823035e+01
1.139131895701090436e+01
1.592885224024454693e+01
2.431988175710042199e+01
2.814644400278727332e+01
1.881414763132731238e+01
1.124535711606343646e+01
2.080000988642374793e+01
2.673453664779663086e+01
2.094954331715901574e+01
1.705255603790283203e+01
3.997967402140299242e+01
3.381014410654703539e+01
1.440527725219726562e+01
2.512763746579488000e+01
2.435697905222574988e+01
1.150078694025675397e+01
2.221826489766438684e+01
1.746266174316406250e+01
1.628328418731689453e+01
5.138486671447753906e+01
4.405315272013346117e+01
1.575233141581217389e+01
2.108222262064616004e+01
1.177866935729980469e+01
1.924564933776855469e+01
1.591531499226888080e+01
1.114600944519042969e+01
2.102404403686523438e+01
1.197598457336425781e+01
1.575321578979492188e+01
1.565626621246337891e+01
2.949304008483886719e+01
2.714885870615641394e+01
1.813625748952229699e+01
2.930922412872314453e+01
