1.843520045280456543e+00
1.736883850097656250e+02
8.614080047607421875e+01
3.576249694824218750e+01
1.009763908386230469e+01
5.480820846557617188e+01
7.318110656738281250e+01
3.684129714965820312e+00
4.616429901123046875e+01
2.044859771728515625e+02
5.230130004882812500e+01
1.367903995513916016e+01
2.088801860809326172e+00
4.948440551757812500e+01
1.424090099334716797e+01
6.354780197143554688e+00
7.221221160888671875e+01
2.199166059494018555e+00
1.490495300292968750e+02
4.412119674682617188e+01
1.540812988281250000e+02
4.719039797782897949e-01
4.148350143432617188e+01
5.335999727249145508e-01
8.981119990348815918e-01
2.217534065246582031e+00
2.354239940643310547e+00
2.827939987182617188e+00
2.525949954986572266e+00
8.785280227661132812e+00
1.974817991256713867e+00
3.979939937591552734e+00
9.438429832458496094e+00
9.375970840454101562e+00
1.381359863281250000e+01
6.229629993438720703e+00
4.788799881935119629e-01
1.607349777221679688e+01
2.296499824523925781e+01
4.099600219726562500e+01
1.774194793701171875e+02
6.180279541015625000e+01
1.591456055641174316e+00
1.060745906829833984e+01
1.423803901672363281e+01
3.135553283691406250e+02
4.615069866180419922e+00
7.631999850273132324e-01
9.341488647460937500e+01
2.804769992828369141e+00
5.847679972648620605e-01
3.726719915866851807e-01
1.427520036697387695e+00
9.375970840454101562e+00
5.715780258178710938e+00
6.494049835205078125e+01
3.291294097900390625e+00
7.864259243011474609e+00
4.125070190429687500e+01
1.456416010856628418e+00
1.113152027130126953e+00
1.679808020591735840e+00
1.511039972305297852e+00
1.035949039459228516e+01
