8.202130889892578125e+01
5.592770004272460938e+01
8.130625152587890625e+01
5.156964874267578125e+01
5.309759902954101562e+01
8.072739410400390625e+01
7.133209991455078125e+01
8.058686065673828125e+01
8.609924316406250000e+01
5.314861679077148438e+01
5.895534515380859375e+01
7.031103515625000000e+01
8.237131500244140625e+01
6.734639739990234375e+01
6.376851654052734375e+01
7.007790374755859375e+01
5.107268142700195312e+01
5.467891693115234375e+01
5.443373107910156250e+01
5.137984466552734375e+01
6.039635848999023438e+01
5.901108932495117188e+01
8.072739410400390625e+01
5.318038177490234375e+01
5.864585876464843750e+01
5.145357894897460938e+01
7.616513824462890625e+01
8.003705596923828125e+01
5.304525375366210938e+01
8.424230194091796875e+01
5.785506057739257812e+01
5.628496551513671875e+01
5.747201538085937500e+01
8.290995025634765625e+01
8.052901458740234375e+01
5.426151275634765625e+01
7.725717926025390625e+01
6.333852767944335938e+01
5.315595245361328125e+01
5.426151275634765625e+01
5.361444091796875000e+01
8.517535400390625000e+01
5.980112075805664062e+01
8.208676910400390625e+01
5.285898971557617188e+01
5.875395965576171875e+01
6.329188156127929688e+01
5.436487197875976562e+01
7.638896942138671875e+01
7.572547149658203125e+01
5.097822570800781250e+01
5.160088729858398438e+01
8.423933410644531250e+01
5.440914154052734375e+01
8.939339447021484375e+01
8.620411682128906250e+01
5.160077667236328125e+01
5.739495086669921875e+01
5.315316772460937500e+01
7.447847747802734375e+01
8.187415313720703125e+01
5.291979217529296875e+01
5.494129180908203125e+01
5.452632904052734375e+01
5.149338912963867188e+01
6.156551742553710938e+01
7.126617431640625000e+01
7.916677856445312500e+01
7.311347198486328125e+01
8.468319702148437500e+01
5.449887847900390625e+01
6.536614990234375000e+01
7.249847412109375000e+01
5.115538787841796875e+01
7.586121368408203125e+01
6.824964141845703125e+01
5.162617874145507812e+01
5.767720413208007812e+01
7.286052703857421875e+01
5.344905853271484375e+01
5.296812438964843750e+01
5.102861785888671875e+01
5.105399322509765625e+01
5.241693496704101562e+01
5.781146240234375000e+01
7.286441802978515625e+01
7.246698760986328125e+01
5.154559326171875000e+01
6.538043212890625000e+01
5.288421249389648438e+01
5.443118667602539062e+01
7.901370239257812500e+01
5.581184005737304688e+01
8.306717681884765625e+01
5.584306335449218750e+01
6.508229064941406250e+01
5.143523025512695312e+01
8.592612457275390625e+01
5.296735382080078125e+01
8.063941192626953125e+01
5.742900466918945312e+01
7.644847869873046875e+01
6.374911880493164062e+01
7.457250213623046875e+01
8.033892822265625000e+01
7.174810028076171875e+01
8.070941925048828125e+01
5.713657760620117188e+01
8.102449798583984375e+01
7.992404937744140625e+01
8.257234954833984375e+01
7.377329254150390625e+01
5.453419494628906250e+01
8.577506256103515625e+01
8.085321807861328125e+01
5.106866073608398438e+01
7.398271942138671875e+01
7.401461791992187500e+01
5.758714675903320312e+01
5.303470611572265625e+01
5.149391937255859375e+01
7.596449279785156250e+01
7.377329254150390625e+01
5.825660705566406250e+01
5.150585174560546875e+01
7.477956390380859375e+01
5.148214721679687500e+01
5.158177566528320312e+01
7.939723968505859375e+01
5.211405563354492188e+01
5.442514038085937500e+01
6.223915481567382812e+01
6.745010375976562500e+01
5.124172592163085938e+01
7.895713043212890625e+01
5.289631652832031250e+01
7.855020904541015625e+01
7.800135040283203125e+01
6.429753112792968750e+01
5.284098052978515625e+01
5.476766204833984375e+01
7.574359893798828125e+01
6.890448760986328125e+01
6.337211990356445312e+01
5.109259414672851562e+01
8.094676208496093750e+01
6.103714370727539062e+01
8.203112792968750000e+01
7.962859344482421875e+01
8.143006134033203125e+01
5.918171691894531250e+01
5.120635986328125000e+01
5.131585311889648438e+01
8.196637725830078125e+01
7.864263153076171875e+01
5.914585876464843750e+01
5.147961807250976562e+01
5.250153350830078125e+01
5.724006652832031250e+01
5.149325561523437500e+01
8.091310882568359375e+01
5.298724746704101562e+01
8.058325195312500000e+01
5.150052261352539062e+01
7.441564178466796875e+01
7.088262939453125000e+01
5.157053375244140625e+01
5.147996139526367188e+01
6.203876495361328125e+01
5.604185104370117188e+01
6.071111297607421875e+01
8.154624176025390625e+01
5.227297592163085938e+01
7.949599456787109375e+01
7.267586517333984375e+01
5.125518035888671875e+01
8.235312652587890625e+01
5.148376464843750000e+01
7.986073303222656250e+01
8.001622009277343750e+01
8.172093963623046875e+01
7.931349945068359375e+01
7.909203338623046875e+01
8.835584259033203125e+01
5.160878753662109375e+01
7.324914550781250000e+01
7.849423217773437500e+01
5.603848266601562500e+01
7.189728546142578125e+01
7.183810424804687500e+01
7.957632446289062500e+01
7.559490966796875000e+01
7.313802337646484375e+01
8.064344787597656250e+01
6.337184906005859375e+01
5.320138168334960938e+01
8.681131744384765625e+01
5.723657226562500000e+01
7.873301696777343750e+01
6.058869552612304688e+01
5.158365631103515625e+01
5.151947402954101562e+01
5.301061248779296875e+01
5.033862686157226562e+01
7.544496154785156250e+01
5.890420532226562500e+01
6.693579864501953125e+01
7.375190734863281250e+01
5.220165252685546875e+01
8.001206207275390625e+01
5.131762695312500000e+01
8.571103668212890625e+01
8.222599792480468750e+01
5.110821151733398438e+01
5.136984634399414062e+01
6.671513366699218750e+01
6.033970642089843750e+01
6.754295349121093750e+01
5.302203750610351562e+01
7.224868774414062500e+01
6.055989837646484375e+01
7.523203277587890625e+01
5.313968276977539062e+01
5.140932464599609375e+01
7.414730072021484375e+01
7.569770812988281250e+01
6.365562438964843750e+01
7.339966583251953125e+01
8.156005096435546875e+01
7.224909973144531250e+01
5.136550140380859375e+01
6.695469665527343750e+01
8.291790008544921875e+01
8.160820770263671875e+01
7.828730010986328125e+01
5.128615570068359375e+01
6.167667388916015625e+01
8.249296569824218750e+01
5.280247116088867188e+01
8.230158233642578125e+01
5.443118667602539062e+01
5.095722961425781250e+01
5.194733047485351562e+01
7.843571472167968750e+01
5.226106262207031250e+01
5.102294921875000000e+01
5.871074676513671875e+01
5.842056274414062500e+01
8.473526000976562500e+01
5.343616485595703125e+01
5.437255859375000000e+01
6.045294570922851562e+01
5.152987670898437500e+01
5.927596282958984375e+01
8.627435302734375000e+01
8.135108184814453125e+01
