8.288556671142578125e+01
7.230731201171875000e+01
1.033788146972656250e+02
7.233197021484375000e+01
7.182039642333984375e+01
8.094444274902343750e+01
7.517362213134765625e+01
8.086315917968750000e+01
1.036369476318359375e+02
7.090977478027343750e+01
8.509226226806640625e+01
1.011659927368164062e+02
1.150138778686523438e+02
1.030647964477539062e+02
7.099005889892578125e+01
9.244339752197265625e+01
7.783887481689453125e+01
6.580445098876953125e+01
8.714971923828125000e+01
6.235824966430664062e+01
7.658098602294921875e+01
8.051273345947265625e+01
8.876753997802734375e+01
8.277959442138671875e+01
8.449648284912109375e+01
6.537201690673828125e+01
8.242415618896484375e+01
8.178623962402343750e+01
7.017009735107421875e+01
1.115122222900390625e+02
8.680001831054687500e+01
7.833263397216796875e+01
7.059429931640625000e+01
9.367757415771484375e+01
8.529985046386718750e+01
7.776697540283203125e+01
8.720771026611328125e+01
6.854695892333984375e+01
6.669322204589843750e+01
8.812345886230468750e+01
7.348812866210937500e+01
1.000177459716796875e+02
7.397940826416015625e+01
8.973800659179687500e+01
7.928506469726562500e+01
6.898444366455078125e+01
8.037709808349609375e+01
6.987729644775390625e+01
8.543120574951171875e+01
1.084544525146484375e+02
7.615039825439453125e+01
6.722540283203125000e+01
9.806433105468750000e+01
7.944593811035156250e+01
9.377330017089843750e+01
8.767176818847656250e+01
7.000245666503906250e+01
6.774900817871093750e+01
7.885272216796875000e+01
9.287427520751953125e+01
8.968837738037109375e+01
6.936363220214843750e+01
7.820037078857421875e+01
7.739582061767578125e+01
7.044399261474609375e+01
8.701779174804687500e+01
8.294811248779296875e+01
8.903816986083984375e+01
8.721141052246093750e+01
1.041945495605468750e+02
7.523440551757812500e+01
8.378717041015625000e+01
8.368411254882812500e+01
7.330103302001953125e+01
8.964463806152343750e+01
7.695781707763671875e+01
6.636231994628906250e+01
7.504161071777343750e+01
9.589651489257812500e+01
7.120652770996093750e+01
7.130390167236328125e+01
6.300873565673828125e+01
6.790402221679687500e+01
6.581169891357421875e+01
7.838046264648437500e+01
9.010916137695312500e+01
9.647711944580078125e+01
6.866459655761718750e+01
1.064547348022460938e+02
6.998907470703125000e+01
7.094477844238281250e+01
9.149693298339843750e+01
7.409075164794921875e+01
9.484252929687500000e+01
8.765634155273437500e+01
8.561067962646484375e+01
6.532714080810546875e+01
9.803020477294921875e+01
8.082160949707031250e+01
1.018030166625976562e+02
7.416300201416015625e+01
1.019590530395507812e+02
7.650011444091796875e+01
1.004008712768554688e+02
8.805390167236328125e+01
9.549755096435546875e+01
1.164270172119140625e+02
6.771480560302734375e+01
7.975942993164062500e+01
7.753596496582031250e+01
9.533771514892578125e+01
7.141619110107421875e+01
7.569572448730468750e+01
8.571025848388671875e+01
8.757783508300781250e+01
6.923677062988281250e+01
9.437570190429687500e+01
9.095140838623046875e+01
7.465867614746093750e+01
7.262518310546875000e+01
7.398328399658203125e+01
9.254845428466796875e+01
7.394029235839843750e+01
9.131922912597656250e+01
7.060581207275390625e+01
8.374135589599609375e+01
7.380027770996093750e+01
8.238415527343750000e+01
1.180150909423828125e+02
8.297441864013671875e+01
7.898616790771484375e+01
9.357355499267578125e+01
8.219342041015625000e+01
7.665467834472656250e+01
9.612477874755859375e+01
6.321692657470703125e+01
9.562436676025390625e+01
9.870771026611328125e+01
7.038771820068359375e+01
8.246370697021484375e+01
7.235729217529296875e+01
9.790006256103515625e+01
8.459638214111328125e+01
8.524491882324218750e+01
7.108972167968750000e+01
8.832568359375000000e+01
8.394981384277343750e+01
9.121721649169921875e+01
8.599297332763671875e+01
1.020725936889648438e+02
7.261624908447265625e+01
6.917523193359375000e+01
8.520082855224609375e+01
9.305753326416015625e+01
9.182363891601562500e+01
7.832565307617187500e+01
6.907993316650390625e+01
6.590509033203125000e+01
8.923738861083984375e+01
7.640612792968750000e+01
8.483257293701171875e+01
6.921429443359375000e+01
8.357831573486328125e+01
7.101921081542968750e+01
1.028135299682617188e+02
8.947894287109375000e+01
7.910821533203125000e+01
8.020641326904296875e+01
7.732233428955078125e+01
7.636588287353515625e+01
6.966397857666015625e+01
9.809716796875000000e+01
7.267856597900390625e+01
1.047451477050781250e+02
8.732080841064453125e+01
8.460231018066406250e+01
1.060825424194335938e+02
7.244487762451171875e+01
8.678044128417968750e+01
9.241461944580078125e+01
8.796560668945312500e+01
7.262826538085937500e+01
7.995362854003906250e+01
9.689842224121093750e+01
7.094004821777343750e+01
1.046892242431640625e+02
7.669361877441406250e+01
7.028401947021484375e+01
7.836016845703125000e+01
9.489713287353515625e+01
8.160980224609375000e+01
9.166051483154296875e+01
7.794658660888671875e+01
8.699476623535156250e+01
7.924303436279296875e+01
9.055104827880859375e+01
9.372667694091796875e+01
7.388387298583984375e+01
9.022671508789062500e+01
7.634563446044921875e+01
7.634963989257812500e+01
8.274711608886718750e+01
7.958091735839843750e+01
8.552838134765625000e+01
9.400852966308593750e+01
7.770262908935546875e+01
7.759059143066406250e+01
1.049569396972656250e+02
7.233666229248046875e+01
7.685942077636718750e+01
6.964736938476562500e+01
8.139089202880859375e+01
9.706504058837890625e+01
8.368080139160156250e+01
8.595017242431640625e+01
7.177024078369140625e+01
8.035417938232421875e+01
8.760971069335937500e+01
8.339392089843750000e+01
9.677347564697265625e+01
1.032040634155273438e+02
1.048037567138671875e+02
8.961575317382812500e+01
7.268539428710937500e+01
7.966884613037109375e+01
8.749465179443359375e+01
8.877647399902343750e+01
7.960539245605468750e+01
8.386663055419921875e+01
1.002455444335937500e+02
7.787321472167968750e+01
7.014423370361328125e+01
9.012747192382812500e+01
1.079878005981445312e+02
9.563581085205078125e+01
7.589899444580078125e+01
9.162367248535156250e+01
9.498115539550781250e+01
7.797747802734375000e+01
1.152127990722656250e+02
6.318206024169921875e+01
6.812930297851562500e+01
8.631204986572265625e+01
8.730710601806640625e+01
6.184925460815429688e+01
7.674073028564453125e+01
7.997196960449218750e+01
8.981634521484375000e+01
1.059024124145507812e+02
8.892526245117187500e+01
8.224634552001953125e+01
6.985740661621093750e+01
6.886648559570312500e+01
6.665348052978515625e+01
1.010613632202148438e+02
9.764699554443359375e+01
