1.69998,
0.11431,
1.2546,
2.5542,
7.49665,
16.0606,
0.344314,
0.0664672,
0.760413,
3.54133,
0.765101,
1.38826,
18.4411,
1.48675,
0.981254,
9.15638,
1.36971,
5.85871,
0.255946,
6.94033,
0.769418,
0.231594,
2.50062,
0.816739,
0.221606,
4.66832,
0.670371,
2.96649,
2.37825,
0.150019,
3.5754,
1.8958,
5.56637,
1.54315,
0.425805,
19.7209,
2.41718,
2.33402,
0.592624,
4.73714,
1.04082,
1.54616,
4.87503,
1.84964,
0.159008,
0.119126,
0.647056,
9.84006,
0.569462,
0.570029,
2.84408,
1.09144,
0.50184,
2.17379,
6.11044,
7.67092,
1.29593,
3.42816,
23.833,
3.41023,
0.770666,
2.33992,
5.55993,
2.43758,
2.10378,
2.8296,
6.13813,
2.90353,
10.2013,
5.63255,
0.947248,
2.38531,
0.0806304,
6.10385,
1.74448,
1.3674,
7.93165,
0.442102,
6.83861,
0.0936416,
8.76225,
3.81736,
2.4716,
2.15423,
1.79101,
0.102864,
2.34267,
20.6711,
5.38318,
6.78249,
0.93505,
0.841574,
2.48856,
3.34106,
10.1442,
4.12711,
10.6052,
0.662979,
2.01335,
0.778614,
0.819232,
3.3807,
5.19628,
3.40088,
14.1244,
3.49667,
0.752714,
3.7312,
1.30553,
0.911629,
0.894266,
4.61611,
1.34404,
0.855862,
1.90101,
1.39629,
0.608128,
0.49007,
6.73493,
0.133235,
2.25632,
7.82955,
2.35994,
5.03501,
1.70987,
1.0805,
0.36537,
1.71565,
4.87441,
0.0345056,
1.61687,
3.07415,
1.35604,
0.246765,
3.10698,
2.45118,
3.17804,
4.92712,
2.19391,
0.620086,
0.729664,
3.10071,
1.22226,
0.855459,
0.874941,
6.77749,
0.867466,
0.866554,
1.20993,
2.63002,
5.45537,
3.31408,
1.47271,
1.1939,
2.16089,
17.4822,
12.1709,
0.806941,
0.0645376,
4.55934,
1.19225,
1.21227,
4.76511,
2.89903,
0.746938,
0.989158,
0.638,
10.8171,
1.85223,
8.82517,
3.63675,
1.26724,
3.01077,
4.45488,
2.86335,
1.78228,
1.67404,
13.6005,
0.64993,
17.4667,
4.65643,
0.807222,
2.6042,
1.99847,
4.38399,
8.55259,
18.5807,
0.993581,
2.0821,
1.22086,
3.55052,
0.109293,
0.683315,
2.68176,
1.5556,
0.718246,
0.808317,
3.82097,
0.657187,
0.0857504,
0.888547,
11.9366,
0.0279808,
0.655654,
11.8698,
0.132781,
0.0676896,
17.0437,
1.39662,
0.172624,
7.76991,
1.11487,
1.86955,
2.28324,
0.638851,
2.34329,
0.237514,
1.49103,
1.39123,
2.84113,
0.58937,
1.53386,
13.6406,
1.54344,
5.233,
1.93471,
3.04142,
13.7079,
5.61988,
11.1374,
1.25029,
6.18401,
4.58192,
6.34443,
0.091984,
15.0295,
0.72057,
0.358806,
3.93106,
1.5318,
4.53236,
0.316387,
0.956442,
4.92285,
0.632672,
2.76913,
6.35158,
18.0178,
0.566682,
0.540317,
11.532,
17.7345,
19.2639,
2.09623,
1.75144,
7.51629,
0.535434,
16.4687,
0.0289888,
1.07979,
0.656701,
3.60613,
0.757622,
0.839706,
1.86085,
0.158285,
1.22825,
3.51554,
3.19116,
4.21515,
2.56612,
3.08898,
1.00035,
17.1232,
0.833267,
1.05176,
3.80287,
20.626,
2.14714,
0.369914,
1.12675,
2.59999,
0.29137,
3.23915,
2.20292,
1.48587,
1.34652,
3.92999,
2.24922,
0.720944,
8.36935,
0.0646784,
2.00432,
6.47254,
0.0455616,
2.2483,
0.3008,
1.93043,
2.20284,
4.139,
5.86855,
15.7176,
1.81699,
0.293354,
0.98521,
1.0295,
0.614774,
0.697181,
3.04908,
2.89144,
0.357398,
1.38552,
1.33058,
1.68814,
5.55159,
5.96795,
1.06795,
15.0587,
0.573206,
0.861856,
1.00217,
1.05677,
0.637453,
7.70911,
0.268563,
2.35311,
0.452374,
1.53322,
2.20691,
3.19229,
1.15849,
1.06695,
3.2471,
0.356966,
0.714992,
10.0366,
1.77662,
0.570182,
0.416048,
0.741603,
0.534326,
3.14889,
0.63311,
18.9237,
2.90992,
2.7261,
0.805174,
0.780323,
1.43115,
1.06312,
4.30831,
1.31112,
0.709264,
0.177187,
0.566064,
2.32904,
1.68098,
10.2326,
0.880397,
1.04668,
2.38148,
0.869786,
12.0266,
0.746816,
0.453203,
2.79382,
1.99809,
2.25093,
28.3393,
1.66501,
1.01156,
15.3854,
0.241584,
1.78056,
2.19018,
6.60082,
2.58305,
3.57244,
1.02155,
0.053616,
2.73707,
6.2149,
1.34716,
0.645814,
1.21861,
3.68647,
0.823296,
3.79588,
3.37444,
2.57678,
1.29042,
0.768826,
4.36791,
3.06809,
0.0840064,
1.21342,
3.90576,
0.930493,
1.46506,
0.852198,
12.2722,
6.87737,
4.52528,
0.749773,
2.20852,
1.16114,
14.4891,
11.1608,
1.5341,
0.891184,
1.3537,
4.56861,
0.26833,
2.1702,
1.84305,
14.2729,
5.47234,
1.2418,
0.609798,
0.337395,
1.89784,
4.76892,
1.0293,
2.40927,
3.44336,
3.24386,
3.02676,
2.9666,
8.39192,
0.0248864,
32.6485,
5.24852,
0.477181,
4.87646,
2.77311,
8.80154,
0.819472,
1.0407,
2.12518,
1.59965,
1.05882,
0.826627,
2.94156,
3.7549,
5.68844,
0.0382208,
2.12601,
2.39617,
0.616819,
1.27152,
1.33403,
1.77329,
2.64717,
0.633491,
0.646301,
0.945907,
2.28693,
4.69671,
2.46637,
1.48116,
1.99594,
0.481232,
1.08539,
3.79871,
1.30292,
0.59063,
4.4133,
0.816,
1.87969,
0.942384,
2.51546,
0.0761248,
13.195,
26.1685,
2.72773,
1.33598,
2.97183,
4.7553,
1.73279,
3.79281,
13.5131,
0.106941,
20.8921,
0.714627,
2.73332,
5.70988,
0.26295,
1.05438,
5.86961,
0.825037,
0.102643,
1.46957,
0.475421,
7.58916,
0.531658,
6.40589,
2.23966,
2.58717,
23.1177,
0.465376,
0.105786,
8.26643,
4.39642,
1.43061,
0.0244416,
0.137267,
1.40643,
2.79071,
7.51249,
0.440528,
0.31864,
1.30328,
1.09791,
4.97614,
0.714182,
2.32792,
0.718166,
2.14161,
1.49203,
0.0909088,
9.18989,
0.453814,
9.51932,
0.773357,
5.79545,
1.05384,
1.32879,
9.50849,
1.45011,
1.53855,
0.836659,
10.5566,
4.90986,
1.15067,
0.0636544,
1.54179,
0.392141,
4.02056,
0.393763,
0.330678,
1.78076,
7.378,
7.63728,
1.19332,
2.49495,
0.722378,
0.636739,
3.18004,
2.70949,
4.84372,
3.09643,
0.832998,
2.48468,
18.9101,
1.291,
1.19483,
0.724522,
1.93168,
1.31938,
0.872384,
0.818093,
2.93737,
4.1401,
1.71278,
0.796595,
0.652157,
1.25006,
0.796746,
9.27379,
4.16161,
0.0315328,
2.74202,
0.445523,
1.35737,
4.69181,
0.088784,
1.02811,
1.07017,
4.77117,
7.98868,
3.57775,
2.17073,
1.18147,
0.782016,
1.92215,
1.61567,
0.10192,
1.47703,
1.44303,
11.0646,
0.654736,
0.517392,
0.335712,
0.264406,
0.90801,
3.26198,
7.07302,
0.508602,
2.83877,
22.9458,
2.04261,
7.23883,
0.199667,
0.824387,
0.855878,
1.276,
3.13605,
5.09127,
1.14974,
3.81233,
2.53382,
1.14828,
1.74699,
1.92117,
2.0151,
2.97899,
1.71755,
0.216867,
0.0395008,
0.492227,
2.54662,
3.21069,
2.59291,
0.0849728,
17.7797,
0.373565,
2.44288,
1.13679,
6.79452,
2.70555,
1.71596,
1.16664,
2.11404,
3.8166,
0.927696,
11.5518,
13.8313,
5.34402,
3.098,
0.60351,
0.693136,
0.875645,
1.4387,
1.83281,
2.28686,
0.045472,
8.21253,
1.18254,
1.36088,
5.07469,
1.2334,
0.690128,
1.85822,
11.7162,
20.7661,
6.96455,
0.799741,
3.41845,
3.04253,
0.48184,
16.0559,
1.10891,
0.170554,
1.24998,
0.643018,
1.82684,
1.21353,
2.19209,
1.108,
7.90863,
4.60463,
0.105478,
1.83764,
1.25479,
4.63247,
2.6909,
2.80288,
4.76607,
1.38136,
0.354762,
1.10484,
0.0732704,
2.2792,
1.06322,
2.34671,
2.66821,
2.82981,
5.29718,
0.0661184,
6.12192,
3.86304,
2.24705,
3.669,
1.40027,
2.07198,
1.13957,
0.736058,
0.754995,
3.5393,
0.147056,
0.480003,
8.24773,
0.847565,
9.03195,
1.53222,
0.027136,
1.15341,
2.16491,
1.18255,
0.281494,
0.0495392,
1.51845,
2.72947,
3.02005,
1.98498,
0.105757,
0.157094,
0.346531,
0.711853,
6.27596,
2.067,
0.661485,
15.3423,
1.76891,
2.7726,
0.65768,
0.117741,
4.16996,
0.593866,
2.67269,
1.42557,
0.350682,
0.313283,
0.803594,
1.50545,
2.42857,
8.75979,
8.30892,
0.919814,
3.28212,
1.83549,
1.14239,
0.0892832,
1.60628,
7.40444,
15.5716,
0.612714,
8.22317,
0.996643,
0.411587,
0.977203,
6.90173,
0.312707,
1.31865,
0.43423,
0.13111,
5.36364,
10.6102,
2.29816,
3.68428,
0.286458,
5.27622,
4.89766,
1.63827,
1.22825,
1.43175,
0.223981,
13.437,
2.11145,
0.0694272,
1.40964,
0.10392,
1.95614,
0.944704,
0.722877,
0.272634,
3.46004,
1.3582,
14.1607,
1.80799,
0.761091,
0.650806,
1.37145,
4.79044,
1.70289,
1.42661,
3.06942,
0.17153,
1.61482,
1.13394,
0.556013,
0.250976,
0.691338,
1.03047,
0.890198,
0.728755,
3.77627,
1.40396,
0.088624,
3.78757,
0.692595,
9.50953,
0.0274752,
2.68045,
0.701683,
2.73045,
3.04576,
1.39246,
1.82375,
8.79833,
0.0780064,
14.825,
18.6415,
14.4463,
11.207,
4.97303,
2.1007,
3.40328,
0.907334,
8.45102,
3.1333,
5.419,
0.350074,
0.943472,
3.70423,
0.377936,
1.90601,
2.61886,
1.03937,
9.2145,
1.26072,
4.43226,
2.36502,
1.41368,
1.6197,
0.494016,
0.781466,
0.215434,
3.08584,
3.77541,
2.27341,
11.183,
1.43487,
3.94909,
21.0794,
0.94953,
3.1238,
1.28079,
3.141,
0.019232,
0.678326,
0.639478,
1.5004,
0.96201,
0.480182,
6.14574,
1.33904,
3.49012,
4.38327,
1.57191,
9.659,
5.87476,
6.48996,
7.02627,
4.11588,
3.99649,
0.105776,
20.4434,
0.48969,
5.77169,
0.293338,
2.47019,
14.9988,
0.531414,
1.05206,
0.0373856,
5.64646,
0.739808,
0.809648,
2.33554,
11.1441,
3.30485,
2.69022,
5.31807,
1.23925,
13.0495,
1.24759,
1.54865,
0.80311,
0.870506,
1.97207,
3.25423,
2.06535,
2.50885,
0.0836384,
6.31534,
1.15006,
1.6227,
18.4248,
2.53423,
0.815885,
1.66547,
0.885782,
0.0452352,
5.76826,
1.03418,
0.920003,
5.79808,
0.0202144,
1.61029,
2.23982,
12.3505,
3.13789,
14.2638,
1.13223,
6.86528,
0.748035,
0.259651,
1.12687,
0.666275,
2.03546,
1.04497,
0.0655168,
1.40154,
2.52775,
0.871216,
2.58587,
3.34582,
11.2059,
14.657,
25.9972,
0.854032,
2.65789,
2.45845,
3.54921,
2.33957,
16.105,
10.3319,
1.13044,
3.81524,
5.18805,
0.229258,
2.29558,
7.23456,
0.466685,
2.46627,
6.68473,
0.915088,
1.69368,
17.2601,
1.56042,
0.996285,
3.95502,
1.00668,
7.2403,
0.410374,
0.879434,
0.91727,
4.71549,
0.227088,
3.17992,
1.72748,
0.964992,
0.781869,
9.14126,
0.0753408,
26.6618,
1.12563,
5.76751,
3.55461,
0.195949,
3.24452,
0.390717,
2.92438,
2.48289,
0.634227,
1.1811,
3.04222,
7.15252,
1.17331,
4.79304,
0.282598,
3.77288,
1.42507,
2.79309,
1.04184,
1.0082,
2.11235,
0.0706176,
1.70581,
0.750925,
2.77458,
3.46685,
2.43505,
1.81514,
0.52033,
0.0761632,
0.46888,
5.24223,
1.69073,
7.38181,
0.703805,
1.26119,
1.23535,
3.61454,
2.25738,
2.22238,
0.689376,
9.99556,
0.691206,
12.1493,
1.54912,
2.09448,
3.25739,
3.44482,
4.91275,
7.43957,
5.2896,
0.634109,
3.61125,
1.90351,
0.73137,
2.63616,
6.46167,
2.17619,
2.22741,
0.350138,
0.9936,
0.437024,
1.48668,
17.65,
0.0655712,
0.143661,
13.4125,
0.470413,
3.05977,
0.0167648,
6.59903,
1.97733,
4.11226,
2.83652,
1.58114,
1.39989,
0.357011,
0.0879648,
4.76904,
0.32809,
0.39009,
1.89556,
2.8417,
0.027616,
0.534698,
0.668381,
4.71862,
0.828742,
0.0425856,
1.90792,
1.73185,
0.105341,
0.96913,
0.959702,
1.41516,
5.52483,
0.110346,
1.26193,
0.924563,
4.71492,
2.31521,
4.84461,
0.614742,
13.7242,
1.0338,
0.802278,
4.29591,
0.343024,
3.95772,
6.04966,
2.4598,
1.12555,
1.8083,
7.71585,
1.75455,
5.91072,
1.31541,
0.325488,
11.1204,
4.00941,
2.01773,
0.0799168,
4.44206,
0.776813,
3.35377,
11.0378,
6.18231,
0.125613,
2.99132,
29.8148,
3.12516,
0.269552,
1.1173,
2.69635,
3.95066,
0.338362,
5.67395,
0.0728096,
0.478038,
0.142096,
3.12188,
5.86141,
2.82131,
0.090944,
5.14771,
0.265661,
0.749952,
1.78257,
2.15663,
1.32416,
1.16352,
0.844301,
1.12398,
0.584861,
2.16288,
0.756858,
7.35936,
0.558416,
0.738381,
3.4289,
0.0385184,
0.218192,
0.44633,
2.24751,
3.09188,
2.47419,
1.28481,
6.55423,
3.26684,
3.1398,
1.88368,
0.186141,
1.7749,
4.85068,
13.1619,
6.99004,
0.596461,
4.10023,
4.21708,
9.8387,
1.3795,
4.8746,
9.44647,
11.0067,
3.00282,
0.901152,
2.36204,
0.662851,
2.51562,
2.50463,
0.519766,
4.54342,
4.19652,
1.87799,
0.76873,
0.289174,
4.0189,
3.79617,
0.910614,
4.69412,
3.69792,
2.27628,
0.191078,
2.73898,
3.15247,
0.952339,
0.752595,
1.07016,
12.7223,
1.16365,
2.12385,
1.02762,
3.23372,
0.146682,
2.2548,
6.34143,
2.31788,
8.5374,
15.6439,
7.43915,
6.4381,
1.47064,
1.16939,
0.214154,
1.25957,
6.91254,
1.14652,
4.38135,
12.0814,
1.42303,
0.0271008,
0.659107,
0.612694,
6.8701,
2.60335,
1.47342,
8.0811,
2.29637,
3.58005,
1.31449,
5.08726,
4.23228,
0.74039,
3.21605,
12.0787,
1.10016,
2.75786,
0.490368,
2.17018,
2.20967,
4.27209,
2.84153,
3.5383,
0.606346,
0.645546,
3.36537,
10.1458,
0.315245,
6.54574,
0.580742,
5.42714,
0.150381,
1.03466,
1.59666,
1.36963,
0.0232384,
6.5913,
0.117187,
1.94764,
0.732944,
0.695299,
5.39335,
3.45642,
1.96717,
6.34721,
1.0979,
10.9061,
12.4577,
13.7458,
1.04931,
0.0979296,
2.84638,
4.42548,
10.7745,
0.534509,
0.650643,
4.39857,
0.703645,
1.9419,
3.36531,
0.907149,
0.230019,
1.30177,
3.48211,
0.0227232,
0.83239,
0.600637,
1.93078,
0.0918336,
1.16339,
3.95003,
1.34121,
1.30921,
1.42522,
5.05564,
2.45154,
2.04392,
2.34684,
2.73382,
16.7289,
0.791677,
0.926682,
10.2901,
3.01354,
0.479382,
1.4163,
3.4803,
4.76376,
4.4832,
1.31415,
0.123344,
0.974803,
10.205,
6.14821,
1.64581,
0.354509,
0.25791,
0.100109,
0.267878,
25.0808,
0.772714,
1.01581,
0.903216,
1.81431,
1.35158,
1.83601,
3.13305,
1.85565,
3.13437,
4.47719,
0.980563,
0.579437,
1.17244,
1.95375,
1.8834,
9.24899,
2.56324,
2.34307,
6.01722,
0.65855,
0.963242,
1.32161,
0.930928,
0.0390432,
0.853475,
2.02654,
1.48601,
0.963238,
1.64887,
0.917187,
1.1374,
2.90956,
2.64221,
4.48392,
1.26891,
0.743606,
6.13366,
4.9735,
3.41599,
1.93765,
3.81076,
3.91689,
0.799862,
2.48233,
3.48873,
1.33022,
21.9609,
0.707939,
1.96283,
0.678752,
3.13626,
3.98626,
16.4565,
2.9317,
1.95742,
1.32136,
1.7549,
0.745683,
0.785203,
4.09256,
7.98508,
1.33832,
7.96235,
0.998534,
4.18163,
0.0234688,
0.149885,
3.83769,
11.3876,
4.37804,
0.711914,
1.11074,
1.92031,
7.42436,
6.16916,
0.540218,
0.0967744,
0.84439,
1.26322,
2.57153,
1.46932,
0.427725,
2.49507,
0.809754,
5.08445,
4.63368,
9.13363,
5.54272,
0.917926,
2.75716,
1.63697,
5.50855,
4.48196,
4.799,
0.349146,
1.99326,
2.14377,
5.93459,
8.04708,
1.64388,
3.3233,
4.69343,
0.738509,
2.66693,
0.951718,
8.71005,
3.23372,
0.109069,
0.0855552,
19.5062,
1.39881,
1.11711,
2.08253,
0.560749,
10.8813,
11.5599,
2.40878,
2.05831,
2.89483,
1.34112,
7.41775,
5.10492,
2.00486,
1.09628,
3.31423,
3.78155,
0.713443,
3.21153,
1.54099,
0.368077,
1.75153,
1.3169,
0.256128,
0.929078,
22.4368,
2.86442,
2.76786,
4.29422,
2.1637,
1.18085,
1.14411,
11.3671,
14.643,
0.060752,
0.0507168,
1.13884,
4.03248,
1.06178,
0.954576,
2.04197,
1.41147,
0.872605,
0.72849,
1.83926,
7.88951,
0.200886,
0.180016,
0.251978,
4.35961,
0.708253,
0.056896,
0.617174,
0.459802,
4.21437,
1.79192,
1.44108,
1.04989,
1.6213,
0.120317,
2.64079,
2.06029,
2.98341,
1.68555,
0.599936,
4.34528,
0.38103,
9.14107,
2.02122,
0.0882016,
7.49669,
0.203498,
2.69148,
1.15891,
3.03424,
1.02452,
2.67277,
17.619,
0.0231296,
0.0671872,
1.94524,
0.175133,
0.080208,
17.4895,
1.75378,
2.03649,
0.298915,
0.809357,
22.2772,
5.46067,
1.53053,
1.05471,
2.28994,
3.42301,
4.65014,
3.00621,
4.67103,
0.321638,
0.492563,
0.966208,
0.287488,
0.274675,
0.87217,
0.828269,
2.56388,
3.94794,
1.8391,
0.130877,
4.05946,
1.07339,
3.05102,
4.21148,
2.66928,
3.34356,
13.8022,
2.422,
0.83121,
3.67312,
0.226966,
3.81219,
4.15106,
0.813139,
0.986774,
0.467094,
1.62298,
0.944557,
1.81231,
6.67321,
0.669642,
1.07292,
1.59285,
2.80281,
1.9718,
6.44116,
7.21133,
3.34513,
13.6018,
1.46767,
2.01115,
0.49111,
1.70463,
0.191373,
7.27575,
2.55852,
1.24512,
1.12676,
0.213898,
2.63802,
2.67809,
1.86416,
0.0743552,
1.06486,
0.188877,
0.450253,
0.896624,
1.80714,
1.58772,
2.64312,
0.862995,
4.0866,
1.09737,
4.31484,
4.66954,
8.1447,
1.46167,
5.40065,
1.2754,
3.88094,
4.77075,
0.0394592,
4.36899,
1.06512,
22.7002,
2.12774,
2.73474,
0.50632,
10.2001,
8.17618,
1.28843,
1.6414,
1.12528,
9.92556,
5.46279,
0.66344,
6.88886,
0.237853,
2.34615,
5.24742,
7.60604,
6.2106,
3.1791,
0.910355,
0.292429,
2.36769,
0.470426,
0.40999,
19.4074,
3.22096,
2.84212,
0.407555,
2.97718,
0.604784,
0.864976,
0.64161,
0.513011,
3.56618,
4.29156,
0.771258,
0.0740576,
5.85023,
11.4127,
6.38684,
1.17228,
3.09532,
22.5352,
19.1851,
0.472451,
3.16966,
2.05809,
0.0350368,
1.21691,
0.226435,
0.402298,
6.1826,
8.06783,
14.6885,
15.1069,
3.16988,
0.54319,
22.3591,
2.01204,
1.51061,
4.3256,
1.08137,
18.8392,
0.0951232,
2.05723,
1.7477,
1.00137,
0.557722,
2.09671,
1.16708,
0.603334,
0.090848,
1.00572,
1.10749,
1.00725,
11.0135,
1.19854,
0.130595,
1.55026,
14.3214,
16.4189,
0.307037,
0.744538,
7.12973,
0.429933,
6.59475,
2.33099,
3.14113,
0.959286,
6.79117,
2.19759,
3.36379,
0.975037,
0.348829,
0.78623,
1.60864,
1.02742,
2.49905,
7.61437,
0.0671488,
2.30515,
11.8215,
7.97187,
4.86969,
0.0466944,
1.2821,
10.5133,
6.73852,
19.9891,
8.20559,
2.79245,
5.84903,
1.02075,
0.994774,
0.962394,
0.0833568,
2.57643,
0.538835,
15.294,
4.64107,
1.50062,
1.05311,
0.199837,
0.391466,
3.05511,
2.00689,
0.429997,
10.7328,
17.1283,
0.202022,
10.0413,
0.545475,
1.94404,
7.07849,
1.1437,
0.768083,
1.12278,
3.79605,
0.575555,
3.45376,
0.503443,
0.701075,
0.0228096,
0.0692224,
2.76726,
4.13632,
1.56958,
6.37948,
5.01872,
1.41931,
1.48818,
4.21863,
1.00932,
16.0177,
6.56323,
2.6814,
3.78498,
1.69123,
7.87279,
0.524451,
9.39024,
1.0257,
0.362717,
1.82821,
2.44568,
1.47137,
4.90419,
0.367322,
1.84265,
0.252563,
1.25514,
1.87528,
0.0958976,
0.304576,
2.93036,
0.929843,
1.45775,
2.08414,
2.62405,
1.33338,
0.452346,
0.857094,
1.04599,
13.6159,
2.36956,
0.677235,
3.28138,
4.14422,
2.05281,
0.281536,
10.2503,
0.875578,
0.205203,
0.097872,
0.0524064,
4.22917,
8.48418,
1.50614,
2.55964,
3.21822,
1.37697,
0.86384,
0.582848,
2.42765,
3.76393,
1.6538,
0.467062,
7.11457,
8.82408,
0.871171,
1.01577,
1.92864,
0.347542,
4.24425,
2.44591,
0.678397,
4.24955,
7.42225,
1.39803,
2.48407,
0.516109,
1.04692,
2.46642,
0.0231744,
23.9554,
4.60286,
1.03231,
3.09589,
5.43733,
2.58541,
2.82393,
1.73462,
0.38568,
2.54827,
2.66784,
0.635555,
0.609683,
4.37083,
1.09652,
2.92795,
0.0465888,
1.279,
10.972,
6.32442,
1.61578,
1.01913,
0.927546,
2.01414,
0.987619,
7.02166,
2.19234,
4.74308,
2.62048,
5.32046,
3.58596,
0.185731,
3.90421,
0.235594,
0.373418,
0.536515,
0.940115,
3.93676,
3.08825,
1.69607,
0.747171,
0.590058,
0.88216,
1.8981,
0.792896,
0.157686,
4.52519,
2.30034,
2.04459,
3.37087,
0.661392,
0.123299,
0.6804,
0.866157,
0.624186,
4.499,
0.868301,
3.08324,
1.4328,
2.34825,
5.09948,
0.300362,
6.41624,
2.23243,
1.45475,
1.74429,
2.02906,
10.6892,
1.41376,
0.484592,
1.7629,
8.85558,
11.0939,
0.989357,
4.91052,
0.0607712,
2.79241,
0.0628544,
4.64894,
3.2338,
29.1896,
0.485424,
0.488522,
0.537165,
3.83099,
2.39948,
0.767267,
0.962077,
5.44356,
6.06,
11.0019,
3.78852,
3.09143,
0.865366,
0.517853,
0.380522,
1.23508,
0.923846,
2.41963,
0.935171,
5.40709,
2.64094,
0.639206,
2.3479,
14.5593,
11.2892,
0.619654,
3.86371,
4.69046,
1.85431,
4.69672,
0.91249,
1.06671,
2.16768,
4.21186,
4.30267,
0.0638944,
8.1523,
0.679235,
3.09955,
0.741267,
0.473802,
1.49746,
1.60225,
28.6248,
4.13357,
0.340518,
0.921936,
0.0990496,
0.382989,
1.11135,
4.72313,
17.5148,
2.04401,
14.3513,
11.6137,
3.81468,
1.95432,
3.61067,
6.64383,
15.3211,
3.79094,
1.6277,
1.20423,
0.605005,
1.13588,
0.248061,
2.17341,
1.09578,
0.310006,
0.214806,
2.39854,
1.8311,
1.57914,
1.22459,
2.62845,
3.60802,
4.55395,
1.23051,
0.16575,
2.93932,
0.281814,
1.60268,
0.177677,
7.64187,
1.00977,
0.876371,
21.7672,
1.59839,
1.42326,
1.49412,
2.81221,
0.982032,
0.308,
5.34567,
2.28338,
0.25231,
1.25104,
3.04241,
3.17682,
8.51716,
18.1531,
6.82416,
0.348237,
0.79449,
6.31079,
4.71693,
5.21775,
16.6335,
5.88646,
3.00386,
18.9847,
2.80676,
5.81425,
3.1304,
5.57212,
3.48228,
2.75645,
3.45644,
13.9854,
5.40195,
1.68192,
3.02405,
0.810093,
0.807101,
3.79253,
18.0165,
0.49777,
4.91568,
2.97283,
4.49903,
3.36012,
16.6032,
4.50971,
0.662528,
1.58764,
4.5939,
5.72383,
4.28481,
0.154102,
5.52517,
2.59959,
3.88623,
9.55904,
1.26303,
0.95047,
4.62519,
2.30448,
4.3055,
4.95253,
10.1676,
9.89595,
32.1152,
6.25859,
1.14063,
0.601427,
0.251005,
10.0286,
0.197594,
1.14655,
0.309216,
0.415098,
5.66557,
14.5912,
1.84144,
1.30929,
2.80547,
5.81172,
1.05378,
16.2506,
1.15114,
0.695933,
3.47538,
0.877178,
2.23732,
0.744573,
0.0209056,
4.7187,
0.677722,
0.859645,
1.72843,
0.0165696,
1.84028,
0.692816,
5.34548,
1.10314,
1.15544,
0.0822272,
0.559866,
2.23934,
2.09888,
3.10606,
0.25065,
1.1668,
5.96571,
0.568733,
0.124061,
1.96577,
9.83852,
6.88471,
7.4472,
0.290288,
3.92895,
0.398003,
5.13819,
0.126,
9.20727,
0.772509,
1.56061,
6.74964,
0.209802,
7.83995,
0.208669,
11.902,
4.49151,
5.04842,
2.35328,
0.67832,
2.30577,
0.546621,
3.64157,
1.64916,
0.140403,
0.623302,
5.35816,
0.400122,
0.571926,
3.29049,
21.0505,
0.81567,
7.11942,
1.32869,
1.52664,
2.39742,
1.30188,
4.77213,
3.44522,
0.929933,
0.466902,
0.963696,
1.5308,
4.164,
0.0544608,
7.13171,
1.15214,
0.264928,
3.51756,
0.810563,
13.0747,
0.233667,
0.582051,
0.161773,
1.26939,
11.4593,
0.165219,
0.775414,
14.4498,
15.8125,
5.45972,
2.41787,
2.16807,
4.97647,
16.4812,
0.320867,
0.7896,
0.300848,
0.016528,
1.74129,
8.3142,
1.47233,
3.52252,
0.498195,
1.86302,
1.4176,
0.285037,
2.05494,
0.294678,
1.80089,
3.22717,
1.52399,
0.39569,
3.07113,
0.553453,
0.368234,
5.18123,
8.2494,
2.49647,
5.31388,
3.4692,
1.49007,
2.65252,
4.23161,
3.74958,
0.545696,
0.405395,
0.123818,
1.393,
0.252534,
6.32268,
4.88054,
0.397741,
1.19079,
7.52456,
7.16468,
3.08481,
0.104544,
2.04683,
7.48213,
0.204518,
2.87094,
2.7916,
5.05072,
0.319341,
2.01707,
1.68843,
10.5918,
0.282464,
3.24178,
0.274106,
14.2658,
9.64592,
0.967562,
9.48056,
0.563552,
1.27037,
1.10952,
1.04277,
7.81756,
0.103955,
2.43647,
0.657402,
1.47931,
3.63892,
2.22935,
2.16551,
1.26734,
1.71427,
0.159446,
0.839398,
6.55547,
2.2695,
11.0721,
3.8373,
0.992477,
11.8503,
8.43308,
1.39559,
0.6112,
6.08237,
0.368131,
6.05173,
4.42215,
1.46716,
9.81621,
0.0242336,
4.13404,
1.90203,
0.572624,
1.35438,
0.0804512,
0.75585,
3.8616,
1.11953,
0.941181,
2.04803,
3.26838,
3.20158,
0.350531,
2.00519,
3.67425,
2.07858,
8.59961,
0.923392,
3.90273,
1.10041,
6.1688,
0.817798,
6.3738,
2.45938,
0.680944,
0.808397,
1.38767,
1.28528,
2.23858,
0.88048,
0.647949,
0.678723,
3.39788,
1.50383,
0.980262,
7.73565,
0.892432,
0.248704,
0.925562,
18.3584,
3.52966,
0.194042,
0.782368,
1.74305,
1.0437,
1.4288,
1.14342,
0.138944,
1.79217,
4.26899,
1.01042,
19.5326,
1.6952,
4.84573,
0.47799,
1.59774,
2.13272,
3.78774,
0.499587,
0.11392,
3.48502,
2.55778,
2.03704,
1.31338,
1.33895,
1.31447,
4.53082,
0.49663,
1.08329,
4.56486,
18.8262,
0.395843,
0.736477,
0.126842,
0.809229,
1.88127,
8.87617,
1.9112,
1.57012,
3.71175,
0.263699,
16.8621,
1.86943,
4.92876,
1.9688,
6.57667,
0.176851,
1.64264,
1.84102,
1.75666,
1.92757,
0.510672,
0.926694,
2.80598,
3.91833,
7.64087,
0.749923,
0.909578,
2.87308,
1.13854,
3.80861,
0.697683,
0.0802432,
2.9384,
1.12069,
0.345789,
4.70497,
0.739139,
6.99258,
2.16628,
6.50336,
4.34986,
4.59817,
4.82396,
3.34993,
0.130784,
2.76335,
3.84847,
4.12501,
1.25134,
3.3378,
0.236554,
1.66587,
0.951875,
0.860106,
1.12602,
1.97937,
3.50525,
1.11583,
10.5963,
3.61566,
0.475581,
3.05261,
1.1888,
12.036,
1.00476,
7.28865,
2.97603,
2.94557,
5.44704,
4.00491,
1.74719,
2.34732,
1.00896,
0.053664,
27.7102,
0.523632,
1.04057,
1.2062,
1.12311,
6.02181,
5.83133,
1.41843,
6.16229,
2.73778,
0.442643,
2.16231,
2.37288,
1.54344,
0.980035,
0.52247,
1.05233,
1.14326,
0.325933,
0.526525,
4.68681,
1.57597,
0.599274,
0.952,
2.33745,
0.83303,
1.1544,
2.51229,
3.78386,
0.698851,
0.326861,
5.01174,
19.4421,
0.0593856,
1.68489,
0.470234,
0.18024,
0.859955,
4.00518,
0.734342,
16.3828,
4.69414,
2.5389,
15.3494,
0.108624,
32.0681,
0.575872,
13.4418,
1.75294,
16.4225,
0.643328,
0.351248,
1.62292,
0.930106,
0.761837,
1.48222,
1.15402,
0.736803,
1.34269,
11.0571,
6.57717,
1.32625,
0.663872,
1.71211,
1.7736,
1.11831,
0.825184,
0.0877152,
1.73242,
6.16139,
2.47496,
1.59393,
1.23734,
1.94067,
0.660842,
4.61207,
0.283085,
2.8286,
0.644093,
1.90877,
1.4391,
7.44042,
0.0416864,
0.778278,
5.19416,
2.08887,
1.88846,
7.50108,
1.09532,
0.55568,
3.53788,
1.66682,
0.18081,
3.59328,
0.77185,
7.1878,
2.95252,
5.38871,
0.5028,
0.237693,
1.43564,
1.78452,
2.95337,
8.33374,
0.683197,
0.07928,
2.3288,
5.99398,
0.761987,
5.01865,
2.79999,
0.59217,
0.908058,
0.437523,
1.45876,
3.6049,
3.88108,
2.71111,
1.89628,
4.23211,
5.77674,
1.04112,
1.12616,
9.0857,
4.429,
5.73544,
0.801286,
1.92523,
13.9032,
6.4086,
1.16241,
1.13851,
1.51296,
0.508989,
1.30868,
0.856698,
1.82459,
1.13845,
2.19267,
1.86884,
0.101238,
0.293936,
1.12554,
3.15793,
1.1629,
2.92364,
14.1899,
21.7549,
0.052864,
4.81751,
0.0216768,
1.96227,
0.200682,
3.12174,
0.0419328,
1.29228,
0.328669,
6.72318,
19.6533,
9.39434,
0.475296,
0.960534,
14.9085,
23.1257,
4.27494,
20.1145,
1.82846,
4.62076,
0.395104,
1.23563,
1.38831,
17.4337,
2.70858,
8.97591,
20.6503,
1.40912,
0.327149,
1.35652,
1.87458,
22.2088,
0.173414,
0.113421,
2.75956,
6.54485,
3.6606,
2.12973,
1.20051,
0.0194208,
1.80336,
0.721622,
0.552429,
17.581,
0.853232,
2.71643,
0.952358,
2.58554,
19.3713,
4.59944,
15.4016,
1.96318,
2.86005,
2.2129,
0.11927,
0.100688,
7.47547,
0.50689,
6.18465,
4.88435,
0.29527,
1.89731,
0.722422,
0.996486,
3.37878,
2.41734,
3.09916,
4.72409,
2.78885,
0.764483,
0.084256,
0.159907,
2.40557,
2.34173,
1.98423,
2.57327,
2.93634,
7.77878,
3.88882,
6.23763,
1.15297,
4.63231,
1.43513,
1.0067,
6.28305,
0.769501,
3.86317,
2.42117,
0.413517,
4.5091,
1.18898,
8.84525,
2.48041,
1.66315,
2.38727,
0.0855168,
0.053584,
1.61137,
7.59014,
10.6878,
20.1658,
3.8033,
4.38944,
4.119,
1.0265,
2.12801,
1.64516,
0.834342,
1.24075,
2.48032,
17.2911,
0.17511,
0.112422,
5.71556,
1.90055,
1.56741,
17.6064,
1.36531,
3.19904,
1.33462,
4.11219,
1.2886,
7.59882,
0.731328,
0.295043,
0.924912,
0.494723,
0.734797,
4.64698,
2.84024,
3.47489,
4.11498,
6.3145,
5.42777,
0.176061,
0.453155,
3.3661,
4.75535,
0.167946,
7.47918,
3.44078,
1.5808,
1.39534,
0.0532288,
4.3265,
2.25155,
2.26032,
0.411245,
1.20353,
6.29344,
4.59541,
0.343133,
0.456941,
2.25978,
2.60167,
3.13113,
0.609331,
4.98702,
1.36444,
1.06109,
9.55135,
6.49614,
1.03177,
0.986832,
5.94914,
0.138605,
0.399814,
0.0619968,
0.0497376,
5.65545,
0.341693,
2.52062,
1.36386,
2.79172,
6.42328,
0.461917,
1.37269,
3.45229,
3.85976,
6.24429,
0.680672,
0.269782,
12.6914,
4.62372,
11.85,
4.38352,
10.1665,
2.57559,
5.51093,
0.499715,
3.97705,
3.37435,
1.1826,
0.458765,
1.13131,
0.54817,
4.56767,
5.80881,
0.584512,
7.37094,
2.27279,
1.30175,
2.61283,
6.57252,
1.54347,
7.06484,
12.0433,
0.911107,
0.0492288,
1.3608,
1.39921,
1.09523,
5.67844,
1.61128,
8.46226,
15.9484,
0.789008,
4.76589,
0.649386,
1.09223,
10.8931,
20.7205,
0.225136,
13.1417,
5.71337,
2.18592,
0.939011,
6.8443,
2.38393,
0.314246,
3.31132,
0.263171,
0.663834,
8.34971,
0.516909,
1.93795,
1.48393,
0.405466,
1.19931,
2.15698,
2.83782,
2.89124,
5.6332,
1.95124,
9.53585,
1.35764,
1.53649,
0.232634,
0.977542,
4.47559,
1.89918,
2.47132,
0.0253216,
4.02434,
1.98349,
10.0178,
1.63213,
1.41345,
0.794595,
0.335062,
0.616224,
5.01778,
0.587309,
0.840934,
1.27758,
5.60742,
1.18983,
0.520458,
2.08068,
0.148925,
0.268694,
0.85103,
1.07282,
1.30418,
2.01171,
0.215632,
1.3964,
21.886,
1.24848,
4.05168,
4.35636,
1.12996,
2.77125,
3.3631,
0.708826,
1.15042,
0.816365,
5.39757,
1.70955,
2.575,
0.718278,
0.740035,
1.26466,
2.97352,
1.03462,
4.65544,
1.60691,
0.546448,
20.1506,
1.4309,
0.0722336,
16.6134,
0.742403,
3.89487,
2.86818,
2.35244,
17.8525,
0.279658,
1.20195,
2.07816,
2.26713,
8.43476,
0.829766,
5.88031,
0.939392,
2.20696,
1.50776,
0.554822,
0.993242,
0.266086,
1.45829,
0.100522,
1.79229,
0.135354,
1.56408,
7.59538,
3.31852,
2.76663,
1.98904,
2.06377,
0.516698,
5.08074,
2.95292,
6.95833,
3.1397,
1.65953,
0.986573,
18.2268,
3.04166,
2.89406,
0.62079,
2.46845,
0.509763,
1.39209,
7.98046,
2.75022,
1.66238,
0.574586,
4.58071,
0.618771,
19.838,
2.02263,
0.0440576,
0.0556608,
3.33139,
4.73577,
9.33551,
1.79633,
0.790189,
2.55169,
6.51073,
1.30346,
1.72182,
1.14689,
0.38031,
18.8535,
0.724771,
1.0724,
2.92364,
2.56306,
1.64805,
7.30493,
1.83996,
7.60535,
4.74948,
0.718448,
0.761245,
0.761709,
0.61431,
29.2631,
0.585405,
0.764608,
0.830688,
0.549082,
3.00934,
0.38047,
0.654742,
9.69124,
0.881651,
0.0682688,
3.84543,
0.11496,
2.33153,
2.15678,
0.299107,
0.796566,
0.399443,
4.60066,
0.416406,
7.53453,
1.84785,
0.540541,
4.43321,
0.0471232,
0.707552,
2.53276,
0.0453056,
0.123952,
1.74293,
1.08152,
0.691677,
1.43066,
2.35974,
1.29836,
0.808704,
4.09432,
0.246688,
1.24438,
9.61124,
0.774634,
1.50453,
0.731552,
1.30796,
1.2969,
2.07176,
2.13407,
7.58187,
1.43702,
0.951661,
0.874675,
1.18019,
2.00262,
13.559,
5.13986,
20.3312,
23.3873,
10.5838,
2.34033,
6.24655,
0.386131,
10.1114,
7.49939,
1.48464,
7.46995,
0.504694,
4.43564,
1.61706,
2.75231,
2.61068,
1.68867,
0.950544,
0.754682,
0.123158,
31.2714,
18.4969,
1.22644,
3.73327,
2.75384,
1.84431,
4.80448,
1.35102,
5.46646,
7.89106,
0.394122,
1.81143,
0.607635,
3.14785,
1.96018,
0.159629,
1.29368,
0.375712,
1.02089,
2.42573,
1.75985,
0.114054,
2.48557,
1.50797,
10.8024,
5.19047,
0.434739,
2.72974,
0.054208,
1.83924,
5.74211,
2.57961,
3.91942,
0.0828448,
2.44505,
0.7712,
19.65,
1.86094,
0.555206,
2.03914,
2.40955,
7.81087,
0.705946,
0.707328,
2.03287,
0.449923,
1.27575,
8.4486,
0.639574,
1.75458,
2.32542,
2.63012,
6.6118,
0.884608,
2.19413,
2.60152,
1.18048,
4.16286,
0.707757,
6.5204,
0.753882,
0.616701,
0.80577,
3.35021,
1.02497,
5.92285,
2.14821,
2.25637,
1.45015,
3.97399,
21.4529,
3.4344,
1.01268,
2.82675,
1.74471,
0.492864,
17.9609,
10.5441,
0.049872,
24.3937,
0.142512,
0.948544,
0.555453,
1.14786,
2.15274,
2.65002,
2.05942,
0.722022,
0.183789,
0.381952,
2.89733,
0.558746,
4.2767,
4.65045,
0.126333,
10.562,
1.59974,
6.04677,
3.07126,
8.65091,
2.79114,
0.67751,
0.749098,
13.9388,
2.21621,
4.79552,
5.4825,
0.998874,
0.904323,
4.06137,
2.57284,
2.85945,
0.0446496,
2.52119,
1.31373,
7.0641,
0.322938,
8.43829,
10.8006,
1.48618,
0.335459,
1.25321,
4.14693,
0.297149,
9.71743,
2.16703,
3.48731,
0.756432,
8.62937,
6.21422,
3.21454,
1.55755,
1.60424,
0.82377,
9.93516,
19.5357,
5.36623,
0.833075,
1.43569,
3.8924,
1.13347,
0.518397,
3.49665,
4.01243,
0.379334,
5.72442,
3.61206,
2.69668,
2.06904,
0.958586,
0.0735296,
3.72924,
2.26045,
5.00496,
0.412077,
0.0171072,
2.24009,
1.10058,
3.88827,
2.06091,
0.463507,
0.732659,
0.42319,
2.61387,
0.0468992,
0.929434,
0.586406,
5.56698,
3.98895,
0.12928,
2.41764,
4.83933,
0.729152,
10.3386,
2.23316,
1.06842,
2.10043,
1.72444,
2.99478,
1.98904,
0.675302,
1.28131,
0.837738,
2.68396,
0.550925,
13.6137,
0.264477,
2.37813,
5.33443,
2.87924,
0.217386,
0.729971,
0.959792,
2.04122,
0.681216,
1.97768,
2.55975,
0.609603,
1.17288,
0.690778,
16.9698,
0.357373,
1.66851,
2.18451,
0.903466,
1.15937,
2.59853,
0.912246,
1.44373,
2.2262,
2.66547,
0.0172352,
1.59414,
0.793568,
0.185914,
10.4694,
5.20621,
0.49384,
1.73421,
1.0378,
1.88997,
3.13725,
0.587898,
21.4973,
2.714,
1.81211,
5.07947,
0.646448,
3.26168,
2.726,
0.974128,
0.714947,
2.77392,
4.26839,
3.57375,
0.64544,
0.349562,
0.0477472,
4.40994,
0.384682,
1.92877,
2.12086,
1.56684,
0.603613,
0.791875,
0.0235648,
1.28782,
2.34359,
2.90405,
6.36791,
0.887219,
17.6167,
0.897405,
0.0271424,
4.85678,
0.253059,
3.14946,
0.44537,
2.98422,
2.94869,
2.82413,
5.75528,
0.572963,
0.950384,
0.0887392,
3.65039,
0.0451584,
0.678307,
1.18633,
0.191424,
4.18727,
2.979,
6.59528,
0.330106,
3.38182,
0.53528,
1.99168,
3.65076,
0.77935,
12.0287,
5.27993,
0.117658,
1.30867,
6.12102,
14.3697,
6.05546,
1.21029,
1.54011,
3.79471,
0.375213,
0.577011,
1.2546,
1.48262,
0.297686,
8.81389,
0.0624,
4.57589,
2.94939,
18.5063,
1.00274,
3.35836,
1.00976,
1.79555,
0.93263,
1.5468,
12.2123,
1.70321,
17.6058,
0.863037,
0.54577,
4.02781,
0.04968,
0.776429,
4.2782,
1.01239,
0.293046,
2.60016,
1.44539,
0.0843104,
1.73831,
1.16056,
0.975254,
2.59416,
1.92233,
1.97813,
0.167869,
2.44119,
0.0226976,
1.02383,
0.710544,
3.30882,
1.13568,
3.04873,
0.731654,
0.87745,
1.50719,
1.69212,
0.308819,
5.91218,
5.78235,
0.283443,
0.34255,
1.20679,
2.33657,
1.57486,
1.25373,
0.812259,
0.078592,
3.54962,
9.88868,
6.0723,
0.0747168,
1.61868,
12.7048,
0.882714,
1.04797,
0.0620224,
1.14978,
2.3313,
0.346518,
0.142128,
3.0926,
0.170931,
0.0862912,
0.783846,
0.585069,
3.82005,
0.56296,
12.2413,
1.93147,
2.98743,
3.48639,
0.52423,
9.80441,
1.0791,
1.52431,
2.62528,
6.7976,
9.34314,
1.40945,
6.16351,
1.67592,
0.148067,
3.16278,
5.90318,
0.802259,
4.86822,
2.14971,
0.946294,
1.01993,
1.81845,
0.194659,
1.02234,
1.08909,
3.51395,
5.0692,
1.41621,
0.0385216,
0.453334,
1.30127,
1.04588,
0.426442,
3.05635,
3.31195,
2.33631,
0.0540864,
21.5852,
1.24836,
0.759741,
5.7882,
3.72788,
1.11413,
7.97383,
0.275626,
1.38017,
5.27124,
3.69945,
18.2614,
0.798989,
1.62773,
1.77488,
2.58714,
0.836125,
0.451997,
0.0207072,
1.6413,
1.53661,
3.54918,
9.2178,
1.11826,
13.6366,
0.238938,
0.902362,
0.899837,
3.44526,
0.801379,
17.5823,
1.73173,
1.65188,
1.31635,
1.8553,
2.04056,
7.50745,
1.22177,
9.8581,
1.53369,
1.14591,
1.13218,
2.60044,
1.21636,
0.891123,
3.00218,
0.76607,
4.93567,
2.65377,
1.45718,
1.37868,
12.5461,
1.62664,
1.29498,
3.23414,
0.552323,
2.50464,
3.24446,
1.10618,
3.8363,
4.99734,
0.072112,
0.291162,
3.67187,
1.08976,
0.377866,
12.3092,
1.82905,
5.92229,
1.57982,
19.7423,
7.43643,
0.0581856,
2.49769,
2.74822,
15.8501,
0.801517,
1.32429,
5.69707,
0.525251,
3.83757,
0.706445,
1.84666,
0.0440832,
11.253,
8.99555,
3.80965,
0.662038,
14.4546,
2.36292,
0.745811,
1.2574,
11.0517,
1.72329,
2.35274,
2.69391,
0.220774,
1.91436,
4.0527,
0.649834,
5.25458,
1.53434,
0.412995,
0.573322,
0.612326,
0.347779,
3.26949,
1.33559,
0.754918,
0.294202,
4.54783,
5.15198,
0.613085,
4.54179,
13.9859,
4.71538,
6.43958,
2.97845,
3.9049,
0.637686,
0.98647,
3.97516,
7.05576,
5.73925,
15.2641,
1.02025,
1.8128,
1.61101,
8.06268,
2.85075,
4.06729,
1.83276,
3.97226,
1.73809,
0.642586,
0.791357,
0.735798,
0.0704384,
4.34307,
2.10565,
0.198694,
7.63477,
3.42892,
0.571859,
0.603878,
2.86044,
3.86858,
0.344906,
1.55856,
0.91112,
2.79328,
0.762448,
3.70147,
1.65241,
5.16051,
0.26112,
1.54275,
2.6067,
1.95297,
0.567082,
13.3886,
0.031456,
0.049088,
11.0468,
8.03949,
14.5098,
1.63361,
0.651363,
0.534275,
3.01956,
1.00207,
2.9726,
2.04504,
2.66148,
2.00525,
1.45605,
0.608282,
10.8489,
0.211891,
2.51134,
3.78263,
0.980403,
1.2918,
1.31737,
3.84483,
7.50639,
1.39433,
0.779677,
0.659056,
17.0726,
2.59822,
2.16671,
13.6332,
0.213395,
2.07759,
4.61684,
0.475715,
2.45492,
1.16004,
3.38448,
1.67753,
1.16992,
11.9778,
0.599293,
22.9641,
1.12787,
1.56847,
26.7722,
0.177075,
11.9974,
9.43729,
7.00951,
2.16132,
30.9219,
2.52544,
4.20304,
28.3261,
4.76568,
4.01212,
3.41497,
0.747933,
1.16532,
0.613894,
0.570355,
0.239629,
0.524538,
1.08724,
14.0879,
2.94723,
0.383469,
9.15101,
1.6278,
0.734134,
1.33539,
2.57394,
2.0162,
1.83396,
0.176566,
0.0850976,
0.166413,
4.69224,
5.29562,
0.749888,
1.42979,
0.0604352,
1.58962,
0.524605,
4.59772,
2.91863,
10.236,
15.4365,
16.3609,
6.81625,
8.04351,
3.51591,
0.074784,
0.850678,
0.812362,
5.00573,
12.7094,
2.89837,
6.36775,
8.99774,
0.540544,
0.159824,
1.1229,
2.34897,
4.809,
5.07312,
2.94629,
0.524499,
0.287059,
2.21102,
4.34388,
2.62659,
2.57266,
0.215373,
0.592547,
0.468154,
2.13112,
4.31052,
0.710822,
4.7134,
4.27072,
4.53007,
4.61057,
0.249766,
4.52568,
4.44039,
4.81636,
0.38097,
5.17425,
0.0369888,
1.85474,
0.432451,
0.17977,
5.26162,
0.275699,
0.656477,
1.20219,
1.52653,
8.88521,
2.70716,
1.01549,
0.0515616,
5.52304,
2.74367,
11.7163,
0.78753,
5.41033,
1.56914,
0.430125,
0.728989,
2.11972,
2.01698,
3.04318,
0.0833568,
1.58665,
0.850576,
13.3237,
1.0334,
0.515837,
2.52214,
0.776864,
9.55147,
4.48727,
1.0671,
1.95871,
1.44537,
2.15596,
0.614675,
11.8081,
2.61005,
2.15683,
0.888253,
3.10854,
3.07656,
0.67864,
22.2967,
1.45038,
22.2934,
0.0360896,
2.48125,
2.05965,
1.30065,
0.0719136,
4.61119,
0.591264,
2.14108,
12.1515,
1.4778,
1.21533,
2.91495,
0.310477,
4.29011,
0.485939,
3.4184,
5.77587,
4.62677,
1.07825,
9.63587,
5.21543,
0.837338,
1.63152,
0.808816,
4.46541,
6.19424,
2.80647,
2.24769,
0.0908832,
2.39129,
2.27372,
5.48578,
0.878947,
3.86407,
2.60837,
2.98497,
0.769962,
14.3807,
7.1694,
0.497392,
0.07792,
0.441466,
2.53442,
2.06031,
1.27312,
0.175674,
18.3325,
0.666067,
1.62997,
3.01412,
1.21803,
3.20961,
0.915974,
0.285395,
1.48192,
2.84151,
1.34094,
1.02717,
1.66684,
0.350282,
4.41365,
1.99692,
3.14383,
0.949021,
1.48043,
5.3574,
1.14139,
2.23694,
0.388963,
1.44319,
5.0954,
1.18216,
2.37662,
8.57376,
2.76076,
13.6775,
5.43754,
7.06802,
2.15391,
0.128685,
7.92284,
4.04014,
8.92971,
2.03793,
14.627,
10.0561,
1.54659,
0.744458,
2.43409,
1.5207,
11.5924,
0.856995,
0.748029,
2.6314,
0.659398,
3.02369,
1.68644,
0.47111,
1.45874,
2.39575,
2.93479,
1.96205,
0.994163,
17.9244,
27.197,
0.110403,
1.12262,
3.24155,
0.94705,
0.249616,
0.812134,
2.36898,
0.0948352,
1.59553,
5.8932,
0.944349,
2.10186,
1.73853,
0.937293,
2.27578,
0.237133,
0.0191424,
1.62083,
3.34634,
0.961149,
3.58691,
1.62224,
0.38856,
4.72558,
0.213526,
2.33552,
2.5821,
4.19875,
0.769382,
1.03558,
0.530467,
11.0586,
0.465315,
0.547373,
0.0999776,
7.93932,
5.9747,
13.8587,
12.5965,
10.0438,
0.954112,
0.935645,
0.0641952,
0.456906,
19.8102,
0.445533,
0.657469,
0.396755,
18.9804,
1.32998,
0.81536,
0.0670656,
2.32429,
7.74349,
4.62074,
1.55293,
0.907997,
1.81696,
5.32606,
1.05258,
6.11286,
0.368896,
2.68574,
2.03957,
4.43547,
0.162758,
0.25753,
0.900634,
7.2544,
0.746883,
0.207987,
3.18297,
1.32461,
1.80058,
0.870038,
1.73403,
18.0492,
2.86955,
0.186538,
3.63729,
1.44305,
1.28486,
2.26816,
4.5947,
9.08236,
0.866874,
0.357155,
2.89242,
6.49308,
2.46163,
3.16675,
3.06252,
4.71922,
0.700842,
1.19419,
0.568768,
1.27637,
0.811856,
0.311523,
3.19714,
8.29818,
0.0768096,
0.219331,
0.863709,
7.89479,
0.577469,
0.0802688,
0.596064,
3.21774,
0.708006,
9.98752,
2.60446,
3.51852,
2.65744,
0.445098,
2.76043,
17.5501,
1.19797,
0.145373,
0.0380128,
2.8349,
2.34399,
2.8367,
1.32148,
3.95549,
2.63548,
0.475798,
6.22836,
0.396288,
1.78495,
2.23694,
0.0879712,
0.675376,
10.749,
0.628077,
0.310192,
3.30912,
1.79645,
6.28674,
2.23963,
1.11778,
4.45544,
3.3102,
4.42348,
1.02307,
0.628198,
14.7498,
0.118886,
4.0306,
0.216506,
1.2982,
0.995955,
0.71801,
0.864544,
2.69208,
1.57674,
0.401987,
1.7602,
2.7543,
3.44611,
1.26141,
0.729997,
2.16094,
2.17383,
5.19413,
4.91181,
0.81151,
2.90337,
3.31985,
0.152256,
2.843,
4.66485,
0.305824,
7.03749,
1.12549,
0.708419,
0.637962,
0.755654,
1.28949,
6.78061,
2.02809,
15.0866,
4.93876,
0.43783,
2.50413,
0.720438,
2.48073,
0.285443,
2.73208,
3.91345,
6.20375,
0.290429,
6.61936,
3.42388,
1.53759,
2.58654,
17.081,
0.299462,
1.19171,
0.374717,
40.7425,
0.635456,
6.48413,
7.36012,
2.25889,
5.08093,
1.49131,
3.57846,
2.56336,
1.42537,
19.3657,
0.8084,
9.89492,
2.13173,
0.0313344,
2.6575,
3.17544,
9.21468,
0.734573,
1.35689,
10.7334,
1.64648,
10.6093,
0.0189216,
0.912198,
11.0172,
0.793466,
0.0682208,
4.25446,
4.3166,
0.387437,
1.72913,
5.93332,
4.75986,
9.44978,
8.30273,
2.43695,
4.15483,
0.999981,
2.85563,
0.809011,
1.73111,
1.35936,
3.55258,
4.10806,
3.41381,
1.16309,
8.00275,
3.67177,
1.99547,
3.54951,
4.4989,
2.02242,
8.49425,
1.03172,
2.35888,
6.10173,
1.24709,
1.41082,
3.90835,
1.54576,
0.361834,
0.628874,
5.85005,
0.123664,
0.0607936,
0.948576,
2.74146,
6.01066,
4.37852,
21.5305,
3.57752,
1.32161,
0.352406,
3.40843,
2.5253,
1.43104,
0.946877,
1.13003,
1.14526,
10.6791,
12.1874,
0.0616736,
1.0459,
1.40532,
0.337229,
0.310435,
1.35223,
3.46604,
0.0449632,
1.85445,
23.1504,
0.428704,
0.300202,
0.654774,
5.66022,
0.984771,
5.14644,
0.945645,
5.14658,
0.318896,
17.3528,
2.41546,
5.80202,
7.83946,
2.03864,
3.25749,
4.29048,
1.75724,
1.53412,
11.6845,
1.94764,
3.51793,
1.01415,
0.665683,
0.87929,
1.93455,
6.96549,
1.12157,
2.50159,
6.04393,
2.55077,
2.59095,
0.366608,
3.707,
0.71393,
0.932906,
3.40459,
23.4404,
1.4226,
0.719821,
12.4852,
3.07357,
3.11431,
3.74835,
6.97932,
2.80303,
0.361091,
0.779894,
3.4317,
4.91506,
0.728931,
8.26416,
0.26679,
0.0795488,
0.549146,
0.787312,
1.09857,
2.78564,
0.868387,
3.30642,
4.03734,
10.5874,
1.93601,
0.756522,
1.27085,
0.750477,
3.37643,
15.131,
1.05002,
7.82221,
1.27742,
1.63348,
0.149795,
12.0868,
0.634726,
3.91144,
15.875,
0.0278848,
1.33364,
2.7088,
18.3681,
3.71188,
15.9337,
1.07204,
0.469971,
1.01486,
1.84782,
1.30907,
1.17023,
5.44995,
7.41263,
1.55453,
5.81445,
0.162013,
1.05169,
3.31024,
1.32817,
5.23548,
0.326701,
5.34926,
0.327875,
0.591293,
9.78796,
2.49987,
0.0222848,
4.43206,
0.249488,
8.95619,
0.693984,
0.475482,
0.45903,
2.26299,
22.0483,
1.15026,
2.22869,
0.770099,
1.18444,
0.0902272,
1.15391,
26.9893,
6.07107,
1.14604,
0.236368,
2.68243,
7.07408,
2.7093,
9.691,
0.997453,
7.925,
5.31051,
1.02562,
2.21036,
12.7391,
1.48107,
1.82896,
1.43956,
1.72074,
1.20689,
1.54156,
2.00177,
0.831075,
3.17063,
2.36334,
4.56533,
1.81346,
12.97,
0.88841,
0.719654,
1.08729,
0.0814784,
0.0916128,
0.511597,
8.19816,
1.64326,
2.1276,
0.881494,
3.32117,
0.866733,
0.25649,
0.317507,
16.3712,
3.38807,
0.088784,
6.33233,
0.511658,
5.23641,
16.2191,
2.88215,
0.0743424,
22.1912,
3.76594,
1.24933,
1.29039,
2.84227,
0.125453,
16.5186,
1.36589,
3.61838,
2.9794,
0.354758,
0.910499,
0.879834,
0.921216,
0.998093,
3.60348,
0.57399,
19.7326,
1.57437,
26.5634,
0.842342,
1.74407,
7.59802,
0.939702,
0.928179,
1.65657,
0.0580736,
14.2352,
1.76622,
1.38508,
2.83499,
10.4501,
2.95308,
6.24803,
0.886624,
3.10101,
7.25696,
1.34842,
5.32633,
2.18546,
0.804221,
0.382928,
1.85938,
0.469738,
0.0407776,
3.51209,
11.9903,
3.13055,
1.77125,
6.33666,
0.604752,
2.98874,
0.558931,
1.43574,
1.94482,
4.56557,
21.6966,
1.02735,
1.15725,
14.7933,
1.51314,
0.892509,
1.46447,
1.53419,
1.68724,
0.507123,
0.459066,
7.52588,
1.15318,
3.28774,
4.51762,
1.62953,
1.50613,
1.66401,
0.391293,
1.65023,
6.02513,
1.79576,
0.48864,
3.02081,
7.05198,
0.820947,
0.94417,
0.737021,
4.26573,
1.67702,
0.287568,
2.60589,
1.15119,
1.73948,
9.07169,
5.02019,
0.102038,
0.932918,
6.46515,
1.92706,
0.652832,
5.40529,
4.44424,
4.12305,
2.17428,
1.94551,
0.029008,
0.29009,
0.757456,
1.36093,
0.302832,
0.916211,
1.47871,
1.3044,
0.383744,
9.64232,
2.54985,
0.788042,
2.43176,
4.65837,
0.677677,
2.66842,
0.426218,
1.43196,
0.940826,
1.81641,
1.58316,
8.2176,
17.2603,
0.18791,
0.20096,
2.53605,
3.43388,
8.87163,
3.38148,
9.71341,
0.113914,
1.49647,
3.11353,
0.96033,
0.333091,
1.49574,
9.9213,
1.70254,
2.07743,
0.70552,
1.58196,
0.135056,
1.49324,
2.56212,
3.83765,
2.41098,
1.10318,
7.50628,
0.541942,
4.04813,
7.03322,
14.5887,
7.73872,
14.4083,
0.39576,
0.876374,
1.08587,
1.60366,
6.23884,
1.66469,
7.87311,
1.03945,
3.70921,
2.60304,
0.0481408,
7.27522,
9.15319,
3.3347,
5.97041,
10.8574,
1.6751,
4.33036,
0.285699,
1.57819,
19.5228,
1.07823,
3.33138,
0.854765,
2.79895,
1.46002,
5.28493,
5.82053,
18.0325,
3.53487,
0.516157,
2.91337,
4.29844,
0.783283,
0.097968,
5.20273,
0.511693,
0.78081,
6.15947,
0.756515,
0.423504,
0.169632,
5.51198,
0.857808,
0.430291,
15.3715,
0.245846,
2.02148,
1.00808,
5.70941,
3.53055,
1.19258,
2.85867,
1.83161,
0.701261,
0.335379,
0.497693,
1.87964,
3.4722,
3.58431,
0.317075,
1.50999,
0.0627104,
0.14327,
11.4688,
12.5546,
0.382438,
0.834378,
14.9018,
7.32204,
0.733325,
14.859,
4.80732,
0.0474784,
1.49731,
1.53859,
1.52412,
0.0625856,
0.850838,
1.21868,
0.337075,
0.235386,
0.486528,
2.27198,
1.00917,
3.11243,
0.489066,
0.240093,
1.88367,
1.17321,
4.6712,
2.74157,
2.22474,
0.868352,
0.194221,
7.14481,
0.386195,
0.84705,
1.98585,
12.7444,
0.550339,
2.14527,
2.5533,
1.2228,
0.186154,
9.11685,
11.6707,
0.516387,
0.923149,
2.61751,
2.61393,
0.69047,
4.85756,
0.732627,
0.83815,
1.2442,
2.08035,
2.15504,
2.56401,
2.10022,
0.295312,
1.3448,
7.28616,
0.882134,
2.93618,
0.782202,
20.8796,
3.18897,
0.587987,
6.76081,
14.2194,
7.6657,
1.01053,
0.481488,
4.41073,
8.49897,
6.81724,
2.0694,
0.110749,
4.50584,
0.249478,
4.08185,
0.90079,
1.57135,
0.634208,
0.123398,
1.76048,
0.566624,
3.399,
5.81187,
3.20981,
0.379814,
2.53662,
0.961997,
1.61563,
9.82817,
2.65053,
7.45745,
7.33384,
3.4644,
0.619846,
0.48921,
0.0683104,
0.606109,
2.26984,
1.26675,
3.20036,
0.526608,
2.57231,
6.7024,
12.2167,
1.28105,
0.0873312,
16.7839,
1.01333,
8.40265,
0.812214,
0.928685,
2.12374,
0.61113,
1.25069,
9.06815,
4.73225,
0.745203,
0.585242,
0.107312,
1.64209,
3.67203,
1.05075,
4.48504,
4.54546,
3.72833,
8.97911,
1.92487,
3.40628,
2.70163,
0.0471392,
5.6164,
4.18527,
4.30215,
2.22618,
0.138646,
2.02715,
0.217386,
0.0382496,
4.09524,
4.41087,
4.14041,
0.192314,
7.87573,
0.0378752,
1.57421,
0.504909,
5.91023,
1.20824,
0.0461248,
0.048,
2.97543,
1.27267,
1.47948,
3.04981,
3.27932,
0.0238112,
1.2625,
1.87406,
1.77021,
0.785274,
2.48213,
1.64716,
2.05494,
1.11525,
1.69714,
1.07368,
1.13619,
0.260669,
0.0564384,
0.342214,
7.07934,
0.0746112,
4.57484,
1.36399,
2.60749,
0.567101,
1.2646,
0.44352,
0.314464,
1.23825,
0.605034,
4.27993,
4.11532,
0.28104,
0.34327,
0.636896,
1.53062,
4.25435,
0.0618944,
3.0258,
2.34704,
3.22704,
7.64001,
0.540211,
0.0711328,
0.962733,
2.81451,
2.12118,
0.353411,
4.10315,
4.49255,
1.00644,
1.7566,
5.96792,
0.305869,
1.09975,
0.322854,
1.1887,
0.470566,
0.230598,
2.29372,
0.680979,
0.470755,
2.55576,
3.68821,
1.9352,
0.415696,
3.42774,
16.1749,
0.784038,
1.24355,
12.24,
22.6482,
0.283619,
3.18316,
0.71856,
0.80328,
2.8326,
0.913856,
5.24692,
4.00028,
0.25943,
2.11156,
0.244691,
7.2444,
0.99921,
2.76524,
0.8784,
1.70847,
1.26877,
11.6896,
0.994112,
1.27327,
4.69898,
0.253274,
0.973693,
4.45195,
0.638042,
2.1236,
0.798374,
0.68569,
1.7763,
8.95961,
1.56068,
1.39166,
8.17451,
0.134048,
0.881168,
2.40795,
2.08764,
3.51585,
4.4384,
1.69551,
17.252,
2.1566,
1.47437,
1.35616,
5.1142,
1.86609,
6.63759,
0.439827,
0.782774,
5.42361,
1.07411,
2.34427,
1.30154,
1.46619,
16.2145,
0.41345,
0.775507,
2.69192,
1.5182,
0.667142,
2.4294,
3.23097,
1.9722,
2.77066,
3.20462,
2.16438,
0.681587,
0.726086,
1.27185,
10.0033,
1.21781,
3.23902,
0.376714,
9.1084,
0.0657344,
0.214547,
0.124368,
0.414038,
1.77256,
9.52782,
0.30289,
0.875046,
5.73335,
0.773405,
22.6459,
0.310352,
3.74352,
0.910787,
0.753622,
0.40753,
1.0546,
2.19179,
5.11479,
12.3148,
0.257562,
2.49098,
10.92,
1.91978,
2.51048,
1.4533,
1.25592,
2.39056,
1.20438,
0.0915264,
0.788816,
1.99852,
1.10849,
0.098688,
1.73885,
6.87644,
16.0023,
5.47528,
1.06286,
19.3003,
5.09276,
0.549408,
1.48474,
10.3214,
0.11289,
4.94765,
4.21063,
0.733475,
0.194611,
2.16043,
3.68999,
2.55926,
0.625846,
0.911651,
0.744605,
5.12026,
21.8918,
0.157779,
0.759078,
7.63831,
18.6428,
3.55884,
0.674957,
0.209658,
5.11985,
0.912989,
1.69791,
0.820557,
0.517882,
7.67569,
1.07963,
2.74456,
0.872243,
2.2413,
2.02129,
1.3002,
7.99598,
1.62204,
0.790349,
0.87216,
0.310275,
1.06035,
0.0999616,
0.564221,
3.16707,
0.397725,
1.72674,
2.91271,
2.48771,
1.83554,
7.27925,
19.6826,
1.3258,
2.89696,
0.245462,
2.43297,
12.1569,
2.10871,
13.5782,
5.34397,
1.52331,
6.45128,
2.44478,
5.0088,
0.489914,
2.85657,
0.400067,
0.573869,
1.57596,
0.178819,
0.211997,
0.396288,
2.06533,
0.296026,
7.04849,
0.804512,
0.51193,
2.47943,
6.38203,
1.07606,
1.22554,
1.77873,
0.371699,
1.83634,
0.51808,
4.95169,
1.18064,
17.921,
2.36427,
2.48913,
4.89473,
3.00744,
0.179942,
1.77652,
0.625696,
0.11943,
0.0573408,
2.351,
1.29445,
3.77964,
5.61606,
1.30485,
1.02621,
9.504,
0.445443,
16.638,
0.136272,
0.523296,
0.145005,
4.78991,
0.406902,
1.46774,
1.96796,
0.2644,
1.70253,
0.99449,
1.58422,
0.309456,
1.1589,
7.82569,
0.771274,
2.28266,
1.14626,
0.931552,
6.57975,
3.26227,
0.712016,
0.508093,
0.288739,
1.28277,
1.29316,
5.33005,
0.92584,
1.64177,
0.281546,
1.12896,
3.73448,
2.56061,
0.748243,
0.704755,
11.0342,
1.06974,
0.537565,
2.79124,
8.04817,
1.60832,
1.49052,
7.47553,
4.90493,
2.00962,
1.51765,
12.9237,
11.0657,
1.4256,
0.138282,
1.19548,
3.49521,
0.200742,
1.43376,
4.19339,
2.07693,
0.983715,
0.836067,
0.131962,
1.94707,
4.68006,
0.11575,
3.89634,
0.912243,
1.58086,
3.65033,
3.88752,
3.04106,
1.10543,
2.22114,
3.65121,
5.59998,
4.98684,
3.44773,
0.748576,
1.86876,
0.70041,
6.57191,
3.22124,
0.240157,
2.59431,
12.4719,
3.57542,
5.80757,
0.576109,
1.28654,
1.32772,
1.46254,
1.30176,
0.3808,
3.99236,
0.574269,
2.60736,
0.359578,
2.12853,
2.56024,
13.7543,
1.17585,
1.94528,
0.385027,
8.20823,
5.39134,
1.10405,
1.20077,
0.0724896,
4.8644,
2.74358,
1.2426,
11.1872,
0.21447,
5.68408,
0.421552,
6.48257,
4.941,
17.0777,
0.07568,
4.09244,
1.73904,
3.01759,
4.74682,
2.06598,
2.19621,
1.88184,
5.00832,
0.53407,
5.8836,
0.0689248,
0.64368,
0.752198,
1.66018,
0.638813,
0.57057,
1.99174,
2.41056,
2.65736,
1.20636,
1.75947,
2.13575,
1.37668,
2.44614,
9.85366,
0.516851,
1.79978,
8.68071,
1.74228,
2.38495,
0.530429,
1.08624,
8.17738,
5.23853,
1.92623,
0.01704,
1.15443,
14.5923,
9.83484,
3.05472,
7.03189,
4.28532,
5.03288,
0.382902,
3.86458,
3.99089,
0.743869,
10.3044,
0.830618,
2.22707,
1.85197,
1.13069,
1.54011,
0.978486,
0.44191,
1.05916,
0.593293,
1.666,
5.41865,
1.4969,
1.87819,
1.7047,
1.98674,
24.7996,
4.40082,
1.22404,
1.03956,
0.275626,
1.44344,
2.03288,
0.052192,
0.265696,
0.643894,
0.83297,
0.136378,
7.29822,
0.0569888,
3.62966,
3.15531,
3.10295,
0.425824,
0.109923,
0.131414,
2.28253,
6.31256,
0.171245,
0.148378,
0.566826,
9.36057,
1.80471,
0.287427,
0.397994,
3.36772,
0.691971,
16.4025,
1.75587,
4.07121,
1.6545,
0.22497,
3.59574,
4.35126,
7.61444,
5.51405,
1.60738,
9.40791,
2.61471,
2.05947,
0.668592,
0.534278,
0.858822,
2.09777,
1.31039,
1.47923,
10.5004,
1.0034,
0.136189,
1.6196,
0.755386,
5.94035,
0.554566,
26.0,
1.44035,
1.215,
7.36379,
2.24501,
0.714144,
1.11371,
8.84716,
0.430496,
11.5997,
0.073792,
2.60304,
1.90888,
0.974378,
2.63373,
0.445824,
0.387053,
1.92386,
33.332,
0.412042,
9.19558,
2.58025,
1.43668,
0.579773,
3.99805,
0.0987232,
0.944016,
10.6877,
6.95748,
3.92585,
3.24707,
1.00565,
3.749,
0.362256,
0.201744,
1.09373,
1.82793,
10.6078,
0.041792,
0.556573,
13.2839,
1.27695,
0.561984,
4.22614,
2.44793,
2.72738,
5.78683,
3.75261,
2.98515,
3.59652,
1.12755,
3.32826,
4.66547,
5.74479,
1.02486,
1.42753,
0.755501,
1.1795,
1.66641,
0.231642,
5.36521,
1.88633,
11.2397,
2.13396,
0.872851,
3.62906,
2.12169,
0.842912,
2.56519,
0.526954,
7.99778,
0.38407,
2.81067,
3.78213,
2.38671,
1.98401,
1.03865,
3.48334,
2.19227,
4.73307,
0.602598,
4.1097,
1.40799,
0.392858,
1.89309,
2.21636,
3.65344,
0.556672,
1.62882,
0.874243,
3.47033,
2.88384,
1.27909,
1.47912,
0.486765,
1.40443,
2.97227,
4.5206,
0.219411,
0.78385,
4.12989,
1.51215,
7.6556,
2.06019,
5.98044,
5.21564,
0.657373,
2.96348,
3.74566,
0.637485,
0.982426,
1.78936,
0.72559,
2.89196,
5.62211,
0.676685,
0.444666,
4.43908,
4.88267,
0.435747,
1.5426,
0.76129,
7.02052,
0.424912,
11.9411,
2.10334,
0.873379,
0.334384,
0.613984,
5.63397,
0.0982976,
1.82181,
2.09468,
4.58493,
0.294038,
5.51222,
7.71273,
1.86312,
24.2455,
0.437037,
3.58783,
0.164717,
13.6294,
0.363053,
0.456256,
1.75682,
3.07518,
0.556378,
0.485078,
14.6227,
19.9831,
0.044176,
2.33478,
3.67626,
1.70769,
17.1689,
3.0238,
1.65626,
3.4134,
1.83341,
0.435261,
6.35949,
5.19712,
0.911837,
1.60816,
0.921123,
3.64174,
2.30192,
0.318643,
1.52738,
0.96255,
0.113482,
9.64556,
2.93335,
0.469738,
0.312029,
13.6552,
2.3635,
32.55,
12.6988,
0.90145,
5.80276,
0.419965,
0.0732832,
3.34867,
2.16508,
7.69741,
0.449056,
2.821,
3.6499,
2.24115,
0.560352,
0.836474,
3.77336,
0.232733,
2.20391,
1.79545,
14.5706,
0.422448,
5.47094,
2.4248,
0.95816,
4.39739,
1.13857,
10.3113,
3.23612,
1.21788,
11.8568,
1.4946,
1.61003,
1.94578,
0.290602,
1.47738,
1.73848,
0.155098,
1.01521,
8.79816,
2.81369,
15.3593,
1.82677,
0.610294,
1.90742,
1.54641,
2.8674,
0.717952,
6.57601,
3.89329,
2.89663,
0.599523,
3.65167,
2.87912,
0.260979,
7.14613,
0.618589,
2.04113,
0.264691,
0.205037,
5.20215,
1.66654,
0.797267,
0.898925,
0.803619,
2.66136,
0.501082,
0.720432,
0.202253,
2.3273,
4.50799,
1.35697,
1.20028,
5.94652,
0.0514368,
0.368291,
0.546819,
0.479069,
0.0309568,
5.81596,
4.3198,
0.601875,
18.6046,
1.14013,
1.87632,
4.36158,
0.859805,
2.14958,
0.305203,
2.80753,
2.30448,
2.11171,
1.8241,
3.42817,
4.98775,
0.0203936,
0.069712,
3.9161,
1.07839,
3.74665,
4.75287,
11.6699,
1.8803,
1.1196,
0.502803,
0.698451,
4.1108,
1.54663,
0.726426,
8.86433,
0.147229,
0.180154,
14.4777,
4.01893,
0.657754,
2.03936,
5.07682,
0.715914,
0.854157,
2.71654,
2.65289,
2.16885,
0.527994,
0.463731,
0.105654,
1.54649,
3.15196,
0.0402816,
7.49566,
7.8738,
0.573398,
0.717808,
11.2119,
0.842733,
0.552419,
2.61563,
1.40271,
5.74832,
0.0990976,
0.985754,
0.811194,
3.07116,
18.06,
1.9912,
0.779629,
6.21367,
1.99986,
2.21501,
2.68265,
6.08294,
4.86079,
6.28872,
1.84848,
3.90366,
6.66769,
2.41531,
3.35187,
1.73258,
10.241,
1.10341,
0.434694,
2.69725,
1.51764,
1.44566,
0.99864,
2.9529,
4.44734,
0.0392928,
1.01305,
5.24351,
0.228858,
1.31091,
1.72093,
0.60655,
2.63353,
4.11307,
1.05151,
0.796518,
7.76991,
1.56972,
6.62731,
0.690877,
2.63624,
1.31108,
3.70245,
1.68336,
4.35745,
1.55214,
5.30437,
7.25073,
10.0887,
11.0659,
0.218749,
1.26033,
1.31943,
1.42618,
16.2962,
17.7993,
0.998502,
6.64474,
0.675613,
0.638048,
3.8998,
5.26165,
2.75344,
1.06004,
0.370013,
0.728026,
1.59113,
1.22453,
6.26617,
0.957619,
5.82917,
0.875174,
1.24124,
1.93139,
0.0770368,
0.0408256,
1.40224,
5.97655,
4.09763,
1.46679,
4.81116,
3.59738,
2.30139,
5.53374,
4.84056,
2.05274,
1.16792,
2.15223,
0.7484,
0.13024,
7.23764,
0.111427,
0.778576,
3.14963,
1.11118,
0.674467,
1.08215,
1.33997,
2.37781,
2.00358,
2.24774,
0.0622912,
2.60229,
0.976938,
3.22355,
2.81689,
0.232096,
0.595011,
33.6929,
1.2254,
4.53563,
4.12267,
14.0282,
1.00443,
3.29676,
1.23728,
1.48533,
1.58435,
3.55275,
0.578669,
2.04425,
1.92358,
1.93341,
1.18808,
6.99371,
6.67443,
2.5402,
11.8835,
17.7132,
12.3585,
4.95685,
5.0259,
0.854154,
1.65503,
1.93797,
3.02885,
1.23279,
0.601728,
0.424022,
1.33516,
0.80815,
0.389363,
2.08158,
2.30335,
0.48775,
1.5147,
0.446806,
23.1587,
0.129811,
0.70841,
1.44546,
18.2461,
4.20127,
21.5879,
2.57518,
2.34503,
0.794768,
0.0385344,
13.1614,
1.91268,
0.456595,
0.836435,
2.06272,
0.571098,
2.15324,
0.441875,
1.16316,
3.15668,
5.0313,
1.77774,
1.21599,
21.8758,
1.43176,
0.04104,
0.879776,
1.06334,
1.65254,
1.29668,
9.48944,
0.612566,
7.08291,
0.294902,
0.395168,
0.773597,
1.60643,
0.644509,
6.06484,
3.66593,
1.29896,
0.798698,
6.76308,
1.76334,
0.392672,
2.09409,
5.02235,
1.52334,
0.79096,
0.740688,
1.54856,
0.418355,
3.53633,
2.27031,
2.43374,
1.71334,
1.21111,
2.00424,
3.56443,
0.70617,
2.95006,
4.32627,
3.34609,
0.487974,
2.92285,
0.328986,
1.74504,
0.166931,
14.5827,
4.31994,
2.35706,
1.28991,
2.51622,
5.07878,
0.276688,
2.71384,
0.0697152,
8.89677,
18.6275,
4.77964,
3.96812,
8.05876,
1.44822,
12.975,
1.12498,
5.11881,
2.39926,
0.0980672,
0.843901,
1.2482,
4.76819,
0.641949,
2.93426,
0.977616,
2.64062,
1.96548,
1.02244,
0.0877728,
1.2928,
2.81083,
1.06693,
1.0981,
2.40266,
13.9127,
2.0821,
2.31653,
2.33512,
0.502419,
19.7509,
0.544662,
0.533798,
1.85419,
2.14209,
2.04608,
5.70628,
2.38483,
2.66284,
2.97076,
1.38075,
1.00778,
0.345318,
1.79781,
1.04592,
1.48973,
4.64711,
3.13888,
1.83575,
1.24214,
5.55187,
15.1083,
1.63969,
3.70792,
0.457946,
0.908115,
20.7489,
0.538838,
1.06517,
3.7645,
0.29136,
3.44153,
4.85289,
2.08457,
0.0702656,
0.0932544,
0.478122,
10.5042,
0.23648,
1.39159,
0.045104,
6.99611,
1.63007,
0.239376,
0.107085,
0.797168,
2.40398,
0.728682,
2.16981,
0.230528,
1.14794,
10.2335,
1.77007,
7.08088,
1.84398,
2.57723,
0.392733,
1.21957,
1.83339,
7.43293,
1.24031,
0.36601,
1.66766,
2.05899,
2.25627,
3.05325,
6.73322,
0.138131,
0.537315,
1.58065,
0.106739,
1.27446,
2.19355,
0.892403,
1.53847,
1.86155,
1.5117,
2.06432,
2.82887,
1.18653,
0.223312,
2.22555,
2.0139,
0.393718,
0.724605,
1.09399,
3.32452,
27.2862,
0.590019,
3.28313,
1.70479,
0.875274,
1.23883,
2.38171,
8.61908,
1.18309,
2.59522,
2.29352,
0.413142,
2.79485,
6.53728,
2.061,
3.91745,
3.33308,
6.09335,
1.30494,
0.889117,
2.43691,
6.09393,
1.77321,
2.31875,
2.01203,
1.08976,
0.823882,
19.8069,
1.06655,
0.299174,
1.13661,
3.55684,
0.0912384,
1.17274,
5.55927,
3.04922,
0.252675,
0.505629,
1.47662,
15.4291,
1.42058,
0.703904,
0.621875,
10.4594,
0.582234,
2.22506,
1.84086,
0.475283,
0.241229,
1.47891,
2.95976,
0.641773,
0.79257,
1.57526,
7.5599,
8.98757,
6.44554,
0.485056,
1.11425,
0.0613632,
0.509661,
2.52408,
6.34122,
0.2904,
4.47391,
0.0687616,
0.0376768,
1.50164,
0.431376,
2.31301,
1.50827,
0.129821,
0.181843,
3.0055,
0.321875,
0.244528,
0.627875,
0.55167,
0.418326,
6.00511,
0.8208,
1.08187,
0.828662,
0.169962,
0.0725632,
9.60168,
0.196666,
1.87788,
14.5952,
2.09134,
0.722826,
1.96683,
3.51772,
0.562045,
0.439744,
0.698186,
0.93241,
5.05627,
7.1752,
0.112029,
6.23399,
1.96341,
0.55655,
12.4891,
2.00788,
1.17684,
0.77591,
1.80046,
0.119443,
1.35912,
1.14526,
23.7696,
0.255066,
0.509267,
2.68378,
1.1094,
0.895754,
1.29044,
2.07237,
3.42304,
0.967939,
6.14073,
0.89176,
7.23821,
12.5813,
0.108755,
2.02046,
1.85713,
7.88626,
2.63474,
2.82757,
22.2951,
1.26007,
2.32689,
1.86365,
3.68633,
1.22331,
1.62805,
3.43575,
5.30423,
0.669216,
0.531094,
4.95699,
4.08712,
2.86411,
0.524618,
2.74742,
12.9742,
0.302086,
1.85055,
1.76114,
2.49818,
0.0228864,
0.20056,
0.465862,
15.9421,
2.12624,
2.94208,
3.84743,
0.425894,
1.08381,
1.49804,
0.463072,
0.266947,
0.325651,
0.440768,
5.93274,
2.57792,
2.08438,
1.95902,
5.01943,
1.17507,
0.520915,
1.58001,
1.09584,
9.4286,
0.903213,
1.73439,
3.07876,
0.088464,
3.65553,
6.39837,
1.74189,
1.21614,
4.6215,
1.21668,
0.742086,
1.21868,
4.43008,
5.00956,
0.899296,
12.2556,
0.225712,
0.786666,
6.55724,
9.25648,
1.56306,
1.65374,
0.0289696,
8.26029,
1.45699,
0.778502,
17.4383,
1.75698,
0.5384,
0.330349,
0.177629,
1.23882,
8.77054,
1.17388,
2.46133,
4.68127,
0.264019,
0.302374,
1.87472,
0.356637,
2.43742,
0.194301,
0.64383,
0.196205,
3.20042,
7.19756,
0.0790752,
3.95468,
1.74527,
3.29833,
2.22644,
5.15532,
0.639837,
0.663197,
7.88893,
4.77743,
1.81441,
1.76057,
1.00035,
1.83773,
7.03777,
3.54639,
0.669091,
4.26678,
2.78185,
4.88515,
0.19727,
5.62768,
0.0679552,
1.20303,
0.715091,
1.10507,
1.45827,
1.25836,
2.3177,
0.0534016,
0.342192,
2.0155,
3.49569,
3.39751,
1.1161,
18.5988,
1.37051,
2.32746,
0.959277,
3.02475,
2.49626,
4.50804,
5.38646,
1.52426,
4.47172,
0.896077,
6.36743,
0.0932992,
3.041,
12.3546,
5.94242,
1.73419,
1.41861,
1.29051,
1.05736,
0.868954,
2.86547,
1.04121,
3.06926,
1.9751,
1.45806,
6.12532,
4.07841,
6.81663,
0.439674,
18.0204,
3.95778,
0.427882,
6.16464,
4.23055,
2.79012,
3.01955,
0.527722,
0.769245,
0.747667,
0.100518,
4.97845,
0.379683,
0.612365,
3.23057,
6.51245,
1.05508,
1.83031,
9.18814,
8.50484,
9.1953,
0.101715,
24.1452,
0.877021,
0.571229,
7.23109,
2.95305,
4.41566,
0.0985696,
4.04574,
1.55144,
2.86826,
1.36787,
1.85646,
15.372,
1.42954,
2.94346,
12.4261,
1.63511,
0.107984,
9.32904,
1.61343,
3.55358,
2.84768,
4.46903,
2.50337,
0.827494,
3.65707,
3.73269,
1.83625,
0.211658,
0.19729,
0.229824,
2.42856,
4.67076,
1.76839,
1.35795,
3.76382,
0.233334,
0.42545,
1.44201,
0.868435,
18.9468,
4.20996,
0.712358,
2.61055,
0.651734,
3.96702,
0.0802528,
1.83486,
0.776845,
5.59017,
0.265974,
0.694275,
39.1988,
2.37179,
2.20386,
0.214931,
4.28494,
26.0197,
1.55201,
2.74988,
5.65476,
1.37495,
0.753197,
3.74857,
1.11673,
0.311661,
1.49765,
1.04481,
2.4172,
5.09005,
5.9842,
2.34342,
4.30212,
1.91061,
3.31924,
0.483594,
15.0725,
0.266694,
1.3618,
1.75454,
1.47881,
0.6356,
4.83226,
1.34072,
0.485789,
0.146083,
9.46802,
4.54106,
0.0350304,
1.87533,
3.64719,
0.500269,
0.276134,
1.7147,
5.6447,
0.962067,
0.208557,
2.95377,
0.613894,
6.90789,
0.432915,
7.45678,
5.27419,
5.43826,
3.38212,
4.45932,
1.52509,
1.43021,
0.047632,
1.9576,
3.38767,
4.01534,
0.564582,
2.91563,
1.99418,
4.19909,
2.57458,
1.3579,
0.475248,
0.569075,
0.0823936,
2.81103,
2.62786,
5.08943,
9.33292,
0.32129,
0.963514,
1.46066,
5.32153,
29.0842,
17.5706,
12.5271,
2.82289,
6.21953,
2.36159,
2.96718,
1.87017,
0.465638,
3.91132,
3.50157,
2.00887,
3.79024,
1.9947,
2.91721,
0.15041,
5.96461,
0.584419,
0.0853408,
2.24242,
1.57722,
2.70789,
0.492163,
0.160349,
0.881242,
31.6024,
2.95137,
0.925699,
1.68316,
0.228528,
0.993075,
0.362448,
1.11203,
0.0955072,
5.43831,
0.0553056,
4.34377,
1.58717,
0.508314,
0.979632,
1.27587,
1.14282,
0.672906,
4.21302,
3.94312,
2.22185,
1.35356,
7.36827,
0.976752,
2.26549,
3.08365,
2.35308,
2.10293,
0.294845,
2.24171,
5.7235,
0.545635,
5.3094,
0.851437,
0.492621,
0.455536,
5.08665,
2.5484,
0.329421,
5.31855,
0.993267,
3.26367,
1.35427,
0.208442,
0.46496,
2.78199,
0.662099,
5.44682,
4.34765,
5.2083,
1.25586,
0.352086,
3.02559,
2.01415,
1.6802,
0.517318,
1.03062,
0.625792,
0.185622,
2.85144,
0.336058,
0.0470752,
2.5126,
2.71358,
2.73797,
1.52539,
1.52638,
1.58497,
0.943315,
11.4243,
0.662749,
0.832074,
1.89069,
4.63536,
0.669078,
0.545203,
3.25885,
1.41012,
1.37165,
5.51934,
0.931274,
0.853213,
0.591523,
3.32256,
14.0206,
1.69407,
5.07028,
2.76419,
1.18739,
2.18566,
0.0473664,
4.37797,
2.24287,
0.377421,
1.57746,
3.38353,
2.80721,
15.4528,
4.3214,
2.41999,
1.28761,
1.26283,
1.86938,
0.990067,
4.43216,
0.738362,
17.0923,
9.52398,
5.21353,
0.203181,
1.71124,
0.144666,
1.38108,
2.72828,
1.06963,
9.8444,
7.18115,
0.243834,
0.988282,
1.77152,
1.07105,
6.23054,
5.62322,
1.1828,
4.13352,
7.60946,
4.88764,
1.71053,
1.46656,
4.88385,
1.39826,
2.30943,
0.89319,
0.88889,
1.44823,
0.682147,
1.23922,
2.59908,
0.230605,
0.150115,
1.25005,
6.01956,
0.935485,
0.273341,
0.277914,
0.205235,
0.80496,
4.31538,
2.66241,
0.637194,
3.61681,
0.0688096,
0.775427,
1.3658,
1.28142,
1.37498,
0.672656,
0.0311488,
2.52856,
1.21244,
4.46012,
0.641405,
0.673824,
1.25259,
2.88934,
0.126218,
0.572458,
2.07441,
3.03904,
14.5677,
0.676736,
0.458266,
2.84871,
5.95222,
1.21515,
0.286144,
1.48103,
8.88675,
0.0609344,
1.44461,
1.81753,
1.20861,
0.727859,
2.71994,
16.8281,
4.3289,
2.28415,
2.5675,
0.0269888,
1.32146,
1.29415,
0.921117,
3.52634,
1.62094,
1.32228,
1.50474,
4.87938,
3.71275,
1.85116,
0.587741,
1.81973,
0.0336288,
0.577914,
1.12947,
1.39216,
2.32335,
0.906243,
2.2994,
0.632861,
2.016,
0.742925,
2.36093,
1.4856,
0.890723,
12.2631,
10.5774,
0.206787,
1.62475,
9.62264,
0.256598,
0.187072,
5.54168,
1.16617,
0.5104,
4.05428,
10.1671,
4.16448,
2.92385,
2.07878,
3.15326,
1.26295,
1.50709,
0.957312,
7.61437,
1.13284,
3.01541,
3.6228,
1.75896,
2.59589,
5.83333,
0.806464,
7.71898,
7.5377,
2.05458,
0.272019,
12.2826,
5.19899,
0.672019,
0.611136,
0.498691,
6.02733,
1.69584,
0.516416,
1.00741,
0.79063,
3.19002,
1.40136,
0.57257,
4.08278,
0.880131,
0.687709,
0.0470656,
6.12126,
3.39223,
2.00402,
0.29023,
1.45091,
3.33485,
0.240234,
8.10239,
5.22619,
2.20013,
3.72866,
3.76253,
3.45026,
0.694304,
1.71814,
2.21895,
4.0246,
20.0518,
1.16296,
1.73961,
3.56593,
3.64116,
6.4419,
0.894381,
0.0715968,
17.7197,
1.59372,
5.04501,
3.42274,
3.1579,
2.93543,
0.0881376,
3.43881,
2.76664,
0.177222,
2.06895,
0.593024,
0.0631264,
5.98354,
4.66324,
2.90818,
0.716986,
2.50435,
0.0629664,
11.3892,
1.11487,
0.573894,
3.53664,
4.79582,
1.5388,
0.205325,
5.09655,
0.0465088,
3.58434,
0.0861664,
1.42572,
1.61166,
4.54473,
0.664966,
0.631213,
0.584202,
12.2443,
0.989206,
0.151299,
11.5033,
0.63009,
1.72301,
1.43224,
1.0804,
0.595197,
2.22011,
5.8364,
13.1152,
6.00668,
2.95296,
0.253075,
0.766931,
3.14941,
3.75031,
9.44623,
3.13106,
1.62566,
0.789523,
3.04852,
0.823763,
1.74772,
6.42759,
12.5,
8.29962,
4.20277,
3.13501,
4.02673,
0.33672,
1.07891,
22.1007,
5.27848,
3.45232,
4.67725,
1.77945,
8.55814,
1.65229,
4.97404,
4.7523,
5.21519,
1.53413,
1.46294,
0.817178,
3.12823,
2.55597,
0.196339,
3.6329,
8.04307,
14.4037,
2.74488,
4.14998,
12.7269,
0.242365,
2.2353,
5.01907,
15.0119,
0.888685,
1.21458,
0.352429,
4.87695,
4.75323,
1.32804,
0.862544,
4.23543,
0.0527264,
1.42571,
2.57079,
1.63637,
8.72877,
3.60601,
5.4024,
9.95857,
17.0407,
0.767379,
0.513309,
0.470163,
1.07815,
0.40833,
9.41541,
0.49401,
0.788195,
4.36416,
0.660822,
1.75339,
2.58857,
0.307338,
1.75935,
4.10286,
0.47791,
0.608326,
6.45797,
7.09239,
2.00872,
1.14832,
4.57314,
4.88636,
2.94569,
0.0244736,
1.87883,
0.75871,
3.63006,
33.3053,
0.382019,
8.65273,
1.05479,
0.76945,
0.898144,
3.25374,
2.6202,
9.12539,
0.595738,
2.8708,
0.927949,
0.367318,
5.37703,
2.41771,
3.11912,
0.814496,
0.861827,
0.107149,
0.442109,
5.1692,
5.94794,
0.11096,
3.87711,
2.98247,
2.49378,
14.1084,
14.9398,
5.27822,
2.92199,
0.606835,
0.473558,
2.04089,
1.03797,
4.46451,
0.487981,
23.0431,
14.3646,
11.9156,
1.99853,
1.30191,
5.40451,
0.135549,
1.9951,
0.0738304,
0.0788,
1.75979,
3.50221,
1.54098,
3.62564,
0.614723,
0.285462,
2.64602,
1.74862,
2.39517,
2.29433,
17.0557,
14.9436,
0.598957,
0.406675,
0.838032,
2.12532,
4.49777,
2.33958,
2.31456,
0.206288,
2.82975,
2.44426,
2.27021,
0.783034,
8.4184,
10.4502,
0.134333,
2.38389,
0.709866,
17.1927,
0.143082,
2.53985,
3.02895,
2.42971,
4.73275,
1.35581,
2.57911,
15.758,
2.84095,
15.9225,
0.764096,
1.02003,
3.29695,
0.51681,
1.54552,
3.21666,
0.764355,
6.44784,
0.403126,
9.81035,
0.872144,
1.13567,
0.801539,
5.19748,
1.23012,
1.61644,
0.546835,
0.516038,
5.93127,
1.9433,
23.0212,
22.3002,
0.0490976,
1.53414,
6.66109,
2.43725,
1.74112,
0.368656,
5.60824,
3.61104,
2.02654,
0.385366,
0.655987,
0.560576,
2.83851,
5.60874,
0.110576,
0.168378,
4.08989,
1.0285,
3.85724,
5.27218,
1.97837,
4.70673,
2.80748,
0.0141216,
3.641,
2.52244,
0.387523,
0.859776,
0.141642,
2.61045,
3.34241,
5.74775,
1.66082,
2.73964,
1.50804,
3.39604,
2.77328,
0.381616,
2.24658,
1.51173,
0.972134,
0.890358,
0.0658048,
4.64204,
0.919805,
0.688291,
0.176768,
1.1474,
2.44265,
1.32452,
1.07191,
0.243232,
2.23342,
2.33397,
1.67794,
7.37617,
4.79198,
2.2211,
1.02082,
0.265155,
1.57359,
0.417117,
1.82756,
1.35116,
1.78191,
0.51417,
1.94889,
2.85226,
0.574381,
1.06739,
12.0891,
2.01367,
1.76903,
0.542035,
1.5105,
0.631667,
1.11137,
0.0510688,
6.00211,
2.22101,
0.620326,
1.34635,
5.53806,
0.671722,
14.9821,
5.74252,
0.984176,
0.0574432,
3.30705,
1.11094,
3.92836,
1.17252,
1.1136,
0.278224,
0.507395,
0.90279,
0.0993664,
3.1792,
11.1291,
0.518077,
1.55904,
2.25917,
11.1715,
6.54537,
0.0750752,
0.252934,
11.7346,
3.15669,
2.68213,
12.2858,
0.233846,
0.467552,
1.53402,
0.336109,
2.2126,
12.0044,
0.981523,
1.77183,
5.14981,
0.780762,
1.87141,
0.412691,
1.4986,
0.377974,
1.20899,
1.66676,
0.180736,
0.571702,
1.58916,
31.0011,
0.0952192,
6.67218,
0.871805,
3.70428,
7.99735,
0.342723,
12.0613,
12.3369,
8.22652,
8.25695,
11.7534,
0.567754,
0.553466,
3.7209,
1.5936,
2.28587,
0.557491,
2.24512,
2.96044,
19.2752,
1.93818,
1.86846,
3.56884,
0.235824,
1.36016,
2.79338,
1.43618,
3.51627,
0.235578,
1.50743,
0.439878,
7.66333,
0.516355,
25.6143,
2.35308,
9.82762,
0.301309,
5.55161,
4.05948,
0.262989,
3.58769,
1.22808,
28.8735,
0.722797,
1.92816,
1.43274,
1.98836,
0.857654,
3.73628,
0.020288,
0.0866944,
0.485347,
1.5105,
0.718157,
3.64761,
5.36882,
0.876845,
1.13869,
4.91458,
3.91011,
3.58846,
8.16014,
11.3687,
1.85065,
0.595658,
0.776358,
5.24726,
6.14675,
1.25113,
1.68055,
1.0533,
6.28384,
1.73962,
3.03973,
2.39916,
9.60004,
5.56639,
0.85495,
0.410854,
0.977059,
26.7686,
0.858333,
1.6837,
2.54768,
2.99033,
1.85584,
2.55652,
0.49767,
1.83837,
4.66894,
2.10216,
0.890163,
1.02116,
4.73405,
1.25821,
4.48245,
1.15529,
0.891386,
0.393984,
2.64357,
1.82627,
0.921421,
9.73614,
14.0799,
0.930701,
1.81279,
3.70087,
12.7639,
2.54516,
2.81629,
0.0359712,
5.76576,
7.53071,
1.8322,
0.796851,
3.47545,
3.32878,
3.85381,
0.0865248,
1.58855,
0.801978,
2.07183,
0.213882,
0.578838,
14.9475,
0.322822,
15.73,
3.50708,
5.62399,
4.91972,
1.04357,
5.37332,
0.369942,
1.86806,
0.329731,
0.48752,
7.22148,
1.6428,
0.506432,
2.71405,
1.4675,
2.14644,
0.55343,
19.9239,
10.9193,
9.15097,
4.32091,
0.215962,
1.26312,
1.82272,
3.11841,
0.975862,
3.42547,
4.04844,
7.69603,
3.13276,
1.85574,
2.48979,
5.95332,
5.8089,
3.46877,
5.62326,
5.197,
4.69912,
0.352714,
1.81018,
27.9437,
1.07373,
2.08474,
1.81603,
11.6052,
7.89958,
0.736195,
7.61181,
0.320301,
1.36028,
2.20723,
5.34016,
2.7301,
1.94396,
0.855088,
11.7061,
11.1569,
4.29476,
25.4598,
3.51701,
1.08978,
2.40808,
0.342784,
1.81781,
1.47115,
6.34168,
1.29273,
0.373213,
1.27288,
2.5894,
1.64843,
1.19781,
2.08107,
2.99806,
0.479376,
2.15301,
0.300701,
0.524726,
11.8291,
3.58875,
0.29137,
14.1948,
2.27023,
0.2556,
0.673898,
2.54017,
14.0452,
2.27104,
5.01982,
5.13045,
0.29839,
1.46466,
16.0084,
8.31828,
2.9028,
1.32471,
0.972387,
1.63138,
3.92691,
0.430262,
3.1095,
6.71053,
0.577837,
0.897078,
0.236691,
0.38311,
0.0210208,
1.50188,
15.8731,
4.49609,
3.70781,
4.40367,
0.447146,
1.44967,
2.49984,
2.78266,
1.48525,
3.07994,
6.95455,
5.44933,
1.55628,
0.729299,
3.62449,
1.22512,
6.69859,
2.7334,
3.34324,
3.74297,
4.81562,
8.32356,
1.57537,
0.792752,
0.320451,
4.59682,
6.10373,
0.585171,
0.395491,
5.46884,
2.06213,
1.0125,
0.352614,
10.6005,
0.0738816,
19.2055,
7.54969,
0.985574,
0.597206,
1.86661,
0.64927,
1.73255,
1.30052,
2.57717,
1.85143,
1.49498,
5.33038,
1.6549,
2.67753,
23.169,
1.80924,
3.34586,
7.85392,
2.46853,
2.82638,
4.74876,
3.36975,
6.64287,
7.23617,
2.03245,
1.79815,
7.0153,
2.39066,
4.9689,
0.0284512,
1.18399,
16.8539,
2.17974,
3.47445,
2.69756,
16.1078,
7.111,
0.24808,
13.641,
0.772346,
2.18053,
2.21111,
6.14363,
0.902666,
2.86699,
0.734509,
6.98634,
1.18315,
13.0064,
22.1252,
6.18983,
0.67145,
0.852778,
1.34735,
1.12309,
2.71291,
0.0675808,
1.24173,
5.05686,
1.50792,
6.86383,
0.095632,
3.48247,
2.73601,
2.41598,
3.82651,
10.0126,
4.63408,
2.11734,
1.3928,
0.60943,
1.23603,
6.68867,
2.48425,
0.33865,
10.9741,
5.60958,
2.11162,
0.826595,
0.598653,
1.3016,
2.17858,
3.1818,
1.56436,
1.13488,
3.95443,
0.617702,
5.19349,
0.906518,
0.729395,
0.424173,
1.51329,
3.60752,
0.267491,
0.686029,
0.670483,
2.0995,
2.05535,
0.318762,
1.22522,
3.33361,
10.616,
3.18626,
2.62088,
1.16492,
0.207962,
4.61659,
6.39638,
4.66286,
6.70335,
4.55613,
1.09754,
2.26296,
1.25969,
3.7484,
2.751,
0.181872,
2.39852,
1.68178,
1.22548,
1.39342,
4.29197,
3.5191,
2.6164,
0.25864,
4.38345,
3.51346,
0.947264,
11.0483,
0.390458,
0.146093,
0.516611,
3.30692,
0.385955,
2.85792,
9.29879,
1.6682,
1.38675,
1.26745,
0.891939,
6.6508,
4.34314,
0.695475,
1.70467,
1.36901,
0.528893,
0.755709,
7.2065,
4.05199,
0.458285,
2.96617,
29.7246,
0.770045,
0.41783,
1.03637,
3.84543,
5.01004,
1.47385,
4.94479,
31.4332,
0.719475,
0.39049,
11.2815,
2.86074,
2.10763,
1.37127,
1.7759,
0.0385664,
2.60365,
4.35234,
4.84553,
2.57655,
0.317542,
0.915846,
4.11976,
13.8888,
6.79403,
3.34721,
10.1125,
0.495354,
0.350989,
1.49467,
2.09205,
3.20072,
0.236512,
1.95559,
0.996851,
6.57581,
0.890429,
0.026256,
15.2129,
3.89473,
1.4907,
1.65962,
0.82327,
3.91281,
2.46311,
8.28496,
3.76236,
0.0622656,
1.08354,
4.4146,
1.69583,
0.028384,
0.0690912,
1.29633,
0.45801,
1.2165,
11.3271,
12.6505,
0.162016,
4.85209,
2.72554,
22.4741,
8.9096,
4.06547,
2.03352,
11.7529,
0.909203,
10.7549,
0.870013,
1.14553,
2.92278,
1.05148,
5.95367,
0.932448,
2.0007,
1.55634,
0.373162,
4.07255,
1.11729,
6.41167,
5.17413,
0.93345,
1.50904,
2.14765,
1.96187,
0.742794,
0.121523,
7.63427,
18.2308,
1.97044,
1.96421,
2.98083,
11.9749,
1.73097,
2.77709,
0.261178,
1.88963,
1.02771,
0.84081,
0.448509,
0.856416,
0.760842,
4.43022,
3.81248,
0.793171,
2.93157,
2.89346,
0.817469,
0.055712,
4.79456,
4.23878,
3.45501,
1.02963,
0.477594,
1.3731,
0.362317,
5.94488,
0.884499,
1.15399,
7.71068,
1.26367,
1.10948,
3.03085,
1.00802,
1.07805,
0.611946,
3.40159,
2.88796,
0.989603,
2.11872,
3.26732,
11.7365,
1.1006,
1.55463,
1.29559,
1.66127,
4.60146,
0.766762,
1.45207,
1.5626,
12.756,
0.63855,
3.30411,
0.562445,
0.970643,
0.481946,
5.39061,
4.63159,
2.31428,
3.7625,
1.31541,
0.72024,
0.71567,
0.0744768,
2.77322,
0.88415,
3.08262,
2.26989,
0.580752,
0.466842,
18.0448,
1.39902,
0.29255,
1.73493,
0.187757,
5.08329,
2.4308,
4.40157,
0.788982,
0.0823904,
4.65971,
0.364211,
1.89719,
3.24678,
2.12811,
1.14916,
4.10024,
6.03769,
5.7492,
0.369347,
4.96687,
11.4776,
5.13438,
13.9681,
3.18526,
2.59489,
4.4672,
1.52561,
4.50119,
4.36073,
7.6738,
3.73658,
0.278992,
3.71212,
1.66095,
4.55464,
0.171645,
0.975354,
5.06698,
2.14979,
1.40378,
1.47985,
4.67458,
1.07577,
16.8147,
6.14721,
9.55171,
1.25638,
15.0002,
0.863469,
0.0421312,
6.6459,
2.92606,
8.8727,
2.41055,
14.6484,
1.8482,
0.41296,
1.90698,
0.751354,
2.94314,
3.21923,
1.40304,
5.73407,
1.17898,
0.842227,
5.93996,
14.3723,
12.5536,
0.993744,
0.99735,
1.60801,
0.68352,
2.9174,
2.89884,
0.122288,
1.38905,
1.44684,
9.14067,
3.21971,
1.68901,
0.0340448,
4.86372,
10.406,
1.42258,
1.46064,
0.417107,
3.36566,
1.28697,
0.410006,
1.43942,
0.220214,
5.48509,
4.43522,
14.0358,
2.61343,
1.34749,
1.60355,
12.0166,
0.533389,
6.16649,
0.497709,
17.9921,
0.167354,
2.733,
1.26101,
0.0900608,
2.34498,
3.34362,
4.07902,
0.0516032,
1.45518,
1.75089,
2.93929,
2.64798,
1.41048,
3.75694,
2.42618,
1.33131,
0.873699,
21.9597,
2.31881,
3.43892,
3.49874,
0.986918,
0.894944,
1.58553,
2.10756,
30.9602,
0.347546,
3.75955,
0.245398,
0.932611,
15.4551,
13.4971,
1.40609,
9.56801,
2.59923,
0.32487,
0.108627,
0.917091,
1.25847,
0.243046,
0.656442,
9.48254,
1.03395,
1.54312,
3.17723,
1.97426,
0.819174,
4.26462,
12.3151,
6.44079,
2.73142,
4.2381,
0.371472,
0.0470528,
0.617165,
4.93138,
5.95294,
3.12836,
1.03812,
2.33619,
0.839411,
1.09259,
0.970605,
0.820771,
0.738493,
3.51359,
2.82206,
0.0448672,
3.26218,
0.83248,
5.27784,
4.21226,
0.616755,
1.19855,
1.71953,
2.58954,
2.5879,
0.858691,
1.17498,
0.69025,
4.50174,
2.68276,
1.03459,
1.836,
1.51998,
3.11637,
6.26112,
2.36398,
2.50361,
0.724845,
2.91241,
0.095552,
20.4948,
0.063824,
0.96647,
2.4614,
0.609514,
3.32858,
1.53277,
0.0201504,
1.54723,
2.69933,
0.746573,
2.77818,
1.55916,
1.94012,
0.277312,
0.947734,
5.47835,
2.77678,
12.6934,
1.63244,
0.614221,
0.642285,
31.462,
3.15489,
0.98864,
0.221024,
8.59963,
1.59866,
1.23069,
0.378566,
4.2236,
6.16688,
2.91749,
0.85535,
0.880006,
1.90166,
1.51196,
0.319488,
2.64239,
9.30267,
3.67231,
1.51876,
0.994368,
2.08562,
0.501059,
25.3902,
2.78683,
4.36162,
1.74532,
3.64226,
3.79387,
7.88479,
2.74001,
2.62707,
5.44603,
26.6108,
5.35604,
15.9255,
2.45782,
0.31457,
3.04614,
12.9901,
0.97217,
0.976432,
16.407,
7.74667,
0.116592,
1.63878,
0.579421,
3.58653,
0.799747,
1.77774,
2.20638,
17.9727,
22.8416,
2.85547,
0.435549,
0.245216,
0.101152,
9.19989,
1.22353,
1.23296,
15.868,
3.34978,
4.70916,
0.437363,
5.64157,
7.3427,
0.397747,
0.0534624,
7.11155,
0.79127,
1.02916,
0.413766,
0.480032,
6.98403,
0.0342432,
9.68067,
0.637005,
1.14944,
1.6261,
4.91418,
1.08521,
1.14151,
1.14445,
0.491136,
2.59176,
1.96695,
3.38518,
8.68901,
1.3731,
1.60161,
6.84754,
0.460816,
0.432582,
3.85161,
1.91391,
0.79856,
6.16519,
3.07282,
2.06757,
1.59453,
0.0181184,
1.87313,
4.00816,
1.04203,
0.380426,
3.17572,
0.074192,
3.17962,
0.523974,
3.71383,
0.21175,
2.2111,
0.536778,
1.85248,
11.8134,
4.94615,
7.82628,
1.60846,
1.90078,
4.5321,
1.08354,
7.13972,
1.18654,
0.502477,
1.09124,
0.993818,
0.759997,
2.0375,
3.89017,
1.81924,
2.6468,
0.358867,
0.39335,
8.94476,
2.28117,
2.53252,
11.6621,
7.51971,
0.62736,
0.354746,
1.83269,
4.38356,
18.737,
3.76052,
2.14167,
10.5931,
0.0176832,
0.477405,
0.108026,
0.14664,
1.77256,
0.791133,
1.2439,
4.65597,
1.62893,
23.0471,
1.5151,
0.549834,
6.96809,
3.17022,
1.02536,
0.748208,
1.58641,
1.14734,
0.776138,
0.27423,
0.286986,
1.89298,
1.3321,
2.04534,
1.61346,
4.81318,
1.42236,
6.269,
4.16298,
0.986003,
1.90219,
3.00624,
15.639,
0.915994,
0.478387,
21.8033,
0.777328,
10.5754,
10.4657,
1.87078,
0.0283168,
0.859302,
0.0903648,
3.69707,
0.137507,
3.37469,
0.531549,
0.901782,
0.05784,
2.79275,
14.5159,
1.93909,
2.79778,
1.96335,
1.21526,
0.530525,
2.45551,
3.23869,
1.26964,
0.859661,
9.35503,
0.444474,
1.4474,
4.70242,
1.56164,
1.77736,
3.58219,
0.067456,
4.06867,
0.371802,
2.28433,
0.694778,
3.92633,
0.245312,
2.72074,
0.0555968,
3.60705,
6.10579,
2.1273,
2.75711,
0.910819,
35.0191,
0.675734,
0.0352288,
0.813814,
4.72221,
3.70844,
0.722016,
0.19473,
2.37172,
4.2547,
3.8221,
1.37341,
2.24066,
14.1658,
5.12886,
6.19313,
1.00055,
2.9802,
1.72714,
1.56209,
3.44194,
2.26017,
16.4378,
0.526371,
1.75432,
0.499155,
2.74413,
6.97951,
2.74321,
5.92096,
4.3757,
1.77781,
11.2582,
1.75863,
1.43408,
1.21803,
3.72177,
7.67344,
5.52517,
1.25525,
2.81611,
18.277,
0.0372224,
13.3145,
0.713446,
2.5321,
0.804458,
1.13694,
0.739446,
0.144954,
0.33535,
0.796102,
0.661808,
7.27287,
5.26606,
1.9403,
2.49706,
5.35289,
0.158752,
0.974595,
4.40714,
3.64672,
17.6384,
4.12915,
2.20948,
1.98126,
2.7204,
8.46068,
0.254387,
10.3692,
1.65256,
2.32785,
0.6808,
0.929126,
0.75815,
0.529178,
0.270634,
3.39461,
1.59178,
1.07591,
1.8324,
5.40164,
6.87496,
0.113846,
2.58311,
3.47171,
0.545389,
14.2231,
2.69991,
0.263786,
1.1709,
1.43405,
1.20788,
5.33949,
1.66443,
2.74044,
2.2598,
1.44461,
0.342339,
0.807741,
1.89237,
2.84414,
7.2871,
0.699821,
0.283843,
1.21296,
1.7726,
0.0558656,
0.884787,
1.40377,
2.6178,
5.15324,
0.0999968,
2.55609,
6.66649,
1.27033,
2.43487,
0.684698,
1.72056,
0.308218,
16.9327,
5.4002,
6.81596,
1.66758,
0.888365,
0.79961,
0.499606,
0.241629,
1.31431,
3.08446,
0.119066,
0.17191,
1.44513,
0.814234,
1.57989,
1.5018,
1.91062,
4.88702,
11.9086,
0.601898,
3.69571,
6.05565,
5.5864,
0.792925,
5.69827,
2.85355,
1.20127,
21.3642,
3.71545,
0.906346,
9.15226,
6.03774,
5.4182,
2.39825,
1.50817,
0.0558592,
2.52048,
3.13589,
0.482432,
0.949955,
0.0288064,
6.8255,
1.77526,
5.05147,
0.184202,
1.48129,
30.1563,
4.29671,
0.76449,
4.05991,
7.93146,
31.2433,
1.10942,
0.998474,
0.838675,
0.0492736,
10.6515,
2.13907,
11.9737,
21.331,
3.33081,
4.51616,
0.685171,
18.3414,
0.522496,
0.948397,
0.142582,
1.12682,
0.908246,
2.18587,
2.54085,
0.697245,
0.419571,
1.90289,
2.39637,
0.4544,
1.08128,
0.457914,
5.18495,
0.246358,
0.560298,
0.698394,
1.19192,
3.02754,
0.772653,
2.03369,
0.657069,
2.2523,
15.5471,
0.208371,
2.19264,
2.68182,
4.29796,
1.66067,
2.97336,
0.627389,
0.278205,
0.965184,
0.586355,
6.22397,
1.29185,
9.06901,
1.81692,
3.96451,
2.64908,
2.4426,
2.03299,
2.49166,
1.48573,
0.0396672,
1.24499,
1.11995,
2.87932,
1.33155,
9.06939,
1.2154,
6.50506,
0.20343,
1.53861,
0.643453,
0.12103,
2.96886,
0.275197,
14.0052,
1.54555,
3.6162,
0.191181,
0.724685,
3.08067,
4.07542,
8.72006,
0.53367,
0.736317,
0.900582,
2.40518,
0.733766,
6.72132,
3.32107,
6.70058,
0.369094,
4.32427,
0.544205,
1.93568,
0.603574,
0.105718,
0.903059,
6.37837,
1.5686,
1.58121,
8.2454,
1.08452,
1.40036,
4.48879,
0.071152,
3.86526,
9.46746,
0.615907,
0.931181,
2.11358,
0.815754,
0.145744,
0.716266,
2.26497,
0.157242,
1.16183,
0.859178,
0.944573,
2.87976,
1.95104,
2.03691,
2.97105,
0.904573,
0.750147,
0.804928,
5.92425,
4.0402,
4.47962,
0.446387,
0.30481,
0.713043,
8.33206,
1.09676,
1.55041,
0.620797,
0.664595,
7.21286,
0.813133,
2.18731,
1.52364,
1.2705,
0.171827,
2.9371,
7.16637,
2.0953,
1.20747,
0.0938368,
6.26819,
4.73229,
0.275011,
6.65385,
2.13058,
0.0184512,
9.29386,
0.568794,
1.86861,
2.04533,
6.16756,
3.48344,
0.595315,
1.50494,
9.60422,
0.686691,
3.28739,
1.77008,
0.27735,
3.41886,
0.594707,
1.83306,
2.56665,
3.37414,
2.34424,
1.78708,
1.86704,
1.98752,
0.17112,
0.0641952,
3.7234,
1.92713,
0.286,
2.07821,
1.42376,
0.516746,
0.222573,
2.32765,
0.909853,
1.54787,
0.116848,
11.4254,
8.4507,
2.59444,
0.85321,
1.56352,
0.744006,
0.779546,
15.5645,
4.30633,
1.93141,
0.189683,
3.73417,
1.8121,
0.0628832,
0.381437,
0.298678,
1.8159,
0.648912,
0.152938,
0.395776,
3.11478,
0.191382,
3.62998,
0.1616,
0.0169344,
7.89696,
3.34846,
1.36463,
1.60114,
1.56894,
4.69072,
0.745597,
0.457808,
1.87847,
3.32704,
0.947808,
0.574208,
0.846006,
6.74909,
12.5594,
7.26558,
1.89295,
2.7206,
0.333104,
2.13834,
2.35332,
1.71996,
10.8735,
0.744522,
2.49656,
1.02356,
0.9556,
1.44274,
2.63132,
1.65486,
0.104666,
0.333901,
9.19989,
0.273722,
1.49033,
0.0419232,
1.29699,
0.550298,
4.98556,
1.61195,
0.215651,
1.03044,
0.840576,
5.97299,
0.117824,
0.483066,
0.825754,
0.75855,
2.17902,
0.426125,
2.63233,
10.6734,
0.678134,
0.861978,
4.4175,
2.76372,
3.03494,
1.58056,
1.76483,
1.38135,
6.72214,
2.39609,
1.37553,
0.56313,
16.7692,
0.193514,
0.37016,
0.197846,
0.246774,
1.75398,
0.688794,
3.76853,
1.69253,
1.18602,
3.32134,
0.0501792,
4.17538,
0.0167872,
0.91521,
2.91063,
3.79441,
0.968141,
0.847808,
0.444653,
3.18073,
0.693629,
0.169942,
0.909286,
6.33791,
2.36355,
0.14247,
1.29856,
3.65302,
0.288691,
0.0838432,
2.63563,
1.86124,
2.64905,
0.614682,
4.63198,
2.81173,
2.35519,
0.0781152,
1.74627,
2.12418,
8.35294,
0.88231,
4.93739,
2.13087,
1.69004,
0.822106,
0.595501,
0.321408,
4.10604,
4.64697,
0.947686,
2.37401,
1.20455,
13.5409,
7.8107,
0.387898,
2.38314,
0.0386016,
2.47296,
3.11964,
0.66536,
4.961,
4.38597,
0.369283,
1.227,
0.894365,
0.967616,
3.2959,
0.0709152,
1.65416,
7.36617,
0.947942,
6.54842,
0.819082,
1.47234,
3.19402,
1.06388,
0.312211,
8.32996,
0.127968,
2.24737,
0.925978,
4.14508,
2.85486,
0.0220704,
1.31375,
11.6515,
1.07574,
0.983898,
0.556733,
2.24973,
0.855331,
0.615862,
1.86526,
0.892662,
2.89539,
2.96764,
2.19808,
2.36744,
3.11886,
2.24844,
21.9618,
1.66772,
5.88748,
0.834269,
2.30054,
11.9153,
2.11356,
10.7747,
1.27279,
1.31719,
0.875408,
0.649517,
0.340474,
13.2834,
0.545085,
0.804333,
0.0588896,
1.32518,
1.9709,
1.16315,
5.26789,
0.131123,
19.6955,
2.22361,
5.77755,
3.53383,
30.0046,
6.41433,
7.82415,
0.43968,
2.55361,
1.92575,
1.35528,
4.63185,
2.54157,
10.7705,
11.5357,
3.00429,
1.89416,
18.5841,
0.859552,
0.676717,
3.06937,
14.1091,
4.43899,
6.18139,
0.464797,
2.42973,
1.16568,
0.106736,
0.521002,
4.52735,
19.7278,
1.5388,
5.12956,
0.643322,
0.200496,
4.43071,
0.507978,
5.0324,
6.18958,
0.267914,
4.40355,
1.17145,
1.56936,
18.4565,
2.07055,
10.4665,
0.936934,
3.55591,
6.33333,
0.457325,
3.46812,
5.04331,
2.42787,
4.03809,
1.33254,
5.4698,
3.17942,
0.809024,
22.3956,
2.15543,
0.32241,
2.81976,
0.904362,
20.94,
13.2695,
1.34778,
2.70375,
1.53729,
2.3369,
0.533619,
8.64409,
0.241888,
0.974874,
9.38117,
0.339363,
3.58547,
0.776621,
2.10296,
5.16467,
3.98478,
1.742,
4.07334,
4.23038,
5.33191,
0.334877,
1.87417,
0.943082,
1.27374,
0.83848,
2.35445,
4.09551,
1.75171,
1.88206,
15.2566,
29.365,
3.7493,
2.65012,
4.95378,
1.2774,
1.49105,
6.01584,
1.42523,
0.577187,
3.38495,
2.89708,
0.941277,
0.134442,
0.616371,
0.863418,
1.2258,
0.457776,
24.331,
1.89982,
7.93126,
1.75339,
2.85749,
4.37083,
3.37928,
0.998877,
4.46328,
8.66025,
1.17776,
10.2049,
5.84483,
0.382371,
2.42627,
6.67774,
22.5511,
0.0706368,
10.5428,
3.2732,
3.31706,
6.78409,
4.73945,
0.0560864,
5.63602,
4.39489,
2.12419,
0.610973,
2.80419,
17.4304,
2.37639,
0.0920192,
2.75918,
0.203514,
8.2736,
10.2532,
0.893523,
24.7346,
1.5744,
6.2522,
1.42818,
12.8188,
5.55357,
7.55949,
2.204,
2.09886,
15.1914,
2.89586,
0.210752,
0.639094,
2.2383,
0.88695,
0.059216,
2.26156,
6.63813,
6.33281,
7.15225,
4.78433,
5.52543,
1.30612,
0.700982,
3.41118,
1.40997,
0.320314,
3.03124,
1.25148,
1.99854,
3.18988,
0.64031,
1.59,
4.90765,
2.37741,
0.440742,
10.2209,
0.860995,
0.13129,
1.43059,
1.62256,
0.67513,
5.93996,
3.55568,
0.670234,
0.454915,
0.163949,
8.73428,
1.6643,
1.36925,
1.45326,
0.116115,
8.33724,
0.404758,
1.04072,
1.8281,
0.528413,
5.03262,
7.74245,
0.990534,
2.27989,
0.0733728,
0.316611,
1.43669,
0.407997,
3.50463,
2.50249,
7.11278,
14.321,
1.49311,
5.56428,
2.8469,
0.356755,
3.08632,
0.348701,
0.426419,
0.152787,
1.90007,
0.191133,
0.407174,
0.530259,
0.99344,
0.808138,
0.767277,
0.667805,
0.0603232,
2.41529,
0.2468,
3.64226,
5.05523,
7.19353,
1.63399,
1.04428,
0.831696,
0.665037,
2.50443,
7.7368,
2.478,
0.25911,
2.41387,
3.31344,
2.67483,
1.05446,
9.48942,
3.55128,
3.7613,
0.644522,
5.72296,
1.01135,
2.86266,
0.897187,
10.4954,
6.86466,
2.52573,
0.438157,
1.91242,
0.647766,
2.81594,
1.61316,
1.95041,
11.4794,
0.212291,
5.29505,
0.399469,
0.919366,
0.0209056,
9.17764,
1.25385,
2.53705,
6.52726,
1.30155,
1.10221,
0.0810048,
2.74179,
12.1204,
0.0737824,
0.0834752,
3.48886,
3.64156,
0.250061,
0.950736,
0.130403,
0.433312,
7.16382,
12.0533,
1.10695,
1.6647,
0.0592768,
1.06323,
4.18386,
0.516758,
0.611811,
0.887066,
3.73715,
0.057648,
1.63894,
1.67242,
0.516515,
0.239203,
0.779206,
3.30244,
0.0480544,
1.68713,
1.5567,
4.72626,
0.758003,
2.30217,
8.32967,
2.04683,
0.952797,
13.7815,
7.22013,
3.48292,
6.1678,
2.21449,
4.68901,
9.54508,
0.381338,
3.43179,
0.0651488,
0.703168,
0.165616,
1.50005,
9.67886,
0.985619,
1.24707,
6.01184,
2.04716,
1.05821,
1.57462,
1.25101,
0.115078,
1.05373,
1.52438,
4.52068,
0.415741,
5.19557,
3.79922,
0.464352,
8.60088,
4.44766,
1.81195,
0.910509,
1.81972,
3.23196,
1.98123,
1.95724,
0.520589,
4.05153,
5.99696,
14.57,
10.9051,
0.694509,
3.1588,
2.36271,
0.448771,
0.129526,
1.41346,
0.769805,
1.8848,
2.53709,
5.35625,
8.38175,
1.48512,
1.74919,
4.14354,
3.69571,
3.271,
3.58773,
3.02689,
2.25985,
1.27417,
10.6591,
0.594518,
5.83745,
0.936048,
2.30192,
0.213024,
0.0717344,
0.578691,
0.670403,
5.38753,
5.37558,
3.67767,
2.42066,
8.83025,
9.10746,
0.141942,
7.19789,
6.38961,
0.638691,
3.27364,
6.2902,
0.856467,
3.28403,
1.58785,
1.39588,
3.10547,
1.02091,
16.2063,
4.65264,
2.13354,
4.47658,
1.61829,
0.55015,
1.07517,
17.5893,
2.80652,
1.36714,
1.76262,
16.1769,
6.86543,
0.255683,
1.50869,
5.63326,
6.47696,
24.9645,
0.991389,
0.762349,
2.82728,
3.85326,
8.63725,
0.777021,
4.74547,
1.67494,
6.61478,
1.17983,
3.34249,
4.00715,
1.46275,
10.6253,
1.0815,
6.50719,
0.919795,
1.30173,
0.707046,
6.12574,
1.04274,
0.2904,
1.02415,
0.338682,
8.58055,
0.202182,
18.164,
21.0398,
4.20127,
0.648589,
15.2225,
0.909888,
2.756,
2.97246,
0.112278,
0.933462,
3.78247,
6.36847,
8.68326,
4.80836,
0.178038,
0.934429,
2.28424,
0.769584,
2.40687,
9.45142,
1.57838,
6.07564,
3.72392,
0.0694816,
0.784522,
3.04249,
1.80491,
0.230259,
1.75964,
4.01962,
0.706416,
1.18507,
0.618198,
0.951088,
3.47043,
4.23105,
0.857584,
0.622483,
20.3699,
9.88301,
12.5402,
0.538666,
6.03805,
0.582755,
2.12142,
0.574253,
0.594086,
0.269213,
2.85649,
1.9925,
3.25992,
0.265533,
0.305011,
3.48842,
12.8069,
0.809306,
1.64091,
3.43693,
2.08971,
0.292589,
2.28683,
5.19758,
0.581376,
1.00996,
0.430534,
0.765709,
0.535587,
1.13901,
0.359094,
0.0517952,
1.58864,
6.8639,
0.383139,
2.00739,
3.88611,
9.21969,
2.06509,
1.6115,
0.845053,
0.0323392,
0.437549,
21.984,
9.24508,
0.817114,
4.3828,
0.0479456,
3.04707,
1.01783,
2.79839,
14.435,
0.175088,
3.83935,
0.661114,
3.00232,
2.18621,
2.16744,
0.637722,
1.30173,
0.184694,
2.29863,
1.94448,
3.61219,
1.7712,
4.91632,
5.09927,
1.21076,
6.59331,
0.616189,
1.31458,
1.72674,
1.06095,
24.5843,
1.21786,
0.379082,
0.85904,
3.97594,
5.95462,
0.280803,
2.43147,
0.945107,
1.21571,
0.56024,
3.52936,
6.71428,
0.54433,
0.562656,
0.395795,
3.97932,
0.586176,
0.172755,
8.67766,
5.12852,
4.6681,
4.54914,
4.44855,
3.46581,
4.27107,
0.642694,
0.0404384,
1.6088,
9.281,
3.65937,
0.530912,
0.0795232,
5.94757,
7.22964,
2.21795,
3.30232,
0.87209,
0.803859,
0.124861,
1.72439,
1.50482,
2.06395,
23.044,
2.70704,
14.1153,
4.13172,
2.53753,
0.44713,
3.32294,
0.287958,
0.856902,
0.0747968,
10.7829,
8.05878,
1.76385,
5.30966,
0.412608,
1.04759,
6.48751,
0.593795,
9.66841,
5.5443,
1.05476,
0.152851,
3.48383,
1.05934,
1.49092,
7.84818,
0.956963,
0.78135,
0.992195,
9.33823,
4.67172,
3.03748,
1.70172,
3.19319,
3.78883,
3.76724,
0.63801,
3.07229,
5.04319,
2.65332,
1.65624,
4.87208,
11.3808,
0.117222,
0.400035,
0.485306,
1.11252,
1.37471,
0.57719,
0.393859,
8.8635,
20.4666,
5.92893,
2.2698,
1.46308,
0.842349,
7.88422,
5.88684,
0.194259,
4.97042,
1.71282,
0.128742,
0.692947,
2.82949,
2.28352,
24.9775,
3.03895,
1.80429,
1.15514,
6.95925,
0.0623744,
1.45915,
1.38355,
0.50119,
2.33986,
8.49597,
8.76357,
3.68843,
0.929917,
3.37527,
16.7248,
1.60523,
5.92683,
0.0475264,
1.30193,
0.97753,
0.767706,
0.530752,
0.454944,
1.27583,
4.72474,
1.29312,
0.728477,
0.136208,
3.19051,
0.247574,
7.78896,
4.33291,
1.14273,
1.03726,
4.12516,
0.673162,
1.75768,
10.7512,
0.106733,
0.397728,
3.87352,
2.58645,
0.365834,
7.06408,
1.5155,
0.113965,
2.00481,
5.42692,
1.21916,
3.60238,
3.12467,
1.08892,
0.749766,
3.86339,
17.5607,
1.62106,
1.70652,
0.74031,
15.7681,
3.56483,
0.598294,
2.26005,
6.47516,
0.750982,
4.4427,
0.767056,
2.44436,
0.353462,
0.770883,
2.95431,
0.348154,
3.39844,
6.57728,
0.882102,
2.6857,
1.33052,
2.02515,
5.51024,
0.042592,
4.6031,
0.823011,
1.40642,
2.77983,
1.05445,
1.78564,
0.189968,
1.70704,
4.26204,
0.863904,
12.4629,
0.410912,
1.15739,
4.00138,
3.42462,
3.90152,
1.64943,
2.55506,
6.29823,
1.64234,
0.749795,
34.4269,
0.113267,
1.46809,
11.7667,
5.02244,
1.00685,
1.44396,
8.60335,
1.32845,
1.23924,
2.53933,
3.03232,
2.85426,
0.755398,
4.5023,
0.0876448,
0.51665,
4.30032,
8.3315,
0.291088,
3.61124,
3.73291,
2.81879,
1.07302,
1.62194,
1.81659,
3.41349,
1.59402,
6.07907,
0.41457,
0.778467,
4.30134,
0.23608,
0.437366,
1.05804,
5.61841,
3.56088,
2.19636,
1.564,
1.41263,
1.01294,
0.0561216,
2.06776,
0.755075,
5.12122,
2.17422,
0.650886,
0.637488,
2.34696,
2.61749,
1.17746,
0.0461376,
3.01931,
0.422691,
1.01968,
5.84203,
0.675219,
1.25175,
0.704346,
3.84321,
4.98138,
0.636778,
18.7823,
0.856403,
0.018576,
0.439571,
0.372627,
0.610224,
0.07128,
11.2691,
2.74703,
1.38048,
3.90841,
0.416742,
2.75446,
0.88111,
3.47796,
2.27292,
0.431286,
3.46207,
0.358195,
1.42674,
2.28868,
2.89007,
5.88031,
4.19084,
2.36993,
16.3132,
0.0604928,
0.0499872,
1.6986,
1.0403,
0.453549,
1.95018,
0.385162,
1.83597,
0.319046,
2.96178,
9.00885,
1.50779,
0.851997,
2.50968,
19.0198,
0.507843,
19.0179,
1.90939,
0.483363,
3.3629,
12.5625,
6.8312,
4.5048,
0.0693344,
5.98479,
0.5984,
0.155331,
11.2676,
18.0478,
0.670499,
2.33389,
2.38244,
2.90909,
1.51761,
8.87172,
3.41143,
5.2884,
12.0258,
0.509229,
4.39188,
0.483078,
0.17625,
1.53336,
1.68413,
6.80174,
1.96082,
1.05781,
5.91614,
3.54895,
2.26208,
1.86917,
0.404118,
5.4163,
4.08817,
0.0857536,
0.703565,
2.78917,
0.0192544,
1.46803,
0.163747,
0.32911,
1.2424,
24.9497,
1.57809,
4.87792,
1.083,
0.771629,
0.0779296,
1.2693,
0.0997376,
0.321667,
4.19157,
2.94389,
0.724538,
8.15653,
9.46398,
3.767,
1.4734,
5.15436,
0.909414,
0.936694,
3.39672,
0.740013,
0.37696,
3.30041,
1.7515,
1.93467,
16.9528,
1.54898,
6.89175,
0.717712,
2.30513,
1.82708,
2.54865,
6.12921,
1.66325,
0.157878,
3.25181,
1.05157,
0.6868,
1.00525,
2.02823,
0.946278,
0.395536,
4.78964,
14.0727,
0.601174,
1.39069,
1.04449,
1.67629,
0.49472,
2.26053,
1.89988,
5.38969,
4.03977,
0.154448,
3.26732,
0.665171,
0.811856,
0.141667,
4.9925,
1.60239,
1.84559,
5.58918,
1.44472,
2.8967,
1.65422,
3.29404,
1.92088,
0.696896,
2.05798,
0.151898,
0.696387,
0.0912128,
2.12121,
1.40993,
3.26111,
0.15367,
0.302886,
1.99667,
5.08788,
0.134288,
4.99448,
2.27339,
3.42488,
5.81669,
1.6322,
2.8038,
0.164608,
0.396854,
1.10972,
3.30854,
0.372819,
0.288362,
0.239581,
2.16168,
0.0872896,
15.2087,
2.72597,
4.59366,
0.299309,
2.00005,
1.44114,
0.623149,
6.04644,
3.18378,
0.983933,
0.0890048,
3.30269,
1.14233,
1.30884,
1.66224,
4.75019,
9.06367,
2.63997,
1.21291,
2.26973,
0.826432,
2.70117,
4.60812,
0.0902752,
1.93704,
1.08005,
0.811699,
1.83517,
2.18789,
3.24084,
2.50429,
1.30833,
1.53086,
2.48153,
2.27143,
0.711264,
0.112211,
0.0519808,
1.66805,
1.32175,
10.1214,
1.19607,
0.310781,
0.663251,
5.13607,
3.80592,
3.24723,
0.51872,
5.11918,
2.59695,
1.49841,
3.92714,
0.251293,
3.43345,
1.26064,
4.6853,
1.33333,
2.58709,
4.56843,
0.390979,
0.354973,
3.8677,
0.192307,
0.388214,
0.858064,
0.570163,
0.500163,
5.41938,
5.45859,
5.50347,
0.513453,
4.0344,
8.14359,
2.46828,
2.37152,
3.01064,
0.853491,
0.282621,
1.07298,
0.260266,
1.38325,
3.04414,
0.89639,
0.965648,
10.5946,
0.637574,
11.492,
4.84611,
2.57221,
0.28088,
5.86652,
2.25614,
1.95837,
1.96604,
3.06943,
0.107459,
0.91545,
1.27511,
0.19544,
0.171539,
0.474406,
0.844762,
11.8361,
4.63127,
0.882214,
1.65611,
0.979741,
15.2112,
0.129005,
8.51198,
1.81896,
0.269443,
1.16952,
0.991984,
13.7793,
2.60725,
0.918563,
0.202106,
2.13665,
0.455005,
1.18943,
5.66614,
0.81031,
1.12273,
0.871386,
6.5094,
0.380832,
2.95526,
0.511469,
0.818256,
1.99324,
1.94163,
2.79513,
43.6878,
18.7349,
1.55729,
3.87943,
0.0771168,
0.564147,
2.36106,
21.6891,
6.51861,
0.463824,
4.59141,
1.33685,
1.14683,
1.04883,
1.02658,
1.48038,
2.24416,
0.0214624,
1.23728,
1.58358,
11.2241,
3.31394,
0.857184,
0.941757,
1.58671,
9.71067,
3.22848,
9.30869,
0.526771,
1.70924,
1.88577,
0.210512,
2.70706,
3.70339,
2.61389,
0.27168,
0.974794,
0.60073,
4.49501,
0.103635,
0.12881,
1.97713,
6.65014,
0.308874,
6.93648,
1.54525,
2.33874,
0.684294,
5.9751,
0.846211,
6.71344,
1.42247,
8.81886,
3.03276,
0.951178,
18.2098,
2.06286,
4.91068,
0.657699,
2.51688,
2.17857,
0.654483,
2.21555,
4.09197,
0.291197,
3.37325,
3.20488,
1.85568,
4.85363,
8.6167,
0.255155,
2.5156,
0.702451,
0.989514,
0.59088,
0.501894,
8.93485,
0.948653,
2.1755,
1.33027,
4.209,
3.80345,
9.18591,
0.613827,
1.07154,
1.16681,
0.709795,
14.5637,
0.0449344,
0.682182,
4.97634,
3.33081,
8.4928,
1.12475,
2.37294,
3.9601,
0.639939,
1.64132,
1.37331,
0.95543,
1.22379,
4.72548,
0.12912,
4.78375,
1.04551,
13.1598,
1.61535,
2.15187,
0.898176,
2.06853,
5.48484,
1.29234,
19.7843,
0.980669,
0.262051,
6.62352,
14.5079,
4.16195,
2.50914,
1.94666,
0.34073,
12.9742,
1.60496,
1.58272,
1.31867,
1.05388,
0.69001,
2.60964,
3.22693,
0.387011,
0.465757,
13.3215,
1.3348,
0.424554,
0.583526,
17.7663,
0.471318,
5.46095,
1.8455,
1.26347,
1.28249,
0.693632,
1.92064,
0.353974,
8.27301,
2.43183,
0.48121,
1.59327,
1.9214,
4.81544,
0.617251,
4.67464,
1.96794,
7.47116,
5.64072,
0.537923,
1.47841,
