67.0,940800.0,69.0,
57.0,941360.0,24.0,
38.0,6615674.0,35.0,
73.0,10368.0,10336.0,
97.0,225792.0,251.0,
93.0,157113.0,653.0,
50.0,1921964.0,95.0,
59.0,160524.0,806.0,
123.0,61393.0,1046.0,
121.0,2017200.0,14.0,
50.0,1169640.0,68.0,
71.0,502897.0,152.0,
33.0,102973.0,545.0,
31.0,2286144.0,97.0,
127.0,439280.0,97.0,
98.0,56448.0,1179.0,
13.0,2949120.0,237.0,
37.0,131118.0,1412.0,
68.0,567000.0,77.0,
69.0,36000.0,1852.0,
45.0,736368.0,124.0,
57.0,2114706.0,56.0,
14.0,7220.0,53042.0,
17.0,6130890.0,51.0,
106.0,74725.0,60.0,
14.0,862407.0,651.0,
7.0,750200.0,22.0,
54.0,44469.0,2906.0,
113.0,63504.0,924.0,
29.0,294000.0,440.0,
59.0,214245.0,539.0,
71.0,245072.0,198.0,
125.0,220892.0,151.0,
7.0,242000.0,3170.0,
31.0,666468.0,171.0,
25.0,113288.0,771.0,
84.0,19652.0,2693.0,
97.0,220000.0,125.0,
116.0,23698.0,2385.0,
36.0,1003275.0,49.0,
11.0,3398400.0,100.0,
123.0,750000.0,23.0,
94.0,617812.0,21.0,
42.0,106722.0,1317.0,
60.0,252333.0,423.0,
98.0,6400.0,4205.0,
52.0,366912.0,284.0,
27.0,35557.0,5127.0,
82.0,196608.0,351.0,
66.0,124509.0,308.0,
125.0,1516860.0,34.0,
92.0,1009899.0,14.0,
38.0,1544994.0,56.0,
45.0,603288.0,167.0,
52.0,5057178.0,30.0,
67.0,3145464.0,38.0,
107.0,22500.0,4137.0,
128.0,1347840.0,56.0,
18.0,1294720.0,340.0,
38.0,895068.0,15.0,
94.0,131424.0,187.0,
113.0,488136.0,88.0,
53.0,771579.0,195.0,
2.0,310464.0,236.0,
93.0,95175.0,684.0,
28.0,64980.0,5440.0,
35.0,663065.0,152.0,
19.0,12222432.0,20.0,
120.0,214245.0,332.0,
87.0,286720.0,68.0,
46.0,3643292.0,15.0,
19.0,390150.0,664.0,
19.0,5459614.0,80.0,
26.0,129792.0,47.0,
81.0,405224.0,184.0,
39.0,19044.0,20.0,
85.0,614656.0,57.0,
95.0,297920.0,305.0,
79.0,15876.0,1643.0,
7.0,486720.0,1432.0,
62.0,2081475.0,38.0,
56.0,944784.0,66.0,
126.0,70516.0,515.0,
112.0,124579.0,663.0,
98.0,119232.0,781.0,
57.0,166419.0,1030.0,
101.0,1444.0,62019.0,
43.0,244068.0,140.0,
126.0,2571912.0,25.0,
96.0,388129.0,157.0,
108.0,223293.0,322.0,
109.0,98000.0,417.0,
57.0,220900.0,432.0,
13.0,2189216.0,139.0,
51.0,719104.0,149.0,
82.0,946400.0,126.0,
21.0,15463.0,25643.0,
11.0,416295.0,403.0,
111.0,50688.0,1631.0,
11.0,847989.0,326.0,
116.0,505400.0,102.0,
67.0,14534.0,932.0,
55.0,260100.0,664.0,
27.0,5437824.0,59.0,
33.0,6666948.0,23.0,
13.0,10800.0,19776.0,
30.0,1116814.0,279.0,
11.0,7983855.0,60.0,
81.0,79200.0,730.0,
111.0,150544.0,299.0,
122.0,2079360.0,11.0,
49.0,201020.0,992.0,
62.0,692550.0,224.0,
66.0,2425.0,43022.0,
117.0,1705860.0,20.0,
73.0,1202850.0,110.0,
122.0,505197.0,54.0,
107.0,76531.0,986.0,
123.0,174375.0,338.0,
115.0,1932724.0,43.0,
110.0,264915.0,326.0,
67.0,156996.0,356.0,
42.0,222912.0,462.0,
24.0,229376.0,954.0,
118.0,8036.0,2103.0,
88.0,70713.0,198.0,
15.0,186624.0,1286.0,
119.0,47916.0,961.0,
106.0,1188207.0,69.0,
73.0,331056.0,403.0,
56.0,2773650.0,37.0,
31.0,2381400.0,21.0,
95.0,164738.0,616.0,
107.0,44469.0,1382.0,
117.0,1314240.0,12.0,
53.0,36162.0,4474.0,
104.0,129960.0,74.0,
11.0,2808450.0,116.0,
21.0,1260832.0,51.0,
82.0,118336.0,871.0,
13.0,600848.0,289.0,
109.0,12544.0,5770.0,
40.0,1137302.0,98.0,
99.0,665856.0,101.0,
49.0,2446472.0,77.0,
47.0,168948.0,518.0,
121.0,95304.0,608.0,
77.0,209088.0,316.0,
63.0,612912.0,54.0,
3.0,5899981.0,155.0,
86.0,133308.0,471.0,
113.0,1771938.0,48.0,
97.0,804287.0,11.0,
112.0,11250.0,3002.0,
31.0,4243600.0,20.0,
29.0,438893.0,449.0,
119.0,104040.0,377.0,
124.0,2346687.0,25.0,
8.0,4605363.0,121.0,
74.0,1779063.0,60.0,
45.0,355348.0,433.0,
47.0,734193.0,204.0,
69.0,26011.0,11.0,
9.0,2036385.0,436.0,
5.0,8031511.0,93.0,
108.0,63878.0,974.0,
54.0,437400.0,11.0,
20.0,309809.0,279.0,
55.0,141120.0,1256.0,
78.0,561249.0,202.0,
106.0,147928.0,597.0,
103.0,80063.0,1176.0,
107.0,20000.0,4218.0,
18.0,1065600.0,30.0,
41.0,64152.0,2577.0,
76.0,9408.0,5635.0,
28.0,444375.0,155.0,
42.0,100949.0,1977.0,
14.0,1449023.0,438.0,
100.0,150579.0,406.0,
49.0,1184625.0,126.0,
64.0,10800.0,13128.0,
15.0,1553664.0,13.0,
63.0,948708.0,84.0,
50.0,1846881.0,69.0,
101.0,774192.0,122.0,
15.0,4599936.0,37.0,
32.0,286875.0,360.0,
7.0,186245.0,2135.0,
29.0,720742.0,217.0,
50.0,47526.0,3445.0,
34.0,1026675.0,237.0,
28.0,2525508.0,19.0,
104.0,188384.0,261.0,
64.0,42588.0,1463.0,
40.0,51030.0,3646.0,
80.0,29160.0,3232.0,
24.0,86436.0,1612.0,
63.0,174375.0,304.0,
54.0,721287.0,70.0,
67.0,1824080.0,50.0,
56.0,558092.0,230.0,
16.0,57475.0,6757.0,
22.0,542225.0,153.0,
42.0,235480.0,60.0,
42.0,1029488.0,212.0,
8.0,498888.0,1587.0,
9.0,455058.0,260.0,
92.0,41334.0,2234.0,
127.0,980100.0,49.0,
89.0,536238.0,65.0,
34.0,154791.0,1026.0,
57.0,207576.0,680.0,
52.0,89088.0,1041.0,
94.0,236196.0,25.0,
75.0,110592.0,535.0,
50.0,19941.0,2121.0,
113.0,751581.0,48.0,
122.0,117734.0,566.0,
42.0,1008000.0,209.0,
54.0,70516.0,1482.0,
29.0,1048383.0,60.0,
15.0,1321677.0,470.0,
17.0,39600.0,12949.0,
54.0,337657.0,154.0,
29.0,33792.0,8800.0,
62.0,125550.0,317.0,
122.0,197136.0,325.0,
35.0,2243059.0,76.0,
46.0,613868.0,29.0,
13.0,6705993.0,32.0,
127.0,99144.0,527.0,
31.0,1028196.0,235.0,
84.0,41472.0,2060.0,
26.0,1608255.0,95.0,
9.0,6534.0,62424.0,
34.0,6038672.0,28.0,
113.0,225000.0,22.0,
86.0,320252.0,294.0,
56.0,792825.0,125.0,
110.0,19360.0,1208.0,
107.0,1084248.0,50.0,
45.0,152561.0,407.0,
11.0,132799.0,6528.0,
73.0,520251.0,28.0,
111.0,2704.0,14511.0,
84.0,234623.0,50.0,
19.0,264275.0,1872.0,
90.0,453871.0,213.0,
58.0,37559.0,1933.0,
117.0,4361.0,1348.0,
79.0,15210.0,5231.0,
82.0,367598.0,167.0,
13.0,369024.0,1228.0,
64.0,151250.0,223.0,
81.0,316231.0,87.0,
78.0,130000.0,372.0,
80.0,52020.0,812.0,
60.0,2324168.0,48.0,
16.0,2614689.0,195.0,
102.0,93775.0,244.0,
121.0,6171.0,10014.0,
128.0,828144.0,46.0,
54.0,176967.0,750.0,
15.0,2099136.0,296.0,
112.0,203456.0,356.0,
128.0,192474.0,321.0,
52.0,1089936.0,25.0,
92.0,204363.0,470.0,
99.0,18150.0,2708.0,
86.0,1203125.0,40.0,
97.0,8427.0,515.0,
58.0,547600.0,56.0,
102.0,7098.0,6607.0,
103.0,1258884.0,62.0,
120.0,73500.0,75.0,
23.0,1386240.0,152.0,
44.0,2304533.0,22.0,
18.0,2359296.0,16.0,
48.0,19683.0,9317.0,
84.0,726624.0,41.0,
14.0,8073600.0,19.0,
39.0,344124.0,544.0,
105.0,342176.0,238.0,
55.0,1377800.0,82.0,
94.0,15876.0,6637.0,
53.0,49923.0,839.0,
24.0,1451358.0,94.0,
108.0,609917.0,104.0,
12.0,470448.0,1232.0,
90.0,19941.0,2561.0,
107.0,49000.0,276.0,
125.0,1157184.0,41.0,
87.0,109091.0,794.0,
28.0,160550.0,2184.0,
120.0,55473.0,978.0,
85.0,91728.0,814.0,
113.0,125939.0,196.0,
123.0,152971.0,323.0,
95.0,65700.0,339.0,
44.0,80850.0,2325.0,
28.0,156800.0,1586.0,
89.0,136125.0,757.0,
46.0,6870864.0,17.0,
120.0,18432.0,1127.0,
40.0,189728.0,22.0,
44.0,323400.0,102.0,
22.0,126960.0,251.0,
48.0,61347.0,1480.0,
70.0,63504.0,1956.0,
64.0,388800.0,354.0,
42.0,725679.0,17.0,
65.0,984375.0,54.0,
74.0,772265.0,53.0,
60.0,10890.0,2623.0,
118.0,96775.0,508.0,
117.0,266418.0,254.0,
101.0,26325.0,2242.0,
97.0,629693.0,136.0,
51.0,1354836.0,111.0,
70.0,2202256.0,23.0,
68.0,11200.0,6879.0,
93.0,166050.0,578.0,
122.0,260100.0,84.0,
120.0,123480.0,57.0,
31.0,332928.0,32.0,
21.0,160380.0,1113.0,
117.0,264191.0,98.0,
100.0,1232100.0,55.0,
12.0,242406.0,323.0,
22.0,257004.0,1127.0,
21.0,6471495.0,35.0,
128.0,107800.0,414.0,
43.0,161472.0,881.0,
86.0,60000.0,1226.0,
67.0,697500.0,74.0,
69.0,28175.0,1557.0,
51.0,51301.0,1236.0,
96.0,9126.0,6997.0,
99.0,12615.0,7130.0,
109.0,313600.0,94.0,
123.0,2272189.0,32.0,
52.0,553536.0,200.0,
70.0,500926.0,30.0,
88.0,413820.0,93.0,
56.0,36000.0,2526.0,
40.0,266256.0,622.0,
47.0,32912.0,4698.0,
70.0,201640.0,257.0,
126.0,363.0,8711.0,
40.0,385385.0,454.0,
92.0,23104.0,1791.0,
30.0,847.0,321602.0,
116.0,348750.0,131.0,
59.0,11250.0,7397.0,
115.0,81648.0,406.0,
46.0,642978.0,270.0,
94.0,21780.0,3071.0,
94.0,35017.0,92.0,
89.0,1093750.0,65.0,
121.0,6480.0,10741.0,
35.0,135200.0,60.0,
61.0,250173.0,389.0,
103.0,960756.0,24.0,
89.0,740050.0,62.0,
55.0,6800.0,1040.0,
104.0,361978.0,169.0,
76.0,189771.0,434.0,
125.0,1522224.0,45.0,
21.0,1353600.0,187.0,
25.0,324000.0,1003.0,
13.0,2893401.0,152.0,
101.0,2585664.0,22.0,
61.0,3499200.0,33.0,
75.0,351714.0,108.0,
114.0,37908.0,415.0,
75.0,1184128.0,73.0,
47.0,211932.0,152.0,
82.0,282576.0,430.0,
34.0,17908.0,6096.0,
113.0,35721.0,337.0,
31.0,767232.0,164.0,
10.0,159607.0,5909.0,
82.0,1125.0,72259.0,
89.0,152703.0,22.0,
123.0,5751.0,3740.0,
11.0,1018464.0,415.0,
32.0,591300.0,12.0,
70.0,15523.0,8384.0,
61.0,799848.0,148.0,
22.0,46575.0,6950.0,
22.0,12381677.0,25.0,
91.0,460800.0,110.0,
75.0,430528.0,286.0,
117.0,428652.0,194.0,
54.0,1219985.0,102.0,
50.0,15895.0,1551.0,
97.0,510000.0,182.0,
81.0,83232.0,306.0,
53.0,804447.0,93.0,
121.0,161262.0,326.0,
79.0,606528.0,151.0,
28.0,23328.0,3844.0,
125.0,40000.0,1887.0,
65.0,6776.0,19144.0,
60.0,75816.0,1987.0,
3.0,1909616.0,202.0,
32.0,1137645.0,112.0,
72.0,164025.0,310.0,
7.0,275560.0,1346.0,
73.0,135936.0,889.0,
26.0,9800.0,21692.0,
88.0,1273164.0,41.0,
3.0,11443328.0,71.0,
105.0,452025.0,99.0,
64.0,508200.0,131.0,
72.0,851968.0,100.0,
106.0,14406.0,4025.0,
81.0,621264.0,191.0,
24.0,254016.0,839.0,
125.0,732050.0,82.0,
101.0,22000.0,1620.0,
52.0,12005.0,2893.0,
128.0,460800.0,23.0,
113.0,108160.0,706.0,
98.0,329315.0,97.0,
65.0,152500.0,700.0,
119.0,596288.0,74.0,
103.0,29792.0,1507.0,
91.0,397375.0,156.0,
126.0,67416.0,315.0,
112.0,581839.0,123.0,
35.0,860672.0,47.0,
34.0,7407623.0,36.0,
58.0,3420.0,50121.0,
44.0,4772131.0,44.0,
104.0,1988100.0,41.0,
58.0,23296.0,1713.0,
96.0,9900.0,4893.0,
117.0,85536.0,198.0,
69.0,495144.0,135.0,
104.0,196608.0,484.0,
114.0,76800.0,257.0,
16.0,1939248.0,87.0,
99.0,65610.0,976.0,
77.0,27508.0,2616.0,
43.0,91854.0,401.0,
36.0,451632.0,251.0,
27.0,234650.0,384.0,
60.0,205000.0,176.0,
87.0,102010.0,796.0,
31.0,2452484.0,68.0,
124.0,1183.0,22628.0,
113.0,220932.0,77.0,
120.0,16184.0,3086.0,
91.0,20286.0,5203.0,
116.0,1893213.0,42.0,
63.0,55470.0,2685.0,
56.0,1154048.0,14.0,
44.0,52272.0,4153.0,
128.0,77616.0,561.0,
78.0,1145144.0,98.0,
38.0,144400.0,207.0,
54.0,2523725.0,60.0,
122.0,386019.0,92.0,
104.0,40656.0,2349.0,
111.0,62001.0,858.0,
49.0,2247264.0,80.0,
119.0,97336.0,227.0,
73.0,767083.0,26.0,
92.0,59711.0,153.0,
103.0,453024.0,117.0,
113.0,918090.0,15.0,
92.0,187425.0,566.0,
83.0,18513.0,718.0,
68.0,46240.0,1384.0,
2.0,4285736.0,38.0,
83.0,52215.0,1730.0,
36.0,437472.0,121.0,
48.0,1726596.0,114.0,
85.0,367701.0,115.0,
31.0,440725.0,658.0,
52.0,64512.0,1946.0,
19.0,4235364.0,82.0,
35.0,135000.0,1621.0,
113.0,245572.0,268.0,
8.0,2651184.0,105.0,
76.0,348100.0,66.0,
114.0,5096.0,6188.0,
64.0,20230.0,7392.0,
11.0,22367744.0,12.0,
47.0,147875.0,326.0,
29.0,119232.0,1011.0,
34.0,114873.0,735.0,
127.0,1113874.0,41.0,
10.0,402192.0,804.0,
113.0,308906.0,278.0,
27.0,875520.0,89.0,
63.0,7225.0,12152.0,
80.0,102752.0,370.0,
48.0,127581.0,711.0,
76.0,2420.0,35593.0,
58.0,2401.0,21078.0,
28.0,1352400.0,35.0,
126.0,1452.0,22416.0,
69.0,50960.0,352.0,
79.0,277200.0,226.0,
94.0,186576.0,106.0,
43.0,485222.0,378.0,
100.0,8232.0,3650.0,
51.0,83232.0,1420.0,
110.0,27744.0,483.0,
111.0,357035.0,40.0,
96.0,30685.0,141.0,
65.0,471744.0,133.0,
30.0,1512300.0,163.0,
115.0,21150.0,2271.0,
11.0,443904.0,1846.0,
113.0,1400.0,1325.0,
85.0,145656.0,248.0,
10.0,71148.0,12734.0,
9.0,1405536.0,23.0,
51.0,381216.0,38.0,
113.0,341775.0,186.0,
107.0,33792.0,714.0,
115.0,441864.0,29.0,
68.0,159870.0,411.0,
34.0,7797600.0,23.0,
84.0,801792.0,41.0,
7.0,15769728.0,41.0,
44.0,1543275.0,76.0,
99.0,60750.0,53.0,
43.0,24909.0,6017.0,
15.0,526683.0,937.0,
31.0,665364.0,44.0,
19.0,168750.0,1983.0,
108.0,21689.0,1605.0,
75.0,649539.0,136.0,
31.0,79763.0,340.0,
26.0,8865893.0,18.0,
101.0,57624.0,127.0,
101.0,561690.0,141.0,
123.0,3332.0,18695.0,
70.0,2299.0,54934.0,
60.0,92480.0,664.0,
96.0,48598.0,161.0,
68.0,106134.0,1200.0,
125.0,147928.0,360.0,
98.0,21168.0,4635.0,
29.0,627264.0,43.0,
108.0,268119.0,222.0,
75.0,156672.0,843.0,
76.0,140450.0,846.0,
31.0,796005.0,328.0,
110.0,52992.0,355.0,
103.0,49284.0,692.0,
85.0,61731.0,228.0,
67.0,173056.0,504.0,
14.0,160000.0,2918.0,
76.0,495292.0,169.0,
35.0,1002528.0,64.0,
72.0,70516.0,577.0,
29.0,317709.0,649.0,
30.0,22382.0,11317.0,
53.0,50540.0,2180.0,
53.0,14884.0,1618.0,
61.0,1324800.0,38.0,
28.0,515205.0,460.0,
47.0,1898208.0,97.0,
63.0,320252.0,465.0,
11.0,52983.0,2057.0,
85.0,134832.0,541.0,
62.0,710124.0,47.0,
31.0,51200.0,6197.0,
84.0,94608.0,159.0,
22.0,85529.0,1971.0,
41.0,1995552.0,23.0,
24.0,1990656.0,47.0,
87.0,349811.0,200.0,
125.0,285442.0,231.0,
72.0,19800.0,430.0,
119.0,113400.0,292.0,
28.0,54756.0,6497.0,
106.0,1179136.0,69.0,
25.0,35525.0,9183.0,
26.0,24375.0,9707.0,
116.0,86975.0,367.0,
27.0,50575.0,3667.0,
81.0,1005431.0,72.0,
62.0,345397.0,72.0,
37.0,1381203.0,49.0,
28.0,3890698.0,66.0,
42.0,2450250.0,14.0,
123.0,105644.0,756.0,
46.0,5929991.0,14.0,
62.0,821916.0,53.0,
27.0,2082314.0,88.0,
122.0,25392.0,1617.0,
93.0,33124.0,1208.0,
28.0,709676.0,16.0,
93.0,79092.0,1012.0,
102.0,2562768.0,19.0,
83.0,39884.0,2861.0,
87.0,30976.0,2254.0,
33.0,527076.0,458.0,
89.0,84942.0,953.0,
98.0,76832.0,200.0,
101.0,234484.0,160.0,
39.0,243648.0,319.0,
76.0,15488.0,1049.0,
24.0,339512.0,295.0,
108.0,81675.0,922.0,
64.0,22188.0,617.0,
8.0,7930353.0,59.0,
95.0,132300.0,670.0,
84.0,845152.0,78.0,
64.0,24863.0,6075.0,
104.0,279936.0,166.0,
24.0,6084.0,63453.0,
16.0,35200.0,7613.0,
72.0,17689.0,1865.0,
105.0,2904.0,12822.0,
88.0,161840.0,33.0,
116.0,52224.0,1459.0,
104.0,662796.0,11.0,
64.0,669879.0,54.0,
66.0,79092.0,569.0,
10.0,100842.0,9875.0,
27.0,8255951.0,41.0,
92.0,26450.0,1699.0,
75.0,405224.0,122.0,
105.0,1071927.0,34.0,
91.0,435062.0,12.0,
121.0,522261.0,80.0,
97.0,59049.0,180.0,
98.0,3643292.0,15.0,
24.0,3127977.0,27.0,
97.0,1040400.0,47.0,
45.0,150000.0,1311.0,
31.0,49392.0,3680.0,
17.0,376884.0,858.0,
94.0,58806.0,1387.0,
125.0,368.0,37217.0,
101.0,32798.0,1116.0,
97.0,2160.0,22851.0,
34.0,165669.0,1011.0,
48.0,44436.0,3474.0,
126.0,180353.0,11.0,
34.0,182183.0,1151.0,
64.0,3616300.0,18.0,
21.0,181012.0,2179.0,
67.0,158976.0,23.0,
101.0,154587.0,264.0,
117.0,45980.0,1101.0,
77.0,28577.0,480.0,
118.0,4356.0,12542.0,
69.0,184275.0,84.0,
116.0,2451648.0,10.0,
45.0,81461.0,1271.0,
13.0,5900466.0,106.0,
115.0,344450.0,123.0,
114.0,932908.0,46.0,
121.0,1376739.0,20.0,
123.0,41140.0,1922.0,
123.0,92480.0,464.0,
85.0,1387152.0,10.0,
111.0,69803.0,409.0,
69.0,1487467.0,27.0,
33.0,1253160.0,90.0,
63.0,161604.0,597.0,
109.0,107648.0,464.0,
125.0,98192.0,229.0,
61.0,586654.0,123.0,
34.0,55112.0,2939.0,
27.0,72128.0,4090.0,
66.0,529200.0,206.0,
48.0,273861.0,755.0,
28.0,26950.0,434.0,
103.0,316932.0,149.0,
67.0,203840.0,460.0,
91.0,98304.0,113.0,
25.0,1719569.0,181.0,
39.0,3077272.0,27.0,
38.0,21675.0,4996.0,
71.0,3385600.0,35.0,
39.0,1183744.0,37.0,
116.0,1059782.0,40.0,
39.0,1029.0,186800.0,
98.0,45980.0,843.0,
87.0,119852.0,399.0,
76.0,24832.0,4394.0,
55.0,133100.0,149.0,
57.0,613089.0,24.0,
14.0,62475.0,5180.0,
102.0,42350.0,142.0,
74.0,2450.0,20136.0,
123.0,1198881.0,41.0,
117.0,700000.0,19.0,
9.0,463704.0,1981.0,
45.0,4508.0,10652.0,
105.0,15525.0,4973.0,
11.0,3747900.0,145.0,
102.0,3584.0,21954.0,
55.0,45486.0,1048.0,
63.0,127690.0,1198.0,
12.0,2957877.0,241.0,
8.0,3644850.0,123.0,
96.0,160688.0,532.0,
40.0,6144.0,30684.0,
6.0,235824.0,3153.0,
58.0,501622.0,312.0,
106.0,160816.0,39.0,
84.0,182574.0,442.0,
35.0,134657.0,786.0,
114.0,32674.0,771.0,
111.0,186624.0,124.0,
49.0,221728.0,868.0,
126.0,606472.0,26.0,
56.0,176890.0,287.0,
6.0,262440.0,3792.0,
10.0,2313056.0,348.0,
68.0,671536.0,187.0,
30.0,254016.0,140.0,
106.0,305184.0,264.0,
69.0,287296.0,431.0,
49.0,1836025.0,60.0,
33.0,175000.0,658.0,
70.0,156333.0,254.0,
76.0,928746.0,94.0,
28.0,1690.0,101218.0,
31.0,4002768.0,31.0,
13.0,1436480.0,123.0,
86.0,103428.0,126.0,
22.0,366892.0,519.0,
62.0,219961.0,521.0,
13.0,510300.0,957.0,
76.0,223260.0,91.0,
103.0,7290.0,6120.0,
126.0,98865.0,712.0,
18.0,5307783.0,74.0,
20.0,79524.0,1553.0,
95.0,205932.0,175.0,
77.0,180000.0,165.0,
61.0,64736.0,2037.0,
90.0,176824.0,42.0,
44.0,556875.0,45.0,
99.0,81733.0,309.0,
26.0,486.0,286140.0,
90.0,201840.0,444.0,
119.0,401841.0,186.0,
79.0,29375.0,1255.0,
102.0,6561.0,9433.0,
10.0,447534.0,804.0,
74.0,48672.0,308.0,
42.0,3927276.0,41.0,
119.0,249640.0,144.0,
61.0,500926.0,88.0,
73.0,156645.0,534.0,
103.0,1296.0,63963.0,
67.0,116424.0,988.0,
40.0,1853577.0,88.0,
23.0,277200.0,987.0,
19.0,14779219.0,22.0,
119.0,21609.0,2584.0,
23.0,561836.0,456.0,
120.0,1420177.0,33.0,
102.0,52500.0,1671.0,
105.0,178771.0,384.0,
98.0,52900.0,1476.0,
70.0,3564.0,34509.0,
6.0,244634.0,3168.0,
122.0,3083198.0,18.0,
67.0,3610.0,30972.0,
67.0,794976.0,100.0,
113.0,4508.0,13538.0,
67.0,78141.0,1681.0,
10.0,181548.0,1115.0,
19.0,172800.0,22.0,
72.0,445900.0,212.0,
89.0,246960.0,259.0,
15.0,147968.0,4016.0,
69.0,1794112.0,14.0,
27.0,57245.0,4226.0,
9.0,3091667.0,18.0,
10.0,1108992.0,28.0,
56.0,298908.0,363.0,
111.0,1410981.0,13.0,
22.0,496375.0,167.0,
50.0,735875.0,132.0,
103.0,915255.0,52.0,
87.0,3528.0,28237.0,
107.0,1309275.0,33.0,
5.0,7987680.0,107.0,
10.0,732633.0,1268.0,
77.0,446148.0,132.0,
23.0,654493.0,217.0,
114.0,265356.0,261.0,
42.0,649522.0,324.0,
99.0,313664.0,158.0,
128.0,32670.0,1332.0,
97.0,8427.0,10766.0,
31.0,1500625.0,42.0,
114.0,281250.0,186.0,
86.0,1030900.0,51.0,
16.0,16978750.0,16.0,
64.0,104188.0,1021.0,
57.0,5068336.0,33.0,
53.0,43125.0,2274.0,
100.0,93217.0,715.0,
41.0,767050.0,21.0,
50.0,765486.0,129.0,
96.0,65600.0,520.0,
36.0,3039584.0,56.0,
22.0,520000.0,575.0,
45.0,2938386.0,61.0,
119.0,117045.0,679.0,
99.0,84240.0,851.0,
74.0,395032.0,188.0,
109.0,107604.0,579.0,
101.0,34375.0,1279.0,
33.0,33635.0,6441.0,
65.0,355743.0,150.0,
32.0,66816.0,3219.0,
19.0,5216450.0,45.0,
119.0,629356.0,69.0,
49.0,585565.0,121.0,
55.0,1912779.0,21.0,
67.0,185020.0,800.0,
10.0,27378.0,4349.0,
82.0,240254.0,26.0,
46.0,1140399.0,114.0,
58.0,38686.0,3773.0,
31.0,656658.0,307.0,
19.0,457776.0,600.0,
61.0,207360.0,16.0,
103.0,946832.0,65.0,
87.0,4851.0,16320.0,
83.0,61268.0,551.0,
42.0,26136.0,8489.0,
33.0,3339096.0,26.0,
72.0,576888.0,145.0,
73.0,1248743.0,36.0,
106.0,388075.0,154.0,
107.0,10830.0,1353.0,
62.0,26460.0,4089.0,
111.0,1053696.0,26.0,
6.0,17725976.0,10.0,
44.0,165336.0,152.0,
22.0,2207744.0,141.0,
39.0,883728.0,205.0,
84.0,32500.0,558.0,
90.0,26244.0,1903.0,
69.0,60000.0,53.0,
66.0,2048288.0,31.0,
43.0,805376.0,164.0,
42.0,1854492.0,26.0,
89.0,201640.0,75.0,
53.0,56628.0,1266.0,
32.0,2234325.0,80.0,
56.0,35287.0,4175.0,
77.0,129430.0,905.0,
101.0,967572.0,44.0,
96.0,238572.0,353.0,
52.0,865280.0,107.0,
8.0,117504.0,417.0,
44.0,11264.0,19001.0,
83.0,1862.0,37394.0,
93.0,368475.0,208.0,
113.0,239292.0,71.0,
90.0,4153344.0,21.0,
124.0,1634091.0,20.0,
95.0,1052700.0,29.0,
123.0,3038.0,762.0,
122.0,466560.0,79.0,
127.0,43218.0,22.0,
61.0,1321397.0,97.0,
96.0,254016.0,268.0,
100.0,405504.0,145.0,
127.0,1152.0,53450.0,
124.0,25721.0,2021.0,
81.0,1147041.0,14.0,
99.0,415152.0,32.0,
128.0,764048.0,56.0,
11.0,145800.0,1506.0,
35.0,49284.0,2901.0,
100.0,5632.0,8107.0,
125.0,327610.0,183.0,
96.0,2250.0,7629.0,
55.0,204490.0,516.0,
8.0,190512.0,530.0,
91.0,14400.0,5791.0,
121.0,361836.0,62.0,
29.0,890000.0,280.0,
70.0,44100.0,729.0,
105.0,51200.0,483.0,
117.0,730000.0,78.0,
46.0,413343.0,23.0,
76.0,5046.0,23117.0,
56.0,1166592.0,83.0,
45.0,1942148.0,80.0,
98.0,490050.0,165.0,
127.0,5184.0,5375.0,
78.0,70400.0,929.0,
38.0,453152.0,55.0,
31.0,1295061.0,161.0,
42.0,1073574.0,78.0,
32.0,2000000.0,94.0,
62.0,12032.0,8483.0,
43.0,69192.0,49.0,
17.0,1016576.0,310.0,
89.0,197392.0,17.0,
55.0,1175.0,135028.0,
23.0,2108304.0,129.0,
34.0,35443.0,6592.0,
66.0,4380649.0,30.0,
92.0,177744.0,21.0,
17.0,78400.0,2682.0,
24.0,248832.0,466.0,
37.0,1368464.0,39.0,
65.0,1128256.0,69.0,
38.0,12348.0,12194.0,
76.0,226800.0,552.0,
62.0,25578.0,5409.0,
53.0,451156.0,296.0,
27.0,2605872.0,83.0,
107.0,88064.0,651.0,
13.0,603612.0,818.0,
117.0,712975.0,112.0,
111.0,415662.0,212.0,
106.0,143888.0,507.0,
125.0,53792.0,1186.0,
49.0,271472.0,176.0,
128.0,413952.0,163.0,
101.0,1622025.0,58.0,
56.0,121680.0,281.0,
65.0,12943.0,7430.0,
103.0,111188.0,132.0,
87.0,51250.0,243.0,
113.0,859625.0,39.0,
109.0,3159.0,12050.0,
91.0,52272.0,1792.0,
113.0,245050.0,216.0,
12.0,2143294.0,171.0,
67.0,24320.0,4625.0,
47.0,2507596.0,73.0,
39.0,19363.0,2960.0,
47.0,166419.0,24.0,
70.0,1013931.0,125.0,
12.0,2563280.0,236.0,
31.0,1548800.0,166.0,
38.0,1867500.0,121.0,
87.0,549824.0,163.0,
119.0,1590480.0,44.0,
27.0,443760.0,243.0,
126.0,331875.0,69.0,
103.0,601996.0,153.0,
76.0,60025.0,1125.0,
45.0,12960.0,16423.0,
46.0,349774.0,274.0,
27.0,135424.0,2387.0,
69.0,1203052.0,68.0,
82.0,87552.0,356.0,
46.0,1078125.0,70.0,
82.0,193600.0,459.0,
116.0,465831.0,126.0,
80.0,172032.0,589.0,
71.0,203456.0,639.0,
111.0,397620.0,70.0,
34.0,6330383.0,21.0,
50.0,10800.0,8876.0,
60.0,776223.0,31.0,
120.0,1176.0,12478.0,
67.0,597816.0,24.0,
107.0,847.0,45030.0,
60.0,1189676.0,35.0,
104.0,658244.0,140.0,
36.0,560272.0,384.0,
68.0,756900.0,173.0,
57.0,512656.0,103.0,
91.0,95506.0,216.0,
33.0,3730352.0,28.0,
21.0,978650.0,276.0,
66.0,4065600.0,32.0,
104.0,536298.0,57.0,
74.0,1815.0,58038.0,
125.0,10800.0,4179.0,
111.0,241664.0,138.0,
58.0,613868.0,123.0,
72.0,5200.0,6490.0,
87.0,1975175.0,57.0,
87.0,1474245.0,20.0,
43.0,406700.0,427.0,
10.0,684030.0,407.0,
92.0,63504.0,813.0,
87.0,158661.0,364.0,
46.0,4866800.0,20.0,
61.0,110352.0,1060.0,
25.0,5025500.0,51.0,
36.0,11875.0,11389.0,
40.0,38115.0,5168.0,
100.0,2719163.0,24.0,
46.0,2890.0,43000.0,
41.0,94208.0,966.0,
113.0,309260.0,127.0,
92.0,228096.0,353.0,
106.0,936360.0,11.0,
111.0,103428.0,365.0,
38.0,26645.0,1669.0,
51.0,82764.0,286.0,
90.0,665364.0,77.0,
126.0,18522.0,1400.0,
50.0,382500.0,337.0,
63.0,233398.0,36.0,
33.0,98304.0,2494.0,
123.0,23808.0,2557.0,
12.0,219303.0,2377.0,
111.0,146072.0,363.0,
92.0,6776.0,5171.0,
103.0,182070.0,242.0,
46.0,226233.0,931.0,
49.0,1447344.0,135.0,
38.0,69632.0,1916.0,
39.0,505521.0,104.0,
82.0,2880.0,8181.0,
79.0,2701964.0,19.0,
47.0,2401695.0,23.0,
72.0,354900.0,222.0,
80.0,154495.0,46.0,
26.0,17918.0,19059.0,
128.0,8664.0,974.0,
53.0,127008.0,552.0,
35.0,7801962.0,27.0,
12.0,3288064.0,229.0,
62.0,93775.0,112.0,
30.0,1161288.0,29.0,
102.0,1363466.0,27.0,
73.0,181476.0,249.0,
97.0,487350.0,113.0,
21.0,633680.0,736.0,
111.0,473854.0,76.0,
98.0,991440.0,68.0,
14.0,3376821.0,113.0,
100.0,962948.0,80.0,
92.0,334176.0,155.0,
45.0,192246.0,301.0,
85.0,782229.0,71.0,
51.0,1288651.0,62.0,
91.0,81675.0,117.0,
85.0,465831.0,229.0,
95.0,1297350.0,34.0,
122.0,123525.0,167.0,
35.0,1047914.0,140.0,
93.0,368186.0,83.0,
15.0,114444.0,365.0,
28.0,252300.0,22.0,
68.0,605.0,158904.0,
23.0,6079168.0,43.0,
70.0,253500.0,415.0,
24.0,4159022.0,58.0,
68.0,145152.0,66.0,
128.0,1974197.0,34.0,
122.0,1421875.0,14.0,
2.0,2966304.0,204.0,
118.0,462080.0,154.0,
48.0,437400.0,416.0,
83.0,2817402.0,33.0,
50.0,461834.0,33.0,
110.0,85583.0,428.0,
125.0,54777.0,359.0,
33.0,91091.0,3135.0,
33.0,3213675.0,38.0,
61.0,120185.0,374.0,
32.0,271040.0,574.0,
100.0,480636.0,112.0,
92.0,2592.0,37100.0,
66.0,915712.0,83.0,
43.0,8117156.0,15.0,
4.0,1874048.0,364.0,
109.0,1863.0,899.0,
18.0,294272.0,359.0,
27.0,1646568.0,92.0,
105.0,45630.0,83.0,
120.0,2940.0,3201.0,
91.0,127008.0,49.0,
101.0,523529.0,89.0,
62.0,255664.0,193.0,
67.0,103680.0,1315.0,
67.0,2916000.0,42.0,
116.0,36300.0,1034.0,
122.0,2948490.0,17.0,
88.0,95232.0,224.0,
120.0,90000.0,49.0,
112.0,103428.0,190.0,
75.0,1908.0,63997.0,
62.0,633600.0,86.0,
91.0,2627979.0,35.0,
73.0,30685.0,3797.0,
57.0,362600.0,337.0,
11.0,640820.0,293.0,
93.0,1440.0,58220.0,
121.0,531441.0,30.0,
104.0,17600.0,2664.0,
71.0,13872.0,3368.0,
47.0,134670.0,519.0,
58.0,3670870.0,44.0,
122.0,61952.0,281.0,
71.0,152352.0,401.0,
107.0,85184.0,352.0,
101.0,356400.0,50.0,
42.0,134540.0,1493.0,
17.0,3840.0,22488.0,
103.0,17956.0,1621.0,
10.0,1719108.0,45.0,
34.0,100048.0,1238.0,
102.0,14036.0,4572.0,
26.0,2592000.0,95.0,
79.0,6000.0,3683.0,
98.0,54665.0,118.0,
23.0,32368.0,1322.0,
107.0,67270.0,52.0,
126.0,493848.0,84.0,
91.0,3200.0,13779.0,
77.0,166419.0,775.0,
126.0,16072.0,1558.0,
34.0,464640.0,628.0,
127.0,174158.0,373.0,
116.0,264851.0,280.0,
79.0,25857.0,3626.0,
86.0,530160.0,58.0,
105.0,541696.0,11.0,
114.0,89600.0,721.0,
14.0,1568683.0,111.0,
13.0,712448.0,440.0,
58.0,2662.0,61078.0,
11.0,708588.0,742.0,
70.0,26460.0,2893.0,
37.0,10350.0,4149.0,
122.0,372600.0,181.0,
117.0,193600.0,88.0,
48.0,422576.0,352.0,
81.0,325467.0,331.0,
11.0,70262.0,4001.0,
121.0,465948.0,168.0,
122.0,31213.0,2060.0,
93.0,223293.0,198.0,
33.0,62694.0,3077.0,
42.0,1196032.0,89.0,
108.0,145475.0,287.0,
117.0,112896.0,450.0,
121.0,283024.0,118.0,
99.0,492075.0,12.0,
87.0,980536.0,111.0,
21.0,41624.0,6761.0,
120.0,65348.0,210.0,
62.0,303800.0,110.0,
105.0,591300.0,30.0,
106.0,1334025.0,18.0,
25.0,16400.0,16514.0,
47.0,2451648.0,57.0,
48.0,5961392.0,32.0,
128.0,54375.0,1063.0,
47.0,374616.0,138.0,
122.0,94178.0,467.0,
103.0,5568.0,7252.0,
38.0,1833261.0,108.0,
126.0,146412.0,59.0,
77.0,197568.0,625.0,
104.0,28224.0,1467.0,
115.0,426455.0,13.0,
104.0,22188.0,134.0,
37.0,2028202.0,102.0,
74.0,233280.0,500.0,
65.0,172125.0,459.0,
68.0,2246760.0,45.0,
119.0,307520.0,225.0,
84.0,172872.0,17.0,
31.0,312852.0,223.0,
72.0,128673.0,271.0,
126.0,1877636.0,21.0,
104.0,22016.0,66.0,
31.0,5191150.0,56.0,
52.0,38236.0,4377.0,
124.0,402688.0,178.0,
88.0,307200.0,287.0,
25.0,349200.0,1082.0,
62.0,397839.0,404.0,
79.0,102400.0,169.0,
68.0,137500.0,408.0,
28.0,122567.0,1604.0,
13.0,1253160.0,175.0,
68.0,123039.0,659.0,
89.0,1863324.0,44.0,
73.0,2121940.0,38.0,
127.0,96256.0,491.0,
41.0,213712.0,553.0,
48.0,973165.0,198.0,
30.0,770048.0,402.0,
105.0,170471.0,43.0,
74.0,82944.0,1569.0,
20.0,2258060.0,183.0,
84.0,1345086.0,17.0,
89.0,44528.0,329.0,
50.0,57624.0,2136.0,
11.0,189728.0,2574.0,
22.0,1102725.0,306.0,
39.0,101614.0,1490.0,
61.0,48074.0,2081.0,
105.0,146016.0,191.0,
109.0,1534825.0,17.0,
39.0,2868173.0,35.0,
8.0,15165630.0,47.0,
94.0,155316.0,551.0,
63.0,4695670.0,21.0,
76.0,76880.0,1568.0,
70.0,118825.0,131.0,
93.0,172872.0,148.0,
32.0,7761796.0,29.0,
4.0,56108.0,258.0,
93.0,8325.0,218.0,
59.0,982288.0,131.0,
107.0,191691.0,351.0,
51.0,26656.0,4693.0,
9.0,1854944.0,496.0,
103.0,25392.0,3123.0,
101.0,31212.0,2776.0,
112.0,10816.0,1099.0,
71.0,43776.0,2004.0,
116.0,494018.0,90.0,
105.0,17152.0,3923.0,
5.0,1796853.0,26.0,
29.0,224720.0,365.0,
17.0,1948338.0,293.0,
123.0,120213.0,241.0,
120.0,133650.0,110.0,
46.0,441864.0,121.0,
103.0,3572160.0,21.0,
18.0,7083531.0,27.0,
62.0,2022400.0,53.0,
82.0,13689.0,2907.0,
69.0,531441.0,152.0,
5.0,1372140.0,91.0,
86.0,47040.0,2244.0,
57.0,233227.0,48.0,
42.0,32000.0,3817.0,
75.0,1149500.0,85.0,
62.0,10584.0,4388.0,
85.0,16384.0,4405.0,
54.0,91035.0,1874.0,
93.0,295840.0,289.0,
57.0,901120.0,184.0,
63.0,2048000.0,50.0,
69.0,1708472.0,65.0,
61.0,65712.0,1941.0,
63.0,411600.0,109.0,
5.0,2930460.0,320.0,
93.0,117500.0,747.0,
75.0,32400.0,3551.0,
62.0,5625.0,13108.0,
45.0,9971.0,8287.0,
123.0,697048.0,72.0,
47.0,1078125.0,75.0,
84.0,81648.0,1295.0,
76.0,275275.0,16.0,
90.0,301644.0,301.0,
117.0,43560.0,1130.0,
82.0,676000.0,45.0,
33.0,51842.0,3037.0,
39.0,149940.0,1586.0,
70.0,1556632.0,27.0,
72.0,738684.0,143.0,
50.0,187308.0,120.0,
91.0,351424.0,74.0,
94.0,2059460.0,28.0,
95.0,137780.0,313.0,
42.0,157339.0,865.0,
58.0,566048.0,91.0,
115.0,210912.0,16.0,
65.0,182408.0,370.0,
52.0,282449.0,296.0,
51.0,762300.0,156.0,
78.0,405665.0,116.0,
16.0,1048846.0,535.0,
78.0,397620.0,289.0,
61.0,2041875.0,71.0,
5.0,1193496.0,619.0,
128.0,4356.0,6628.0,
71.0,14400.0,836.0,
99.0,29963.0,222.0,
30.0,655452.0,49.0,
68.0,575532.0,80.0,
66.0,44375.0,1192.0,
42.0,140000.0,288.0,
118.0,566636.0,148.0,
124.0,884736.0,53.0,
88.0,1216800.0,57.0,
119.0,40368.0,1779.0,
125.0,65403.0,672.0,
78.0,4799600.0,12.0,
100.0,689920.0,89.0,
68.0,516906.0,274.0,
95.0,830300.0,91.0,
39.0,172304.0,605.0,
11.0,468180.0,1587.0,
119.0,20925.0,4004.0,
99.0,800384.0,92.0,
45.0,818928.0,170.0,
72.0,24300.0,3445.0,
57.0,82800.0,316.0,
99.0,78732.0,784.0,
120.0,439002.0,90.0,
12.0,1183744.0,646.0,
116.0,30258.0,1633.0,
40.0,18688.0,6878.0,
79.0,61740.0,1427.0,
35.0,538002.0,318.0,
79.0,1000000.0,21.0,
64.0,878460.0,13.0,
117.0,37485.0,2176.0,
62.0,1694925.0,61.0,
96.0,715473.0,143.0,
13.0,7638464.0,54.0,
122.0,1218321.0,62.0,
67.0,16400.0,8112.0,
106.0,407628.0,131.0,
107.0,80000.0,159.0,
79.0,26656.0,3376.0,
80.0,30429.0,2148.0,
95.0,170108.0,56.0,
127.0,1170000.0,15.0,
102.0,59248.0,1280.0,
29.0,152064.0,1554.0,
68.0,67280.0,1325.0,
110.0,269667.0,63.0,
101.0,77326.0,642.0,
95.0,2842784.0,10.0,
49.0,240448.0,75.0,
59.0,4608.0,18574.0,
57.0,585640.0,77.0,
39.0,2203416.0,78.0,
119.0,729000.0,33.0,
77.0,2601900.0,33.0,
61.0,189771.0,102.0,
40.0,21866.0,1433.0,
98.0,30720.0,907.0,
95.0,1479200.0,48.0,
32.0,290304.0,131.0,
54.0,190440.0,735.0,
88.0,16200.0,4775.0,
12.0,175450.0,4164.0,
31.0,2587464.0,114.0,
24.0,12844.0,10797.0,
126.0,2906064.0,10.0,
108.0,504000.0,150.0,
61.0,1130652.0,53.0,
43.0,223260.0,126.0,
52.0,484416.0,288.0,
37.0,30420.0,8084.0,
102.0,24320.0,2192.0,
117.0,352336.0,32.0,
98.0,4046.0,16243.0,
49.0,14400.0,1500.0,
54.0,103194.0,959.0,
9.0,426968.0,1998.0,
92.0,67500.0,252.0,
54.0,1434726.0,61.0,
6.0,1954501.0,175.0,
105.0,7139.0,13233.0,
92.0,1193859.0,58.0,
101.0,149072.0,53.0,
76.0,195657.0,344.0,
100.0,202500.0,57.0,
48.0,63368.0,2701.0,
87.0,152944.0,31.0,
64.0,1038096.0,61.0,
52.0,63882.0,2324.0,
42.0,87318.0,1458.0,
113.0,137214.0,600.0,
121.0,56700.0,1423.0,
67.0,980.0,76049.0,
55.0,1732266.0,46.0,
39.0,2096688.0,18.0,
10.0,1568160.0,134.0,
74.0,12288.0,1073.0,
30.0,20736.0,6132.0,
53.0,737280.0,219.0,
52.0,76313.0,2067.0,
60.0,299538.0,524.0,
88.0,216763.0,509.0,
7.0,88209.0,2698.0,
127.0,25230.0,1994.0,
43.0,2166784.0,49.0,
56.0,153164.0,693.0,
49.0,46656.0,2587.0,
28.0,1382400.0,47.0,
42.0,777728.0,97.0,
126.0,72200.0,677.0,
121.0,469300.0,49.0,
71.0,93860.0,742.0,
91.0,2113514.0,15.0,
79.0,1260.0,21538.0,
122.0,48750.0,1634.0,
42.0,168259.0,186.0,
84.0,124844.0,227.0,
112.0,290421.0,129.0,
73.0,1142440.0,98.0,
110.0,298116.0,18.0,
83.0,210000.0,40.0,
100.0,45056.0,1099.0,
123.0,28322.0,567.0,
20.0,11931738.0,11.0,
95.0,5500.0,8629.0,
32.0,129600.0,250.0,
40.0,333775.0,129.0,
83.0,329550.0,160.0,
126.0,11323.0,1392.0,
56.0,829440.0,122.0,
71.0,35152.0,1306.0,
128.0,109368.0,516.0,
75.0,27072.0,3359.0,
37.0,753503.0,67.0,
90.0,23328.0,3770.0,
98.0,11913.0,3379.0,
96.0,42891.0,510.0,
115.0,1064757.0,75.0,
33.0,1866312.0,88.0,
33.0,331200.0,408.0,
84.0,331200.0,44.0,
96.0,257415.0,275.0,
5.0,2758104.0,110.0,
125.0,45292.0,241.0,
27.0,332928.0,529.0,
38.0,49248.0,5107.0,
64.0,12943.0,1316.0,
39.0,13068.0,15273.0,
46.0,6050700.0,17.0,
120.0,2024827.0,38.0,
82.0,218484.0,177.0,
10.0,5821794.0,46.0,
89.0,97175.0,796.0,
29.0,1663488.0,123.0,
124.0,36992.0,141.0,
84.0,44469.0,1542.0,
84.0,58812.0,822.0,
98.0,3724900.0,24.0,
92.0,9600.0,11112.0,
18.0,8732025.0,30.0,
65.0,39401.0,2133.0,
86.0,2744.0,40311.0,
47.0,588800.0,208.0,
14.0,6320204.0,24.0,
31.0,285948.0,441.0,
13.0,331169.0,1867.0,
31.0,198000.0,1290.0,
59.0,195112.0,368.0,
48.0,405504.0,44.0,
75.0,633788.0,112.0,
30.0,502346.0,133.0,
126.0,91324.0,421.0,
84.0,536648.0,182.0,
76.0,554496.0,104.0,
46.0,754677.0,40.0,
13.0,337953.0,131.0,
95.0,240426.0,169.0,
78.0,1468187.0,15.0,
38.0,440725.0,397.0,
123.0,261393.0,270.0,
122.0,90828.0,464.0,
86.0,417136.0,223.0,
29.0,696200.0,274.0,
83.0,168070.0,72.0,
74.0,140625.0,109.0,
90.0,97344.0,598.0,
52.0,268037.0,91.0,
69.0,2713295.0,21.0,
31.0,183708.0,841.0,
11.0,444528.0,1888.0,
66.0,403200.0,116.0,
36.0,525116.0,22.0,
69.0,695934.0,12.0,
124.0,82418.0,216.0,
49.0,118400.0,1405.0,
58.0,24854.0,889.0,
57.0,879194.0,89.0,
40.0,1913275.0,66.0,
117.0,972.0,81249.0,
5.0,1960.0,127286.0,
17.0,297680.0,941.0,
42.0,307461.0,306.0,
74.0,278663.0,33.0,
18.0,174240.0,1840.0,
82.0,3600.0,18135.0,
36.0,4946784.0,51.0,
15.0,1388906.0,399.0,
7.0,470448.0,2078.0,
28.0,53217.0,2816.0,
28.0,560272.0,420.0,
59.0,118825.0,1204.0,
75.0,282852.0,303.0,
72.0,171925.0,95.0,
39.0,198810.0,490.0,
54.0,2835.0,8501.0,
49.0,117649.0,1640.0,
78.0,291648.0,391.0,
12.0,6322176.0,70.0,
66.0,20736.0,6665.0,
115.0,137500.0,187.0,
86.0,216763.0,39.0,
100.0,27216.0,2754.0,
59.0,70400.0,1984.0,
81.0,430944.0,14.0,
35.0,12100.0,14650.0,
33.0,359375.0,190.0,
74.0,99846.0,1308.0,
25.0,1636992.0,66.0,
37.0,506250.0,511.0,
72.0,248368.0,62.0,
120.0,38808.0,1658.0,
81.0,149609.0,637.0,
56.0,334036.0,163.0,
70.0,264375.0,524.0,
126.0,4459.0,8547.0,
35.0,221616.0,627.0,
26.0,279936.0,1130.0,
74.0,1040364.0,57.0,
89.0,127764.0,547.0,
49.0,454508.0,161.0,
23.0,998004.0,84.0,
109.0,132500.0,323.0,
13.0,39249.0,10132.0,
94.0,149454.0,567.0,
125.0,85000.0,707.0,
27.0,1180764.0,175.0,
99.0,357035.0,15.0,
73.0,212544.0,250.0,
110.0,116160.0,10.0,
24.0,436364.0,236.0,
39.0,622725.0,85.0,
78.0,30603.0,3799.0,
24.0,1409256.0,230.0,
47.0,590400.0,280.0,
114.0,288300.0,112.0,
101.0,749700.0,33.0,
18.0,2809000.0,85.0,
17.0,160816.0,1937.0,
50.0,431964.0,149.0,
16.0,571220.0,600.0,
113.0,572450.0,85.0,
121.0,118496.0,171.0,
96.0,5760.0,1188.0,
52.0,3415192.0,28.0,
96.0,32400.0,1612.0,
50.0,242000.0,652.0,
79.0,26973.0,3031.0,
10.0,15770051.0,13.0,
13.0,14976900.0,22.0,
121.0,171088.0,340.0,
114.0,100820.0,619.0,
112.0,99072.0,864.0,
36.0,1302350.0,154.0,
31.0,1377763.0,44.0,
45.0,968256.0,140.0,
27.0,878080.0,143.0,
114.0,96768.0,737.0,
30.0,6521180.0,21.0,
102.0,136000.0,584.0,
24.0,72128.0,516.0,
31.0,910000.0,196.0,
109.0,761112.0,52.0,
75.0,2098853.0,29.0,
74.0,818748.0,77.0,
104.0,606472.0,21.0,
34.0,432604.0,100.0,
123.0,209855.0,41.0,
68.0,10571.0,4060.0,
95.0,271188.0,298.0,
54.0,156672.0,72.0,
6.0,17169408.0,37.0,
69.0,95823.0,1272.0,
32.0,678976.0,265.0,
121.0,52272.0,16.0,
24.0,2151296.0,188.0,
108.0,232116.0,192.0,
114.0,129430.0,464.0,
81.0,233398.0,288.0,
19.0,3564544.0,24.0,
92.0,76230.0,1000.0,
41.0,652228.0,312.0,
107.0,21952.0,998.0,
107.0,1184128.0,39.0,
62.0,388129.0,396.0,
46.0,5096.0,29672.0,
29.0,260743.0,63.0,
46.0,169200.0,1073.0,
75.0,371315.0,211.0,
71.0,133584.0,383.0,
60.0,764048.0,210.0,
21.0,710016.0,319.0,
86.0,2500.0,37028.0,
67.0,97200.0,810.0,
125.0,37479.0,1235.0,
49.0,5203.0,19821.0,
104.0,54144.0,670.0,
95.0,1036521.0,77.0,
103.0,63700.0,1148.0,
120.0,307800.0,236.0,
78.0,93492.0,658.0,
52.0,601996.0,59.0,
116.0,5415.0,1166.0,
91.0,946832.0,29.0,
21.0,47526.0,8905.0,
61.0,121500.0,1314.0,
93.0,237276.0,283.0,
121.0,22016.0,889.0,
111.0,34810.0,1158.0,
114.0,135000.0,594.0,
110.0,171564.0,334.0,
31.0,3501700.0,51.0,
100.0,12250.0,6725.0,
123.0,84388.0,898.0,
124.0,600625.0,20.0,
42.0,300998.0,632.0,
56.0,273612.0,391.0,
66.0,364544.0,151.0,
29.0,174087.0,1492.0,
53.0,3240000.0,53.0,
33.0,282240.0,1054.0,
15.0,10932336.0,16.0,
8.0,1117200.0,91.0,
101.0,10400.0,5427.0,
114.0,243089.0,158.0,
66.0,727650.0,54.0,
76.0,105861.0,453.0,
55.0,72900.0,1929.0,
113.0,3207168.0,22.0,
91.0,5200.0,16545.0,
43.0,983869.0,74.0,
59.0,211420.0,120.0,
73.0,4076685.0,25.0,
25.0,2690100.0,104.0,
49.0,4599936.0,39.0,
60.0,83942.0,1714.0,
31.0,903168.0,225.0,
18.0,17099072.0,10.0,
15.0,484375.0,160.0,
46.0,66654.0,1106.0,
68.0,910116.0,93.0,
35.0,1256948.0,99.0,
112.0,174636.0,108.0,
115.0,14896.0,1491.0,
41.0,1198854.0,66.0,
13.0,162000.0,4627.0,
63.0,43320.0,1033.0,
41.0,156060.0,464.0,
42.0,3954416.0,21.0,
75.0,811482.0,36.0,
125.0,35152.0,165.0,
51.0,94792.0,160.0,
40.0,139656.0,1214.0,
15.0,10162656.0,33.0,
14.0,121203.0,4887.0,
29.0,272484.0,225.0,
87.0,18150.0,2114.0,
18.0,150822.0,516.0,
20.0,36518.0,1742.0,
113.0,82134.0,237.0,
49.0,2921360.0,33.0,
115.0,129472.0,517.0,
118.0,60750.0,191.0,
26.0,1530837.0,208.0,
81.0,1359456.0,29.0,
25.0,8464.0,32224.0,
42.0,16337.0,538.0,
99.0,2686255.0,28.0,
28.0,318270.0,406.0,
38.0,6587002.0,22.0,
80.0,2420.0,18550.0,
35.0,535815.0,483.0,
109.0,1091264.0,68.0,
92.0,300763.0,63.0,
88.0,6076.0,5113.0,
122.0,120472.0,259.0,
91.0,467856.0,133.0,
62.0,91476.0,1005.0,
36.0,796875.0,110.0,
20.0,7937757.0,59.0,
105.0,650475.0,17.0,
13.0,666072.0,1098.0,
126.0,280845.0,105.0,
44.0,361548.0,455.0,
118.0,2175342.0,17.0,
85.0,973440.0,107.0,
50.0,2438736.0,54.0,
62.0,179469.0,669.0,
126.0,5832.0,11124.0,
37.0,3472638.0,21.0,
68.0,414720.0,155.0,
76.0,48125.0,1659.0,
94.0,3088878.0,25.0,
112.0,98304.0,861.0,
32.0,25600.0,10241.0,
92.0,325.0,144093.0,
122.0,1197900.0,61.0,
109.0,104430.0,862.0,
64.0,305252.0,300.0,
84.0,141398.0,103.0,
18.0,820224.0,626.0,
33.0,1180728.0,37.0,
123.0,2848664.0,24.0,
45.0,24500.0,6591.0,
119.0,39304.0,850.0,
29.0,11323.0,1634.0,
91.0,161472.0,549.0,
21.0,1625625.0,286.0,
115.0,295659.0,21.0,
92.0,81733.0,154.0,
46.0,79402.0,588.0,
55.0,714780.0,129.0,
79.0,1534825.0,18.0,
104.0,369800.0,24.0,
96.0,1096772.0,42.0,
69.0,32856.0,3189.0,
34.0,1947271.0,91.0,
67.0,14520.0,8131.0,
5.0,417501.0,2378.0,
118.0,8405.0,7818.0,
26.0,1503565.0,10.0,
14.0,2928084.0,206.0,
34.0,848720.0,118.0,
26.0,834537.0,182.0,
123.0,37584.0,1853.0,
94.0,419904.0,70.0,
22.0,79092.0,2626.0,
70.0,208208.0,658.0,
15.0,10475583.0,23.0,
5.0,2283536.0,167.0,
67.0,18150.0,6160.0,
117.0,1390869.0,58.0,
72.0,368064.0,105.0,
17.0,89780.0,84.0,
30.0,126736.0,691.0,
48.0,371800.0,428.0,
19.0,1731268.0,24.0,
47.0,1398663.0,103.0,
113.0,543744.0,105.0,
84.0,102900.0,688.0,
50.0,11025.0,6476.0,
114.0,202500.0,317.0,
81.0,5577.0,18143.0,
54.0,6251175.0,16.0,
73.0,24300.0,2651.0,
105.0,631800.0,76.0,
77.0,300800.0,173.0,
109.0,4563.0,18718.0,
45.0,1221055.0,12.0,
85.0,147920.0,129.0,
122.0,1163800.0,32.0,
27.0,5408.0,56085.0,
72.0,627356.0,87.0,
123.0,202248.0,26.0,
39.0,76048.0,3326.0,
29.0,705600.0,434.0,
41.0,83968.0,31.0,
61.0,1617408.0,30.0,
118.0,53824.0,434.0,
99.0,50784.0,601.0,
70.0,1022643.0,62.0,
17.0,1689569.0,105.0,
127.0,24300.0,1463.0,
118.0,852992.0,32.0,
44.0,845680.0,218.0,
94.0,778688.0,112.0,
38.0,167445.0,1249.0,
54.0,584064.0,55.0,
78.0,961716.0,53.0,
17.0,2633750.0,37.0,
74.0,971244.0,108.0,
124.0,23548.0,1788.0,
23.0,2044224.0,101.0,
113.0,1488024.0,35.0,
108.0,167884.0,177.0,
73.0,140068.0,633.0,
19.0,291600.0,1118.0,
44.0,736622.0,79.0,
21.0,21600.0,14999.0,
20.0,686817.0,684.0,
73.0,357492.0,308.0,
99.0,137180.0,202.0,
70.0,5445.0,2616.0,
5.0,2780896.0,271.0,
126.0,316285.0,148.0,
123.0,291600.0,200.0,
90.0,2662.0,40903.0,
29.0,2070516.0,132.0,
43.0,19800.0,5387.0,
70.0,82134.0,219.0,
30.0,1234800.0,129.0,
27.0,1353600.0,77.0,
101.0,397150.0,99.0,
96.0,21780.0,681.0,
92.0,416160.0,231.0,
24.0,13520.0,28702.0,
64.0,98568.0,187.0,
21.0,105644.0,3852.0,
38.0,19404.0,12483.0,
111.0,1121211.0,56.0,
88.0,46948.0,2137.0,
28.0,3295136.0,97.0,
73.0,69360.0,1500.0,
71.0,28512.0,4486.0,
26.0,1411514.0,198.0,
114.0,49348.0,52.0,
112.0,57132.0,886.0,
112.0,202500.0,47.0,
111.0,62720.0,1147.0,
34.0,126400.0,1499.0,
30.0,8670000.0,14.0,
43.0,29008.0,7142.0,
54.0,2659392.0,54.0,
43.0,99825.0,732.0,
99.0,168432.0,539.0,
84.0,726624.0,20.0,
45.0,300998.0,309.0,
77.0,304704.0,219.0,
97.0,1390448.0,21.0,
83.0,13068.0,8149.0,
113.0,46656.0,1050.0,
117.0,6627.0,8629.0,
104.0,20700.0,1237.0,
124.0,1321375.0,51.0,
111.0,40560.0,1938.0,
58.0,1778700.0,26.0,
109.0,163863.0,462.0,
122.0,7502.0,9413.0,
95.0,112258.0,561.0,
64.0,26979.0,2314.0,
110.0,202300.0,324.0,
9.0,132800.0,2958.0,
99.0,1421.0,61088.0,
90.0,1270080.0,39.0,
39.0,164560.0,473.0,
93.0,52022.0,1147.0,
17.0,2754000.0,193.0,
122.0,1119744.0,64.0,
57.0,189728.0,727.0,
113.0,116640.0,251.0,
101.0,163466.0,130.0,
55.0,347733.0,26.0,
22.0,88985.0,4772.0,
123.0,2635637.0,26.0,
11.0,623808.0,604.0,
34.0,1707979.0,110.0,
95.0,2800.0,21135.0,
85.0,32856.0,1768.0,
63.0,6723.0,13005.0,
73.0,45387.0,219.0,
102.0,1225.0,25195.0,
42.0,22050.0,2632.0,
37.0,4014744.0,31.0,
15.0,118580.0,2137.0,
17.0,204723.0,1296.0,
15.0,7349848.0,37.0,
54.0,209088.0,595.0,
47.0,712890.0,147.0,
102.0,10935.0,1193.0,
43.0,9464.0,17790.0,
77.0,9450.0,2216.0,
116.0,288444.0,267.0,
120.0,1210.0,47981.0,
19.0,640332.0,286.0,
19.0,865172.0,179.0,
74.0,47040.0,654.0,
77.0,48843.0,1190.0,
75.0,301158.0,279.0,
32.0,170471.0,667.0,
62.0,869312.0,147.0,
79.0,815409.0,11.0,
22.0,651688.0,116.0,
62.0,4077045.0,13.0,
28.0,44100.0,3577.0,
75.0,519841.0,97.0,
57.0,242592.0,70.0,
30.0,1905750.0,172.0,
69.0,323456.0,339.0,
22.0,224287.0,996.0,
114.0,2082500.0,19.0,
120.0,93312.0,55.0,
103.0,213282.0,361.0,
60.0,966050.0,97.0,
41.0,24037.0,6593.0,
103.0,1243150.0,38.0,
110.0,10404.0,3304.0,
234.0,16200.0,3949.0,
104.0,241472.0,608.0,
120.0,87616.0,3495.0,
172.0,14976.0,2294.0,
45.0,118580.0,278.0,
62.0,5566.0,3776.0,
77.0,21025.0,3544.0,
187.0,10143.0,3595.0,
199.0,15200.0,1107.0,
81.0,3159.0,3881.0,
173.0,5184.0,3375.0,
156.0,210675.0,269.0,
229.0,1088.0,3671.0,
157.0,46389.0,1282.0,
205.0,30400.0,1744.0,
47.0,16200.0,2271.0,
235.0,130050.0,573.0,
127.0,98784.0,1173.0,
83.0,171.0,2033.0,
195.0,4032.0,2401.0,
112.0,6144.0,3455.0,
191.0,9996.0,815.0,
187.0,2368.0,3361.0,
69.0,202752.0,1553.0,
225.0,39325.0,763.0,
160.0,25596.0,571.0,
177.0,127050.0,567.0,
164.0,847.0,2543.0,
232.0,3430.0,3415.0,
256.0,130000.0,1113.0,
255.0,302847.0,1692.0,
205.0,950.0,3941.0,
51.0,36900.0,1694.0,
224.0,7267.0,3571.0,
93.0,2940.0,1642.0,
105.0,50562.0,672.0,
183.0,6534.0,3263.0,
63.0,2952.0,3735.0,
132.0,29524.0,2914.0,
215.0,110864.0,1120.0,
192.0,46575.0,2474.0,
228.0,67797.0,1408.0,
221.0,8000.0,1658.0,
189.0,7436.0,216.0,
155.0,18252.0,3379.0,
49.0,27.0,2049.0,
108.0,83824.0,1211.0,
70.0,363.0,282.0,
184.0,32490.0,500.0,
240.0,5408.0,118.0,
131.0,784.0,3868.0,
84.0,81920.0,2168.0,
104.0,11323.0,1406.0,
196.0,430944.0,793.0,
105.0,34000.0,797.0,
42.0,318402.0,2528.0,
117.0,3920.0,2007.0,
232.0,80.0,2763.0,
111.0,21160.0,2191.0,
84.0,5832.0,1172.0,
183.0,8192.0,1269.0,
59.0,58870.0,1954.0,
77.0,8704.0,52.0,
91.0,147920.0,3405.0,
126.0,23552.0,3497.0,
65.0,31680.0,1129.0,
173.0,63.0,580.0,
114.0,119852.0,2423.0,
233.0,6084.0,3051.0,
50.0,9648.0,1812.0,
60.0,67500.0,765.0,
253.0,174087.0,3602.0,
170.0,14812.0,1853.0,
94.0,1377.0,2199.0,
61.0,3400.0,578.0,
186.0,34476.0,1261.0,
71.0,24000.0,883.0,
227.0,53750.0,967.0,
36.0,281961.0,141.0,
243.0,95220.0,225.0,
54.0,6144.0,2193.0,
128.0,7128.0,87.0,
180.0,121824.0,3773.0,
51.0,1152.0,282.0,
141.0,12152.0,3165.0,
100.0,13968.0,2884.0,
68.0,26892.0,53.0,
109.0,45375.0,1342.0,
43.0,219006.0,892.0,
194.0,15309.0,711.0,
184.0,16399.0,2912.0,
44.0,11253.0,998.0,
226.0,94325.0,1919.0,
189.0,181168.0,1937.0,
157.0,2175.0,113.0,
162.0,1500.0,2262.0,
173.0,175.0,257.0,
67.0,8640.0,1314.0,
205.0,1331.0,3198.0,
204.0,163296.0,3044.0,
126.0,3500.0,1609.0,
222.0,1452.0,83.0,
194.0,21150.0,1120.0,
240.0,100920.0,1411.0,
217.0,720.0,3431.0,
111.0,4000.0,139.0,
227.0,22680.0,1258.0,
91.0,824328.0,612.0,
234.0,972.0,2521.0,
240.0,17820.0,3628.0,
55.0,2989.0,2776.0,
161.0,32500.0,1417.0,
89.0,11776.0,3018.0,
104.0,61893.0,3889.0,
98.0,19133.0,3289.0,
148.0,11191.0,643.0,
133.0,21248.0,839.0,
248.0,36100.0,971.0,
243.0,66560.0,4002.0,
73.0,125550.0,497.0,
46.0,204.0,883.0,
141.0,120528.0,1632.0,
92.0,244824.0,3259.0,
37.0,186219.0,3977.0,
36.0,12427.0,132.0,
157.0,57232.0,2000.0,
212.0,1040.0,1388.0,
33.0,46256.0,3118.0,
98.0,1536.0,2921.0,
202.0,184275.0,1455.0,
152.0,16800.0,2575.0,
103.0,63878.0,3330.0,
175.0,275282.0,2437.0,
247.0,13824.0,2556.0,
212.0,6358.0,2526.0,
144.0,67032.0,1863.0,
253.0,5632.0,2697.0,
63.0,3240.0,42.0,
91.0,425.0,1350.0,
94.0,2299.0,3525.0,
44.0,67375.0,2045.0,
116.0,47628.0,2774.0,
140.0,2340.0,1497.0,
74.0,12100.0,1593.0,
56.0,4356.0,1209.0,
113.0,4116.0,518.0,
106.0,62868.0,1916.0,
129.0,19133.0,3165.0,
53.0,200376.0,3973.0,
235.0,36000.0,2111.0,
117.0,128.0,383.0,
183.0,138624.0,2634.0,
37.0,277200.0,531.0,
240.0,6084.0,622.0,
170.0,11520.0,3946.0,
220.0,4096.0,1532.0,
60.0,16399.0,3468.0,
97.0,9900.0,1320.0,
227.0,1024.0,1509.0,
219.0,1782.0,1829.0,
180.0,178112.0,2526.0,
113.0,4655.0,644.0,
72.0,352.0,3526.0,
106.0,21952.0,176.0,
33.0,171396.0,183.0,
165.0,13312.0,3853.0,
56.0,125712.0,3115.0,
170.0,800.0,3435.0,
240.0,14112.0,2078.0,
66.0,925.0,1384.0,
50.0,14256.0,2013.0,
68.0,777924.0,53.0,
57.0,12096.0,1921.0,
217.0,150.0,1898.0,
253.0,22491.0,3105.0,
250.0,4860.0,2241.0,
158.0,45000.0,894.0,
243.0,66248.0,3633.0,
236.0,106352.0,554.0,
123.0,40.0,3752.0,
183.0,1782.0,3606.0,
237.0,142884.0,821.0,
81.0,48600.0,2483.0,
175.0,5632.0,2861.0,
102.0,51772.0,3815.0,
186.0,8448.0,1493.0,
63.0,1664.0,2006.0,
186.0,101614.0,3206.0,
217.0,66924.0,741.0,
86.0,28800.0,3015.0,
116.0,77315.0,1555.0,
94.0,273800.0,1192.0,
84.0,3920.0,1926.0,
145.0,18816.0,1255.0,
72.0,2028.0,2178.0,
244.0,130331.0,2565.0,
235.0,2304.0,1867.0,
184.0,49972.0,3072.0,
176.0,15092.0,3996.0,
101.0,62192.0,1873.0,
115.0,2000.0,4088.0,
233.0,11008.0,3652.0,
170.0,11560.0,1004.0,
51.0,6723.0,3096.0,
73.0,70560.0,465.0,
240.0,32912.0,2586.0,
158.0,79895.0,1084.0,
179.0,2736.0,3509.0,
244.0,15075.0,134.0,
228.0,18432.0,781.0,
130.0,4332.0,320.0,
159.0,3332.0,1129.0,
75.0,194481.0,1748.0,
60.0,338560.0,2732.0,
255.0,360.0,3351.0,
42.0,54900.0,2860.0,
227.0,34385.0,3814.0,
188.0,329315.0,506.0,
184.0,1536.0,798.0,
63.0,459.0,3786.0,
40.0,176435.0,2382.0,
220.0,62192.0,3003.0,
228.0,10368.0,3829.0,
201.0,168.0,3127.0,
65.0,41454.0,1202.0,
95.0,9559.0,1384.0,
191.0,1666.0,2000.0,
45.0,24548.0,1272.0,
180.0,6860.0,500.0,
78.0,15488.0,3562.0,
243.0,12825.0,3912.0,
182.0,348.0,3270.0,
163.0,14872.0,341.0,
110.0,38236.0,3791.0,
95.0,300.0,3876.0,
202.0,14375.0,1159.0,
187.0,8788.0,3329.0,
174.0,123201.0,1742.0,
195.0,50807.0,637.0,
249.0,25920.0,3932.0,
68.0,228528.0,599.0,
198.0,10647.0,774.0,
126.0,2484.0,593.0,
199.0,30870.0,3072.0,
64.0,38880.0,2334.0,
119.0,15616.0,1187.0,
67.0,132845.0,1513.0,
235.0,117649.0,1368.0,
152.0,61936.0,4068.0,
171.0,1332.0,1393.0,
181.0,17856.0,1819.0,
49.0,39600.0,2310.0,
193.0,117740.0,1216.0,
118.0,1550.0,44.0,
39.0,784.0,957.0,
85.0,114444.0,573.0,
254.0,2448.0,671.0,
214.0,383070.0,2137.0,
214.0,2352.0,887.0,
150.0,19652.0,717.0,
95.0,55296.0,1536.0,
134.0,15317.0,2870.0,
242.0,8624.0,1147.0,
103.0,288.0,2191.0,
97.0,7128.0,3833.0,
84.0,40176.0,2020.0,
196.0,2000.0,255.0,
124.0,7605.0,4093.0,
147.0,4805.0,2158.0,
36.0,6776.0,1128.0,
61.0,1296.0,3340.0,
113.0,15341.0,2837.0,
237.0,39984.0,3853.0,
222.0,1764.0,295.0,
108.0,18785.0,1238.0,
38.0,5408.0,2602.0,
169.0,3402.0,115.0,
239.0,1375.0,423.0,
89.0,2704.0,1565.0,
85.0,7406.0,2497.0,
80.0,27869.0,940.0,
106.0,9295.0,4062.0,
254.0,83232.0,2309.0,
112.0,10935.0,3925.0,
191.0,1116.0,86.0,
111.0,40000.0,504.0,
131.0,19712.0,744.0,
121.0,1512.0,2746.0,
58.0,40131.0,1698.0,
71.0,8036.0,1975.0,
81.0,3456.0,3821.0,
93.0,1573.0,877.0,
64.0,2205.0,325.0,
227.0,11520.0,3708.0,
153.0,3871.0,498.0,
143.0,4500.0,1314.0,
48.0,7744.0,2286.0,
160.0,9450.0,645.0,
36.0,20938.0,2812.0,
108.0,16055.0,2906.0,
116.0,98838.0,2320.0,
249.0,22932.0,765.0,
251.0,1452.0,1082.0,
33.0,85050.0,2930.0,
130.0,11132.0,1820.0,
164.0,648.0,1240.0,
157.0,115344.0,3497.0,
106.0,94400.0,2984.0,
52.0,52111.0,2921.0,
151.0,1400.0,2138.0,
57.0,42525.0,252.0,
33.0,152703.0,301.0,
169.0,16606.0,1565.0,
241.0,3384.0,637.0,
36.0,94325.0,2946.0,
158.0,6399.0,579.0,
166.0,1458.0,3543.0,
36.0,35332.0,3583.0,
59.0,230496.0,1723.0,
197.0,6885.0,2079.0,
161.0,2000.0,4001.0,
232.0,23409.0,2183.0,
163.0,2695.0,3958.0,
239.0,224.0,260.0,
212.0,144.0,3996.0,
234.0,43125.0,761.0,
146.0,960.0,2229.0,
176.0,37044.0,3657.0,
68.0,1168.0,1950.0,
105.0,77440.0,3313.0,
138.0,26656.0,2603.0,
202.0,84100.0,486.0,
161.0,15886.0,3620.0,
58.0,68992.0,3630.0,
231.0,27648.0,1551.0,
65.0,5408.0,1763.0,
149.0,14994.0,3236.0,
122.0,1728.0,2296.0,
233.0,72900.0,367.0,
79.0,132848.0,2262.0,
88.0,143312.0,2393.0,
115.0,750000.0,328.0,
46.0,61798.0,1288.0,
113.0,14400.0,1783.0,
166.0,191250.0,2557.0,
139.0,3528.0,3262.0,
81.0,436100.0,606.0,
215.0,120000.0,20.0,
135.0,2304.0,3679.0,
65.0,21675.0,1883.0,
145.0,114376.0,2262.0,
57.0,49572.0,1440.0,
172.0,5760.0,3931.0,
188.0,99072.0,3415.0,
163.0,41209.0,1378.0,
234.0,1280.0,762.0,
52.0,9248.0,3269.0,
224.0,800.0,261.0,
158.0,123596.0,717.0,
113.0,11253.0,377.0,
107.0,11011.0,2901.0,
131.0,2688.0,3114.0,
157.0,1392.0,3224.0,
59.0,16875.0,2832.0,
167.0,19652.0,2084.0,
68.0,19116.0,21.0,
34.0,504972.0,1243.0,
212.0,2400.0,160.0,
69.0,30800.0,3395.0,
203.0,1675.0,3691.0,
138.0,18963.0,1688.0,
43.0,15488.0,149.0,
235.0,11200.0,2606.0,
93.0,325.0,2480.0,
49.0,366597.0,11.0,
247.0,17820.0,2780.0,
57.0,7900.0,1839.0,
213.0,9072.0,2779.0,
189.0,27797.0,2640.0,
160.0,5491.0,2731.0,
220.0,149212.0,516.0,
88.0,486.0,2469.0,
121.0,8349.0,3484.0,
32.0,2156.0,2827.0,
52.0,25432.0,101.0,
117.0,750.0,272.0,
167.0,18228.0,1726.0,
252.0,61852.0,2731.0,
218.0,2646.0,880.0,
194.0,7500.0,2919.0,
99.0,177504.0,1462.0,
169.0,135936.0,2502.0,
247.0,12800.0,2521.0,
34.0,4508.0,1631.0,
39.0,35100.0,3046.0,
50.0,196794.0,1403.0,
141.0,12716.0,2889.0,
86.0,49011.0,2584.0,
76.0,376360.0,509.0,
213.0,6300.0,1258.0,
70.0,279414.0,2463.0,
198.0,105350.0,2038.0,
110.0,22680.0,2420.0,
224.0,31752.0,828.0,
186.0,150528.0,237.0,
232.0,189873.0,1871.0,
180.0,229900.0,2318.0,
36.0,1376.0,1988.0,
249.0,88.0,2508.0,
128.0,79233.0,2666.0,
177.0,186300.0,2835.0,
70.0,6664.0,1845.0,
54.0,43076.0,1454.0,
142.0,288.0,4092.0,
168.0,32076.0,856.0,
237.0,24300.0,946.0,
252.0,1200.0,2960.0,
79.0,50625.0,1713.0,
173.0,9016.0,3747.0,
111.0,210112.0,3051.0,
192.0,8640.0,3206.0,
120.0,7936.0,758.0,
99.0,32269.0,3137.0,
95.0,73728.0,1059.0,
172.0,15884.0,710.0,
119.0,1450.0,3146.0,
