1.507522940635681152e+00
3.066959857940673828e+00
3.172700881958007812e+00
5.549138069152832031e+00
1.669931411743164062e+00
8.644001007080078125e+00
1.077514410018920898e+00
1.707594513893127441e+00
1.563334345817565918e+00
4.107978940010070801e-01
1.137993097305297852e+00
1.739664196968078613e+00
2.132770299911499023e+00
2.812657654285430908e-01
3.614500761032104492e+00
3.993879795074462891e+00
1.197245955467224121e+00
6.573195934295654297e+00
1.124648451805114746e+00
2.387908697128295898e+00
4.335371971130371094e+00
4.666448533535003662e-01
3.860685825347900391e+00
1.575874567031860352e+00
7.361447334289550781e+00
5.891564488410949707e-02
7.485803604125976562e+00
3.565000057220458984e+00
2.332995414733886719e+00
3.731859624385833740e-01
1.219062924385070801e+00
1.538599610328674316e+00
3.257164955139160156e+00
7.943926453590393066e-01
1.460811853408813477e+00
3.126782178878784180e+00
2.705020666122436523e+00
3.006106615066528320e+00
2.228578090667724609e+00
7.930560708045959473e-01
2.231487035751342773e+00
7.851534366607666016e+00
4.555688381195068359e+00
9.679236412048339844e+00
6.607290744781494141e+00
3.027112007141113281e+00
1.256488680839538574e+00
1.586267232894897461e+00
2.842894315719604492e+00
2.236660718917846680e+00
3.782197713851928711e+00
1.650898098945617676e+00
6.363044738769531250e+00
3.545004427433013916e-01
5.113298892974853516e+00
4.968135356903076172e+00
2.294875860214233398e+00
2.271161794662475586e+00
1.398278832435607910e+00
7.609812021255493164e-01
1.395057797431945801e+00
3.322621107101440430e+00
9.168418049812316895e-01
5.877179145812988281e+00
2.220664262771606445e+00
2.851702451705932617e+00
4.533976078033447266e+00
3.792399168014526367e+00
4.828878879547119141e+00
1.248958230018615723e+00
1.707236766815185547e+00
5.485955715179443359e+00
2.044379949569702148e+00
6.428333759307861328e+00
1.527449369430541992e+00
9.366298675537109375e+00
2.805586338043212891e+00
1.880162358283996582e+00
8.862668037414550781e+00
1.321824073791503906e+00
2.675490617752075195e+00
7.829775214195251465e-01
1.347674965858459473e+00
2.366205900907516479e-01
1.778603196144104004e+00
9.622961282730102539e-01
8.498153686523437500e-01
7.425092458724975586e-01
4.134384393692016602e-01
5.983203887939453125e+00
2.906752824783325195e+00
9.484367966651916504e-01
2.612448215484619141e+00
7.441661357879638672e+00
3.327217996120452881e-01
2.332649946212768555e+00
5.721329450607299805e-01
9.411406517028808594e+00
1.519225597381591797e+00
2.222475767135620117e+00
2.951478958129882812e+00
7.436294555664062500e-01
1.861065745353698730e+00
1.107812595367431641e+01
1.745317935943603516e+00
1.638665437698364258e+00
1.038429260253906250e+00
2.084835529327392578e+00
3.899982452392578125e+00
2.008949041366577148e+00
6.846879720687866211e-01
3.774100065231323242e+00
8.183086395263671875e+00
3.973024129867553711e+00
4.731926441192626953e+00
6.180248260498046875e-01
9.061360359191894531e-01
4.406935572624206543e-01
6.730518341064453125e-01
6.966131687164306641e+00
1.141255736351013184e+00
1.701371192932128906e+00
1.704040765762329102e+00
2.450078725814819336e+00
4.580336093902587891e+00
4.143779277801513672e+00
5.865570068359375000e+00
3.614771604537963867e+00
2.830564975738525391e+00
3.071910381317138672e+00
1.308878898620605469e+00
1.858898997306823730e+00
9.025625228881835938e+00
8.511674404144287109e-01
1.487538695335388184e+00
6.969390869140625000e+00
1.146264910697937012e+00
6.616890430450439453e+00
2.233087778091430664e+00
1.683401346206665039e+00
1.541367650032043457e+00
1.514393448829650879e+00
4.027659893035888672e+00
5.208199501037597656e+00
1.061807632446289062e+00
2.530312538146972656e+00
9.548133611679077148e-01
1.723374605178833008e+00
1.200137376785278320e+00
8.919739127159118652e-01
1.002490758895874023e+00
4.489542961120605469e+00
6.988252401351928711e-01
1.573103070259094238e+00
2.160253047943115234e+00
1.135222196578979492e+00
2.318082571029663086e+00
9.507499337196350098e-01
2.200465440750122070e+00
6.160194396972656250e+00
5.786297798156738281e+00
3.006601572036743164e+00
1.840055584907531738e+00
8.527524471282958984e-01
1.301730155944824219e+00
4.248583793640136719e+00
2.416725397109985352e+00
1.974311351776123047e+00
5.028467178344726562e+00
1.348165035247802734e+00
2.825537919998168945e+00
2.276968479156494141e+00
3.362156152725219727e+00
1.396128535270690918e+00
3.092971563339233398e+00
1.084592580795288086e+00
8.000020980834960938e-01
4.532796740531921387e-01
1.968612909317016602e+00
1.987588405609130859e+00
7.230758666992187500e-01
2.241186857223510742e+00
2.758627176284790039e+00
1.049175071716308594e+01
4.640069901943206787e-01
1.325030803680419922e+00
1.027660250663757324e+00
5.048054218292236328e+00
1.832051396369934082e+00
7.417163848876953125e-01
8.698084831237792969e+00
1.445089101791381836e+00
5.927273750305175781e+00
3.253720045089721680e+00
2.834450006484985352e+00
9.073283076286315918e-01
1.272835016250610352e+00
1.955861449241638184e+00
9.988650679588317871e-01
2.723340988159179688e+00
1.997904181480407715e+00
1.681129097938537598e+00
2.058023452758789062e+00
3.053074359893798828e+00
1.606867790222167969e+00
5.921226978302001953e+00
4.983958244323730469e+00
1.366164803504943848e+00
1.519902706146240234e+00
2.286304712295532227e+00
2.280102014541625977e+00
6.383372783660888672e+00
1.481193304061889648e+00
2.756960391998291016e+00
3.889038264751434326e-01
6.390473365783691406e+00
4.529598951339721680e-01
1.220790863037109375e+00
1.786790490150451660e+00
1.538396477699279785e+00
5.364370346069335938e-01
2.259037017822265625e+00
1.655973076820373535e+00
9.181895256042480469e-01
1.201709508895874023e+00
3.137526988983154297e+00
5.436273217201232910e-01
1.854822993278503418e+00
5.284042358398437500e-01
4.828262329101562500e+00
6.724176555871963501e-02
3.052180528640747070e+00
4.654795825481414795e-01
1.568638682365417480e+00
4.451885700225830078e+00
6.775096058845520020e-01
8.366429805755615234e-01
3.346222877502441406e+00
9.531670808792114258e-01
1.287220573425292969e+01
2.308345794677734375e+00
2.035919666290283203e+00
8.529555797576904297e-01
6.956420898437500000e+00
4.506442070007324219e+00
5.755228519439697266e+00
1.642528414726257324e+00
2.281505584716796875e+00
2.473009109497070312e+00
2.259531259536743164e+00
2.208448171615600586e+00
1.753878831863403320e+00
1.795952916145324707e+00
1.555981397628784180e+00
3.748880147933959961e+00
6.922023296356201172e+00
