60.0,60000.0,
126.0,154368.0,
127.0,9826.0,
22.0,22021.0,
57.0,13750.0,
29.0,4205.0,
23.0,3528.0,
56.0,199283.0,
45.0,20812.0,
65.0,1046448.0,
122.0,46656.0,
106.0,174240.0,
83.0,65700.0,
81.0,198144.0,
76.0,107811.0,
40.0,8112.0,
23.0,1960.0,
116.0,34375.0,
10.0,182574.0,
3.0,188384.0,
50.0,62424.0,
83.0,1166400.0,
16.0,197516.0,
77.0,9251.0,
117.0,599400.0,
71.0,17408.0,
128.0,127756.0,
40.0,103275.0,
19.0,51984.0,
23.0,85176.0,
101.0,1936.0,
54.0,33396.0,
41.0,137214.0,
84.0,8352.0,
40.0,18424.0,
104.0,110250.0,
50.0,215822.0,
23.0,4725.0,
34.0,3773.0,
61.0,137780.0,
95.0,101376.0,
102.0,5054.0,
9.0,251896.0,
88.0,55506.0,
49.0,213689.0,
17.0,211968.0,
96.0,118188.0,
93.0,74958.0,
104.0,76050.0,
116.0,212500.0,
46.0,87856.0,
68.0,18750.0,
35.0,15606.0,
40.0,67335.0,
121.0,63882.0,
26.0,381565.0,
52.0,14534.0,
5.0,21299.0,
57.0,156800.0,
87.0,514692.0,
75.0,308308.0,
94.0,139725.0,
36.0,60543.0,
98.0,34225.0,
106.0,125440.0,
37.0,101907.0,
84.0,7200.0,
65.0,5687.0,
35.0,11616.0,
25.0,10092.0,
31.0,15876.0,
21.0,83259.0,
66.0,16000.0,
102.0,373034.0,
87.0,17100.0,
123.0,211722.0,
56.0,67240.0,
64.0,3078.0,
81.0,134946.0,
6.0,3468.0,
85.0,112896.0,
110.0,322524.0,
86.0,36000.0,
30.0,11172.0,
38.0,941192.0,
66.0,618520.0,
3.0,94792.0,
46.0,76500.0,
19.0,5184.0,
17.0,238844.0,
14.0,638780.0,
75.0,2700.0,
44.0,2916.0,
48.0,46240.0,
90.0,179560.0,
59.0,240100.0,
30.0,291600.0,
38.0,48672.0,
79.0,80724.0,
102.0,8670.0,
15.0,87500.0,
116.0,891808.0,
74.0,57760.0,
24.0,61852.0,
123.0,22032.0,
24.0,216763.0,
55.0,27735.0,
76.0,96148.0,
44.0,323400.0,
40.0,229746.0,
109.0,82646.0,
86.0,82369.0,
122.0,2800.0,
23.0,52200.0,
92.0,194481.0,
75.0,46800.0,
85.0,16767.0,
54.0,768.0,
80.0,32400.0,
59.0,197568.0,
11.0,44352.0,
74.0,11340.0,
95.0,5733.0,
17.0,171500.0,
67.0,209088.0,
110.0,88752.0,
10.0,144060.0,
56.0,790064.0,
66.0,6048.0,
47.0,243360.0,
122.0,878460.0,
44.0,7744.0,
56.0,148720.0,
17.0,13568.0,
14.0,657324.0,
121.0,322452.0,
117.0,43264.0,
17.0,590031.0,
51.0,205953.0,
33.0,9504.0,
28.0,171396.0,
87.0,324000.0,
98.0,194936.0,
114.0,500.0,
50.0,2000.0,
65.0,356224.0,
57.0,42135.0,
12.0,2883.0,
63.0,370000.0,
79.0,187792.0,
15.0,56784.0,
90.0,156996.0,
92.0,105413.0,
69.0,22707.0,
63.0,60543.0,
27.0,97336.0,
50.0,90000.0,
51.0,282624.0,
112.0,239112.0,
81.0,108160.0,
23.0,143055.0,
38.0,51301.0,
56.0,296875.0,
88.0,189225.0,
48.0,169744.0,
45.0,67270.0,
109.0,37004.0,
106.0,76800.0,
80.0,6069.0,
2.0,8019.0,
41.0,798848.0,
55.0,93092.0,
30.0,108151.0,
4.0,62500.0,
73.0,176967.0,
5.0,4536.0,
35.0,599136.0,
47.0,12936.0,
9.0,32912.0,
39.0,345744.0,
103.0,71632.0,
31.0,175446.0,
11.0,253422.0,
39.0,315392.0,
31.0,377844.0,
37.0,134977.0,
111.0,1280.0,
76.0,271779.0,
87.0,10000.0,
17.0,19575.0,
37.0,24909.0,
103.0,203732.0,
42.0,484344.0,
22.0,146461.0,
30.0,7936.0,
102.0,17629.0,
124.0,69696.0,
38.0,293706.0,
3.0,86031.0,
128.0,224720.0,
49.0,159695.0,
119.0,10043.0,
30.0,2268.0,
19.0,5766.0,
59.0,345653.0,
16.0,285120.0,
94.0,16317.0,
67.0,8352.0,
56.0,26325.0,
75.0,45496.0,
6.0,313551.0,
124.0,393216.0,
8.0,12528.0,
17.0,17600.0,
75.0,190278.0,
64.0,806284.0,
38.0,281554.0,
64.0,118815.0,
127.0,148120.0,
60.0,2023.0,
20.0,253704.0,
34.0,380880.0,
105.0,50176.0,
38.0,70688.0,
11.0,3388.0,
107.0,275625.0,
73.0,60000.0,
20.0,1901757.0,
62.0,132500.0,
34.0,119351.0,
124.0,257094.0,
65.0,143648.0,
77.0,7056.0,
35.0,11760.0,
61.0,67200.0,
24.0,941192.0,
51.0,145119.0,
48.0,127308.0,
121.0,59904.0,
111.0,110000.0,
120.0,10043.0,
78.0,235950.0,
96.0,182405.0,
90.0,107648.0,
104.0,11661.0,
127.0,304704.0,
118.0,359120.0,
109.0,52992.0,
11.0,11776.0,
109.0,15123.0,
49.0,487364.0,
29.0,204624.0,
101.0,116699.0,
121.0,205821.0,
111.0,13122.0,
101.0,2940.0,
110.0,25872.0,
26.0,1156.0,
58.0,180000.0,
52.0,2511.0,
123.0,123704.0,
103.0,17908.0,
121.0,112659.0,
27.0,156832.0,
73.0,25344.0,
41.0,26508.0,
120.0,26800.0,
59.0,7425.0,
119.0,96100.0,
52.0,159201.0,
63.0,143748.0,
41.0,882.0,
26.0,122317.0,
66.0,2592.0,
27.0,147537.0,
108.0,137500.0,
92.0,299700.0,
59.0,185020.0,
44.0,86247.0,
84.0,84640.0,
39.0,19600.0,
66.0,207088.0,
84.0,180075.0,
125.0,28188.0,
17.0,601600.0,
46.0,59582.0,
88.0,162288.0,
6.0,26624.0,
8.0,6250.0,
73.0,55432.0,
56.0,244608.0,
8.0,155952.0,
29.0,150000.0,
69.0,23987.0,
9.0,96000.0,
21.0,128576.0,
8.0,30618.0,
49.0,198288.0,
23.0,253472.0,
128.0,154453.0,
79.0,73984.0,
34.0,26588.0,
41.0,32400.0,
33.0,73997.0,
83.0,6016.0,
76.0,91476.0,
53.0,62208.0,
95.0,25688.0,
118.0,342225.0,
11.0,277248.0,
94.0,1711250.0,
28.0,40960.0,
39.0,38025.0,
20.0,67228.0,
74.0,265080.0,
14.0,2052.0,
67.0,43320.0,
39.0,77976.0,
53.0,17600.0,
115.0,166496.0,
21.0,316285.0,
104.0,172500.0,
44.0,279104.0,
113.0,174158.0,
124.0,41895.0,
76.0,42588.0,
71.0,6936.0,
42.0,25631.0,
44.0,20216.0,
86.0,109744.0,
33.0,154652.0,
97.0,90569.0,
114.0,42025.0,
52.0,1076206.0,
20.0,3456.0,
107.0,102400.0,
50.0,86700.0,
16.0,96446.0,
39.0,120472.0,
123.0,726.0,
62.0,64251.0,
30.0,39527.0,
12.0,33984.0,
113.0,7942.0,
104.0,36400.0,
67.0,15341.0,
76.0,66096.0,
68.0,19600.0,
81.0,12996.0,
94.0,19683.0,
110.0,7623.0,
40.0,16464.0,
102.0,129600.0,
50.0,330398.0,
97.0,193819.0,
56.0,57624.0,
16.0,121824.0,
72.0,134480.0,
125.0,2527.0,
74.0,147591.0,
126.0,24000.0,
58.0,348100.0,
14.0,137780.0,
31.0,325325.0,
2.0,64736.0,
110.0,144495.0,
8.0,3675.0,
24.0,998118.0,
21.0,96237.0,
121.0,27648.0,
96.0,81600.0,
88.0,221804.0,
16.0,2694912.0,
121.0,43776.0,
89.0,44375.0,
88.0,832320.0,
107.0,15488.0,
32.0,175760.0,
9.0,101695.0,
108.0,1584.0,
104.0,20736.0,
53.0,82800.0,
48.0,3600.0,
41.0,108151.0,
87.0,12696.0,
107.0,7744.0,
21.0,28577.0,
31.0,341056.0,
65.0,30000.0,
51.0,134977.0,
3.0,58080.0,
94.0,456896.0,
118.0,349811.0,
50.0,70225.0,
34.0,15138.0,
16.0,388157.0,
5.0,35280.0,
4.0,168070.0,
117.0,75429.0,
5.0,26588.0,
22.0,121032.0,
44.0,9025.0,
107.0,131072.0,
97.0,128516.0,
13.0,75141.0,
92.0,67584.0,
37.0,9196.0,
55.0,54208.0,
101.0,21175.0,
92.0,3900.0,
35.0,93025.0,
106.0,67335.0,
88.0,136900.0,
108.0,218489.0,
17.0,79935.0,
64.0,2448.0,
12.0,68890.0,
67.0,137180.0,
101.0,302847.0,
57.0,165731.0,
45.0,135200.0,
8.0,328560.0,
77.0,392931.0,
98.0,51714.0,
25.0,13068.0,
57.0,43218.0,
105.0,197392.0,
116.0,70400.0,
53.0,4840.0,
28.0,90593.0,
55.0,75600.0,
81.0,5808.0,
38.0,4032.0,
97.0,78400.0,
42.0,156584.0,
116.0,116640.0,
79.0,10944.0,
97.0,175760.0,
47.0,148176.0,
79.0,48400.0,
50.0,31347.0,
29.0,18000.0,
3.0,25920.0,
79.0,94743.0,
46.0,108300.0,
78.0,2196.0,
69.0,1089892.0,
12.0,227448.0,
61.0,4356.0,
26.0,39744.0,
31.0,95817.0,
91.0,57800.0,
86.0,54925.0,
71.0,174158.0,
88.0,36162.0,
67.0,107604.0,
61.0,166375.0,
89.0,255664.0,
5.0,165048.0,
3.0,131648.0,
107.0,147600.0,
61.0,144256.0,
100.0,2412.0,
105.0,53100.0,
79.0,399562.0,
121.0,24200.0,
22.0,24336.0,
44.0,33125.0,
4.0,4624.0,
106.0,282240.0,
105.0,296208.0,
90.0,3136.0,
33.0,810000.0,
75.0,32428.0,
66.0,27378.0,
80.0,243648.0,
106.0,266805.0,
5.0,759492.0,
94.0,20631.0,
118.0,536256.0,
42.0,269059.0,
37.0,83509.0,
44.0,8670.0,
72.0,395163.0,
86.0,847.0,
30.0,128000.0,
83.0,150212.0,
73.0,93860.0,
86.0,1792.0,
110.0,472392.0,
83.0,40293.0,
50.0,450800.0,
73.0,67600.0,
13.0,400192.0,
76.0,40368.0,
2.0,84878.0,
41.0,44688.0,
42.0,25088.0,
62.0,102384.0,
76.0,4332.0,
13.0,154495.0,
123.0,59488.0,
121.0,457056.0,
79.0,8064.0,
47.0,60000.0,
21.0,13248.0,
102.0,196608.0,
78.0,264375.0,
20.0,28188.0,
33.0,28033.0,
36.0,291852.0,
38.0,86436.0,
60.0,115200.0,
56.0,25000.0,
81.0,139725.0,
125.0,123596.0,
102.0,23200.0,
30.0,45000.0,
5.0,1066240.0,
49.0,194392.0,
61.0,196000.0,
52.0,18954.0,
12.0,61504.0,
105.0,79763.0,
18.0,7938.0,
106.0,332668.0,
123.0,87616.0,
15.0,129024.0,
123.0,287086.0,
5.0,110592.0,
120.0,30000.0,
79.0,309465.0,
88.0,17100.0,
73.0,7056.0,
100.0,18944.0,
8.0,226800.0,
20.0,18432.0,
118.0,398125.0,
83.0,18816.0,
110.0,12800.0,
22.0,132300.0,
74.0,12168.0,
44.0,129654.0,
53.0,120472.0,
59.0,286517.0,
72.0,32674.0,
96.0,31117.0,
120.0,580608.0,
43.0,240656.0,
7.0,96921.0,
61.0,517748.0,
109.0,363.0,
35.0,268272.0,
45.0,11999.0,
119.0,149454.0,
31.0,54208.0,
32.0,56700.0,
11.0,31117.0,
4.0,1314639.0,
127.0,134977.0,
98.0,134064.0,
85.0,164836.0,
102.0,5687.0,
105.0,42336.0,
41.0,45253.0,
16.0,29952.0,
12.0,56133.0,
111.0,53568.0,
63.0,328300.0,
7.0,79507.0,
98.0,30780.0,
32.0,24684.0,
93.0,151632.0,
68.0,16200.0,
20.0,20172.0,
32.0,248400.0,
97.0,80586.0,
28.0,816966.0,
45.0,47068.0,
23.0,124509.0,
52.0,14112.0,
115.0,60625.0,
126.0,306128.0,
113.0,474281.0,
72.0,6975.0,
3.0,661500.0,
53.0,41600.0,
126.0,1000.0,
52.0,11700.0,
94.0,190800.0,
85.0,16854.0,
32.0,86490.0,
111.0,775.0,
97.0,19800.0,
90.0,1072596.0,
108.0,1536.0,
106.0,219539.0,
69.0,81920.0,
46.0,408608.0,
50.0,123210.0,
14.0,31200.0,
7.0,324.0,
76.0,55506.0,
11.0,197676.0,
45.0,741934.0,
93.0,404010.0,
9.0,93217.0,
114.0,14580.0,
11.0,320166.0,
37.0,231192.0,
57.0,22528.0,
105.0,7436.0,
76.0,7425.0,
99.0,78802.0,
94.0,234090.0,
64.0,60368.0,
116.0,651688.0,
119.0,352870.0,
118.0,308919.0,
94.0,130806.0,
17.0,29524.0,
103.0,208208.0,
2.0,16758.0,
28.0,1352.0,
101.0,19800.0,
34.0,32928.0,
123.0,430336.0,
83.0,262392.0,
39.0,198005.0,
83.0,179776.0,
28.0,106641.0,
66.0,107911.0,
62.0,792.0,
29.0,55404.0,
58.0,80656.0,
76.0,127088.0,
100.0,2023.0,
78.0,98784.0,
45.0,21312.0,
5.0,406912.0,
93.0,57498.0,
62.0,5312.0,
35.0,333200.0,
70.0,40204.0,
98.0,164025.0,
40.0,33635.0,
67.0,97216.0,
17.0,33813.0,
118.0,275625.0,
119.0,122034.0,
70.0,57600.0,
61.0,260362.0,
127.0,15092.0,
14.0,365148.0,
55.0,122500.0,
34.0,19343.0,
63.0,5324.0,
94.0,46875.0,
2.0,77326.0,
49.0,168948.0,
68.0,5175.0,
116.0,124659.0,
47.0,421200.0,
38.0,190125.0,
128.0,25168.0,
82.0,21386.0,
38.0,98568.0,
121.0,88218.0,
97.0,5202.0,
72.0,192892.0,
44.0,19683.0,
41.0,746304.0,
115.0,7200.0,
43.0,198288.0,
38.0,399562.0,
105.0,91854.0,
61.0,1584.0,
115.0,50784.0,
28.0,115600.0,
80.0,234650.0,
7.0,80724.0,
18.0,76532.0,
17.0,73964.0,
62.0,2916.0,
118.0,828.0,
54.0,191296.0,
59.0,84942.0,
14.0,85000.0,
71.0,395460.0,
32.0,3757.0,
41.0,8748.0,
93.0,97280.0,
50.0,24624.0,
113.0,252648.0,
50.0,43560.0,
66.0,245025.0,
117.0,222264.0,
74.0,141376.0,
98.0,43378.0,
39.0,138915.0,
80.0,1280.0,
88.0,5022.0,
26.0,250776.0,
102.0,208080.0,
103.0,245760.0,
3.0,561600.0,
114.0,29744.0,
128.0,258428.0,
21.0,16250.0,
61.0,123750.0,
95.0,43320.0,
26.0,101439.0,
99.0,688900.0,
72.0,17550.0,
118.0,229736.0,
66.0,28322.0,
52.0,143259.0,
81.0,130536.0,
29.0,35594.0,
60.0,179712.0,
75.0,41600.0,
78.0,740000.0,
124.0,101400.0,
51.0,85050.0,
64.0,92160.0,
8.0,5488.0,
40.0,113715.0,
96.0,103680.0,
112.0,32912.0,
56.0,213712.0,
59.0,40824.0,
59.0,164561.0,
21.0,124025.0,
81.0,73568.0,
73.0,23552.0,
51.0,42108.0,
72.0,72897.0,
26.0,24576.0,
69.0,51250.0,
101.0,56448.0,
87.0,4232.0,
30.0,136000.0,
103.0,473984.0,
111.0,389205.0,
23.0,118400.0,
114.0,85698.0,
20.0,51376.0,
81.0,98496.0,
73.0,52992.0,
48.0,30258.0,
104.0,58870.0,
68.0,897688.0,
39.0,48373.0,
73.0,242109.0,
105.0,7936.0,
44.0,35100.0,
11.0,115934.0,
119.0,27900.0,
95.0,281325.0,
79.0,63888.0,
85.0,199283.0,
37.0,10080.0,
14.0,8100.0,
112.0,90569.0,
11.0,19363.0,
113.0,106641.0,
121.0,227448.0,
67.0,33759.0,
60.0,279775.0,
7.0,270000.0,
120.0,5913.0,
38.0,176720.0,
93.0,99636.0,
81.0,284350.0,
68.0,241968.0,
7.0,63000.0,
88.0,48668.0,
119.0,146016.0,
45.0,31752.0,
30.0,81675.0,
126.0,54272.0,
68.0,196425.0,
40.0,1134.0,
71.0,313168.0,
78.0,81920.0,
28.0,127764.0,
118.0,25652.0,
104.0,15484.0,
55.0,8619.0,
69.0,82944.0,
125.0,55125.0,
44.0,93987.0,
3.0,436100.0,
35.0,2156.0,
70.0,825.0,
37.0,7632.0,
99.0,37200.0,
75.0,12348.0,
108.0,6400.0,
66.0,249900.0,
56.0,48074.0,
16.0,18750.0,
123.0,191844.0,
44.0,204732.0,
6.0,59904.0,
26.0,396576.0,
33.0,79210.0,
40.0,73728.0,
54.0,9216.0,
96.0,72275.0,
44.0,33327.0,
39.0,69696.0,
128.0,16337.0,
15.0,149769.0,
10.0,72900.0,
9.0,52416.0,
79.0,213689.0,
77.0,50688.0,
42.0,61605.0,
88.0,63162.0,
125.0,388416.0,
38.0,377076.0,
86.0,173225.0,
40.0,12844.0,
93.0,27900.0,
70.0,371712.0,
19.0,13467.0,
125.0,79200.0,
22.0,624240.0,
37.0,53045.0,
19.0,910000.0,
25.0,187272.0,
14.0,1520.0,
8.0,117117.0,
114.0,39015.0,
83.0,41405.0,
37.0,46475.0,
13.0,16896.0,
6.0,120000.0,
110.0,101728.0,
57.0,196601.0,
62.0,38880.0,
93.0,62361.0,
2.0,125550.0,
113.0,300352.0,
50.0,129600.0,
86.0,139707.0,
23.0,38800.0,
99.0,53816.0,
92.0,38532.0,
81.0,72897.0,
64.0,18000.0,
63.0,900.0,
18.0,29963.0,
4.0,9212.0,
128.0,279936.0,
115.0,786520.0,
26.0,51984.0,
82.0,398125.0,
18.0,507.0,
59.0,34445.0,
86.0,262236.0,
17.0,294272.0,
16.0,156816.0,
56.0,84600.0,
84.0,142500.0,
14.0,14415.0,
116.0,99937.0,
49.0,167500.0,
64.0,152561.0,
101.0,688176.0,
35.0,1445.0,
49.0,90459.0,
53.0,100000.0,
124.0,1215203.0,
93.0,154275.0,
54.0,20480.0,
113.0,210675.0,
8.0,181656.0,
103.0,83232.0,
6.0,50176.0,
15.0,48600.0,
59.0,50176.0,
125.0,100860.0,
121.0,94792.0,
15.0,135736.0,
61.0,37179.0,
99.0,165048.0,
104.0,139523.0,
38.0,8600.0,
22.0,528092.0,
70.0,15376.0,
124.0,72828.0,
118.0,179353.0,
103.0,28800.0,
90.0,30625.0,
91.0,225792.0,
91.0,266418.0,
4.0,8836.0,
87.0,316224.0,
118.0,226845.0,
95.0,11700.0,
41.0,4608.0,
89.0,111012.0,
121.0,83232.0,
55.0,5040.0,
24.0,361669.0,
64.0,263175.0,
87.0,67797.0,
19.0,74480.0,
26.0,79524.0,
56.0,40000.0,
78.0,11664.0,
22.0,178475.0,
107.0,182183.0,
29.0,92416.0,
99.0,5324.0,
23.0,198476.0,
99.0,172044.0,
113.0,157464.0,
107.0,127308.0,
103.0,237952.0,
111.0,5832.0,
109.0,121600.0,
89.0,498316.0,
80.0,750.0,
94.0,218691.0,
35.0,151632.0,
88.0,102524.0,
40.0,162240.0,
59.0,15925.0,
96.0,17152.0,
123.0,167936.0,
65.0,20938.0,
118.0,337500.0,
83.0,9025.0,
44.0,273829.0,
74.0,165675.0,
36.0,1185517.0,
111.0,625931.0,
61.0,434969.0,
59.0,222500.0,
98.0,193600.0,
109.0,87079.0,
40.0,91809.0,
20.0,51772.0,
29.0,30685.0,
14.0,188416.0,
87.0,308919.0,
108.0,35816.0,
21.0,141512.0,
92.0,178112.0,
7.0,28512.0,
6.0,95139.0,
30.0,28224.0,
44.0,63504.0,
29.0,92480.0,
60.0,336743.0,
92.0,80771.0,
125.0,12996.0,
85.0,320625.0,
112.0,432964.0,
111.0,61200.0,
45.0,7569.0,
24.0,417720.0,
22.0,39762.0,
106.0,39326.0,
51.0,97344.0,
106.0,42891.0,
168.0,18792.0,
244.0,775.0,
90.0,2178.0,
70.0,10044.0,
154.0,4608.0,
42.0,293425.0,
187.0,132848.0,
194.0,121680.0,
48.0,64220.0,
209.0,14534.0,
56.0,34364.0,
240.0,9438.0,
141.0,25596.0,
128.0,13851.0,
118.0,3430.0,
172.0,16038.0,
151.0,972.0,
224.0,27702.0,
197.0,89373.0,
110.0,68204.0,
213.0,13294.0,
149.0,5900.0,
40.0,9245.0,
131.0,11264.0,
192.0,529984.0,
143.0,134136.0,
171.0,102384.0,
79.0,47396.0,
247.0,13104.0,
146.0,10580.0,
228.0,2500.0,
191.0,6300.0,
105.0,2375.0,
197.0,64.0,
248.0,2304.0,
118.0,2662.0,
42.0,2754.0,
71.0,72000.0,
139.0,84388.0,
240.0,374544.0,
154.0,1620.0,
96.0,975.0,
161.0,315875.0,
101.0,11638.0,
204.0,179776.0,
216.0,12844.0,
140.0,6016.0,
200.0,3456.0,
237.0,8640.0,
255.0,1075.0,
90.0,79497.0,
80.0,3072.0,
209.0,42632.0,
34.0,870732.0,
145.0,92781.0,
166.0,972.0,
156.0,1472.0,
148.0,4941.0,
107.0,475.0,
149.0,11264.0,
37.0,165669.0,
104.0,18432.0,
223.0,9386.0,
108.0,1700.0,
99.0,56180.0,
227.0,3800.0,
140.0,405.0,
40.0,8228.0,
118.0,104544.0,
54.0,16848.0,
100.0,2664.0,
248.0,5300.0,
64.0,32129.0,
160.0,1372.0,
156.0,21248.0,
247.0,14872.0,
122.0,2523.0,
178.0,27342.0,
121.0,253500.0,
105.0,26450.0,
136.0,19845.0,
48.0,55488.0,
231.0,76880.0,
256.0,29963.0,
226.0,377542.0,
64.0,6642.0,
189.0,8784.0,
247.0,19116.0,
208.0,20224.0,
185.0,28900.0,
70.0,9251.0,
98.0,3904.0,
90.0,8381.0,
200.0,15484.0,
205.0,32400.0,
68.0,800.0,
233.0,2197.0,
239.0,160003.0,
161.0,151263.0,
77.0,931.0,
92.0,79935.0,
253.0,213484.0,
158.0,177744.0,
154.0,151200.0,
242.0,8464.0,
223.0,10625.0,
135.0,99225.0,
226.0,160524.0,
117.0,39605.0,
158.0,25137.0,
238.0,7128.0,
77.0,20825.0,
207.0,208088.0,
223.0,19855.0,
161.0,25721.0,
115.0,189873.0,
117.0,10368.0,
127.0,600.0,
186.0,6804.0,
191.0,11808.0,
181.0,134456.0,
79.0,22032.0,
67.0,11475.0,
172.0,5200.0,
82.0,6358.0,
99.0,6642.0,
224.0,7436.0,
35.0,2009.0,
253.0,3100.0,
111.0,180.0,
203.0,324.0,
130.0,13968.0,
175.0,43378.0,
39.0,4416.0,
120.0,3100.0,
193.0,28594.0,
90.0,13351.0,
224.0,50540.0,
190.0,4753.0,
62.0,6400.0,
121.0,10800.0,
195.0,4900.0,
114.0,42624.0,
125.0,104222.0,
232.0,14079.0,
93.0,1872.0,
43.0,4606.0,
252.0,12672.0,
58.0,295788.0,
79.0,127008.0,
115.0,60236.0,
128.0,302760.0,
59.0,233227.0,
74.0,41400.0,
232.0,1936.0,
130.0,1100.0,
85.0,124800.0,
171.0,14625.0,
195.0,138384.0,
96.0,28322.0,
185.0,30000.0,
174.0,39401.0,
226.0,151380.0,
229.0,25344.0,
160.0,300.0,
228.0,11271.0,
46.0,41876.0,
87.0,190440.0,
249.0,38016.0,
61.0,126750.0,
256.0,15552.0,
86.0,842886.0,
82.0,16464.0,
249.0,243.0,
152.0,227430.0,
166.0,191455.0,
175.0,43218.0,
161.0,2160.0,
43.0,65700.0,
196.0,8428.0,
58.0,81000.0,
155.0,50301.0,
76.0,20736.0,
95.0,12274.0,
112.0,42282.0,
82.0,104188.0,
107.0,584284.0,
89.0,7400.0,
142.0,7857.0,
152.0,175071.0,
122.0,380.0,
170.0,19208.0,
124.0,92416.0,
198.0,10571.0,
241.0,13824.0,
131.0,16425.0,
125.0,28672.0,
67.0,119072.0,
86.0,108000.0,
80.0,88935.0,
246.0,3971.0,
84.0,52900.0,
194.0,5808.0,
66.0,245000.0,
176.0,1176.0,
60.0,125440.0,
51.0,46644.0,
182.0,19600.0,
156.0,40656.0,
164.0,4032.0,
212.0,41472.0,
250.0,19764.0,
116.0,2240.0,
215.0,221184.0,
240.0,41472.0,
198.0,193536.0,
192.0,182476.0,
92.0,215883.0,
136.0,3456.0,
185.0,50960.0,
160.0,5700.0,
125.0,316894.0,
189.0,8704.0,
161.0,53404.0,
244.0,25721.0,
41.0,1620.0,
124.0,68800.0,
106.0,85544.0,
228.0,16464.0,
172.0,152703.0,
173.0,13916.0,
205.0,107568.0,
210.0,12584.0,
251.0,7744.0,
86.0,17325.0,
118.0,119103.0,
47.0,294576.0,
122.0,444411.0,
169.0,688.0,
122.0,4608.0,
121.0,2028.0,
241.0,3267.0,
75.0,9500.0,
134.0,132496.0,
77.0,189728.0,
87.0,8820.0,
207.0,1200.0,
165.0,15876.0,
38.0,74060.0,
160.0,24192.0,
207.0,392.0,
57.0,6208.0,
219.0,118496.0,
73.0,13536.0,
185.0,164.0,
127.0,4752.0,
250.0,21250.0,
67.0,21708.0,
110.0,16940.0,
174.0,25088.0,
49.0,2888.0,
117.0,5832.0,
230.0,22464.0,
91.0,684.0,
123.0,15600.0,
86.0,25392.0,
143.0,36288.0,
167.0,33327.0,
62.0,35972.0,
142.0,25625.0,
48.0,7500.0,
234.0,6498.0,
187.0,605.0,
256.0,83300.0,
133.0,327697.0,
136.0,3381.0,
182.0,2176.0,
108.0,9248.0,
49.0,8788.0,
89.0,57188.0,
166.0,684.0,
159.0,81648.0,
253.0,28175.0,
116.0,116487.0,
197.0,205056.0,
32.0,42527.0,
54.0,345303.0,
61.0,18050.0,
147.0,6016.0,
126.0,1536.0,
62.0,221085.0,
238.0,512.0,
213.0,2688.0,
132.0,2880.0,
206.0,187974.0,
173.0,980.0,
195.0,202419.0,
232.0,2050.0,
240.0,274752.0,
138.0,26656.0,
206.0,15876.0,
152.0,328329.0,
223.0,1617.0,
37.0,6525.0,
220.0,80771.0,
135.0,41454.0,
235.0,17550.0,
255.0,42891.0,
169.0,20475.0,
134.0,13248.0,
177.0,1650.0,
202.0,188203.0,
64.0,94608.0,
156.0,23976.0,
144.0,96.0,
159.0,90387.0,
167.0,1728.0,
213.0,270.0,
74.0,10693.0,
171.0,12600.0,
205.0,360.0,
122.0,27540.0,
58.0,15876.0,
57.0,384.0,
117.0,98010.0,
157.0,488988.0,
47.0,4116.0,
244.0,11520.0,
76.0,42350.0,
182.0,177876.0,
218.0,61731.0,
153.0,71874.0,
158.0,140800.0,
149.0,205056.0,
198.0,2106.0,
175.0,16967.0,
251.0,4312.0,
66.0,21200.0,
101.0,36603.0,
67.0,9900.0,
55.0,10935.0,
238.0,40425.0,
80.0,35301.0,
123.0,37888.0,
153.0,1350.0,
104.0,20925.0,
43.0,39600.0,
151.0,27753.0,
148.0,79380.0,
105.0,61236.0,
80.0,69255.0,
173.0,102524.0,
148.0,31768.0,
138.0,864.0,
133.0,7744.0,
213.0,38720.0,
98.0,7098.0,
124.0,245.0,
78.0,53816.0,
256.0,4800.0,
151.0,73728.0,
81.0,1152.0,
251.0,3136.0,
226.0,123704.0,
150.0,63916.0,
202.0,4704.0,
93.0,56784.0,
61.0,476928.0,
55.0,9196.0,
168.0,36992.0,
177.0,1548.0,
249.0,8107.0,
122.0,47500.0,
103.0,702.0,
168.0,189974.0,
128.0,1500.0,
96.0,153664.0,
115.0,46550.0,
125.0,29988.0,
159.0,1775.0,
125.0,279.0,
74.0,61393.0,
83.0,13824.0,
39.0,1260.0,
71.0,936.0,
81.0,6156.0,
62.0,3871.0,
142.0,65348.0,
236.0,239805.0,
238.0,4477.0,
109.0,25272.0,
155.0,6237.0,
81.0,110450.0,
136.0,235224.0,
256.0,1372.0,
76.0,188416.0,
202.0,140800.0,
218.0,13824.0,
199.0,85248.0,
152.0,89012.0,
86.0,31104.0,
34.0,6500.0,
87.0,25721.0,
183.0,10692.0,
186.0,41552.0,
150.0,78732.0,
42.0,48668.0,
51.0,2592.0,
250.0,4608.0,
63.0,13916.0,
235.0,238050.0,
191.0,540.0,
78.0,10976.0,
236.0,42849.0,
188.0,7209.0,
227.0,29963.0,
215.0,23465.0,
176.0,166600.0,
154.0,25515.0,
245.0,23520.0,
250.0,22748.0,
254.0,666.0,
157.0,11849.0,
146.0,13718.0,
174.0,98496.0,
189.0,62465.0,
154.0,704.0,
72.0,12544.0,
200.0,38088.0,
45.0,80100.0,
219.0,61740.0,
41.0,72326.0,
119.0,368.0,
245.0,18490.0,
71.0,168432.0,
224.0,6900.0,
163.0,120185.0,
40.0,13568.0,
89.0,1116.0,
63.0,4704.0,
205.0,48125.0,
254.0,6600.0,
103.0,96040.0,
48.0,118400.0,
89.0,1061802.0,
215.0,146071.0,
142.0,5488.0,
126.0,34839.0,
58.0,1728.0,
51.0,52822.0,
35.0,37559.0,
106.0,18000.0,
167.0,4805.0,
99.0,12996.0,
143.0,187792.0,
110.0,681408.0,
143.0,612.0,
248.0,105800.0,
237.0,3042.0,
101.0,4536.0,
199.0,232897.0,
137.0,165699.0,
82.0,1014.0,
136.0,864.0,
40.0,20736.0,
85.0,28800.0,
67.0,64152.0,
60.0,10816.0,
169.0,69966.0,
61.0,168070.0,
119.0,174748.0,
111.0,1792.0,
254.0,2057.0,
37.0,49536.0,
39.0,121968.0,
213.0,76832.0,
36.0,16896.0,
140.0,256.0,
166.0,3283.0,
181.0,8192.0,
96.0,2178.0,
244.0,5696.0,
158.0,9196.0,
178.0,7000.0,
99.0,26800.0,
153.0,110250.0,
105.0,127253.0,
120.0,13824.0,
154.0,11564.0,
198.0,28033.0,
133.0,12288.0,
242.0,1215.0,
115.0,7200.0,
62.0,101251.0,
208.0,16245.0,
132.0,37752.0,
105.0,9075.0,
182.0,7614.0,
186.0,12168.0,
126.0,75690.0,
55.0,3312.0,
211.0,31958.0,
102.0,20992.0,
114.0,32400.0,
241.0,30576.0,
96.0,25872.0,
75.0,54080.0,
232.0,1127.0,
229.0,192.0,
44.0,7260.0,
40.0,36504.0,
48.0,20956.0,
52.0,24255.0,
202.0,172543.0,
37.0,410700.0,
141.0,16928.0,
182.0,260100.0,
121.0,12528.0,
40.0,17457.0,
126.0,9225.0,
72.0,5504.0,
43.0,6400.0,
247.0,245072.0,
34.0,2916.0,
256.0,7680.0,
33.0,224576.0,
68.0,27588.0,
208.0,19602.0,
116.0,20727.0,
253.0,17640.0,
227.0,7290.0,
133.0,639.0,
123.0,3392.0,
244.0,42439.0,
85.0,19800.0,
99.0,4116.0,
82.0,3800.0,
160.0,5096.0,
177.0,11200.0,
43.0,34496.0,
149.0,121841.0,
204.0,9900.0,
231.0,7623.0,
188.0,6400.0,
201.0,11956.0,
242.0,25992.0,
155.0,127776.0,
207.0,45177.0,
66.0,114076.0,
57.0,14592.0,
81.0,125.0,
208.0,9408.0,
217.0,2944.0,
119.0,1188.0,
217.0,19074.0,
141.0,8100.0,
221.0,69966.0,
177.0,1352.0,
89.0,33880.0,
221.0,1372.0,
85.0,16464.0,
163.0,825.0,
237.0,5184.0,
216.0,54621.0,
141.0,52855.0,
53.0,16200.0,
242.0,2303.0,
137.0,16184.0,
89.0,320.0,
152.0,7056.0,
168.0,10125.0,
99.0,2560.0,
165.0,66654.0,
159.0,205200.0,
109.0,13225.0,
240.0,3136.0,
161.0,16335.0,
49.0,104000.0,
65.0,272.0,
227.0,8100.0,
206.0,25088.0,
49.0,44100.0,
69.0,2166.0,
75.0,20000.0,
155.0,1280.0,
242.0,5696.0,
65.0,3132.0,
225.0,97344.0,
119.0,20.0,
215.0,111132.0,
107.0,26645.0,
169.0,1550.0,
118.0,504.0,
216.0,74008.0,
102.0,287337.0,
178.0,32500.0,
164.0,287375.0,
112.0,17340.0,
77.0,187200.0,
53.0,1134.0,
147.0,5776.0,
166.0,76531.0,
105.0,38016.0,
75.0,269664.0,
112.0,3381.0,
55.0,35136.0,
167.0,368.0,
112.0,2057.0,
47.0,10240.0,
122.0,325069.0,
179.0,7632.0,
109.0,43560.0,
35.0,6723.0,
98.0,6534.0,
191.0,108241.0,
165.0,9072.0,
156.0,9200.0,
174.0,12167.0,
142.0,250463.0,
95.0,700.0,
105.0,126405.0,
38.0,399300.0,
178.0,183184.0,
95.0,221085.0,
240.0,40824.0,
124.0,686.0,
147.0,15004.0,
155.0,4752.0,
162.0,322896.0,
38.0,11907.0,
252.0,20808.0,
230.0,735.0,
218.0,58320.0,
224.0,432.0,
219.0,49500.0,
107.0,163296.0,
224.0,1024.0,
93.0,53428.0,
243.0,1625.0,
178.0,5632.0,
184.0,8833.0,
57.0,5103.0,
144.0,10625.0,
98.0,44375.0,
94.0,67200.0,
98.0,224432.0,
111.0,70516.0,
137.0,7497.0,
135.0,12427.0,
50.0,141376.0,
94.0,139707.0,
121.0,105000.0,
127.0,2888.0,
208.0,3971.0,
125.0,539.0,
213.0,21142.0,
71.0,66439.0,
150.0,70000.0,
219.0,102900.0,
34.0,113600.0,
228.0,168259.0,
41.0,4557.0,
247.0,135252.0,
74.0,9126.0,
243.0,4464.0,
193.0,166375.0,
53.0,150400.0,
250.0,5800.0,
253.0,129600.0,
235.0,55815.0,
99.0,666.0,
206.0,6076.0,
157.0,10584.0,
203.0,25596.0,
171.0,33573.0,
186.0,28750.0,
135.0,48960.0,
242.0,105393.0,
66.0,62775.0,
204.0,4096.0,
57.0,6800.0,
54.0,114444.0,
193.0,4698.0,
95.0,52528.0,
83.0,40432.0,
36.0,66429.0,
171.0,405769.0,
243.0,18150.0,
84.0,14256.0,
41.0,23273.0,
57.0,30800.0,
238.0,124184.0,
163.0,6400.0,
124.0,73008.0,
175.0,126852.0,
112.0,4100.0,
113.0,451584.0,
32.0,30618.0,
75.0,209484.0,
165.0,25270.0,
255.0,11376.0,
113.0,784.0,
77.0,46644.0,
230.0,5589.0,
202.0,24565.0,
173.0,85750.0,
235.0,35739.0,
190.0,30618.0,
39.0,2475.0,
32.0,71487.0,
245.0,2349.0,
124.0,26496.0,
67.0,230338.0,
222.0,14800.0,
227.0,1620.0,
79.0,35152.0,
246.0,1617.0,
71.0,10224.0,
36.0,14365.0,
184.0,38720.0,
129.0,5913.0,
173.0,6912.0,
59.0,2989.0,
58.0,25200.0,
131.0,63882.0,
121.0,6137.0,
167.0,95256.0,
204.0,261.0,
168.0,28577.0,
67.0,192474.0,
93.0,141120.0,
127.0,36000.0,
228.0,41262.0,
78.0,3168.0,
200.0,267173.0,
195.0,150.0,
170.0,67797.0,
84.0,200475.0,
219.0,6776.0,
219.0,166518.0,
78.0,9295.0,
48.0,8957.0,
246.0,19494.0,
69.0,34656.0,
97.0,12240.0,
118.0,29068.0,
101.0,1573.0,
49.0,1960.0,
101.0,13916.0,
252.0,1875.0,
70.0,5408.0,
219.0,1440.0,
210.0,195000.0,
39.0,432.0,
181.0,8300.0,
157.0,12400.0,
94.0,704.0,
235.0,127400.0,
173.0,9375.0,
179.0,11661.0,
190.0,9922.0,
122.0,74480.0,
35.0,6760.0,
96.0,194481.0,
222.0,83006.0,
116.0,4394.0,
111.0,14080.0,
187.0,63488.0,
160.0,201019.0,
212.0,960.0,
40.0,1500.0,
85.0,4160.0,
193.0,2695.0,
128.0,26912.0,
243.0,900.0,
240.0,10368.0,
59.0,120185.0,
129.0,7220.0,
32.0,59582.0,
213.0,1008.0,
181.0,5760.0,
163.0,17576.0,
205.0,16650.0,
59.0,2116.0,
191.0,19363.0,
132.0,5808.0,
55.0,257725.0,
143.0,2300.0,
64.0,11664.0,
235.0,28830.0,
224.0,49197.0,
204.0,27783.0,
221.0,72897.0,
57.0,20280.0,
69.0,5265.0,
218.0,34364.0,
187.0,36288.0,
159.0,42300.0,
50.0,49096.0,
187.0,6400.0,
90.0,39146.0,
143.0,25872.0,
155.0,1584.0,
82.0,160550.0,
254.0,50933.0,
219.0,6272.0,
100.0,12427.0,
206.0,30492.0,
238.0,7776.0,
116.0,29068.0,
202.0,2592.0,
251.0,21386.0,
60.0,11564.0,
163.0,143650.0,
125.0,2057.0,
131.0,108.0,
61.0,8712.0,
181.0,144.0,
160.0,4900.0,
117.0,414.0,
138.0,2250.0,
57.0,2160.0,
43.0,20088.0,
127.0,56.0,
233.0,42336.0,
203.0,74008.0,
171.0,16856.0,
186.0,3402.0,
64.0,139150.0,
212.0,323400.0,
55.0,16875.0,
252.0,1620.0,
42.0,42624.0,
251.0,19584.0,
191.0,96768.0,
238.0,2000.0,
156.0,20102.0,
170.0,60648.0,
47.0,6250.0,
35.0,35131.0,
251.0,35739.0,
163.0,768.0,
91.0,2597.0,
144.0,11250.0,
143.0,3971.0,
247.0,17328.0,
82.0,23104.0,
96.0,1400.0,
46.0,1225.0,
131.0,22032.0,
149.0,2268.0,
238.0,9900.0,
240.0,2556.0,
47.0,55404.0,
202.0,20181.0,
78.0,490.0,
61.0,5600.0,
138.0,29200.0,
91.0,389207.0,
61.0,94608.0,
66.0,83248.0,
173.0,105903.0,
214.0,336.0,
81.0,173056.0,
141.0,8704.0,
72.0,3136.0,
52.0,16200.0,
116.0,42777.0,
229.0,640.0,
119.0,78848.0,
251.0,448.0,
160.0,36.0,
160.0,17775.0,
121.0,28037.0,
50.0,1175.0,
134.0,15360.0,
223.0,23826.0,
193.0,66564.0,
33.0,106575.0,
123.0,132300.0,
83.0,56784.0,
75.0,94743.0,
226.0,3888.0,
82.0,110000.0,
253.0,25600.0,
155.0,8228.0,
140.0,478584.0,
120.0,69632.0,
239.0,12168.0,
162.0,27744.0,
114.0,51450.0,
34.0,33124.0,
68.0,207646.0,
239.0,20184.0,
108.0,141750.0,
55.0,41472.0,
181.0,98260.0,
131.0,61852.0,
148.0,207.0,
105.0,58725.0,
237.0,108416.0,
80.0,103194.0,
64.0,258048.0,
230.0,35836.0,
85.0,27540.0,
48.0,177870.0,
178.0,94080.0,
92.0,70560.0,
238.0,855432.0,
33.0,28611.0,
94.0,26877.0,
146.0,980.0,
154.0,80.0,
177.0,30618.0,
64.0,36518.0,
214.0,44375.0,
251.0,7225.0,
213.0,1275.0,
252.0,1815.0,
149.0,180.0,
210.0,18928.0,
51.0,39204.0,
145.0,52675.0,
243.0,31752.0,
251.0,37179.0,
126.0,159936.0,
36.0,2496.0,
230.0,96228.0,
237.0,4719.0,
107.0,10656.0,
220.0,13182.0,
152.0,61250.0,
254.0,171108.0,
113.0,186624.0,
217.0,21825.0,
181.0,185394.0,
70.0,26568.0,
103.0,376544.0,
70.0,33957.0,
235.0,4464.0,
191.0,59616.0,
250.0,67032.0,
113.0,90168.0,
124.0,1856.0,
200.0,10240.0,
41.0,10982.0,
65.0,31213.0,
203.0,4200.0,
41.0,26019.0,
242.0,5776.0,
192.0,2900.0,
226.0,12348.0,
196.0,19456.0,
98.0,171108.0,
58.0,12800.0,
204.0,1029.0,
186.0,1575.0,
197.0,77824.0,
194.0,10769.0,
90.0,116640.0,
142.0,236600.0,
157.0,4736.0,
186.0,453690.0,
234.0,5445.0,
206.0,2904.0,
142.0,67280.0,
146.0,12375.0,
116.0,101124.0,
246.0,85264.0,
123.0,142974.0,
175.0,35136.0,
107.0,8664.0,
79.0,650.0,
167.0,4480.0,
194.0,833.0,
33.0,1568.0,
77.0,173400.0,
146.0,10400.0,
80.0,304.0,
109.0,8019.0,
142.0,21200.0,
109.0,195075.0,
188.0,62192.0,
197.0,264046.0,
38.0,8959.0,
175.0,23040.0,
63.0,43904.0,
212.0,52528.0,
36.0,33640.0,
32.0,25920.0,
120.0,141328.0,
155.0,50784.0,
66.0,182500.0,
145.0,6912.0,
127.0,5915.0,
212.0,10890.0,
67.0,3744.0,
191.0,160.0,
120.0,19941.0,
180.0,19941.0,
93.0,50112.0,
87.0,13284.0,
33.0,14196.0,
98.0,9648.0,
84.0,30976.0,
54.0,222789.0,
114.0,139240.0,
76.0,220500.0,
173.0,30132.0,
233.0,9216.0,
224.0,48020.0,
201.0,465948.0,
64.0,3087.0,
49.0,960.0,
33.0,26973.0,
96.0,29200.0,
185.0,30420.0,
232.0,108800.0,
256.0,768.0,
91.0,23552.0,
255.0,145600.0,
93.0,9792.0,
129.0,1552.0,
210.0,1296.0,
218.0,105600.0,
69.0,42336.0,
85.0,92778.0,
206.0,1584.0,
182.0,2793.0,
53.0,8381.0,
183.0,28392.0,
239.0,112896.0,
87.0,5184.0,
130.0,555579.0,
51.0,86436.0,
82.0,54684.0,
235.0,3136.0,
39.0,62361.0,
86.0,43245.0,
187.0,36000.0,
104.0,2000.0,
57.0,499059.0,
156.0,32670.0,
92.0,4235.0,
251.0,2268.0,
171.0,11520.0,
144.0,6253.0,
221.0,3888.0,
219.0,39546.0,
97.0,92016.0,
99.0,21025.0,
253.0,218295.0,
199.0,2940.0,
114.0,8700.0,
147.0,7614.0,
171.0,6318.0,
198.0,12675.0,
98.0,16224.0,
50.0,14994.0,
158.0,12615.0,
154.0,16767.0,
230.0,13968.0,
172.0,79895.0,
254.0,10115.0,
205.0,2048.0,
157.0,6069.0,
172.0,3136.0,
70.0,42588.0,
35.0,2304.0,
230.0,8200.0,
243.0,21675.0,
199.0,79200.0,
48.0,68231.0,
80.0,250776.0,
237.0,164836.0,
199.0,8624.0,
76.0,430944.0,
106.0,2844.0,
135.0,141328.0,
99.0,40.0,
140.0,361584.0,
84.0,286875.0,
80.0,1715.0,
194.0,39200.0,
148.0,51597.0,
200.0,10512.0,
57.0,3648.0,
36.0,48125.0,
71.0,11495.0,
147.0,14739.0,
110.0,28566.0,
228.0,19941.0,
41.0,190000.0,
192.0,19584.0,
98.0,484939.0,
130.0,1125.0,
179.0,207866.0,
109.0,9126.0,
173.0,3648.0,
174.0,936.0,
66.0,124579.0,
224.0,2275.0,
238.0,1725.0,
256.0,3844.0,
163.0,69984.0,
134.0,179712.0,
153.0,33200.0,
110.0,97336.0,
235.0,5200.0,
249.0,504.0,
103.0,19012.0,
143.0,648.0,
139.0,1800.0,
156.0,160.0,
159.0,21964.0,
139.0,577600.0,
48.0,87725.0,
108.0,21060.0,
149.0,576.0,
252.0,25992.0,
90.0,15886.0,
133.0,151290.0,
48.0,3456.0,
39.0,17500.0,
131.0,86903.0,
209.0,1862.0,
43.0,23958.0,
136.0,10086.0,
153.0,30720.0,
130.0,54080.0,
232.0,830584.0,
224.0,40000.0,
89.0,68450.0,
74.0,209855.0,
35.0,15435.0,
247.0,213616.0,
140.0,19125.0,
123.0,2376.0,
215.0,80000.0,
101.0,93639.0,
174.0,13851.0,
203.0,3249.0,
99.0,42588.0,
57.0,2601.0,
128.0,191558.0,
175.0,58806.0,
158.0,2500.0,
138.0,14400.0,
211.0,89856.0,
40.0,1764.0,
35.0,22748.0,
245.0,114376.0,
214.0,75919.0,
166.0,14175.0,
69.0,87040.0,
72.0,139523.0,
99.0,1500.0,
194.0,33712.0,
104.0,275.0,
210.0,24565.0,
96.0,17052.0,
217.0,1825.0,
87.0,49536.0,
217.0,1296.0,
221.0,4165.0,
140.0,29040.0,
152.0,22831.0,
75.0,5776.0,
182.0,8232.0,
151.0,15523.0,
68.0,867.0,
230.0,79872.0,
190.0,29744.0,
185.0,34398.0,
73.0,6480.0,
250.0,27436.0,
207.0,2541.0,
238.0,33327.0,
120.0,25920.0,
233.0,114048.0,
104.0,179776.0,
75.0,6075.0,
39.0,41454.0,
217.0,9248.0,
203.0,198.0,
80.0,30375.0,
111.0,66600.0,
247.0,1008.0,
255.0,5202.0,
106.0,90720.0,
202.0,1440.0,
194.0,48384.0,
194.0,171396.0,
130.0,30926.0,
214.0,160000.0,
53.0,299943.0,
101.0,28224.0,
109.0,8200.0,
129.0,1078.0,
147.0,64000.0,
147.0,1525.0,
84.0,9025.0,
71.0,21825.0,
243.0,5913.0,
183.0,10108.0,
66.0,4224.0,
232.0,2808.0,
60.0,30246.0,
228.0,2225.0,
199.0,5994.0,
178.0,2890.0,
197.0,15210.0,
169.0,18432.0,
256.0,6656.0,
152.0,14400.0,
193.0,25600.0,
65.0,10143.0,
237.0,1458.0,
122.0,3136.0,
144.0,24909.0,
87.0,39200.0,
47.0,3509.0,
65.0,48600.0,
70.0,21384.0,
119.0,1296.0,
59.0,17248.0,
142.0,76032.0,
195.0,2597.0,
173.0,511056.0,
53.0,13104.0,
48.0,24200.0,
224.0,8748.0,
221.0,11564.0,
174.0,144.0,
244.0,69575.0,
118.0,270000.0,
249.0,36450.0,
106.0,198927.0,
202.0,9438.0,
216.0,2880.0,
247.0,14703.0,
56.0,23276.0,
234.0,34425.0,
175.0,42891.0,
141.0,2016.0,
69.0,76664.0,
246.0,2664.0,
255.0,46080.0,
112.0,2232.0,
80.0,3200.0,
220.0,98010.0,
229.0,10800.0,
208.0,5082.0,
228.0,37888.0,
192.0,376360.0,
182.0,59895.0,
38.0,800.0,
238.0,486.0,
249.0,34983.0,
221.0,243.0,
211.0,261855.0,
128.0,3600.0,
93.0,152000.0,
106.0,30870.0,
44.0,159695.0,
73.0,15886.0,
163.0,8112.0,
177.0,17820.0,
220.0,38416.0,
119.0,1512.0,
36.0,81648.0,
236.0,588.0,
230.0,87300.0,
46.0,27648.0,
165.0,85536.0,
139.0,33856.0,
244.0,27200.0,
243.0,44616.0,
189.0,672.0,
74.0,2779587.0,
201.0,6050.0,
73.0,26973.0,
53.0,37044.0,
158.0,229957.0,
67.0,37026.0,
238.0,20736.0,
216.0,134064.0,
85.0,28836.0,
78.0,122034.0,
208.0,330672.0,
251.0,29241.0,
94.0,4067.0,
130.0,4374.0,
82.0,85264.0,
223.0,83259.0,
122.0,80724.0,
33.0,28125.0,
46.0,67797.0,
235.0,83232.0,
58.0,596232.0,
127.0,11492.0,
123.0,48843.0,
68.0,17100.0,
206.0,864.0,
67.0,125.0,
149.0,88837.0,
66.0,3969.0,
156.0,148137.0,
163.0,48552.0,
242.0,42592.0,
144.0,52855.0,
137.0,3776.0,
107.0,69360.0,
134.0,261612.0,
113.0,1584.0,
163.0,3920.0,
146.0,56250.0,
214.0,4056.0,
121.0,155000.0,
194.0,272250.0,
222.0,816.0,
228.0,5566.0,
97.0,36163.0,
197.0,31944.0,
95.0,13182.0,
155.0,70656.0,
151.0,45927.0,
48.0,1728.0,
41.0,8064.0,
186.0,5800.0,
109.0,21299.0,
84.0,19363.0,
96.0,19200.0,
93.0,243.0,
58.0,25143.0,
178.0,4000.0,
212.0,3174.0,
247.0,1984.0,
190.0,6076.0,
240.0,86031.0,
188.0,4214.0,
56.0,50688.0,
111.0,14375.0,
213.0,833.0,
65.0,4263.0,
181.0,8107.0,
251.0,58806.0,
176.0,3610.0,
70.0,59204.0,
97.0,3712.0,
227.0,1440.0,
248.0,67280.0,
189.0,17444.0,
38.0,288.0,
73.0,184275.0,
211.0,828.0,
78.0,264.0,
134.0,295856.0,
256.0,5312.0,
121.0,16900.0,
66.0,7605.0,
196.0,11616.0,
220.0,4753.0,
140.0,6000.0,
120.0,44100.0,
179.0,55872.0,
188.0,17051.0,
160.0,2304.0,
158.0,61440.0,
146.0,4400.0,
199.0,2873.0,
203.0,41400.0,
185.0,100.0,
224.0,94208.0,
34.0,170108.0,
41.0,14872.0,
236.0,39375.0,
194.0,3675.0,
183.0,58320.0,
255.0,23716.0,
178.0,477.0,
47.0,26588.0,
185.0,2304.0,
48.0,92480.0,
222.0,1216.0,
51.0,166050.0,
114.0,90112.0,
37.0,100000.0,
127.0,6845.0,
225.0,2624.0,
97.0,8192.0,
118.0,39204.0,
177.0,436978.0,
247.0,31713.0,
155.0,8550.0,
85.0,25920.0,
37.0,35600.0,
85.0,69984.0,
226.0,11664.0,
244.0,28224.0,
41.0,15606.0,
244.0,1568.0,
123.0,465520.0,
191.0,3038.0,
67.0,79402.0,
215.0,28899.0,
33.0,130331.0,
83.0,42320.0,
66.0,20480.0,
242.0,119168.0,
87.0,3402.0,
168.0,11094.0,
149.0,225.0,
222.0,13552.0,
183.0,160688.0,
104.0,15884.0,
218.0,46656.0,
142.0,7614.0,
236.0,15041.0,
33.0,28880.0,
116.0,44528.0,
36.0,18207.0,
241.0,139392.0,
149.0,2375.0,
62.0,3822.0,
181.0,25215.0,
38.0,16038.0,
130.0,57024.0,
230.0,50000.0,
78.0,193536.0,
38.0,101376.0,
242.0,12825.0,
98.0,1127.0,
233.0,104076.0,
91.0,81675.0,
34.0,100048.0,
157.0,31347.0,
213.0,222784.0,
33.0,3168.0,
137.0,29160.0,
147.0,143259.0,
136.0,3200.0,
204.0,26400.0,
164.0,3744.0,
161.0,21296.0,
112.0,25886.0,
167.0,41250.0,
184.0,85833.0,
195.0,26496.0,
66.0,261.0,
208.0,10816.0,
180.0,151380.0,
127.0,20736.0,
158.0,28900.0,
243.0,2400.0,
94.0,54096.0,
85.0,4752.0,
150.0,147200.0,
182.0,1275.0,
138.0,165816.0,
182.0,45496.0,
167.0,194400.0,
221.0,7920.0,
187.0,432.0,
245.0,121500.0,
131.0,1875.0,
249.0,6591.0,
67.0,8448.0,
200.0,11999.0,
79.0,27500.0,
77.0,9537.0,
244.0,3584.0,
57.0,96775.0,
64.0,17325.0,
82.0,212868.0,
220.0,24025.0,
176.0,52992.0,
166.0,6413.0,
107.0,232897.0,
79.0,4410.0,
110.0,4212.0,
137.0,3751.0,
208.0,34481.0,
148.0,15876.0,
125.0,684.0,
194.0,447174.0,
248.0,3328.0,
35.0,6700.0,
200.0,20736.0,
204.0,5547.0,
106.0,2952.0,
230.0,673641.0,
69.0,7260.0,
46.0,64715.0,
177.0,5577.0,
235.0,3822.0,
139.0,30780.0,
80.0,427128.0,
55.0,11374.0,
85.0,2240.0,
204.0,1856.0,
153.0,346053.0,
48.0,1620.0,
54.0,14256.0,
254.0,123201.0,
123.0,1520.0,
47.0,13294.0,
180.0,50784.0,
87.0,10800.0,
145.0,304920.0,
174.0,194936.0,
255.0,94640.0,
56.0,2375.0,
222.0,21250.0,
56.0,43245.0,
241.0,2744.0,
113.0,25947.0,
179.0,1911.0,
255.0,10000.0,
212.0,736.0,
163.0,460600.0,
155.0,13182.0,
132.0,3456.0,
188.0,12312.0,
157.0,59168.0,
70.0,196.0,
193.0,22500.0,
139.0,252810.0,
117.0,8800.0,
200.0,404352.0,
239.0,4356.0,
137.0,286517.0,
183.0,2009.0,
119.0,73036.0,
213.0,11952.0,
248.0,2420.0,
35.0,3564.0,
41.0,976.0,
200.0,15680.0,
239.0,11776.0,
239.0,3087.0,
66.0,2016.0,
134.0,91200.0,
148.0,513.0,
118.0,215472.0,
146.0,1152.0,
82.0,285940.0,
118.0,1500.0,
115.0,756.0,
189.0,16128.0,
125.0,720.0,
222.0,20700.0,
74.0,584064.0,
237.0,1008.0,
137.0,222264.0,
154.0,16473.0,
156.0,1325.0,
38.0,239112.0,
110.0,10368.0,
44.0,47081.0,
160.0,6050.0,
231.0,30528.0,
116.0,20025.0,
115.0,1620.0,
211.0,47916.0,
54.0,99179.0,
42.0,3969.0,
210.0,21870.0,
157.0,41323.0,
152.0,33600.0,
153.0,25920.0,
82.0,3072.0,
51.0,216090.0,
72.0,4800.0,
184.0,8208.0,
97.0,2704.0,
178.0,32.0,
218.0,23273.0,
72.0,57500.0,
204.0,7776.0,
250.0,24565.0,
196.0,342788.0,
85.0,163863.0,
74.0,1512.0,
205.0,178292.0,
32.0,151558.0,
217.0,39401.0,
168.0,2366.0,
234.0,147591.0,
223.0,197500.0,
39.0,37553.0,
129.0,88084.0,
116.0,78400.0,
42.0,57.0,
117.0,269892.0,
136.0,73926.0,
124.0,14553.0,
153.0,2412.0,
200.0,49972.0,
200.0,36400.0,
101.0,11250.0,
132.0,1625.0,
226.0,16640.0,
218.0,18411.0,
86.0,689208.0,
66.0,25281.0,
98.0,111033.0,
214.0,9800.0,
79.0,13520.0,
243.0,2312.0,
174.0,94325.0,
224.0,12825.0,
156.0,726.0,
230.0,2880.0,
248.0,8100.0,
86.0,27200.0,
130.0,5776.0,
117.0,7500.0,
42.0,2628.0,
152.0,6422.0,
35.0,4950.0,
124.0,2250.0,
235.0,23958.0,
248.0,54880.0,
96.0,16456.0,
174.0,28717.0,
91.0,512.0,
77.0,4394.0,
161.0,30056.0,
159.0,1296.0,
207.0,117450.0,
201.0,5616.0,
65.0,18468.0,
122.0,9800.0,
237.0,25652.0,
39.0,101088.0,
190.0,57600.0,
201.0,13932.0,
102.0,4410.0,
197.0,21964.0,
142.0,972.0,
231.0,40131.0,
227.0,344.0,
234.0,84568.0,
37.0,83607.0,
92.0,55566.0,
195.0,2890.0,
238.0,89739.0,
40.0,180.0,
119.0,53125.0,
128.0,6800.0,
157.0,459.0,
187.0,9800.0,
98.0,269696.0,
147.0,142500.0,
94.0,332820.0,
139.0,16928.0,
150.0,71100.0,
190.0,43907.0,
32.0,729.0,
115.0,30324.0,
124.0,10192.0,
159.0,70304.0,
229.0,12960.0,
219.0,2275.0,
255.0,12096.0,
53.0,31311.0,
91.0,144669.0,
236.0,14801.0,
33.0,45000.0,
242.0,19600.0,
171.0,15288.0,
70.0,97600.0,
69.0,16856.0,
204.0,4374.0,
152.0,1836.0,
104.0,102608.0,
90.0,53750.0,
64.0,4160.0,
118.0,5760.0,
205.0,16640.0,
242.0,28400.0,
255.0,187272.0,
108.0,2366.0,
167.0,204800.0,
212.0,143888.0,
221.0,251384.0,
156.0,37600.0,
191.0,123704.0,
155.0,612.0,
54.0,36992.0,
198.0,396.0,
162.0,9648.0,
56.0,456976.0,
63.0,28125.0,
70.0,81634.0,
142.0,38592.0,
167.0,142956.0,
120.0,48672.0,
91.0,67600.0,
172.0,32076.0,
104.0,2400.0,
62.0,3100.0,
173.0,576.0,
130.0,688.0,
61.0,136125.0,
254.0,1296.0,
161.0,9936.0,
230.0,86016.0,
56.0,1344.0,
147.0,307501.0,
245.0,18900.0,
182.0,448.0,
160.0,2352.0,
79.0,25088.0,
255.0,88412.0,
192.0,3630.0,
163.0,124002.0,
179.0,6655.0,
190.0,116365.0,
197.0,24300.0,
231.0,1152.0,
206.0,71680.0,
100.0,311904.0,
199.0,41971.0,
183.0,18792.0,
111.0,4700.0,
197.0,1088.0,
206.0,6192.0,
104.0,13225.0,
166.0,34848.0,
135.0,8664.0,
233.0,185556.0,
88.0,14850.0,
234.0,6144.0,
196.0,23652.0,
185.0,726.0,
224.0,7267.0,
37.0,158661.0,
120.0,3300.0,
63.0,8820.0,
207.0,14161.0,
42.0,7350.0,
41.0,24200.0,
50.0,9559.0,
64.0,50700.0,
198.0,22736.0,
50.0,2425.0,
196.0,133308.0,
203.0,5472.0,
171.0,27225.0,
32.0,3509.0,
150.0,669780.0,
77.0,11109.0,
255.0,7200.0,
183.0,400.0,
150.0,14256.0,
209.0,165048.0,
75.0,240.0,
34.0,6075.0,
209.0,294272.0,
174.0,12816.0,
76.0,42237.0,
39.0,6272.0,
246.0,14872.0,
139.0,1573.0,
125.0,2175.0,
97.0,5929.0,
233.0,6627.0,
111.0,73728.0,
214.0,42048.0,
130.0,127008.0,
126.0,3400.0,
175.0,99.0,
195.0,7600.0,
167.0,171475.0,
59.0,39690.0,
85.0,52371.0,
82.0,9438.0,
256.0,275625.0,
210.0,194688.0,
127.0,768.0,
119.0,19941.0,
141.0,66150.0,
201.0,12675.0,
231.0,972.0,
152.0,39200.0,
228.0,2772.0,
200.0,251896.0,
124.0,4700.0,
209.0,22272.0,
205.0,44944.0,
170.0,10240.0,
96.0,37800.0,
35.0,260.0,
144.0,9801.0,
51.0,29988.0,
252.0,63504.0,
192.0,31046.0,
85.0,23328.0,
74.0,18432.0,
151.0,3400.0,
256.0,23409.0,
167.0,1700.0,
253.0,23004.0,
131.0,22500.0,
244.0,1764.0,
190.0,4500.0,
126.0,87480.0,
36.0,7260.0,
196.0,1050.0,
151.0,2009.0,
169.0,152100.0,
219.0,2695.0,
76.0,65712.0,
37.0,14850.0,
125.0,1872.0,
175.0,605.0,
196.0,1782.0,
154.0,74892.0,
94.0,288.0,
169.0,19652.0,
185.0,2592.0,
209.0,194400.0,
251.0,2100.0,
52.0,306656.0,
95.0,420784.0,
219.0,534645.0,
35.0,2368.0,
214.0,147.0,
89.0,20519.0,
104.0,6655.0,
131.0,101088.0,
164.0,8496.0,
219.0,18176.0,
41.0,285912.0,
180.0,16268.0,
54.0,41454.0,
85.0,2541.0,
217.0,3645.0,
238.0,48672.0,
243.0,247500.0,
235.0,20519.0,
222.0,119475.0,
37.0,49152.0,
184.0,102675.0,
195.0,278091.0,
75.0,37908.0,
154.0,3993.0,
93.0,33696.0,
55.0,26496.0,
44.0,262122.0,
128.0,117670.0,
53.0,297.0,
159.0,165528.0,
244.0,101251.0,
55.0,22500.0,
117.0,182250.0,
195.0,52416.0,
148.0,1024.0,
188.0,19573.0,
98.0,132651.0,
167.0,24192.0,
251.0,27216.0,
163.0,30492.0,
249.0,225.0,
153.0,65856.0,
44.0,2754.0,
114.0,278091.0,
211.0,88128.0,
123.0,3060.0,
140.0,21609.0,
199.0,31250.0,
168.0,23120.0,
217.0,13248.0,
149.0,22326.0,
158.0,44044.0,
161.0,2401.0,
179.0,163268.0,
236.0,11495.0,
32.0,24863.0,
101.0,67032.0,
128.0,26800.0,
209.0,2816.0,
184.0,13448.0,
78.0,8228.0,
210.0,9675.0,
132.0,17775.0,
127.0,59778.0,
216.0,848.0,
230.0,5056.0,
185.0,4235.0,
218.0,34295.0,
53.0,260288.0,
201.0,110889.0,
231.0,13932.0,
208.0,25272.0,
49.0,25215.0,
194.0,19575.0,
200.0,91476.0,
47.0,2420.0,
203.0,38592.0,
32.0,352.0,
210.0,470400.0,
113.0,6591.0,
39.0,21386.0,
122.0,1376.0,
85.0,45012.0,
85.0,168540.0,
187.0,291312.0,
246.0,30429.0,
248.0,43125.0,
132.0,2400.0,
36.0,2944.0,
61.0,1600.0,
150.0,53900.0,
253.0,289338.0,
231.0,9800.0,
164.0,7623.0,
119.0,1536.0,
73.0,900.0,
187.0,24304.0,
223.0,89528.0,
47.0,19456.0,
74.0,110808.0,
203.0,368640.0,
113.0,297724.0,
190.0,6655.0,
157.0,458731.0,
162.0,51984.0,
81.0,30600.0,
112.0,1014.0,
141.0,13520.0,
87.0,16224.0,
118.0,8670.0,
130.0,163268.0,
182.0,240000.0,
84.0,8232.0,
158.0,19166.0,
253.0,38416.0,
178.0,209855.0,
106.0,14400.0,
72.0,24832.0,
63.0,134096.0,
36.0,98000.0,
218.0,113400.0,
178.0,94208.0,
194.0,3584.0,
47.0,1200.0,
70.0,13005.0,
53.0,44032.0,
194.0,46875.0,
100.0,21904.0,
56.0,1520.0,
82.0,12600.0,
219.0,5800.0,
81.0,61740.0,
143.0,64343.0,
105.0,174375.0,
58.0,1200.0,
212.0,162000.0,
175.0,846.0,
131.0,3200.0,
52.0,9800.0,
59.0,1764.0,
42.0,191250.0,
256.0,928.0,
61.0,96800.0,
63.0,19600.0,
179.0,7488.0,
147.0,283075.0,
201.0,139150.0,
33.0,16000.0,
51.0,3008.0,
209.0,864.0,
243.0,155952.0,
244.0,30456.0,
192.0,744673.0,
154.0,2601.0,
157.0,10692.0,
181.0,17500.0,
210.0,11520.0,
89.0,12152.0,
92.0,13520.0,
192.0,83259.0,
162.0,84640.0,
107.0,19116.0,
40.0,30008.0,
169.0,430612.0,
174.0,66339.0,
191.0,11132.0,
150.0,1862.0,
132.0,18207.0,
144.0,148716.0,
212.0,1792.0,
85.0,5184.0,
183.0,1040.0,
170.0,224720.0,
171.0,189280.0,
242.0,11088.0,
188.0,196992.0,
36.0,14739.0,
146.0,10769.0,
90.0,13600.0,
217.0,165375.0,
241.0,810.0,
134.0,71114.0,
225.0,288.0,
57.0,166212.0,
190.0,92416.0,
79.0,4225.0,
250.0,21160.0,
71.0,36963.0,
255.0,88209.0,
173.0,193600.0,
134.0,3520.0,
146.0,33600.0,
152.0,25600.0,
239.0,4753.0,
110.0,5589.0,
112.0,1014.0,
38.0,2844.0,
47.0,11264.0,
63.0,153.0,
140.0,204723.0,
242.0,1764.0,
73.0,270.0,
73.0,48750.0,
50.0,39984.0,
110.0,2000.0,
168.0,31768.0,
175.0,2450.0,
89.0,63175.0,
144.0,2420.0,
233.0,12337.0,
172.0,20164.0,
57.0,45360.0,
194.0,1225.0,
230.0,4608.0,
193.0,5203.0,
167.0,3969.0,
45.0,196.0,
246.0,24187.0,
53.0,245000.0,
171.0,6860.0,
47.0,39015.0,
254.0,15379.0,
126.0,16900.0,
233.0,816.0,
71.0,31600.0,
133.0,16650.0,
174.0,1911.0,
36.0,106782.0,
139.0,14553.0,
33.0,1950.0,
39.0,12960.0,
45.0,30752.0,
76.0,4508.0,
118.0,49005.0,
81.0,17298.0,
117.0,1089.0,
209.0,1734.0,
186.0,8957.0,
254.0,3025.0,
160.0,32799.0,
90.0,4352.0,
34.0,32000.0,
44.0,131279.0,
48.0,6144.0,
209.0,6700.0,
187.0,3072.0,
175.0,9200.0,
59.0,13225.0,
164.0,12321.0,
171.0,1250.0,
56.0,4312.0,
181.0,7900.0,
83.0,124579.0,
94.0,539.0,
57.0,3584.0,
34.0,2340.0,
46.0,65598.0,
193.0,179776.0,
65.0,25272.0,
109.0,272.0,
126.0,6534.0,
65.0,1536.0,
200.0,6975.0,
230.0,3840.0,
64.0,3402.0,
164.0,43378.0,
117.0,60912.0,
200.0,20280.0,
147.0,5120.0,
148.0,57498.0,
209.0,450216.0,
120.0,441.0,
244.0,23328.0,
80.0,3564.0,
148.0,4860.0,
131.0,3520.0,
70.0,39146.0,
49.0,393216.0,
132.0,9802.0,
126.0,47952.0,
154.0,87300.0,
85.0,32368.0,
35.0,1008.0,
169.0,426320.0,
215.0,97175.0,
50.0,496.0,
206.0,9802.0,
148.0,12375.0,
47.0,323584.0,
182.0,1548.0,
88.0,3100.0,
206.0,944.0,
193.0,5175.0,
64.0,29160.0,
173.0,4352.0,
52.0,12936.0,
39.0,800.0,
200.0,94461.0,
85.0,20.0,
149.0,7500.0,
122.0,3087.0,
213.0,6137.0,
169.0,178200.0,
49.0,7865.0,
138.0,2088.0,
50.0,35287.0,
108.0,322896.0,
203.0,2754.0,
123.0,8100.0,
200.0,31347.0,
53.0,12716.0,
58.0,12152.0,
90.0,1275.0,
213.0,1664.0,
239.0,147200.0,
210.0,2925.0,
99.0,113400.0,
245.0,43940.0,
64.0,4300.0,
215.0,118336.0,
71.0,305122.0,
56.0,32800.0,
206.0,9075.0,
237.0,13125.0,
71.0,891.0,
49.0,26353.0,
114.0,50625.0,
132.0,15552.0,
239.0,26019.0,
89.0,39527.0,
78.0,900.0,
188.0,111375.0,
218.0,775.0,
41.0,178929.0,
219.0,27753.0,
217.0,1664.0,
74.0,164025.0,
160.0,11988.0,
244.0,1440.0,
45.0,5120.0,
208.0,97500.0,
220.0,6016.0,
179.0,230496.0,
127.0,1323.0,
194.0,8019.0,
193.0,9216.0,
243.0,8550.0,
162.0,112258.0,
133.0,65598.0,
87.0,4375.0,
234.0,10051.0,
241.0,2500.0,
158.0,9583.0,
206.0,76500.0,
203.0,87025.0,
155.0,12427.0,
220.0,5427.0,
119.0,82944.0,
227.0,16.0,
185.0,19800.0,
68.0,17444.0,
169.0,103488.0,
105.0,7200.0,
251.0,26973.0,
251.0,68921.0,
55.0,36100.0,
230.0,14625.0,
234.0,700.0,
65.0,14256.0,
53.0,68450.0,
193.0,86400.0,
149.0,39304.0,
187.0,24320.0,
33.0,2484.0,
49.0,10769.0,
54.0,21780.0,
57.0,171925.0,
82.0,21097.0,
150.0,196788.0,
119.0,142885.0,
93.0,8192.0,
247.0,13013.0,
234.0,152064.0,
38.0,3420.0,
124.0,14703.0,
36.0,22680.0,
244.0,34295.0,
95.0,13858.0,
146.0,90774.0,
46.0,183618.0,
86.0,35100.0,
166.0,162.0,
73.0,20475.0,
53.0,185856.0,
174.0,190440.0,
86.0,3211.0,
111.0,41013.0,
255.0,6400.0,
116.0,36963.0,
235.0,11925.0,
116.0,432.0,
92.0,1100.0,
54.0,19494.0,
62.0,492993.0,
235.0,26400.0,
193.0,1504.0,
47.0,62500.0,
178.0,39200.0,
238.0,82944.0,
252.0,55296.0,
150.0,8427.0,
218.0,2420.0,
124.0,13068.0,
240.0,2916.0,
172.0,7776.0,
127.0,400.0,
214.0,6912.0,
240.0,159048.0,
39.0,4131.0,
188.0,17172.0,
219.0,297674.0,
174.0,10952.0,
64.0,162.0,
231.0,66424.0,
150.0,15606.0,
207.0,650.0,
142.0,72.0,
118.0,36064.0,
206.0,112896.0,
256.0,2548.0,
198.0,11925.0,
133.0,4508.0,
211.0,2048.0,
214.0,22500.0,
105.0,1520.0,
193.0,9295.0,
129.0,582435.0,
252.0,10192.0,
42.0,28611.0,
209.0,73500.0,
114.0,162500.0,
205.0,56628.0,
158.0,13754.0,
102.0,77077.0,
177.0,14365.0,
146.0,60.0,
150.0,252.0,
238.0,4032.0,
229.0,65824.0,
52.0,4288.0,
43.0,4116.0,
198.0,1312.0,
166.0,1536.0,
77.0,2645.0,
229.0,6174.0,
87.0,2700.0,
76.0,4165.0,
114.0,6300.0,
161.0,104044.0,
93.0,4312.0,
198.0,35200.0,
111.0,3744.0,
34.0,4375.0,
97.0,242172.0,
229.0,23826.0,
162.0,4563.0,
123.0,10092.0,
193.0,10800.0,
214.0,36992.0,
110.0,71442.0,
227.0,850.0,
223.0,184092.0,
234.0,1573.0,
119.0,10125.0,
160.0,25515.0,
228.0,23104.0,
79.0,3125.0,
130.0,117649.0,
231.0,8448.0,
235.0,90.0,
162.0,19363.0,
36.0,36864.0,
137.0,1836.0,
137.0,8470.0,
129.0,147920.0,
197.0,69277.0,
155.0,50700.0,
89.0,43320.0,
195.0,2450.0,
250.0,116640.0,
175.0,10240.0,
141.0,494100.0,
79.0,696348.0,
42.0,19133.0,
201.0,57319.0,
132.0,29963.0,
256.0,348.0,
208.0,24375.0,
58.0,10985.0,
144.0,900.0,
58.0,94208.0,
68.0,178766.0,
112.0,4455.0,
87.0,4114.0,
158.0,64896.0,
238.0,11737.0,
103.0,28577.0,
106.0,22743.0,
163.0,131220.0,
247.0,34385.0,
226.0,38400.0,
205.0,22528.0,
80.0,14256.0,
237.0,500926.0,
123.0,11132.0,
250.0,1715.0,
66.0,3520.0,
230.0,13500.0,
59.0,121680.0,
58.0,18424.0,
169.0,1136.0,
164.0,19573.0,
73.0,84240.0,
167.0,13456.0,
239.0,69255.0,
72.0,99099.0,
87.0,960.0,
79.0,369920.0,
256.0,75295.0,
192.0,11664.0,
82.0,95175.0,
143.0,38720.0,
128.0,15876.0,
128.0,13248.0,
52.0,9610.0,
251.0,323400.0,
157.0,2375.0,
194.0,13851.0,
74.0,8192.0,
146.0,882.0,
200.0,46128.0,
167.0,608.0,
126.0,3872.0,
55.0,11025.0,
70.0,816.0,
245.0,648.0,
164.0,11600.0,
206.0,684.0,
91.0,2023.0,
130.0,41600.0,
34.0,104125.0,
215.0,419050.0,
237.0,11132.0,
69.0,25205.0,
84.0,1584.0,
177.0,20808.0,
154.0,29952.0,
209.0,13200.0,
252.0,15548.0,
42.0,2664.0,
162.0,82418.0,
124.0,5700.0,
154.0,35000.0,
202.0,6966.0,
203.0,1200.0,
221.0,52822.0,
164.0,37004.0,
234.0,31500.0,
216.0,99328.0,
38.0,145200.0,
63.0,3211.0,
91.0,374556.0,
200.0,640.0,
175.0,10512.0,
63.0,28224.0,
81.0,32400.0,
65.0,4961.0,
254.0,784.0,
218.0,118976.0,
151.0,3626.0,
40.0,20812.0,
205.0,17328.0,
240.0,6480.0,
99.0,8748.0,
73.0,45927.0,
240.0,1675.0,
92.0,9000.0,
76.0,8100.0,
51.0,2624.0,
72.0,6800.0,
108.0,1863.0,
166.0,2925.0,
164.0,208.0,
243.0,4961.0,
97.0,864.0,
139.0,1000.0,
112.0,15552.0,
93.0,284.0,
49.0,256.0,
123.0,31875.0,
176.0,144.0,
221.0,1900.0,
123.0,1701.0,
108.0,16606.0,
237.0,14625.0,
146.0,22275.0,
191.0,845.0,
97.0,621.0,
221.0,157304.0,
72.0,122793.0,
102.0,112.0,
232.0,4232.0,
199.0,23409.0,
84.0,16660.0,
76.0,86031.0,
190.0,10890.0,
142.0,738.0,
81.0,8092.0,
140.0,64288.0,
243.0,78400.0,
75.0,183872.0,
130.0,1024.0,
175.0,95175.0,
103.0,1134.0,
122.0,2175.0,
100.0,40572.0,
215.0,47096.0,
134.0,108.0,
207.0,87412.0,
128.0,776223.0,
47.0,53900.0,
223.0,156065.0,
155.0,150858.0,
188.0,443576.0,
252.0,13225.0,
205.0,7857.0,
242.0,324.0,
118.0,10944.0,
112.0,13050.0,
145.0,12528.0,
50.0,25215.0,
157.0,158108.0,
141.0,177674.0,
169.0,675.0,
229.0,7000.0,
212.0,99225.0,
83.0,9396.0,
242.0,9438.0,
56.0,14308.0,
181.0,44206.0,
78.0,12544.0,
207.0,112437.0,
104.0,2300.0,
78.0,165199.0,
68.0,79380.0,
63.0,7632.0,
193.0,41400.0,
141.0,2052.0,
169.0,66339.0,
227.0,162922.0,
46.0,2688.0,
119.0,21609.0,
42.0,197173.0,
169.0,704.0,
63.0,109242.0,
131.0,10368.0,
211.0,1600.0,
94.0,100450.0,
115.0,121600.0,
74.0,9700.0,
232.0,209484.0,
124.0,2368.0,
49.0,63375.0,
95.0,81733.0,
150.0,238464.0,
169.0,3264.0,
113.0,38236.0,
118.0,2548.0,
174.0,968.0,
199.0,3645.0,
162.0,8107.0,
114.0,2112.0,
230.0,10092.0,
117.0,275.0,
186.0,57624.0,
141.0,3087.0,
254.0,17052.0,
204.0,31046.0,
241.0,13456.0,
231.0,124848.0,
149.0,1734.0,
68.0,63257.0,
139.0,53371.0,
227.0,80850.0,
61.0,25392.0,
212.0,3549.0,
255.0,423.0,
161.0,26411.0,
168.0,1440.0,
221.0,32400.0,
237.0,1500.0,
136.0,1408.0,
144.0,8775.0,
100.0,35721.0,
38.0,64152.0,
52.0,14365.0,
126.0,783.0,
171.0,24624.0,
164.0,237177.0,
146.0,19573.0,
45.0,67228.0,
87.0,51200.0,
255.0,36504.0,
90.0,162288.0,
78.0,1215.0,
84.0,198904.0,
163.0,47610.0,
161.0,28072.0,
222.0,127581.0,
75.0,5445.0,
228.0,5103.0,
36.0,34400.0,
77.0,36980.0,
59.0,2107.0,
134.0,20224.0,
158.0,169344.0,
43.0,10985.0,
71.0,6336.0,
43.0,806560.0,
235.0,90168.0,
236.0,185193.0,
159.0,101614.0,
238.0,111475.0,
116.0,102900.0,
124.0,213867.0,
107.0,9826.0,
187.0,122713.0,
217.0,207036.0,
77.0,132055.0,
103.0,431649.0,
80.0,7350.0,
32.0,47068.0,
157.0,27455.0,
119.0,1692.0,
80.0,158700.0,
60.0,32490.0,
183.0,5888.0,
78.0,15000.0,
200.0,2205.0,
69.0,3384.0,
230.0,38617.0,
194.0,2023.0,
100.0,7056.0,
146.0,9375.0,
85.0,76.0,
229.0,119232.0,
250.0,18252.0,
137.0,68992.0,
232.0,944.0,
108.0,720.0,
85.0,67392.0,
49.0,61875.0,
222.0,43076.0,
184.0,284.0,
87.0,156672.0,
113.0,112554.0,
214.0,11495.0,
221.0,41070.0,
128.0,944.0,
160.0,91238.0,
224.0,67335.0,
241.0,111475.0,
236.0,92778.0,
133.0,75504.0,
98.0,56448.0,
176.0,256.0,
191.0,2736.0,
224.0,114950.0,
116.0,2250.0,
49.0,15886.0,
33.0,4851.0,
128.0,84270.0,
103.0,32129.0,
239.0,5290.0,
175.0,209503.0,
130.0,35200.0,
48.0,20480.0,
48.0,26000.0,
250.0,21870.0,
223.0,4056.0,
151.0,89232.0,
85.0,23373.0,
228.0,40131.0,
88.0,9936.0,
85.0,15975.0,
125.0,560.0,
145.0,248832.0,
45.0,32799.0,
47.0,50000.0,
57.0,850.0,
140.0,112.0,
32.0,35840.0,
134.0,1675.0,
187.0,575.0,
190.0,12288.0,
91.0,106742.0,
121.0,139725.0,
237.0,28749.0,
76.0,3564.0,
87.0,25515.0,
87.0,38808.0,
120.0,64980.0,
138.0,752.0,
169.0,6800.0,
194.0,31600.0,
51.0,250001.0,
170.0,186184.0,
167.0,74752.0,
203.0,21200.0,
205.0,825.0,
160.0,186624.0,
46.0,38663.0,
174.0,5616.0,
84.0,153228.0,
153.0,4698.0,
186.0,74088.0,
174.0,1134.0,
132.0,35280.0,
203.0,320000.0,
42.0,107800.0,
179.0,1088.0,
228.0,2646.0,
234.0,15092.0,
115.0,322344.0,
41.0,1200.0,
128.0,45738.0,
45.0,18032.0,
178.0,113925.0,
43.0,153900.0,
72.0,1331.0,
155.0,8649.0,
138.0,1944.0,
37.0,464.0,
72.0,45414.0,
229.0,95304.0,
230.0,1815.0,
152.0,181138.0,
241.0,75645.0,
61.0,34000.0,
84.0,62500.0,
238.0,70602.0,
225.0,14400.0,
33.0,9826.0,
72.0,45980.0,
226.0,106470.0,
160.0,62465.0,
51.0,10647.0,
105.0,8784.0,
155.0,2925.0,
186.0,213616.0,
127.0,6480.0,
62.0,10164.0,
72.0,288.0,
135.0,720.0,
167.0,198025.0,
90.0,976.0,
221.0,1525.0,
233.0,9216.0,
99.0,1764.0,
76.0,144648.0,
35.0,5577.0,
137.0,23548.0,
78.0,369.0,
201.0,82.0,
66.0,49923.0,
225.0,60236.0,
211.0,181888.0,
97.0,398239.0,
226.0,600.0,
121.0,38236.0,
250.0,138915.0,
153.0,383292.0,
186.0,1617.0,
232.0,58320.0,
182.0,25920.0,
192.0,756.0,
215.0,433219.0,
79.0,81000.0,
158.0,14812.0,
215.0,2664.0,
251.0,18900.0,
195.0,208.0,
189.0,28519.0,
189.0,148877.0,
86.0,5733.0,
105.0,11376.0,
60.0,94987.0,
159.0,26892.0,
197.0,25992.0,
158.0,115934.0,
56.0,16900.0,
71.0,14079.0,
128.0,8496.0,
197.0,118496.0,
220.0,324.0,
108.0,287496.0,
52.0,174262.0,
219.0,1875.0,
208.0,112659.0,
55.0,176.0,
73.0,1900.0,
180.0,8820.0,
70.0,72000.0,
101.0,10368.0,
51.0,4800.0,
89.0,490.0,
232.0,67068.0,
49.0,8800.0,
93.0,7533.0,
86.0,8820.0,
105.0,64220.0,
98.0,43200.0,
208.0,9801.0,
201.0,22748.0,
86.0,31104.0,
228.0,15872.0,
104.0,11088.0,
238.0,6076.0,
203.0,67797.0,
150.0,75.0,
218.0,72600.0,
123.0,26973.0,
77.0,146247.0,
87.0,49348.0,
37.0,23958.0,
136.0,102500.0,
104.0,79497.0,
52.0,3564.0,
42.0,103544.0,
77.0,273800.0,
176.0,13671.0,
115.0,2016.0,
219.0,69984.0,
216.0,928.0,
115.0,17328.0,
97.0,828.0,
42.0,2835.0,
107.0,8281.0,
227.0,4941.0,
45.0,5547.0,
126.0,1925.0,
60.0,3528.0,
178.0,244783.0,
183.0,6966.0,
88.0,87120.0,
247.0,4288.0,
225.0,118825.0,
256.0,52855.0,
159.0,52200.0,
175.0,2527.0,
69.0,34914.0,
93.0,6300.0,
239.0,71680.0,
89.0,26496.0,
59.0,36450.0,
42.0,169065.0,
51.0,82524.0,
35.0,53217.0,
67.0,3159.0,
247.0,43940.0,
115.0,89088.0,
86.0,4606.0,
34.0,53900.0,
117.0,160524.0,
101.0,10125.0,
108.0,1260.0,
247.0,28800.0,
148.0,14283.0,
73.0,9559.0,
189.0,266418.0,
124.0,23373.0,
173.0,1728.0,
234.0,13520.0,
104.0,12960.0,
226.0,5491.0,
63.0,77372.0,
227.0,18176.0,
116.0,19133.0,
172.0,1836.0,
142.0,64800.0,
145.0,2695.0,
170.0,8960.0,
43.0,30976.0,
223.0,20577.0,
252.0,81577.0,
209.0,51984.0,
164.0,19575.0,
62.0,36800.0,
117.0,29106.0,
237.0,132300.0,
225.0,5312.0,
161.0,384.0,
255.0,158804.0,
143.0,625.0,
115.0,15876.0,
166.0,7840.0,
96.0,18207.0,
137.0,1296.0,
233.0,39366.0,
252.0,30324.0,
64.0,115600.0,
45.0,14308.0,
40.0,66309.0,
173.0,12844.0,
70.0,9559.0,
196.0,39204.0,
54.0,1404.0,
121.0,48672.0,
248.0,1825.0,
243.0,82800.0,
139.0,161874.0,
205.0,360.0,
148.0,110250.0,
178.0,8833.0,
35.0,3584.0,
103.0,31752.0,
106.0,16200.0,
69.0,1150.0,
70.0,6728.0,
186.0,3971.0,
254.0,5500.0,
171.0,150.0,
84.0,25631.0,
112.0,6200.0,
239.0,17920.0,
159.0,292.0,
185.0,24948.0,
134.0,6804.0,
196.0,9016.0,
254.0,147.0,
166.0,4672.0,
172.0,21168.0,
217.0,45625.0,
228.0,38088.0,
215.0,64152.0,
119.0,288.0,
204.0,49152.0,
240.0,22000.0,
152.0,153900.0,
234.0,7776.0,
115.0,13754.0,
235.0,16473.0,
43.0,147537.0,
232.0,1575.0,
143.0,133956.0,
107.0,18800.0,
105.0,79763.0,
210.0,11661.0,
236.0,14256.0,
240.0,20938.0,
214.0,867.0,
113.0,1216.0,
204.0,67424.0,
144.0,56320.0,
52.0,86490.0,
105.0,362372.0,
77.0,24768.0,
162.0,10125.0,
190.0,3840.0,
224.0,115169.0,
57.0,1700.0,
216.0,1332.0,
122.0,5408.0,
61.0,25600.0,
73.0,35301.0,
99.0,18225.0,
78.0,2368.0,
210.0,36501.0,
152.0,59200.0,
79.0,5929.0,
251.0,10816.0,
242.0,9360.0,
181.0,34800.0,
132.0,63000.0,
64.0,2052.0,
52.0,10780.0,
38.0,72128.0,
84.0,119232.0,
199.0,422532.0,
99.0,1368.0,
161.0,30752.0,
127.0,276.0,
94.0,2187.0,
233.0,1053.0,
132.0,15104.0,
175.0,245050.0,
43.0,56448.0,
236.0,34596.0,
178.0,7252.0,
157.0,129430.0,
74.0,221911.0,
100.0,6912.0,
50.0,57591.0,
125.0,122247.0,
99.0,14112.0,
206.0,19440.0,
101.0,148003.0,
226.0,107648.0,
126.0,625.0,
184.0,8788.0,
105.0,8960.0,
211.0,9500.0,
120.0,6000.0,
85.0,441525.0,
62.0,156816.0,
76.0,13182.0,
132.0,6400.0,
96.0,6400.0,
71.0,169128.0,
188.0,66550.0,
91.0,1188030.0,
62.0,433500.0,
147.0,8300.0,
48.0,161257.0,
249.0,6400.0,
131.0,6300.0,
52.0,14520.0,
91.0,1472.0,
236.0,194481.0,
240.0,10092.0,
238.0,39200.0,
133.0,79380.0,
58.0,16184.0,
53.0,1764.0,
42.0,123201.0,
222.0,7900.0,
148.0,28665.0,
78.0,2772.0,
52.0,24786.0,
126.0,92016.0,
190.0,55506.0,
253.0,3887.0,
96.0,269500.0,
61.0,45980.0,
36.0,25143.0,
52.0,24255.0,
120.0,11492.0,
156.0,7650.0,
35.0,18176.0,
98.0,39688.0,
35.0,68796.0,
252.0,60.0,
112.0,266200.0,
68.0,6156.0,
78.0,25137.0,
206.0,846.0,
95.0,84.0,
190.0,875.0,
170.0,10830.0,
53.0,8649.0,
152.0,15028.0,
225.0,34992.0,
79.0,154791.0,
36.0,45927.0,
184.0,132.0,
124.0,46250.0,
134.0,7744.0,
201.0,26892.0,
161.0,633600.0,
193.0,216.0,
111.0,4800.0,
121.0,750200.0,
62.0,1475.0,
117.0,151008.0,
94.0,115150.0,
64.0,13720.0,
42.0,18225.0,
126.0,75.0,
152.0,1536.0,
38.0,684.0,
201.0,6859.0,
78.0,5504.0,
58.0,4950.0,
216.0,185000.0,
217.0,15680.0,
230.0,4459.0,
39.0,16384.0,
110.0,33708.0,
172.0,975.0,
62.0,2240.0,
39.0,40656.0,
76.0,120000.0,
119.0,1040.0,
36.0,240.0,
141.0,37030.0,
186.0,265356.0,
128.0,11475.0,
46.0,27455.0,
184.0,3267.0,
207.0,588.0,
50.0,8957.0,
218.0,41454.0,
243.0,176128.0,
157.0,48400.0,
67.0,275.0,
84.0,9200.0,
224.0,12528.0,
188.0,34560.0,
200.0,2052.0,
32.0,23064.0,
127.0,62465.0,
185.0,15075.0,
43.0,3971.0,
127.0,35525.0,
96.0,5832.0,
246.0,67712.0,
147.0,84568.0,
146.0,94792.0,
201.0,64607.0,
174.0,4508.0,
176.0,14553.0,
42.0,17408.0,
246.0,1176.0,
192.0,6664.0,
116.0,107991.0,
54.0,14703.0,
173.0,16200.0,
200.0,13608.0,
210.0,101250.0,
148.0,7267.0,
63.0,2556.0,
105.0,55872.0,
44.0,54675.0,
133.0,1488.0,
109.0,12427.0,
177.0,6292.0,
251.0,144060.0,
162.0,10400.0,
173.0,13754.0,
62.0,18785.0,
151.0,465088.0,
139.0,42320.0,
188.0,29106.0,
172.0,711.0,
63.0,760725.0,
44.0,25725.0,
83.0,201019.0,
91.0,21708.0,
80.0,22800.0,
44.0,11520.0,
184.0,40204.0,
89.0,603.0,
190.0,4116.0,
39.0,193821.0,
199.0,89373.0,
193.0,6336.0,
179.0,1056.0,
156.0,1210.0,
127.0,51875.0,
101.0,33600.0,
62.0,826281.0,
241.0,40000.0,
136.0,12337.0,
169.0,61440.0,
181.0,13520.0,
211.0,111188.0,
158.0,18496.0,
206.0,36504.0,
118.0,9477.0,
41.0,215264.0,
95.0,29403.0,
221.0,2880.0,
197.0,220900.0,
163.0,4600.0,
174.0,19008.0,
172.0,426275.0,
87.0,316.0,
45.0,201438.0,
234.0,135.0,
39.0,8700.0,
67.0,7632.0,
160.0,1764.0,
161.0,32500.0,
158.0,75429.0,
162.0,1692.0,
117.0,3024.0,
108.0,101306.0,
202.0,1232.0,
46.0,21375.0,
160.0,27166.0,
138.0,2484.0,
210.0,66560.0,
239.0,12544.0,
195.0,30008.0,
212.0,4704.0,
199.0,8448.0,
188.0,83248.0,
76.0,37004.0,
177.0,13050.0,
63.0,3610.0,
45.0,5888.0,
207.0,205200.0,
172.0,146004.0,
46.0,5292.0,
102.0,14112.0,
45.0,150858.0,
173.0,143585.0,
212.0,7600.0,
109.0,10944.0,
207.0,304.0,
222.0,225.0,
152.0,7056.0,
210.0,720.0,
50.0,19125.0,
200.0,12635.0,
211.0,40656.0,
152.0,95550.0,
190.0,24300.0,
224.0,8019.0,
106.0,45414.0,
147.0,1500.0,
137.0,847.0,
135.0,157216.0,
117.0,91295.0,
200.0,3283.0,
208.0,86640.0,
76.0,19404.0,
213.0,145800.0,
226.0,48668.0,
91.0,2048.0,
62.0,21375.0,
150.0,9996.0,
228.0,326250.0,
189.0,192.0,
135.0,13720.0,
216.0,28188.0,
233.0,8800.0,
160.0,39200.0,
41.0,8500.0,
223.0,1568.0,
107.0,9016.0,
143.0,14850.0,
61.0,27040.0,
241.0,54.0,
217.0,1750.0,
103.0,5625.0,
220.0,2016.0,
110.0,6480.0,
