0.309152,
0.286976,
0.48464,
0.242784,
0.252128,
0.31456,
0.260448,
0.247648,
0.2952,
0.26528,
0.278624,
0.264576,
0.26704,
0.284704,
0.355968,
0.297568,
2.077698,
0.268896,
0.284896,
0.251072,
0.289184,
0.315936,
0.25456,
0.313184,
0.30144,
0.316128,
0.268512,
0.25856,
0.31312,
0.325504,
0.282528,
0.254976,
0.275232,
0.240768,
0.24368,
0.354208,
0.372992,
0.268736,
0.268256,
0.247328,
0.252256,
0.261152,
0.248128,
0.257024,
0.246272,
0.25568,
0.29136,
0.249824,
0.311584,
0.25856,
0.27504,
0.241664,
0.310848,
0.245184,
0.24992,
0.366688,
0.24176,
0.255136,
0.289664,
0.252928,
0.363264,
0.243648,
0.245344,
0.268928,
0.39168,
0.257504,
0.301376,
0.23392,
0.239232,
0.531648,
0.329792,
0.254208,
0.293216,
0.262944,
0.255328,
0.320672,
0.247776,
0.276,
0.291968,
0.248128,
0.288224,
0.269152,
0.246144,
0.27232,
0.264768,
0.282272,
0.249152,
0.352384,
0.2504,
0.247552,
0.32576,
0.496064,
0.285408,
0.290912,
0.278528,
0.342336,
0.37728,
0.301856,
0.274592,
0.291744,
0.423104,
0.26368,
0.327392,
0.255808,
0.299456,
0.257504,
0.254208,
0.310592,
0.253568,
0.3024,
0.23936,
0.261856,
0.273376,
0.245024,
0.25536,
0.24848,
0.259264,
0.238624,
0.250304,
0.306016,
0.248032,
0.301632,
0.288544,
0.27424,
0.293216,
0.24864,
0.37392,
0.252544,
0.268384,
0.261568,
0.810304,
0.327712,
0.245344,
0.28608,
0.252192,
0.262112,
0.271744,
0.254208,
0.337056,
0.254688,
0.288256,
0.27984,
1.521188,
0.338336,
0.258496,
0.252672,
0.322272,
0.319488,
0.41152,
0.271072,
0.239168,
0.261696,
0.238656,
0.236032,
0.262688,
0.402592,
0.241568,
0.28928,
0.275584,
0.33728,
0.297856,
0.256352,
0.32976,
0.248288,
0.2736,
0.288,
0.2824,
0.280384,
0.284992,
0.276032,
0.327936,
0.291424,
0.26672,
0.263968,
0.27824,
0.262336,
0.260032,
0.250176,
0.25104,
0.268288,
0.264512,
0.283456,
0.24672,
0.280512,
0.262912,
0.24176,
0.277248,
0.241888,
0.33232,
0.253952,
0.285888,
0.299712,
0.2544,
0.327232,
0.291936,
0.312288,
0.307296,
0.2872,
0.245888,
0.296608,
0.264672,
0.288704,
0.277888,
0.291616,
0.246112,
0.392512,
0.251168,
0.266368,
0.407584,
0.537088,
0.25232,
0.250272,
0.254912,
0.29488,
0.29808,
0.335712,
0.2592,
0.385632,
0.323456,
0.246304,
0.25536,
0.244096,
0.52032,
0.255104,
0.308896,
0.268224,
0.264768,
0.356288,
0.270208,
0.260128,
0.272704,
0.244128,
0.275584,
0.325792,
0.597728,
0.341472,
0.245952,
0.26592,
0.330144,
0.260512,
0.319904,
0.248512,
0.330496,
0.24944,
0.282144,
0.29744,
0.38464,
0.324576,
0.286592,
0.334144,
0.324064,
0.274464,
0.270208,
0.265984,
0.273856,
0.302752,
0.28656,
0.264416,
0.286432,
0.332416,
0.265952,
0.262176,
0.29232,
0.387072,
2.271648,
0.302112,
0.300768,
0.263552,
0.24224,
0.254624,
0.261888,
0.36928,
0.284128,
0.368544,
0.586624,
0.25888,
0.311168,
0.245824,
0.274592,
0.293312,
0.296288,
0.312288,
0.52944,
0.448576,
0.413248,
0.245376,
0.395072,
0.37904,
0.229856,
0.354432,
0.345984,
0.248416,
0.268576,
0.2704,
0.378816,
0.260928,
0.270144,
0.272608,
0.277248,
0.288352,
0.437792,
0.242624,
0.282784,
0.27472,
0.291744,
0.269984,
0.25152,
0.272416,
0.401088,
0.262816,
0.272416,
0.251616,
0.2632,
0.286112,
0.240896,
0.33968,
0.273792,
0.254944,
0.239552,
0.375616,
0.253696,
0.280736,
0.246048,
0.373184,
0.271584,
0.26256,
0.316768,
0.2864,
0.291872,
0.276448,
0.262208,
0.364672,
0.268288,
0.255936,
0.26016,
0.263072,
0.275744,
0.248608,
0.2656,
0.285088,
0.260704,
0.263168,
0.6376,
0.260256,
0.263232,
0.240384,
0.279072,
0.28688,
0.264544,
0.237728,
0.25616,
0.259232,
0.275456,
0.257312,
0.243936,
0.24304,
0.24688,
0.259552,
0.309952,
0.288928,
0.270432,
0.449408,
0.282592,
0.240512,
0.254944,
0.245856,
0.251744,
0.3608,
0.258272,
0.245888,
0.31616,
0.308288,
0.267808,
0.249856,
0.283232,
0.322816,
0.293152,
0.301664,
0.242656,
0.240064,
0.272608,
0.239744,
0.255936,
0.267936,
0.271936,
0.409088,
0.241248,
0.327968,
0.25104,
0.254304,
0.268288,
0.389824,
0.2616,
0.2624,
0.253824,
0.274272,
0.27392,
0.28576,
0.268672,
0.250336,
0.246592,
0.240576,
0.322592,
0.268544,
0.285408,
0.265088,
0.304928,
0.252448,
0.243552,
0.246528,
0.29008,
0.2648,
0.267552,
0.260224,
0.5672,
0.267296,
0.330784,
0.24192,
0.240864,
0.540928,
0.460416,
0.247584,
0.244288,
0.444992,
0.299328,
0.235744,
0.264224,
0.319776,
0.29968,
0.237632,
0.29632,
0.374304,
0.357504,
0.341408,
0.492704,
0.278464,
0.250272,
0.325824,
0.506528,
0.239712,
0.324384,
0.25536,
0.25248,
0.236288,
0.247232,
0.312352,
0.24816,
0.305888,
0.247296,
0.27568,
0.38448,
0.259552,
0.309184,
0.549376,
0.232096,
0.685536,
0.246656,
0.258272,
0.336256,
0.315936,
0.263552,
0.276832,
0.477696,
0.240288,
0.373344,
0.29808,
0.278688,
0.251936,
0.286816,
0.275264,
0.356864,
0.252896,
0.388192,
0.465024,
0.369408,
0.329952,
0.339328,
0.272672,
0.472416,
0.274304,
0.246112,
0.247264,
0.385888,
0.26336,
0.329696,
0.280384,
0.319232,
0.252384,
0.284288,
0.278752,
0.258528,
0.319584,
0.266144,
0.256864,
0.263072,
0.281632,
0.263488,
0.288544,
0.34672,
0.235776,
0.325024,
1.39494,
0.256192,
0.241376,
0.258112,
0.282944,
0.368768,
0.270176,
0.316288,
0.30368,
0.294752,
0.257312,
0.274592,
0.3016,
0.326784,
0.289216,
0.3936,
0.346176,
0.346464,
0.257344,
0.260384,
0.261664,
0.23808,
0.276416,
0.295904,
0.293728,
0.344704,
0.256832,
0.445984,
0.249664,
0.275008,
0.406496,
0.304896,
0.24544,
0.257696,
0.338304,
0.251968,
0.27664,
0.2456,
0.261408,
0.267968,
0.306592,
0.243232,
0.278464,
0.239328,
0.26224,
0.291008,
0.256736,
0.29072,
0.254624,
0.328224,
0.266816,
0.26864,
0.272704,
0.273024,
0.247008,
0.317856,
0.2616,
0.357504,
0.265088,
0.250656,
0.27008,
0.250176,
0.307776,
0.28608,
0.425824,
0.32432,
0.393792,
0.2488,
0.293504,
0.284704,
0.272544,
0.255616,
0.355776,
0.313056,
0.257536,
0.253728,
0.301312,
0.26912,
0.383936,
0.254624,
0.2776,
0.299392,
0.240768,
0.290272,
0.333344,
0.27104,
0.328096,
0.243168,
0.340736,
0.24496,
0.341376,
0.297952,
0.418976,
0.30496,
0.254784,
0.29248,
0.26416,
0.321408,
0.274336,
0.264576,
0.316896,
0.325248,
0.331232,
0.276896,
0.299136,
0.300768,
1.431836,
0.270432,
0.254272,
0.31472,
0.28544,
0.482528,
0.249024,
0.258176,
0.309504,
0.246912,
0.260864,
0.379168,
0.426944,
0.306144,
0.412192,
0.24352,
0.331648,
0.265632,
0.264832,
0.684,
0.27104,
0.250112,
0.289952,
0.46416,
0.253088,
0.418304,
0.295008,
0.338912,
0.414144,
0.563616,
0.534848,
0.255232,
0.272512,
0.260256,
0.253664,
0.339232,
0.289888,
0.288256,
0.301472,
0.25712,
0.250816,
0.248352,
0.270432,
0.389728,
0.249408,
0.3472,
0.27696,
0.265792,
0.29696,
0.313952,
0.248608,
0.255616,
0.31632,
0.283424,
0.240384,
0.289248,
0.254304,
0.266208,
0.274528,
0.261056,
0.260384,
0.244768,
0.25776,
0.247424,
0.35952,
0.279328,
0.25536,
0.250944,
0.255136,
0.2864,
0.329696,
0.258624,
0.321568,
0.24416,
0.3488,
0.29216,
0.255808,
0.30176,
0.253152,
0.28176,
0.2568,
0.271776,
0.250144,
0.312864,
0.25376,
0.246208,
0.395072,
0.292192,
0.264832,
0.243872,
0.267136,
0.273696,
0.26416,
0.318976,
0.246592,
0.255776,
0.25856,
0.27184,
0.241632,
0.26976,
0.301568,
0.266432,
0.257344,
0.267264,
0.24032,
0.241536,
0.263968,
0.311648,
0.310656,
0.267776,
0.2704,
0.276352,
0.296992,
0.57056,
0.257312,
0.24224,
0.28304,
0.266048,
0.250624,
0.26112,
0.29856,
0.249568,
0.265696,
0.256832,
0.268,
0.333856,
0.259456,
0.245344,
0.258496,
0.25136,
0.270496,
0.276256,
0.25488,
0.332256,
0.247104,
0.24096,
0.302976,
0.300096,
0.260704,
0.25184,
0.247584,
0.254272,
0.273728,
0.243264,
2.079388,
0.27696,
0.26384,
0.258336,
0.260544,
0.255648,
0.282432,
0.265056,
0.35696,
0.268,
0.245024,
0.24928,
0.351328,
0.290016,
0.237056,
0.269952,
0.246176,
0.361152,
0.28048,
0.289664,
0.257472,
0.25712,
0.260672,
0.25072,
0.26128,
0.256736,
0.279296,
0.294624,
0.286752,
0.250016,
0.30416,
0.279296,
0.250976,
0.307072,
0.253216,
0.301792,
0.458912,
0.298464,
0.271808,
0.539936,
0.253504,
0.249216,
0.258304,
1.343104,
0.244192,
0.283648,
0.237504,
0.300576,
0.380448,
0.279424,
0.23552,
0.237472,
0.246528,
0.285728,
0.240768,
0.259456,
0.24048,
0.262336,
0.275712,
0.259712,
0.374112,
0.35248,
0.606912,
0.244416,
0.430848,
0.326816,
0.404736,
0.245248,
0.363424,
0.346464,
0.254912,
0.250688,
0.310048,
0.299968,
0.260608,
0.308576,
0.312928,
0.268768,
0.293856,
0.741056,
0.275776,
0.30464,
0.246176,
0.551296,
0.26464,
0.23792,
0.256064,
0.253056,
0.289216,
0.254784,
0.240384,
0.575616,
0.253952,
0.26304,
0.281568,
0.375232,
0.244064,
0.25968,
0.243584,
0.252128,
0.281888,
0.323936,
0.289792,
0.26352,
0.284672,
0.273952,
0.253728,
0.309376,
0.240256,
0.249088,
0.262272,
0.27776,
0.234752,
0.489632,
0.475168,
0.240128,
0.285024,
0.25008,
0.276256,
0.2568,
0.283296,
0.27216,
0.231872,
0.3672,
0.248064,
0.281856,
0.28256,
0.366464,
0.288064,
0.262112,
0.267296,
0.269376,
0.244064,
0.319456,
0.257248,
0.245728,
0.252096,
0.290016,
0.239456,
1.888258,
0.31616,
0.34464,
0.334272,
0.265056,
0.300224,
0.272736,
0.356704,
0.249728,
0.249568,
0.570688,
0.587232,
0.236288,
0.344704,
0.251264,
0.54816,
0.240576,
0.332704,
0.23872,
0.246912,
0.324576,
0.241632,
0.272352,
0.259552,
0.311936,
0.267712,
0.275552,
0.262048,
0.241184,
0.332832,
0.284736,
0.272256,
0.479136,
0.405216,
0.246528,
0.355872,
0.245472,
0.269248,
0.274336,
0.2408,
0.249024,
0.323552,
0.356576,
0.274528,
0.36336,
0.234496,
0.237152,
0.252256,
0.3232,
0.340224,
0.269216,
0.277216,
0.287616,
0.261248,
0.260736,
0.24896,
0.274752,
0.313888,
0.254752,
0.553728,
0.27824,
0.239072,
0.264224,
0.275104,
0.271488,
0.290272,
0.251712,
0.249216,
0.287488,
0.414912,
0.248608,
0.2608,
0.254624,
0.271584,
0.275584,
0.246304,
0.257952,
0.255872,
0.2856,
0.330496,
0.421376,
0.262368,
0.284384,
0.369568,
0.286272,
0.329536,
0.282112,
0.251008,
0.327712,
0.274144,
0.781024,
0.3192,
0.25536,
0.251456,
0.31232,
0.289632,
0.42704,
0.313344,
0.288,
0.257888,
0.253632,
0.23184,
0.331136,
0.265184,
0.241824,
0.392704,
0.238976,
0.430944,
0.29472,
0.35248,
0.295936,
0.323072,
0.237184,
0.238848,
0.33376,
0.281344,
0.326432,
0.360256,
0.263552,
0.357696,
0.448384,
0.420672,
0.295456,
0.261952,
0.359776,
0.273888,
0.569952,
0.313376,
0.294048,
0.240256,
0.24048,
0.240768,
0.258656,
0.242624,
0.274976,
0.39568,
0.30256,
0.383712,
0.585472,
0.251712,
0.331296,
0.242208,
0.278336,
0.304352,
0.374464,
0.366944,
0.500576,
0.274464,
0.295136,
0.325792,
0.340288,
0.25424,
0.39744,
0.337248,
0.371936,
0.360992,
0.309504,
0.257056,
0.247008,
0.428736,
0.253504,
0.30592,
0.352032,
0.325568,
0.279936,
0.35888,
0.292256,
0.253376,
0.330336,
0.335264,
0.314528,
0.250048,
0.281536,
0.312832,
0.370912,
0.305184,
0.25376,
0.233312,
0.243168,
0.260736,
0.35296,
0.32272,
0.289344,
0.276384,
0.336096,
0.410432,
0.342528,
0.263616,
0.304672,
0.38256,
0.259936,
0.375616,
0.283552,
0.425024,
0.304256,
0.325376,
0.229184,
0.301664,
0.285792,
0.261184,
0.24928,
0.309504,
0.437376,
0.41056,
0.260896,
0.251168,
0.306944,
0.426112,
0.227776,
0.633792,
0.284256,
0.234336,
0.250752,
0.296224,
0.324928,
0.247296,
0.317728,
0.291136,
0.26688,
0.262816,
0.261792,
0.277056,
0.36592,
0.236256,
0.232832,
0.274624,
0.23184,
0.236192,
0.260928,
0.283168,
0.31104,
0.281184,
0.27408,
0.352608,
0.304032,
0.240224,
0.351968,
0.34208,
0.274848,
0.356864,
0.24512,
0.528384,
0.270208,
0.240256,
0.275296,
0.25216,
2.070372,
0.36736,
0.317088,
0.26096,
0.331872,
0.249824,
0.2776,
0.31216,
0.47216,
0.552192,
0.32432,
0.251232,
0.375712,
0.243168,
0.28544,
0.2632,
0.400608,
0.306304,
0.294688,
0.290528,
0.278304,
0.290016,
0.297184,
0.287232,
0.289088,
0.316736,
0.391232,
0.452576,
0.298432,
0.254496,
0.325888,
0.3256,
0.284672,
0.26736,
0.245888,
0.237952,
0.392544,
0.35392,
0.264416,
0.254304,
0.233696,
0.340256,
0.3264,
0.281952,
0.298464,
0.235424,
0.296288,
0.2696,
0.289952,
0.287808,
0.246272,
0.276416,
0.350432,
0.334592,
0.344768,
0.363936,
0.308672,
0.313408,
0.269504,
0.303936,
0.246112,
0.303104,
0.309248,
0.268416,
0.397056,
0.361216,
0.317632,
0.287968,
0.277024,
0.271008,
0.265728,
0.453408,
0.284416,
0.381952,
0.389504,
0.256672,
0.399808,
0.34176,
0.272832,
0.234144,
0.360128,
0.385024,
0.329856,
0.517696,
0.238176,
0.372384,
0.36976,
0.388384,
0.368608,
0.504672,
0.42336,
0.352288,
0.261344,
0.307264,
0.282208,
0.3736,
0.282784,
0.300896,
0.252736,
0.265056,
0.2688,
0.321664,
0.2328,
0.560768,
0.322304,
0.3152,
0.418496,
0.26256,
0.241152,
0.264992,
0.255392,
0.504544,
0.243424,
0.269312,
0.44016,
0.391808,
0.239648,
0.284416,
0.258176,
0.241856,
0.678336,
0.290336,
0.286208,
0.2464,
0.324992,
0.297792,
0.434688,
0.236768,
0.333696,
0.375808,
0.289408,
0.251488,
0.306368,
0.254944,
0.281728,
0.271584,
0.262048,
0.383552,
0.23744,
0.380032,
0.583328,
0.318816,
0.257568,
0.365504,
0.25584,
0.256,
0.46208,
0.311072,
0.292864,
0.362656,
0.280576,
0.254112,
0.293184,
0.440384,
0.24544,
0.233056,
0.256096,
0.250816,
0.274272,
0.256128,
0.272032,
0.255872,
0.36112,
0.381568,
0.260192,
0.260832,
0.35456,
0.570688,
0.321952,
0.269024,
0.24672,
0.23808,
0.25328,
0.254272,
0.302048,
0.252768,
0.256256,
0.235424,
0.259328,
0.508256,
0.435264,
0.286144,
0.36048,
0.335264,
0.300576,
0.266816,
0.38576,
0.309792,
0.284736,
0.237696,
0.255552,
0.256992,
0.270176,
0.302496,
0.332576,
0.343424,
0.3024,
0.24432,
0.268736,
0.269536,
0.347776,
0.250816,
0.448064,
0.314432,
0.4168,
0.312768,
0.281024,
0.339296,
0.288352,
0.25408,
0.403648,
0.304864,
0.241344,
0.427776,
0.41632,
0.246976,
0.295584,
0.285312,
0.240768,
0.248256,
0.376032,
0.419392,
0.603264,
0.281344,
0.39808,
0.322464,
0.379104,
0.372704,
0.280416,
0.287424,
0.389568,
0.37152,
0.247008,
0.264384,
0.24688,
0.258304,
0.316,
0.276032,
0.337856,
0.339648,
0.242656,
0.395712,
0.250656,
0.274624,
0.342272,
0.25936,
0.286656,
0.297824,
0.260288,
0.30944,
0.34224,
0.320768,
0.330944,
0.403936,
0.41072,
0.28064,
0.23904,
0.352768,
0.243776,
0.372896,
0.249376,
0.26224,
0.259264,
0.3296,
0.250112,
0.266272,
0.304736,
0.308288,
0.255936,
0.339808,
0.366464,
0.264384,
0.263712,
0.384608,
0.289184,
0.243552,
0.327456,
0.29776,
0.33952,
0.25712,
0.261632,
0.240032,
0.24944,
0.272864,
0.706144,
0.2816,
0.240992,
0.309696,
0.32992,
0.2928,
0.255776,
0.344864,
0.241056,
0.253408,
0.257952,
0.318528,
0.252544,
0.256352,
0.506336,
0.260064,
0.254592,
0.265088,
0.325312,
0.251296,
0.24816,
0.517696,
0.2432,
0.25728,
0.424512,
0.475936,
0.314976,
0.378144,
0.401856,
0.234336,
0.28,
0.320704,
0.256032,
0.244256,
0.246912,
0.251744,
0.287168,
0.2872,
0.374848,
0.302912,
0.283872,
0.330368,
0.627648,
0.30992,
0.293632,
0.259552,
0.258912,
0.520928,
0.274944,
0.48032,
0.298912,
0.365376,
0.282912,
0.247136,
0.255072,
0.265856,
0.351456,
0.339168,
0.57456,
0.259936,
0.257792,
0.267744,
0.300832,
0.311648,
0.2936,
0.307712,
0.51328,
0.465312,
0.481248,
0.590176,
0.384768,
0.349088,
0.317024,
0.347968,
0.369088,
0.270336,
0.363712,
0.247552,
0.238336,
0.310592,
0.303104,
0.272896,
0.38576,
0.676768,
0.356928,
0.34352,
0.382048,
0.283104,
2.253026,
0.33344,
0.274656,
0.522304,
0.448064,
0.290944,
0.336608,
0.31024,
0.3752,
0.36864,
0.245184,
0.314176,
0.243072,
0.306016,
0.244928,
0.24704,
0.238368,
0.325184,
0.262688,
0.237056,
0.319424,
0.249184,
0.310496,
0.250016,
0.345312,
0.247424,
0.274368,
0.380672,
0.248192,
0.313856,
0.3288,
0.288,
0.23792,
0.257696,
0.2448,
0.273696,
0.255808,
0.283936,
0.255136,
0.249472,
0.2776,
0.287936,
0.261088,
0.316128,
0.245504,
0.362016,
0.285632,
0.263936,
0.302048,
0.253568,
0.356192,
0.38464,
0.276128,
0.355968,
0.294752,
0.25056,
0.243072,
0.260864,
0.277152,
0.252832,
0.30064,
0.270336,
0.256992,
0.24896,
0.286816,
0.22992,
0.319776,
0.572544,
0.292224,
0.2336,
0.24864,
0.266048,
0.285312,
0.288416,
0.292384,
0.27776,
0.261568,
0.619072,
0.241728,
0.304608,
0.261312,
0.2656,
0.26304,
0.295296,
0.350208,
0.375936,
0.236704,
0.3096,
0.299136,
0.278976,
0.246496,
0.285088,
0.318464,
0.300192,
0.303584,
0.279968,
0.299424,
0.405664,
0.251168,
0.348192,
0.2896,
0.320224,
0.259776,
0.290432,
0.664448,
0.268416,
0.260832,
0.314784,
0.294592,
0.247648,
0.264992,
0.249984,
2.454398,
0.247328,
0.34288,
0.313184,
0.292896,
0.288512,
0.448192,
0.261888,
0.267008,
0.289952,
0.36496,
0.378016,
0.282208,
0.388384,
0.283648,
0.254048,
0.38672,
0.253472,
0.310112,
0.37808,
0.288544,
0.250656,
0.337504,
0.244896,
0.355168,
0.299456,
0.330272,
0.26112,
0.258208,
0.26224,
0.243008,
0.29776,
0.28288,
0.551968,
0.28048,
0.381536,
0.446912,
0.242944,
0.257376,
0.25232,
0.288448,
0.317344,
0.2376,
0.261088,
0.2648,
0.24832,
0.308896,
0.283168,
0.317248,
0.343552,
0.231424,
0.32928,
0.236288,
0.653824,
0.388768,
0.300128,
0.322432,
0.248928,
0.283456,
0.286432,
0.248832,
0.265824,
0.298176,
0.288928,
0.246144,
0.696288,
0.24208,
0.323648,
0.480192,
0.34512,
0.244768,
0.258176,
0.267328,
0.34608,
0.2472,
0.357984,
0.252736,
0.331936,
0.34896,
0.263808,
0.244832,
0.34288,
0.480224,
2.216804,
0.29248,
0.341472,
0.253504,
0.284256,
0.296064,
0.244448,
0.375136,
0.381504,
0.293152,
0.673472,
0.342624,
0.370496,
0.405792,
0.398656,
0.268416,
0.323008,
0.36832,
0.78256,
0.522176,
0.646496,
0.647296,
0.294432,
0.256288,
0.361152,
0.438976,
0.358368,
0.27616,
0.309728,
0.266656,
0.42112,
0.375392,
0.310496,
0.626592,
0.333056,
0.329696,
0.369792,
0.485184,
0.448704,
0.381312,
0.306624,
0.576736,
0.262144,
0.479872,
0.369248,
0.38752,
0.654592,
0.288032,
0.320576,
0.301888,
0.346592,
0.46544,
0.264032,
0.309248,
0.31216,
0.322976,
0.37664,
0.244992,
0.310016,
0.273024,
0.280032,
0.267136,
0.259712,
0.308064,
0.25232,
0.280512,
0.254976,
0.335872,
0.259648,
0.26416,
0.3376,
0.430048,
0.245408,
0.410464,
0.303616,
0.249536,
0.354944,
0.321312,
0.462784,
0.31056,
0.293216,
0.405152,
0.240032,
2.20067,
0.324576,
0.29312,
0.293632,
0.262688,
0.270144,
0.347648,
0.32064,
0.299872,
0.310496,
0.297312,
0.31952,
0.266656,
0.318784,
0.410592,
0.269984,
0.308928,
0.241344,
0.433344,
0.302944,
0.295072,
0.248096,
0.245472,
0.28816,
0.33312,
0.340192,
0.29808,
0.27664,
0.282656,
2.122368,
0.280576,
0.251136,
0.311264,
0.322784,
0.307552,
0.291136,
0.35136,
0.344192,
0.307328,
0.2448,
0.305952,
0.263744,
0.434688,
0.306912,
0.31744,
0.287456,
0.293312,
0.306112,
0.276768,
0.29248,
1.32371,
0.404416,
0.29136,
0.296832,
0.44624,
0.367744,
0.295776,
0.356928,
0.2864,
0.284672,
0.280096,
0.437216,
0.315328,
0.26912,
0.297568,
0.370432,
0.262368,
0.333504,
0.265184,
0.307008,
0.254016,
0.318496,
0.272992,
0.402624,
0.328544,
0.343264,
0.395712,
0.24368,
0.253312,
0.238912,
0.293856,
0.517056,
0.549536,
0.2808,
0.25696,
0.319712,
0.575456,
0.45152,
0.384352,
0.267968,
0.263136,
0.365632,
0.261312,
0.2472,
0.383712,
0.35472,
0.309504,
0.424288,
0.2848,
0.4088,
0.323328,
0.389888,
0.403968,
0.442368,
0.2968,
0.475104,
0.525056,
0.36576,
0.326016,
0.283456,
0.28704,
0.336736,
0.285152,
0.288768,
0.344128,
0.305056,
0.261344,
0.342944,
0.254464,
0.287744,
0.256672,
0.233792,
0.43424,
0.322112,
0.313664,
0.2632,
0.279616,
0.33136,
0.3,
0.23536,
0.289824,
0.239424,
0.26096,
0.348544,
0.329728,
0.307904,
0.309952,
0.30656,
0.286208,
0.325152,
0.32608,
0.283392,
0.294912,
0.26256,
0.314848,
0.316832,
0.347936,
0.330816,
0.35424,
0.365984,
0.288704,
0.32752,
0.3552,
0.332608,
0.672288,
0.3208,
0.285152,
0.70208,
0.256448,
0.242304,
0.258784,
0.293472,
0.277312,
0.297504,
0.250944,
0.4208,
0.314176,
0.270816,
0.27216,
0.247808,
0.33312,
0.260864,
0.256288,
0.261568,
0.349536,
0.2728,
0.31088,
0.36944,
0.351808,
0.409312,
0.294496,
0.245216,
0.254144,
0.247648,
0.250208,
0.498528,
0.31328,
0.281088,
0.257216,
0.26112,
2.355714,
0.287584,
0.365856,
0.419168,
0.328704,
0.248512,
0.510176,
0.251616,
0.245536,
0.240992,
0.237408,
0.34384,
0.315104,
0.378912,
0.258432,
0.273952,
0.306592,
0.25136,
0.695424,
0.279264,
0.434816,
0.475072,
0.230656,
0.360896,
0.294336,
0.381152,
0.282016,
0.288064,
0.333568,
0.264896,
0.248864,
0.268704,
0.338784,
0.267008,
0.342944,
0.432256,
0.277152,
0.382656,
0.284288,
0.3392,
0.334112,
0.322976,
0.236288,
0.32432,
0.33376,
0.434592,
0.29552,
0.29184,
0.334016,
0.241824,
0.344,
0.248288,
0.235904,
0.255936,
0.243296,
1.727364,
0.347904,
0.39312,
0.271072,
0.34048,
0.236672,
0.295072,
0.325216,
0.261792,
0.31136,
0.25536,
0.351136,
0.318208,
0.328832,
0.251104,
0.308192,
0.261472,
0.343456,
0.388704,
0.264096,
0.260384,
0.37312,
0.25984,
0.268832,
0.24176,
0.248928,
0.25376,
0.264288,
0.391552,
0.247872,
0.269344,
0.364896,
0.31936,
0.36256,
0.249696,
0.249536,
0.327072,
0.326368,
0.287392,
0.551328,
0.344512,
0.349216,
0.35504,
0.337504,
0.28704,
0.65456,
0.281792,
0.464352,
0.26928,
0.322528,
0.492256,
0.419488,
0.307008,
0.27104,
0.235648,
0.319328,
0.366784,
0.406336,
0.300224,
0.508672,
0.264,
0.387776,
0.426048,
0.31872,
0.273568,
0.318304,
0.358752,
0.287456,
0.253408,
0.374976,
0.236768,
0.309728,
0.418112,
0.436448,
0.689824,
0.250464,
0.280352,
0.249568,
0.318144,
0.57968,
0.239328,
0.506528,
0.317312,
0.2712,
0.457056,
0.403328,
0.253056,
0.334752,
0.32384,
0.35776,
0.314624,
0.3384,
0.252032,
0.268288,
0.319392,
0.341344,
0.327264,
0.375296,
0.241696,
0.427936,
0.243584,
0.378496,
0.30368,
0.2888,
0.338656,
0.285568,
0.41024,
0.29328,
0.244544,
0.274592,
0.257312,
0.31424,
0.245312,
0.335968,
0.34784,
0.264864,
0.23392,
0.301984,
0.290304,
0.299712,
0.265216,
0.332256,
0.338016,
0.263968,
0.2968,
0.31696,
0.287008,
0.30512,
0.27872,
0.444096,
0.363296,
0.243744,
0.506048,
0.296128,
0.327296,
0.28096,
0.333344,
0.362272,
0.320192,
0.299968,
0.235776,
0.365888,
0.248512,
0.251392,
0.26528,
0.448384,
0.340672,
0.24768,
0.244704,
0.39824,
0.326912,
0.25232,
0.272544,
0.363584,
0.273408,
0.278528,
0.241088,
0.314816,
0.307936,
0.2808,
0.294752,
0.28256,
0.338496,
0.24976,
0.30032,
0.281024,
0.279904,
0.247232,
0.289344,
0.23792,
0.394304,
0.391904,
0.27488,
0.308704,
0.614336,
0.327232,
0.285728,
0.426752,
0.32848,
0.259456,
0.321856,
0.362944,
0.2344,
0.426816,
0.296128,
0.286592,
0.27904,
0.357824,
0.425984,
0.342464,
0.31456,
0.369408,
0.260928,
0.257248,
0.293376,
0.39616,
0.445184,
0.381504,
0.533568,
0.319744,
0.262112,
0.3032,
0.253952,
0.294912,
0.292256,
1.564034,
0.56896,
0.317408,
0.243776,
0.358528,
1.670974,
0.266528,
0.30064,
0.254848,
0.28016,
0.33904,
0.320352,
0.326368,
0.36768,
0.246752,
0.258784,
0.333824,
0.582304,
0.328384,
0.327488,
0.256832,
0.259936,
0.31744,
0.301312,
0.243328,
0.505248,
0.266496,
0.347008,
0.323232,
0.243744,
0.28016,
0.350432,
0.265504,
0.288896,
0.282816,
0.242912,
0.244928,
0.307744,
0.249792,
0.264224,
0.270816,
0.340128,
0.323616,
0.27376,
0.266624,
0.278784,
0.251808,
0.259328,
0.416416,
0.275232,
0.340832,
0.352128,
0.274496,
0.357504,
0.257824,
0.309856,
0.3808,
0.26192,
0.409152,
0.237856,
0.499136,
0.50512,
0.33104,
0.233472,
0.633664,
0.24176,
0.815328,
0.306464,
0.327264,
0.322816,
0.2688,
0.492832,
0.334688,
0.276,
0.283968,
0.246784,
0.515744,
0.4696,
0.311968,
0.500992,
0.368096,
0.306464,
0.36,
0.325024,
0.249344,
0.379328,
0.47728,
0.348832,
0.383328,
0.36336,
0.687072,
0.277888,
0.549056,
0.352544,
0.62624,
0.343904,
0.307744,
0.252064,
0.320448,
0.408928,
0.322944,
0.312288,
0.283808,
0.317184,
0.303264,
0.281152,
0.296512,
0.26208,
0.300352,
0.433344,
0.363136,
1.44029,
0.394944,
0.407232,
0.251136,
0.235008,
0.2552,
0.274528,
0.258592,
0.267872,
0.261728,
0.267648,
0.37152,
0.283104,
0.319296,
0.304352,
0.400384,
0.334528,
0.297472,
0.275168,
0.25808,
0.321408,
0.377632,
0.30496,
0.230656,
0.244384,
0.359552,
0.25056,
0.336128,
0.243232,
0.243264,
0.250944,
0.361856,
0.271008,
0.36736,
0.326336,
0.46,
0.524448,
0.28,
0.368448,
0.426272,
0.30368,
0.285984,
0.258048,
0.472544,
0.349728,
0.266208,
0.257888,
0.302784,
0.242944,
0.268032,
0.543168,
0.269216,
0.47232,
0.322432,
0.310752,
0.293696,
0.37936,
0.273344,
0.27408,
0.293312,
0.273664,
0.278464,
0.319584,
0.244064,
0.260384,
0.469792,
0.43104,
0.270048,
0.30416,
0.8656,
0.326816,
0.275104,
0.289568,
0.333568,
0.283136,
0.315072,
0.360512,
0.344288,
0.244192,
0.327872,
0.371648,
0.304928,
0.245184,
0.27552,
0.270016,
0.303328,
0.399936,
0.470144,
0.381344,
0.260992,
0.32704,
0.239968,
0.266816,
0.326176,
0.446272,
0.252,
0.347968,
0.358336,
0.286592,
0.314592,
0.33696,
0.238752,
0.24656,
0.258048,
0.295776,
0.462336,
0.348896,
0.305536,
0.383424,
0.3272,
0.286688,
0.316736,
0.244512,
0.275904,
0.252256,
0.34512,
0.300608,
0.274048,
0.303168,
0.255648,
0.26416,
0.252032,
0.376608,
0.254688,
0.252512,
0.2552,
0.255104,
0.27856,
0.305952,
0.701344,
0.234464,
0.258304,
0.346336,
0.411424,
0.240128,
0.428384,
0.3024,
0.359744,
0.342176,
0.320928,
0.397152,
0.285472,
0.267744,
0.242464,
0.24272,
0.375712,
0.312064,
0.356832,
0.367296,
0.293216,
0.341152,
0.579424,
0.529376,
0.330592,
0.308,
0.27872,
0.546464,
0.3128,
0.35504,
0.333824,
0.236,
0.263072,
0.39264,
0.257792,
0.260928,
0.330496,
0.267264,
0.31776,
0.258144,
0.264864,
0.247072,
0.578048,
0.328928,
0.33136,
0.289472,
0.329824,
0.257888,
0.23872,
0.311744,
0.270656,
0.250496,
0.27648,
0.313088,
0.344832,
0.300928,
0.369728,
0.36784,
0.29728,
0.29152,
0.252736,
0.370784,
0.256448,
0.312224,
0.349152,
0.249088,
0.3552,
0.249248,
0.282272,
0.394144,
0.279392,
0.263232,
0.38928,
0.314336,
0.35616,
0.320576,
0.287648,
0.318944,
0.260192,
0.408736,
0.261248,
0.351616,
0.683904,
0.24816,
0.262272,
0.257856,
0.327552,
0.299392,
0.252128,
0.244928,
0.367648,
0.243328,
0.299552,
0.305568,
0.320928,
0.464224,
0.33328,
0.26624,
0.302816,
0.24,
0.353184,
0.234144,
0.359904,
0.383264,
0.28624,
0.22608,
0.6504,
0.2544,
0.261344,
0.284576,
0.24896,
0.266624,
0.234528,
0.532032,
0.391328,
0.442816,
0.443648,
0.329632,
0.61248,
0.286912,
0.245056,
0.276288,
0.282528,
0.282112,
0.276832,
0.258656,
0.309536,
0.2952,
0.271968,
0.325504,
0.332256,
0.298336,
0.30832,
0.242752,
0.3904,
0.41904,
0.314528,
0.312032,
0.23872,
0.261984,
0.32624,
0.329856,
0.401376,
0.427616,
0.315552,
0.2736,
0.35616,
0.299424,
0.288544,
0.309184,
0.309248,
0.348032,
0.264832,
0.297888,
0.615488,
0.72832,
0.428,
0.360608,
0.391776,
0.267168,
0.305696,
0.25776,
0.313376,
0.309088,
0.288352,
0.297312,
0.267104,
0.379584,
0.283232,
0.239936,
0.39504,
0.355584,
0.329792,
0.369568,
0.233536,
0.392384,
0.357088,
0.29696,
0.431296,
0.257856,
1.104576,
0.2456,
0.291392,
0.23744,
0.43552,
0.36688,
0.456864,
0.342336,
0.408448,
0.315008,
0.245984,
0.29424,
0.332,
0.712768,
0.390528,
0.299328,
0.241408,
0.349472,
0.300576,
0.43552,
0.421664,
0.292096,
0.290144,
0.243808,
0.378976,
0.319584,
0.333536,
0.25904,
0.256768,
0.315744,
0.335552,
0.324544,
0.270816,
0.292384,
0.293088,
0.308224,
0.240608,
0.360096,
0.25712,
0.260992,
0.49632,
0.380832,
0.24192,
0.260608,
0.318784,
0.35008,
0.259488,
0.352192,
0.286144,
0.395616,
0.280448,
0.25504,
0.270368,
0.229472,
0.236128,
0.2456,
0.233792,
0.251456,
0.245952,
0.249728,
0.336128,
0.280736,
0.246688,
0.238208,
0.233024,
0.235968,
0.252384,
0.244512,
0.331168,
0.262272,
0.287776,
0.2512,
0.238752,
0.24512,
0.375968,
0.239328,
0.23968,
0.354816,
0.23696,
0.279808,
0.284352,
0.250464,
0.419168,
0.376128,
0.267136,
0.50912,
0.232192,
0.31968,
0.34496,
0.310208,
0.282496,
0.314144,
0.338656,
0.322976,
0.30784,
0.29616,
0.282272,
0.292416,
0.408448,
0.346848,
0.260384,
0.263424,
0.265952,
0.329792,
0.260768,
0.289152,
0.248832,
0.3568,
0.252192,
0.748384,
0.38336,
0.303392,
0.32064,
0.254208,
0.31664,
0.4264,
0.382112,
0.296992,
0.243584,
0.421888,
0.246272,
0.260416,
0.245728,
0.309952,
0.256384,
0.294592,
0.366912,
0.306848,
0.294496,
0.339584,
0.313408,
0.399072,
0.332736,
0.318752,
0.26896,
0.392864,
0.368768,
0.34272,
0.264352,
0.384288,
0.283008,
0.297856,
0.267936,
0.296,
0.299424,
0.287872,
0.297184,
0.406048,
0.462976,
0.420256,
0.398592,
0.313472,
1.375808,
0.302144,
0.361856,
0.426464,
0.451008,
0.256416,
0.260608,
0.28448,
0.276992,
0.6168,
0.269312,
0.23712,
0.263392,
0.31184,
0.2384,
0.277728,
0.2472,
0.253312,
0.245824,
0.306848,
0.370976,
0.301376,
0.231648,
0.260544,
0.241568,
0.286176,
0.357536,
0.264832,
0.26256,
0.254816,
0.390528,
0.27664,
0.244448,
0.352672,
0.320384,
0.266048,
0.308704,
0.260192,
0.382656,
0.274304,
0.277792,
0.386112,
0.28704,
0.297728,
0.395456,
0.32784,
0.292416,
0.326592,
0.290592,
0.311872,
0.356672,
0.369888,
0.363168,
0.277888,
0.264256,
0.244832,
0.364864,
0.354336,
0.278912,
0.311008,
0.306336,
0.260352,
0.35584,
0.281696,
0.294112,
0.280448,
0.301216,
0.306208,
0.310304,
0.302592,
0.297216,
0.323232,
0.378976,
0.289504,
0.307648,
0.306304,
0.257824,
0.286688,
0.35936,
0.323616,
0.293152,
0.277408,
0.284672,
0.342944,
0.297408,
0.281152,
0.24672,
0.300864,
0.34448,
0.326016,
0.288608,
0.280064,
0.360672,
0.245024,
0.285408,
0.269728,
0.384352,
0.299936,
0.339392,
0.26912,
0.328096,
0.24384,
0.241504,
0.287936,
0.272224,
0.620896,
0.243776,
0.330496,
0.357152,
0.256832,
0.251552,
0.25728,
0.260416,
0.254784,
0.299232,
0.254912,
0.28016,
0.271392,
0.26608,
0.265856,
0.263168,
0.309568,
0.332096,
0.23696,
0.268384,
0.251296,
0.320032,
0.310368,
0.307936,
0.243232,
0.29808,
2.38947,
0.341632,
0.29952,
0.261024,
0.285504,
0.269856,
0.352896,
0.295616,
0.338464,
0.359456,
0.278528,
0.48416,
0.278432,
0.293984,
0.385152,
0.288576,
0.349888,
0.300192,
0.26528,
0.35216,
0.387104,
0.332864,
0.329792,
0.329952,
0.449632,
0.29232,
0.368608,
0.254112,
0.246304,
0.355936,
0.29792,
0.295584,
0.521152,
0.32016,
0.381024,
0.401888,
0.378656,
0.4112,
0.286272,
0.349536,
0.25248,
0.294816,
0.269536,
0.33488,
0.366336,
0.29456,
0.30288,
0.259744,
0.409312,
0.301984,
0.320128,
0.243968,
0.243712,
0.370496,
0.303328,
0.420096,
0.364288,
0.244416,
0.244992,
0.237152,
0.302528,
0.297216,
0.287008,
0.698592,
0.335072,
0.245984,
0.318464,
0.323008,
0.273408,
0.277312,
0.235968,
0.399168,
0.410656,
0.355072,
0.394752,
0.252352,
0.399232,
0.287136,
0.468608,
0.251264,
0.241248,
0.357856,
0.24928,
0.330432,
0.260352,
0.2648,
0.258592,
0.261376,
0.275488,
0.29936,
0.243648,
0.468352,
0.306464,
0.248736,
0.267104,
0.233984,
0.285664,
0.278848,
0.27344,
0.349024,
0.28896,
0.281248,
0.251136,
0.315296,
0.234528,
0.233952,
0.295616,
0.258496,
0.240512,
0.28608,
0.245664,
0.240096,
0.37232,
0.277952,
0.396416,
0.310912,
0.367936,
0.273056,
0.453792,
0.261664,
0.407744,
0.788288,
0.361824,
0.282272,
0.233984,
0.424128,
0.299904,
0.35664,
0.254816,
0.280736,
0.27488,
0.250176,
0.269152,
0.325568,
0.251232,
0.34096,
0.256064,
0.238784,
0.362272,
0.315616,
0.256288,
0.371808,
0.289984,
0.289376,
0.2488,
0.265376,
0.3376,
0.31376,
0.275904,
0.316,
0.27376,
0.307712,
0.250528,
0.292288,
0.37184,
0.287808,
0.345568,
0.290368,
0.25248,
0.248128,
0.235712,
0.299808,
0.22848,
0.244896,
0.276896,
0.237952,
0.298016,
0.398176,
0.329472,
0.417312,
0.322688,
0.269568,
1.765532,
0.359264,
0.355712,
0.445888,
0.296832,
0.361632,
0.287744,
0.383808,
0.336192,
0.41232,
0.411392,
0.286336,
0.580736,
0.341952,
0.44224,
0.40224,
0.332096,
0.448384,
0.272128,
0.259968,
0.259712,
0.33072,
0.340128,
0.613984,
0.328896,
0.357824,
0.389472,
0.4296,
0.285792,
0.3296,
0.320864,
0.482144,
0.409152,
0.437728,
0.332928,
0.363424,
0.292992,
0.349344,
0.27136,
0.275712,
0.360416,
0.310112,
0.331552,
0.235552,
0.292192,
0.27392,
0.299808,
0.349152,
0.351904,
0.442912,
0.338624,
0.3056,
0.24,
0.248768,
0.261888,
0.40144,
0.280928,
0.367008,
0.258176,
0.25728,
0.29136,
0.265728,
0.278976,
0.486496,
0.403232,
0.31472,
0.239424,
0.283072,
0.275616,
0.316,
0.263328,
0.31488,
0.249728,
0.242464,
0.371872,
0.27872,
0.289312,
0.255936,
0.253248,
0.278528,
0.344448,
0.258304,
0.5144,
0.313504,
0.256128,
0.408416,
0.274048,
0.397152,
0.393088,
0.275776,
0.250176,
0.373696,
0.405376,
0.307008,
0.28448,
0.254464,
0.260352,
0.301152,
0.265984,
0.4232,
0.404448,
0.323264,
0.369568,
0.303264,
0.328672,
0.3264,
0.354592,
0.272768,
0.311968,
0.594944,
0.584352,
0.290752,
0.593632,
0.26464,
0.245312,
0.397664,
0.397344,
0.29504,
0.348352,
0.275296,
0.28464,
0.255424,
0.394208,
0.283168,
0.315584,
0.33424,
0.276576,
0.30384,
0.379168,
0.5112,
0.251264,
0.279936,
0.396864,
0.311872,
0.351328,
0.31168,
0.247616,
0.392672,
0.254592,
0.237664,
0.26672,
0.374848,
0.346208,
0.305024,
0.259744,
0.338432,
0.370272,
0.352992,
0.321472,
0.248096,
0.310496,
0.357408,
0.292224,
0.24224,
0.314016,
0.255552,
0.291456,
0.344032,
0.30592,
0.250784,
0.417728,
0.296768,
0.531168,
0.255584,
0.254144,
0.239328,
0.247488,
0.364288,
0.34608,
0.371328,
0.259168,
0.310432,
0.463392,
0.255072,
0.326144,
0.271168,
0.2496,
0.369792,
0.608544,
0.363552,
0.392416,
0.256192,
0.286848,
0.26336,
0.277184,
0.294848,
0.250368,
0.288288,
0.41504,
0.306848,
0.252896,
0.300544,
0.350272,
0.339616,
0.250976,
0.284,
0.302176,
0.244096,
0.408448,
0.248864,
0.362528,
0.255392,
0.26032,
0.247712,
0.335008,
0.308672,
0.284512,
0.267456,
0.477344,
0.315936,
0.349536,
0.286304,
0.2464,
1.339934,
0.423936,
0.352288,
0.747328,
0.358144,
0.368896,
0.689248,
0.366656,
0.273792,
0.256896,
0.333472,
0.341024,
0.275104,
0.25936,
0.243424,
0.427488,
0.268224,
0.393664,
0.258304,
0.302208,
0.241344,
0.325248,
0.28288,
0.28672,
0.348352,
0.548032,
0.316416,
0.2352,
0.23904,
0.274176,
0.339104,
0.313184,
0.3368,
0.265568,
0.327968,
0.36272,
0.249024,
0.387488,
0.476256,
0.399712,
0.296544,
0.268384,
0.349856,
0.314752,
0.26688,
0.264512,
0.28784,
0.392256,
0.753248,
0.252736,
0.24512,
0.296352,
0.256352,
0.24592,
0.275424,
0.393376,
0.271616,
0.25936,
0.247168,
0.259744,
0.240704,
0.296704,
0.239968,
0.295264,
0.330624,
0.413024,
0.296192,
0.334048,
0.3752,
0.30048,
0.396704,
0.275456,
0.291744,
0.325248,
0.303296,
0.319104,
0.22608,
0.287296,
0.313184,
0.257536,
0.30032,
0.243168,
0.376768,
0.244,
0.414688,
0.261728,
0.249312,
0.307616,
0.243872,
0.251264,
0.236736,
0.302848,
0.326464,
0.357248,
0.289952,
0.232096,
0.326944,
0.365728,
0.24688,
0.366816,
0.239808,
0.414848,
0.384608,
0.273152,
0.385472,
0.24464,
0.349344,
0.304384,
0.509568,
0.2424,
0.24608,
0.275808,
0.363488,
0.339168,
0.384288,
0.322624,
0.251424,
0.253888,
0.245184,
0.381696,
0.267552,
0.229408,
0.266304,
0.346208,
0.280448,
0.282848,
0.40416,
0.31552,
0.323392,
0.329664,
0.292096,
0.250496,
0.26112,
0.392992,
0.255776,
0.261984,
0.568384,
0.28944,
0.32624,
0.270336,
0.284832,
0.2376,
0.293888,
0.357472,
0.26496,
0.273568,
0.296,
0.477504,
0.31104,
0.248288,
0.34848,
0.380384,
0.289696,
0.319392,
0.465152,
0.3144,
0.426464,
0.351744,
0.28112,
0.613056,
0.32288,
0.583424,
0.332064,
0.289568,
0.27376,
0.312768,
0.322272,
0.33248,
0.251488,
0.24048,
0.306496,
0.386272,
0.321152,
0.273888,
0.240064,
0.268288,
0.29632,
0.319584,
0.331104,
0.256832,
0.617344,
0.24432,
0.305568,
0.251456,
0.273088,
0.377504,
0.303936,
0.299776,
0.303072,
0.626816,
0.40384,
0.32336,
0.250016,
0.565632,
0.403136,
0.377504,
0.318016,
0.258432,
0.46416,
0.293664,
3.7216,
0.267968,
0.264032,
0.383456,
0.304416,
0.287328,
0.412704,
0.367328,
0.260032,
0.243488,
0.245824,
0.2496,
0.244448,
0.323712,
0.24688,
0.284608,
0.33568,
0.281536,
0.341728,
0.258944,
0.336192,
0.336704,
0.307712,
0.288448,
0.362336,
0.247104,
0.40912,
0.333344,
0.376768,
0.514848,
0.257056,
0.28896,
0.378592,
0.31392,
1.570308,
0.313216,
0.312992,
0.302976,
0.284896,
0.30336,
0.338816,
0.291424,
0.325472,
0.255456,
0.502016,
0.413824,
0.36576,
0.247744,
0.290784,
0.251104,
0.304928,
0.304576,
0.238368,
0.276448,
0.30688,
0.281536,
0.268416,
0.314912,
0.320768,
0.257312,
0.293248,
0.314464,
0.486688,
0.245376,
0.627904,
0.45424,
0.24672,
0.272128,
0.32784,
0.40928,
0.31488,
0.267968,
0.284256,
0.350496,
0.330752,
0.515456,
0.337632,
0.266784,
0.311008,
0.342816,
0.258688,
0.31264,
0.667904,
0.328384,
0.245824,
0.748576,
1.341956,
0.359488,
0.3232,
0.38496,
0.35088,
0.252736,
0.296096,
0.318688,
0.31376,
0.241856,
0.32496,
0.30016,
0.289056,
0.246464,
0.390912,
0.372352,
0.296768,
0.291424,
0.265952,
0.240608,
0.25872,
0.265728,
0.283072,
0.266272,
0.359584,
0.267232,
0.316544,
0.25504,
0.759168,
0.493056,
0.380768,
0.315072,
0.251392,
0.308608,
0.328416,
0.303616,
0.28576,
0.249152,
0.316672,
0.32224,
0.331424,
0.23728,
2.02499,
0.25616,
0.296384,
0.268,
0.259872,
0.365312,
0.236704,
0.251744,
0.259872,
0.72576,
0.264224,
0.630432,
0.281056,
0.25264,
0.324896,
0.351552,
0.2624,
0.289696,
0.282528,
0.250304,
0.312608,
0.237728,
0.392736,
0.280064,
0.33184,
0.382496,
0.244736,
0.302624,
0.310048,
0.346016,
0.251712,
0.345728,
0.327104,
0.313472,
0.3224,
0.7656,
0.306688,
0.25632,
2.53904,
0.30032,
0.282976,
0.253216,
0.250016,
0.331008,
0.283872,
0.301504,
0.356544,
0.363968,
0.259488,
0.267776,
0.240448,
0.46544,
0.236096,
0.305024,
0.320352,
0.268864,
0.247808,
0.275072,
0.254976,
0.241536,
0.2704,
0.241472,
0.2968,
0.276544,
0.289408,
0.53536,
0.396896,
0.322944,
0.328672,
0.293984,
0.324128,
0.30704,
0.286624,
0.299136,
0.2824,
0.33536,
0.246112,
0.386176,
0.399776,
0.388224,
0.260096,
0.317792,
0.316352,
0.267872,
0.438496,
0.293568,
0.235104,
0.48688,
0.311712,
0.37168,
0.477472,
0.347456,
0.31216,
0.261856,
0.423264,
0.351392,
0.262464,
0.317664,
0.335648,
0.336224,
0.278176,
0.278176,
0.26048,
0.330752,
0.289696,
0.28672,
0.24064,
0.343168,
0.256256,
0.28992,
0.28192,
0.234592,
0.283008,
0.294688,
0.266624,
0.250752,
0.332704,
0.24928,
0.314272,
0.34144,
0.287584,
0.351104,
0.246688,
0.316992,
0.275936,
0.289376,
0.241504,
0.2504,
0.36032,
0.252736,
0.338432,
0.289184,
0.318208,
0.35056,
0.238528,
0.39136,
0.318816,
0.355168,
0.307744,
0.311552,
0.26608,
0.330272,
0.24432,
0.32512,
0.389504,
0.338272,
0.353408,
0.293632,
0.293952,
0.31568,
0.37184,
0.375936,
0.309152,
0.30144,
0.27792,
0.321792,
0.25248,
0.31536,
0.25264,
0.24048,
0.397472,
0.336576,
0.311136,
1.434142,
0.335104,
0.277056,
0.291552,
0.241568,
0.307104,
0.37328,
0.263072,
0.525408,
0.34624,
0.457536,
0.250656,
0.300448,
0.320352,
0.435936,
0.350144,
0.281376,
0.239232,
0.394464,
0.311936,
0.779488,
0.379328,
0.365472,
0.4472,
0.461184,
0.330432,
0.29872,
0.37568,
0.275616,
0.24976,
0.279232,
0.255872,
0.402304,
0.326944,
0.367776,
0.40192,
0.282784,
0.266496,
0.290144,
0.549376,
0.272896,
0.376832,
0.417408,
0.25904,
0.296224,
0.294976,
0.28144,
0.327136,
0.291008,
0.330752,
0.313856,
0.301536,
0.28736,
0.235392,
0.396832,
0.380064,
0.261376,
0.435648,
0.296064,
0.493152,
0.321024,
0.409728,
0.318336,
0.313824,
0.353536,
0.28864,
0.398784,
0.315072,
0.326336,
0.243936,
0.36608,
0.28976,
0.327648,
0.389792,
0.278496,
0.250336,
0.250528,
0.390336,
0.332224,
0.246048,
0.28816,
0.324544,
0.334016,
0.265184,
0.263488,
0.460192,
0.239712,
0.363008,
0.251936,
0.44592,
0.274432,
0.315968,
0.250208,
0.255424,
0.520992,
0.322848,
0.28,
0.350336,
0.47616,
0.32048,
0.258496,
0.296032,
0.261952,
0.231456,
0.314944,
0.292384,
0.29408,
0.301696,
0.371776,
0.35744,
0.261728,
0.255584,
0.243072,
0.249952,
0.332608,
0.297568,
0.3648,
0.290112,
0.450688,
0.309696,
0.325216,
0.421184,
0.26624,
0.247328,
0.247552,
0.335104,
0.317568,
0.3352,
0.275808,
0.436544,
0.38688,
0.341088,
0.30144,
0.287168,
0.310208,
0.274496,
0.378048,
0.244384,
0.271584,
0.304544,
0.288992,
0.280256,
0.27088,
0.388256,
0.342336,
0.335488,
0.386688,
0.280928,
0.255808,
0.261024,
0.349952,
0.315136,
0.276224,
0.378272,
0.241184,
0.253664,
0.448704,
0.328768,
0.24192,
0.319552,
0.2464,
0.302944,
0.34032,
0.235584,
0.323232,
0.293056,
0.292032,
0.312128,
0.315808,
0.250208,
0.308576,
0.314528,
0.238784,
0.243936,
0.266592,
0.249472,
0.244928,
0.30544,
0.243936,
0.249408,
0.248352,
0.268608,
0.288832,
0.268608,
0.39344,
0.284704,
0.32352,
0.31632,
0.252928,
0.40704,
0.306176,
0.31808,
0.402976,
0.495712,
0.250752,
0.284416,
0.301344,
1.048288,
0.257184,
0.3256,
0.549184,
0.329792,
0.366944,
0.278752,
0.247808,
0.311584,
0.329792,
0.331648,
0.291136,
0.36496,
0.393216,
0.29248,
0.231008,
0.240192,
0.281824,
0.24736,
0.26208,
0.2648,
0.241408,
0.25312,
0.294464,
0.283264,
0.325472,
0.237856,
0.261728,
0.447232,
0.280896,
0.25104,
0.246624,
0.254144,
0.241408,
0.48304,
0.26112,
0.2736,
0.346336,
0.248,
0.375744,
0.24864,
0.239392,
0.302912,
0.271584,
0.253088,
0.250048,
0.312128,
0.40288,
0.238848,
0.343904,
0.403328,
0.29712,
0.288672,
0.315904,
0.34224,
0.438208,
0.370816,
0.317344,
0.276256,
0.2752,
0.278208,
0.29424,
0.275392,
0.261152,
0.266144,
0.35216,
2.21363,
0.271808,
0.365152,
0.319424,
0.747968,
0.278208,
0.3624,
0.349088,
0.294848,
0.308032,
0.254976,
0.3584,
0.288384,
0.526976,
0.264672,
0.285312,
0.700672,
0.29248,
0.329312,
0.2456,
0.276896,
0.437312,
0.348544,
0.60176,
0.24736,
0.315008,
0.617568,
0.319712,
0.466784,
0.348672,
0.6432,
0.304768,
0.338272,
0.341216,
0.231392,
0.241952,
0.584032,
0.26544,
0.297632,
0.3832,
0.425728,
0.248096,
0.577632,
0.280192,
0.232448,
0.23968,
0.468128,
0.29168,
0.2808,
0.421536,
0.356672,
0.466112,
0.674016,
0.302144,
0.361632,
0.372768,
0.325024,
0.238528,
0.254112,
0.428512,
0.3224,
0.295744,
0.298752,
0.280512,
