256.0,169.0,25.0,35.0,11.0,8.0,6.0,
32.0,189.0,51.0,50.0,10.0,4.0,0.0,
32.0,119.0,78.0,9.0,3.0,1.0,0.0,
32.0,132.0,120.0,86.0,3.0,1.0,0.0,
16.0,149.0,44.0,48.0,6.0,1.0,0.0,
32.0,137.0,51.0,65.0,8.0,7.0,0.0,
32.0,251.0,175.0,50.0,6.0,1.0,0.0,
32.0,86.0,27.0,28.0,2.0,1.0,0.0,
32.0,139.0,50.0,24.0,10.0,8.0,1.0,
16.0,210.0,100.0,93.0,5.0,2.0,1.0,
32.0,256.0,23.0,96.0,10.0,9.0,3.0,
32.0,90.0,26.0,47.0,3.0,2.0,0.0,
256.0,183.0,39.0,67.0,3.0,2.0,1.0,
256.0,213.0,56.0,5.0,10.0,2.0,1.0,
32.0,220.0,144.0,86.0,9.0,5.0,2.0,
64.0,241.0,25.0,56.0,9.0,3.0,2.0,
32.0,102.0,23.0,19.0,4.0,1.0,0.0,
128.0,161.0,17.0,97.0,9.0,2.0,0.0,
256.0,14.0,17.0,8.0,10.0,5.0,2.0,
128.0,197.0,51.0,9.0,2.0,1.0,0.0,
256.0,24.0,154.0,33.0,8.0,3.0,0.0,
32.0,241.0,8.0,76.0,10.0,8.0,6.0,
128.0,174.0,113.0,82.0,7.0,3.0,1.0,
64.0,27.0,120.0,53.0,4.0,1.0,0.0,
32.0,5.0,19.0,75.0,10.0,7.0,1.0,
256.0,213.0,98.0,18.0,5.0,2.0,1.0,
256.0,167.0,38.0,58.0,7.0,6.0,4.0,
256.0,196.0,24.0,100.0,3.0,2.0,1.0,
128.0,245.0,201.0,97.0,7.0,6.0,4.0,
64.0,162.0,168.0,38.0,3.0,1.0,0.0,
128.0,222.0,104.0,75.0,10.0,9.0,5.0,
32.0,215.0,16.0,33.0,6.0,3.0,0.0,
16.0,74.0,15.0,27.0,5.0,4.0,2.0,
256.0,197.0,31.0,87.0,7.0,1.0,0.0,
16.0,240.0,8.0,26.0,7.0,1.0,0.0,
16.0,201.0,63.0,64.0,8.0,6.0,2.0,
256.0,64.0,100.0,54.0,6.0,4.0,3.0,
32.0,178.0,63.0,32.0,5.0,2.0,1.0,
128.0,41.0,50.0,37.0,3.0,1.0,0.0,
128.0,159.0,147.0,55.0,5.0,1.0,0.0,
16.0,227.0,51.0,84.0,10.0,7.0,2.0,
64.0,196.0,45.0,60.0,11.0,3.0,0.0,
64.0,168.0,34.0,6.0,4.0,1.0,0.0,
32.0,246.0,22.0,72.0,8.0,4.0,0.0,
128.0,228.0,25.0,70.0,5.0,2.0,0.0,
64.0,97.0,154.0,97.0,9.0,5.0,4.0,
128.0,219.0,90.0,87.0,6.0,5.0,1.0,
128.0,143.0,43.0,18.0,3.0,2.0,1.0,
16.0,86.0,30.0,67.0,3.0,2.0,0.0,
128.0,67.0,15.0,52.0,2.0,1.0,0.0,
128.0,17.0,31.0,31.0,7.0,3.0,0.0,
128.0,119.0,43.0,21.0,3.0,1.0,0.0,
16.0,49.0,23.0,94.0,6.0,3.0,1.0,
64.0,24.0,74.0,94.0,10.0,1.0,0.0,
16.0,126.0,76.0,55.0,5.0,1.0,0.0,
64.0,27.0,45.0,93.0,3.0,2.0,1.0,
128.0,71.0,152.0,72.0,10.0,9.0,3.0,
16.0,144.0,21.0,6.0,2.0,1.0,0.0,
256.0,68.0,19.0,30.0,8.0,7.0,0.0,
32.0,41.0,40.0,54.0,7.0,1.0,0.0,
16.0,113.0,79.0,46.0,11.0,5.0,1.0,
128.0,71.0,8.0,28.0,8.0,4.0,0.0,
128.0,185.0,14.0,83.0,2.0,1.0,0.0,
128.0,8.0,138.0,52.0,4.0,2.0,0.0,
32.0,165.0,41.0,39.0,2.0,1.0,0.0,
64.0,114.0,54.0,26.0,9.0,5.0,3.0,
256.0,37.0,16.0,89.0,9.0,2.0,0.0,
32.0,158.0,146.0,72.0,5.0,2.0,1.0,
128.0,145.0,126.0,70.0,2.0,1.0,0.0,
256.0,164.0,76.0,19.0,2.0,1.0,0.0,
256.0,61.0,152.0,10.0,4.0,3.0,0.0,
256.0,154.0,37.0,67.0,5.0,2.0,0.0,
128.0,9.0,193.0,84.0,6.0,1.0,0.0,
64.0,19.0,141.0,44.0,3.0,2.0,1.0,
256.0,101.0,44.0,74.0,9.0,1.0,0.0,
128.0,19.0,36.0,27.0,5.0,1.0,0.0,
32.0,39.0,73.0,58.0,11.0,7.0,2.0,
64.0,182.0,10.0,18.0,5.0,4.0,1.0,
256.0,156.0,75.0,33.0,7.0,6.0,3.0,
64.0,121.0,47.0,66.0,4.0,1.0,0.0,
64.0,98.0,10.0,31.0,3.0,1.0,0.0,
128.0,199.0,113.0,56.0,3.0,1.0,0.0,
16.0,251.0,100.0,72.0,11.0,5.0,0.0,
64.0,69.0,78.0,43.0,11.0,6.0,3.0,
32.0,220.0,100.0,31.0,3.0,2.0,1.0,
256.0,183.0,26.0,88.0,3.0,2.0,0.0,
128.0,197.0,8.0,47.0,7.0,4.0,0.0,
256.0,218.0,27.0,65.0,2.0,1.0,0.0,
16.0,77.0,51.0,38.0,9.0,6.0,2.0,
256.0,229.0,40.0,31.0,5.0,1.0,0.0,
16.0,141.0,2.0,28.0,6.0,5.0,4.0,
64.0,25.0,14.0,35.0,10.0,9.0,0.0,
16.0,54.0,30.0,26.0,9.0,5.0,2.0,
16.0,244.0,41.0,83.0,2.0,1.0,0.0,
32.0,253.0,14.0,25.0,2.0,1.0,0.0,
16.0,39.0,55.0,83.0,10.0,7.0,6.0,
16.0,222.0,62.0,92.0,7.0,1.0,0.0,
64.0,249.0,85.0,49.0,8.0,6.0,2.0,
64.0,182.0,118.0,61.0,10.0,8.0,6.0,
16.0,6.0,22.0,61.0,8.0,5.0,3.0,
256.0,69.0,98.0,4.0,6.0,5.0,3.0,
64.0,230.0,15.0,34.0,7.0,2.0,0.0,
32.0,36.0,6.0,46.0,2.0,1.0,0.0,
64.0,39.0,12.0,100.0,8.0,6.0,5.0,
256.0,89.0,140.0,35.0,10.0,2.0,1.0,
32.0,166.0,25.0,88.0,11.0,7.0,1.0,
128.0,68.0,18.0,92.0,5.0,1.0,0.0,
256.0,2.0,100.0,36.0,8.0,3.0,2.0,
128.0,165.0,6.0,69.0,9.0,8.0,7.0,
32.0,251.0,44.0,88.0,7.0,6.0,5.0,
16.0,25.0,21.0,85.0,2.0,1.0,0.0,
64.0,135.0,34.0,69.0,4.0,2.0,1.0,
64.0,143.0,3.0,15.0,3.0,2.0,0.0,
64.0,235.0,76.0,80.0,5.0,4.0,2.0,
32.0,131.0,181.0,79.0,9.0,1.0,0.0,
128.0,256.0,149.0,9.0,4.0,1.0,0.0,
16.0,119.0,15.0,26.0,6.0,2.0,1.0,
256.0,81.0,84.0,14.0,2.0,1.0,0.0,
256.0,252.0,25.0,20.0,9.0,7.0,5.0,
32.0,85.0,14.0,38.0,3.0,1.0,0.0,
256.0,37.0,57.0,32.0,11.0,6.0,2.0,
256.0,204.0,92.0,92.0,9.0,8.0,3.0,
32.0,146.0,72.0,88.0,4.0,2.0,0.0,
64.0,27.0,150.0,95.0,11.0,7.0,2.0,
16.0,157.0,107.0,49.0,5.0,4.0,3.0,
128.0,197.0,56.0,41.0,3.0,2.0,0.0,
16.0,96.0,41.0,75.0,4.0,2.0,1.0,
32.0,20.0,15.0,92.0,2.0,1.0,0.0,
32.0,88.0,42.0,80.0,4.0,1.0,0.0,
32.0,203.0,109.0,91.0,4.0,1.0,0.0,
128.0,79.0,10.0,48.0,3.0,1.0,0.0,
256.0,76.0,15.0,40.0,4.0,2.0,0.0,
256.0,165.0,15.0,75.0,8.0,4.0,1.0,
128.0,44.0,55.0,40.0,4.0,2.0,1.0,
16.0,164.0,81.0,72.0,11.0,5.0,2.0,
64.0,48.0,21.0,22.0,2.0,1.0,0.0,
256.0,144.0,9.0,38.0,9.0,1.0,0.0,
64.0,205.0,46.0,45.0,10.0,5.0,1.0,
256.0,139.0,42.0,99.0,8.0,5.0,1.0,
128.0,141.0,97.0,61.0,2.0,1.0,0.0,
128.0,230.0,95.0,85.0,6.0,2.0,0.0,
32.0,115.0,33.0,94.0,8.0,5.0,4.0,
32.0,55.0,24.0,97.0,4.0,1.0,0.0,
256.0,202.0,6.0,93.0,6.0,2.0,0.0,
16.0,228.0,10.0,75.0,7.0,3.0,0.0,
16.0,34.0,126.0,28.0,4.0,2.0,0.0,
256.0,112.0,57.0,94.0,7.0,5.0,3.0,
64.0,88.0,12.0,33.0,8.0,7.0,1.0,
32.0,242.0,42.0,90.0,3.0,2.0,1.0,
256.0,220.0,6.0,80.0,8.0,4.0,1.0,
256.0,231.0,19.0,22.0,2.0,1.0,0.0,
64.0,74.0,92.0,42.0,10.0,6.0,4.0,
128.0,181.0,112.0,98.0,8.0,4.0,3.0,
256.0,57.0,65.0,87.0,6.0,4.0,2.0,
16.0,40.0,89.0,99.0,4.0,3.0,0.0,
256.0,201.0,47.0,61.0,6.0,1.0,0.0,
256.0,176.0,18.0,69.0,8.0,1.0,0.0,
32.0,55.0,51.0,76.0,9.0,2.0,0.0,
64.0,20.0,39.0,91.0,3.0,1.0,0.0,
128.0,12.0,21.0,36.0,6.0,4.0,1.0,
128.0,125.0,92.0,56.0,6.0,3.0,1.0,
128.0,98.0,137.0,82.0,6.0,4.0,0.0,
32.0,240.0,6.0,42.0,4.0,3.0,1.0,
128.0,73.0,48.0,61.0,4.0,1.0,0.0,
256.0,149.0,46.0,53.0,10.0,8.0,5.0,
128.0,8.0,42.0,39.0,4.0,1.0,0.0,
16.0,178.0,118.0,62.0,3.0,1.0,0.0,
64.0,26.0,19.0,8.0,4.0,1.0,0.0,
128.0,42.0,35.0,82.0,3.0,1.0,0.0,
64.0,15.0,110.0,15.0,2.0,1.0,0.0,
256.0,181.0,32.0,18.0,6.0,5.0,4.0,
64.0,180.0,35.0,75.0,10.0,1.0,0.0,
128.0,49.0,5.0,80.0,2.0,1.0,0.0,
256.0,142.0,140.0,97.0,4.0,3.0,0.0,
64.0,179.0,6.0,10.0,6.0,4.0,0.0,
64.0,79.0,67.0,11.0,4.0,1.0,0.0,
16.0,157.0,4.0,92.0,2.0,1.0,0.0,
16.0,11.0,51.0,32.0,5.0,2.0,0.0,
16.0,100.0,6.0,63.0,2.0,1.0,0.0,
32.0,110.0,26.0,7.0,4.0,1.0,0.0,
32.0,224.0,51.0,59.0,4.0,3.0,2.0,
32.0,234.0,39.0,50.0,2.0,1.0,0.0,
64.0,159.0,18.0,40.0,7.0,6.0,4.0,
64.0,194.0,39.0,84.0,11.0,6.0,4.0,
32.0,143.0,145.0,18.0,9.0,6.0,2.0,
64.0,232.0,25.0,52.0,4.0,2.0,1.0,
16.0,86.0,19.0,5.0,8.0,1.0,0.0,
16.0,5.0,16.0,51.0,5.0,1.0,0.0,
32.0,148.0,8.0,26.0,8.0,2.0,1.0,
32.0,135.0,17.0,26.0,11.0,4.0,1.0,
64.0,26.0,53.0,52.0,10.0,2.0,1.0,
32.0,166.0,82.0,8.0,4.0,1.0,0.0,
128.0,73.0,97.0,42.0,8.0,5.0,4.0,
256.0,168.0,83.0,61.0,11.0,10.0,8.0,
16.0,44.0,26.0,79.0,10.0,1.0,0.0,
256.0,91.0,88.0,82.0,4.0,1.0,0.0,
128.0,226.0,198.0,60.0,9.0,1.0,0.0,
16.0,152.0,82.0,94.0,3.0,1.0,0.0,
256.0,249.0,24.0,9.0,10.0,3.0,0.0,
256.0,121.0,117.0,58.0,9.0,6.0,5.0,
16.0,159.0,25.0,36.0,11.0,6.0,0.0,
128.0,93.0,93.0,52.0,10.0,3.0,2.0,
64.0,244.0,26.0,32.0,9.0,3.0,2.0,
128.0,248.0,176.0,59.0,7.0,5.0,4.0,
16.0,249.0,62.0,5.0,10.0,1.0,0.0,
16.0,225.0,73.0,52.0,6.0,1.0,0.0,
128.0,157.0,50.0,79.0,9.0,8.0,4.0,
16.0,82.0,117.0,44.0,4.0,3.0,2.0,
32.0,28.0,20.0,51.0,5.0,3.0,1.0,
64.0,70.0,65.0,6.0,4.0,2.0,1.0,
64.0,176.0,134.0,54.0,7.0,5.0,0.0,
128.0,72.0,64.0,81.0,4.0,2.0,0.0,
256.0,25.0,140.0,40.0,4.0,3.0,2.0,
256.0,198.0,163.0,82.0,3.0,2.0,1.0,
32.0,8.0,65.0,68.0,8.0,4.0,3.0,
256.0,121.0,6.0,89.0,9.0,6.0,4.0,
64.0,214.0,104.0,22.0,10.0,5.0,0.0,
128.0,236.0,41.0,93.0,9.0,4.0,3.0,
128.0,100.0,2.0,76.0,2.0,1.0,0.0,
64.0,53.0,26.0,16.0,2.0,1.0,0.0,
256.0,143.0,142.0,49.0,2.0,1.0,0.0,
16.0,238.0,52.0,32.0,10.0,8.0,2.0,
16.0,120.0,35.0,71.0,11.0,5.0,1.0,
64.0,142.0,32.0,12.0,11.0,8.0,4.0,
64.0,159.0,64.0,3.0,10.0,5.0,3.0,
128.0,203.0,115.0,26.0,3.0,1.0,0.0,
64.0,3.0,42.0,100.0,8.0,1.0,0.0,
64.0,130.0,16.0,38.0,6.0,1.0,0.0,
64.0,52.0,93.0,97.0,2.0,1.0,0.0,
16.0,66.0,27.0,57.0,10.0,4.0,3.0,
16.0,199.0,3.0,17.0,7.0,5.0,2.0,
256.0,87.0,14.0,50.0,5.0,3.0,2.0,
32.0,41.0,99.0,51.0,10.0,3.0,1.0,
16.0,166.0,48.0,96.0,4.0,3.0,0.0,
16.0,50.0,45.0,40.0,11.0,4.0,1.0,
32.0,59.0,115.0,55.0,7.0,6.0,2.0,
16.0,126.0,104.0,27.0,5.0,1.0,0.0,
32.0,242.0,12.0,59.0,2.0,1.0,0.0,
16.0,161.0,39.0,70.0,2.0,1.0,0.0,
32.0,222.0,16.0,45.0,3.0,2.0,1.0,
64.0,90.0,12.0,96.0,3.0,1.0,0.0,
16.0,177.0,55.0,65.0,4.0,3.0,2.0,
16.0,197.0,44.0,76.0,6.0,2.0,0.0,
128.0,233.0,55.0,97.0,2.0,1.0,0.0,
64.0,165.0,191.0,63.0,11.0,1.0,0.0,
64.0,163.0,18.0,64.0,5.0,1.0,0.0,
32.0,181.0,149.0,53.0,3.0,2.0,0.0,
64.0,126.0,212.0,64.0,4.0,2.0,0.0,
64.0,22.0,108.0,90.0,3.0,1.0,0.0,
64.0,103.0,46.0,71.0,5.0,1.0,0.0,
128.0,11.0,6.0,96.0,4.0,2.0,1.0,
32.0,139.0,108.0,21.0,11.0,9.0,3.0,
64.0,228.0,147.0,42.0,10.0,7.0,3.0,
128.0,187.0,31.0,61.0,7.0,6.0,1.0,
16.0,29.0,24.0,97.0,7.0,3.0,2.0,
256.0,71.0,82.0,30.0,11.0,7.0,5.0,
64.0,192.0,9.0,12.0,4.0,3.0,2.0,
256.0,138.0,146.0,84.0,6.0,2.0,1.0,
64.0,126.0,33.0,85.0,3.0,1.0,0.0,
16.0,144.0,132.0,25.0,7.0,6.0,5.0,
32.0,1.0,78.0,5.0,4.0,1.0,0.0,
128.0,84.0,102.0,75.0,8.0,5.0,3.0,
16.0,159.0,61.0,84.0,4.0,3.0,1.0,
64.0,34.0,24.0,36.0,11.0,3.0,2.0,
256.0,129.0,20.0,10.0,2.0,1.0,0.0,
128.0,56.0,49.0,65.0,5.0,4.0,3.0,
32.0,134.0,94.0,24.0,11.0,5.0,3.0,
128.0,90.0,25.0,86.0,4.0,2.0,0.0,
128.0,228.0,119.0,56.0,5.0,3.0,1.0,
32.0,73.0,60.0,79.0,4.0,2.0,1.0,
256.0,6.0,157.0,30.0,2.0,1.0,0.0,
32.0,53.0,30.0,73.0,2.0,1.0,0.0,
256.0,211.0,35.0,48.0,8.0,7.0,5.0,
256.0,150.0,16.0,32.0,9.0,8.0,3.0,
32.0,64.0,92.0,39.0,6.0,3.0,0.0,
64.0,129.0,136.0,14.0,2.0,1.0,0.0,
128.0,204.0,64.0,35.0,7.0,4.0,3.0,
16.0,255.0,49.0,39.0,4.0,2.0,0.0,
256.0,52.0,139.0,76.0,3.0,2.0,0.0,
128.0,150.0,72.0,87.0,7.0,5.0,4.0,
64.0,223.0,51.0,79.0,4.0,2.0,0.0,
256.0,39.0,25.0,95.0,8.0,6.0,1.0,
32.0,187.0,57.0,69.0,6.0,3.0,1.0,
256.0,237.0,39.0,83.0,4.0,3.0,1.0,
16.0,248.0,116.0,14.0,11.0,4.0,2.0,
128.0,76.0,81.0,42.0,9.0,4.0,2.0,
128.0,136.0,107.0,39.0,5.0,3.0,1.0,
16.0,161.0,25.0,72.0,11.0,9.0,0.0,
32.0,212.0,19.0,98.0,7.0,6.0,1.0,
32.0,49.0,151.0,67.0,9.0,1.0,0.0,
32.0,196.0,66.0,12.0,5.0,2.0,1.0,
32.0,114.0,80.0,11.0,7.0,6.0,0.0,
64.0,229.0,14.0,88.0,7.0,3.0,0.0,
16.0,86.0,7.0,57.0,3.0,1.0,0.0,
16.0,15.0,10.0,53.0,3.0,2.0,1.0,
32.0,104.0,1.0,85.0,6.0,5.0,4.0,
64.0,141.0,42.0,40.0,10.0,5.0,3.0,
64.0,240.0,54.0,61.0,7.0,4.0,3.0,
256.0,89.0,183.0,47.0,3.0,2.0,0.0,
256.0,233.0,29.0,3.0,11.0,2.0,0.0,
128.0,164.0,81.0,74.0,10.0,3.0,1.0,
64.0,212.0,4.0,84.0,3.0,1.0,0.0,
64.0,157.0,84.0,83.0,10.0,6.0,1.0,
256.0,64.0,26.0,93.0,9.0,7.0,6.0,
32.0,173.0,49.0,57.0,9.0,1.0,0.0,
16.0,92.0,45.0,42.0,4.0,3.0,0.0,
16.0,34.0,32.0,31.0,9.0,1.0,0.0,
32.0,23.0,13.0,36.0,5.0,1.0,0.0,
64.0,64.0,66.0,5.0,8.0,5.0,4.0,
16.0,176.0,171.0,28.0,7.0,6.0,2.0,
64.0,62.0,47.0,49.0,3.0,1.0,0.0,
256.0,97.0,52.0,55.0,7.0,2.0,0.0,
16.0,57.0,74.0,17.0,11.0,7.0,0.0,
32.0,148.0,39.0,3.0,10.0,2.0,1.0,
32.0,151.0,98.0,64.0,5.0,2.0,1.0,
16.0,99.0,157.0,43.0,2.0,1.0,0.0,
256.0,234.0,9.0,86.0,4.0,2.0,1.0,
16.0,120.0,6.0,58.0,5.0,3.0,1.0,
32.0,49.0,82.0,53.0,4.0,3.0,2.0,
128.0,209.0,132.0,47.0,2.0,1.0,0.0,
32.0,212.0,3.0,38.0,11.0,9.0,5.0,
16.0,190.0,130.0,80.0,5.0,2.0,1.0,
16.0,119.0,140.0,71.0,10.0,7.0,3.0,
32.0,217.0,38.0,33.0,8.0,5.0,3.0,
32.0,7.0,13.0,71.0,8.0,3.0,0.0,
128.0,209.0,44.0,73.0,10.0,2.0,0.0,
16.0,6.0,172.0,24.0,9.0,4.0,1.0,
16.0,19.0,37.0,58.0,4.0,1.0,0.0,
256.0,49.0,33.0,36.0,4.0,3.0,0.0,
16.0,248.0,111.0,19.0,11.0,10.0,2.0,
64.0,240.0,121.0,55.0,10.0,8.0,0.0,
16.0,15.0,70.0,19.0,11.0,6.0,3.0,
128.0,47.0,86.0,6.0,2.0,1.0,0.0,
16.0,211.0,58.0,28.0,4.0,2.0,1.0,
128.0,126.0,33.0,39.0,6.0,2.0,1.0,
64.0,84.0,26.0,45.0,2.0,1.0,0.0,
64.0,26.0,100.0,90.0,5.0,4.0,2.0,
64.0,158.0,36.0,87.0,6.0,5.0,4.0,
32.0,142.0,20.0,6.0,4.0,3.0,2.0,
256.0,192.0,124.0,88.0,4.0,2.0,1.0,
128.0,3.0,103.0,25.0,6.0,4.0,0.0,
256.0,199.0,108.0,77.0,7.0,2.0,1.0,
64.0,234.0,15.0,95.0,8.0,6.0,1.0,
256.0,120.0,85.0,86.0,6.0,1.0,0.0,
256.0,86.0,143.0,54.0,2.0,1.0,0.0,
64.0,146.0,81.0,62.0,6.0,2.0,1.0,
64.0,119.0,207.0,67.0,3.0,1.0,0.0,
128.0,186.0,114.0,21.0,9.0,8.0,6.0,
32.0,103.0,162.0,61.0,9.0,1.0,0.0,
128.0,249.0,2.0,54.0,2.0,1.0,0.0,
32.0,23.0,111.0,85.0,11.0,4.0,3.0,
256.0,94.0,22.0,28.0,3.0,2.0,1.0,
64.0,199.0,21.0,36.0,7.0,6.0,5.0,
64.0,177.0,84.0,60.0,10.0,1.0,0.0,
256.0,92.0,143.0,51.0,3.0,1.0,0.0,
256.0,155.0,69.0,15.0,10.0,6.0,5.0,
64.0,240.0,72.0,90.0,8.0,7.0,2.0,
16.0,31.0,106.0,9.0,6.0,5.0,0.0,
256.0,150.0,32.0,27.0,10.0,3.0,0.0,
16.0,246.0,12.0,63.0,6.0,3.0,2.0,
128.0,103.0,93.0,17.0,11.0,1.0,0.0,
256.0,180.0,27.0,77.0,7.0,1.0,0.0,
32.0,77.0,18.0,85.0,2.0,1.0,0.0,
64.0,3.0,17.0,86.0,6.0,4.0,2.0,
16.0,31.0,11.0,22.0,5.0,3.0,2.0,
256.0,182.0,63.0,79.0,3.0,1.0,0.0,
128.0,38.0,112.0,65.0,7.0,6.0,1.0,
64.0,67.0,38.0,77.0,6.0,4.0,2.0,
128.0,204.0,18.0,6.0,10.0,7.0,6.0,
256.0,79.0,58.0,82.0,8.0,5.0,1.0,
16.0,92.0,66.0,60.0,5.0,3.0,2.0,
16.0,225.0,73.0,18.0,4.0,2.0,0.0,
256.0,5.0,16.0,99.0,11.0,9.0,8.0,
128.0,125.0,99.0,21.0,2.0,1.0,0.0,
64.0,256.0,103.0,97.0,6.0,1.0,0.0,
256.0,241.0,10.0,5.0,7.0,5.0,2.0,
128.0,230.0,206.0,44.0,3.0,2.0,1.0,
64.0,65.0,10.0,20.0,6.0,1.0,0.0,
32.0,193.0,76.0,79.0,3.0,2.0,0.0,
128.0,223.0,52.0,63.0,2.0,1.0,0.0,
32.0,168.0,93.0,51.0,5.0,4.0,1.0,
128.0,167.0,30.0,25.0,2.0,1.0,0.0,
16.0,207.0,111.0,27.0,6.0,4.0,0.0,
16.0,44.0,33.0,82.0,8.0,4.0,3.0,
128.0,252.0,158.0,22.0,3.0,1.0,0.0,
256.0,63.0,16.0,10.0,9.0,7.0,3.0,
256.0,61.0,14.0,24.0,7.0,3.0,0.0,
256.0,176.0,35.0,50.0,2.0,1.0,0.0,
256.0,20.0,5.0,34.0,3.0,1.0,0.0,
32.0,201.0,73.0,23.0,9.0,7.0,5.0,
32.0,254.0,55.0,37.0,2.0,1.0,0.0,
32.0,136.0,13.0,50.0,7.0,1.0,0.0,
16.0,35.0,156.0,30.0,2.0,1.0,0.0,
32.0,165.0,17.0,39.0,6.0,1.0,0.0,
64.0,200.0,43.0,72.0,4.0,1.0,0.0,
64.0,241.0,105.0,21.0,9.0,3.0,2.0,
32.0,164.0,135.0,77.0,4.0,3.0,1.0,
32.0,108.0,46.0,52.0,3.0,1.0,0.0,
256.0,39.0,6.0,43.0,2.0,1.0,0.0,
256.0,251.0,64.0,24.0,7.0,5.0,2.0,
32.0,162.0,79.0,53.0,5.0,2.0,1.0,
64.0,26.0,23.0,9.0,8.0,4.0,2.0,
16.0,204.0,149.0,44.0,5.0,1.0,0.0,
16.0,231.0,197.0,59.0,3.0,1.0,0.0,
32.0,89.0,34.0,69.0,8.0,7.0,5.0,
256.0,177.0,18.0,90.0,7.0,4.0,1.0,
32.0,43.0,131.0,65.0,3.0,1.0,0.0,
128.0,37.0,47.0,84.0,7.0,2.0,0.0,
256.0,248.0,25.0,46.0,7.0,1.0,0.0,
128.0,35.0,18.0,70.0,6.0,1.0,0.0,
256.0,85.0,96.0,42.0,6.0,3.0,1.0,
16.0,25.0,45.0,47.0,3.0,2.0,0.0,
128.0,123.0,29.0,47.0,8.0,5.0,1.0,
64.0,233.0,198.0,42.0,10.0,8.0,5.0,
32.0,7.0,97.0,87.0,11.0,10.0,6.0,
16.0,157.0,19.0,97.0,8.0,6.0,5.0,
64.0,47.0,201.0,17.0,4.0,3.0,2.0,
32.0,194.0,13.0,14.0,9.0,5.0,3.0,
16.0,246.0,71.0,59.0,8.0,5.0,2.0,
64.0,251.0,56.0,18.0,2.0,1.0,0.0,
128.0,64.0,54.0,31.0,3.0,1.0,0.0,
128.0,173.0,43.0,100.0,9.0,4.0,2.0,
128.0,226.0,8.0,55.0,9.0,8.0,1.0,
32.0,254.0,74.0,60.0,7.0,3.0,2.0,
128.0,73.0,156.0,46.0,8.0,7.0,3.0,
32.0,68.0,55.0,69.0,6.0,1.0,0.0,
128.0,208.0,103.0,20.0,10.0,1.0,0.0,
32.0,248.0,57.0,46.0,2.0,1.0,0.0,
256.0,255.0,8.0,74.0,4.0,1.0,0.0,
256.0,118.0,72.0,48.0,4.0,3.0,2.0,
16.0,92.0,19.0,22.0,10.0,2.0,1.0,
16.0,49.0,15.0,50.0,6.0,3.0,1.0,
32.0,125.0,187.0,42.0,11.0,9.0,8.0,
256.0,199.0,86.0,75.0,7.0,4.0,1.0,
256.0,107.0,41.0,61.0,9.0,4.0,1.0,
256.0,248.0,21.0,58.0,4.0,2.0,1.0,
128.0,123.0,71.0,12.0,2.0,1.0,0.0,
256.0,8.0,12.0,97.0,8.0,5.0,2.0,
64.0,50.0,34.0,42.0,4.0,1.0,0.0,
64.0,241.0,164.0,94.0,3.0,2.0,0.0,
64.0,71.0,92.0,75.0,6.0,2.0,1.0,
256.0,236.0,133.0,20.0,11.0,8.0,4.0,
32.0,219.0,39.0,78.0,9.0,5.0,3.0,
32.0,142.0,155.0,40.0,6.0,4.0,1.0,
32.0,14.0,60.0,40.0,10.0,7.0,0.0,
32.0,192.0,170.0,56.0,5.0,3.0,2.0,
32.0,59.0,94.0,40.0,9.0,8.0,0.0,
16.0,214.0,9.0,47.0,4.0,3.0,2.0,
256.0,53.0,69.0,72.0,3.0,2.0,0.0,
128.0,48.0,164.0,7.0,10.0,6.0,4.0,
128.0,72.0,138.0,47.0,5.0,1.0,0.0,
16.0,31.0,13.0,69.0,5.0,3.0,2.0,
64.0,97.0,24.0,23.0,2.0,1.0,0.0,
64.0,161.0,86.0,34.0,4.0,2.0,1.0,
64.0,256.0,130.0,45.0,6.0,3.0,0.0,
64.0,200.0,58.0,15.0,5.0,3.0,2.0,
32.0,240.0,156.0,100.0,9.0,4.0,2.0,
256.0,11.0,77.0,75.0,4.0,3.0,0.0,
32.0,176.0,61.0,88.0,8.0,3.0,1.0,
16.0,14.0,63.0,42.0,7.0,2.0,0.0,
64.0,60.0,78.0,24.0,2.0,1.0,0.0,
16.0,129.0,55.0,76.0,7.0,5.0,2.0,
32.0,216.0,14.0,70.0,2.0,1.0,0.0,
256.0,193.0,24.0,93.0,6.0,1.0,0.0,
32.0,18.0,55.0,50.0,10.0,2.0,0.0,
128.0,74.0,62.0,75.0,2.0,1.0,0.0,
64.0,45.0,40.0,34.0,6.0,1.0,0.0,
128.0,90.0,37.0,11.0,9.0,1.0,0.0,
32.0,207.0,88.0,13.0,10.0,9.0,0.0,
128.0,247.0,12.0,98.0,3.0,2.0,0.0,
32.0,6.0,53.0,89.0,6.0,3.0,2.0,
32.0,1.0,69.0,94.0,8.0,3.0,1.0,
32.0,233.0,20.0,20.0,3.0,1.0,0.0,
128.0,100.0,24.0,25.0,8.0,7.0,6.0,
64.0,176.0,121.0,99.0,8.0,4.0,3.0,
128.0,134.0,5.0,90.0,9.0,3.0,2.0,
32.0,36.0,15.0,96.0,9.0,8.0,7.0,
64.0,183.0,102.0,13.0,2.0,1.0,0.0,
32.0,116.0,34.0,85.0,11.0,7.0,5.0,
16.0,63.0,32.0,6.0,2.0,1.0,0.0,
16.0,227.0,36.0,27.0,2.0,1.0,0.0,
32.0,104.0,50.0,24.0,5.0,3.0,0.0,
16.0,238.0,87.0,31.0,11.0,5.0,3.0,
256.0,5.0,26.0,88.0,5.0,3.0,0.0,
256.0,49.0,118.0,39.0,11.0,6.0,5.0,
256.0,18.0,13.0,64.0,6.0,4.0,1.0,
64.0,50.0,115.0,55.0,2.0,1.0,0.0,
256.0,5.0,32.0,66.0,10.0,7.0,5.0,
16.0,15.0,23.0,29.0,8.0,5.0,1.0,
128.0,155.0,96.0,99.0,11.0,3.0,2.0,
256.0,139.0,103.0,23.0,6.0,5.0,4.0,
16.0,50.0,67.0,72.0,7.0,6.0,4.0,
32.0,175.0,140.0,73.0,5.0,1.0,0.0,
16.0,102.0,127.0,24.0,3.0,2.0,1.0,
16.0,84.0,109.0,86.0,11.0,9.0,7.0,
16.0,20.0,61.0,85.0,7.0,5.0,1.0,
32.0,116.0,49.0,12.0,2.0,1.0,0.0,
128.0,17.0,37.0,63.0,4.0,2.0,1.0,
64.0,250.0,118.0,9.0,3.0,2.0,1.0,
32.0,245.0,16.0,63.0,5.0,4.0,1.0,
16.0,51.0,131.0,99.0,2.0,1.0,0.0,
128.0,151.0,148.0,79.0,5.0,2.0,1.0,
16.0,44.0,54.0,6.0,4.0,2.0,0.0,
256.0,144.0,63.0,88.0,8.0,2.0,0.0,
128.0,123.0,86.0,6.0,3.0,2.0,0.0,
256.0,166.0,18.0,29.0,3.0,1.0,0.0,
64.0,120.0,53.0,79.0,2.0,1.0,0.0,
128.0,166.0,29.0,57.0,8.0,4.0,0.0,
256.0,117.0,146.0,22.0,2.0,1.0,0.0,
128.0,116.0,176.0,32.0,4.0,3.0,2.0,
256.0,173.0,152.0,86.0,8.0,6.0,2.0,
32.0,85.0,111.0,53.0,10.0,7.0,3.0,
256.0,55.0,36.0,49.0,11.0,3.0,2.0,
256.0,41.0,23.0,43.0,8.0,1.0,0.0,
128.0,63.0,63.0,4.0,10.0,1.0,0.0,
128.0,115.0,80.0,35.0,6.0,4.0,1.0,
256.0,85.0,59.0,74.0,6.0,4.0,2.0,
16.0,146.0,167.0,88.0,8.0,6.0,5.0,
16.0,169.0,27.0,95.0,8.0,2.0,0.0,
16.0,135.0,73.0,32.0,7.0,4.0,3.0,
32.0,119.0,15.0,7.0,4.0,2.0,0.0,
64.0,164.0,6.0,51.0,3.0,1.0,0.0,
32.0,48.0,97.0,75.0,2.0,1.0,0.0,
128.0,243.0,47.0,9.0,8.0,5.0,2.0,
128.0,140.0,14.0,90.0,11.0,8.0,3.0,
32.0,154.0,71.0,52.0,11.0,7.0,6.0,
256.0,81.0,70.0,90.0,3.0,1.0,0.0,
256.0,84.0,84.0,6.0,10.0,4.0,2.0,
16.0,28.0,20.0,46.0,8.0,2.0,1.0,
128.0,31.0,87.0,77.0,9.0,6.0,2.0,
64.0,142.0,105.0,72.0,10.0,4.0,1.0,
64.0,252.0,41.0,99.0,7.0,2.0,1.0,
128.0,141.0,64.0,91.0,11.0,2.0,1.0,
128.0,31.0,6.0,71.0,8.0,7.0,6.0,
64.0,251.0,68.0,81.0,4.0,3.0,1.0,
256.0,197.0,41.0,36.0,7.0,3.0,2.0,
128.0,211.0,17.0,13.0,3.0,1.0,0.0,
64.0,177.0,5.0,64.0,5.0,4.0,1.0,
32.0,116.0,5.0,85.0,2.0,1.0,0.0,
128.0,50.0,58.0,7.0,5.0,1.0,0.0,
64.0,28.0,33.0,59.0,5.0,4.0,1.0,
32.0,131.0,42.0,11.0,2.0,1.0,0.0,
128.0,121.0,29.0,80.0,7.0,2.0,0.0,
256.0,136.0,37.0,39.0,6.0,3.0,2.0,
128.0,111.0,31.0,68.0,3.0,1.0,0.0,
128.0,32.0,48.0,19.0,8.0,3.0,1.0,
128.0,124.0,75.0,9.0,10.0,8.0,7.0,
64.0,243.0,37.0,59.0,8.0,2.0,1.0,
128.0,178.0,96.0,71.0,7.0,1.0,0.0,
64.0,249.0,10.0,17.0,11.0,6.0,2.0,
16.0,206.0,134.0,55.0,11.0,7.0,5.0,
16.0,117.0,31.0,10.0,9.0,3.0,0.0,
16.0,240.0,57.0,68.0,5.0,2.0,1.0,
64.0,14.0,10.0,73.0,9.0,4.0,0.0,
256.0,47.0,16.0,81.0,7.0,4.0,2.0,
16.0,142.0,25.0,7.0,6.0,3.0,0.0,
16.0,8.0,180.0,85.0,7.0,5.0,0.0,
64.0,198.0,29.0,19.0,7.0,2.0,0.0,
64.0,187.0,148.0,86.0,3.0,1.0,0.0,
64.0,83.0,19.0,59.0,9.0,2.0,1.0,
128.0,57.0,111.0,37.0,8.0,5.0,4.0,
256.0,150.0,92.0,19.0,2.0,1.0,0.0,
16.0,130.0,136.0,56.0,5.0,4.0,3.0,
256.0,22.0,39.0,59.0,9.0,1.0,0.0,
128.0,89.0,84.0,17.0,6.0,4.0,1.0,
256.0,197.0,124.0,48.0,5.0,2.0,0.0,
128.0,149.0,84.0,67.0,3.0,2.0,1.0,
32.0,214.0,156.0,49.0,3.0,1.0,0.0,
256.0,100.0,23.0,94.0,8.0,6.0,5.0,
16.0,184.0,22.0,52.0,11.0,10.0,0.0,
32.0,131.0,138.0,43.0,9.0,8.0,7.0,
128.0,67.0,56.0,50.0,6.0,5.0,1.0,
32.0,113.0,37.0,30.0,3.0,2.0,0.0,
64.0,199.0,35.0,11.0,4.0,2.0,1.0,
128.0,108.0,156.0,82.0,3.0,2.0,0.0,
256.0,78.0,45.0,42.0,9.0,1.0,0.0,
16.0,120.0,20.0,53.0,11.0,7.0,4.0,
256.0,178.0,62.0,59.0,2.0,1.0,0.0,
256.0,154.0,86.0,80.0,9.0,2.0,0.0,
256.0,117.0,65.0,40.0,7.0,4.0,0.0,
64.0,95.0,26.0,18.0,2.0,1.0,0.0,
128.0,85.0,12.0,45.0,9.0,2.0,0.0,
128.0,57.0,110.0,90.0,10.0,6.0,0.0,
256.0,159.0,9.0,10.0,3.0,1.0,0.0,
256.0,178.0,44.0,9.0,8.0,5.0,3.0,
64.0,221.0,30.0,66.0,4.0,3.0,1.0,
16.0,122.0,37.0,74.0,3.0,2.0,0.0,
16.0,13.0,196.0,44.0,6.0,2.0,1.0,
256.0,195.0,28.0,15.0,3.0,1.0,0.0,
16.0,85.0,134.0,18.0,4.0,2.0,1.0,
64.0,208.0,22.0,35.0,8.0,6.0,1.0,
32.0,10.0,82.0,76.0,10.0,9.0,8.0,
32.0,125.0,19.0,76.0,9.0,4.0,3.0,
64.0,188.0,35.0,30.0,4.0,3.0,0.0,
64.0,96.0,30.0,12.0,5.0,1.0,0.0,
128.0,235.0,52.0,86.0,2.0,1.0,0.0,
32.0,252.0,61.0,95.0,8.0,6.0,4.0,
32.0,62.0,61.0,94.0,11.0,5.0,1.0,
16.0,42.0,44.0,43.0,6.0,1.0,0.0,
64.0,162.0,126.0,17.0,6.0,2.0,0.0,
32.0,62.0,168.0,93.0,11.0,10.0,0.0,
32.0,36.0,33.0,14.0,8.0,1.0,0.0,
16.0,217.0,12.0,89.0,3.0,1.0,0.0,
32.0,117.0,29.0,11.0,2.0,1.0,0.0,
128.0,29.0,18.0,85.0,6.0,5.0,4.0,
128.0,38.0,56.0,90.0,11.0,7.0,3.0,
256.0,213.0,57.0,22.0,11.0,10.0,1.0,
256.0,169.0,50.0,63.0,10.0,5.0,3.0,
32.0,101.0,29.0,87.0,8.0,4.0,0.0,
16.0,156.0,91.0,47.0,2.0,1.0,0.0,
128.0,66.0,10.0,18.0,7.0,6.0,2.0,
64.0,12.0,58.0,45.0,8.0,7.0,1.0,
32.0,17.0,12.0,68.0,9.0,2.0,0.0,
64.0,251.0,46.0,42.0,10.0,5.0,3.0,
64.0,168.0,92.0,40.0,8.0,5.0,3.0,
16.0,68.0,99.0,29.0,10.0,4.0,3.0,
64.0,72.0,110.0,90.0,4.0,3.0,1.0,
16.0,39.0,37.0,12.0,2.0,1.0,0.0,
16.0,104.0,21.0,56.0,9.0,7.0,3.0,
128.0,221.0,46.0,40.0,11.0,2.0,1.0,
128.0,29.0,83.0,73.0,9.0,7.0,3.0,
32.0,189.0,48.0,67.0,11.0,9.0,6.0,
32.0,172.0,30.0,80.0,8.0,4.0,1.0,
32.0,8.0,37.0,92.0,10.0,3.0,0.0,
16.0,39.0,75.0,9.0,7.0,6.0,3.0,
128.0,213.0,121.0,81.0,5.0,1.0,0.0,
128.0,46.0,61.0,68.0,3.0,2.0,1.0,
64.0,14.0,43.0,38.0,7.0,4.0,2.0,
16.0,227.0,71.0,76.0,8.0,1.0,0.0,
32.0,190.0,48.0,38.0,4.0,1.0,0.0,
64.0,17.0,59.0,84.0,4.0,3.0,2.0,
16.0,82.0,1.0,97.0,5.0,4.0,3.0,
16.0,214.0,160.0,92.0,7.0,4.0,0.0,
256.0,72.0,176.0,43.0,6.0,5.0,2.0,
16.0,12.0,57.0,61.0,5.0,4.0,0.0,
64.0,89.0,35.0,12.0,2.0,1.0,0.0,
64.0,119.0,31.0,78.0,4.0,3.0,1.0,
16.0,182.0,13.0,100.0,9.0,3.0,1.0,
16.0,61.0,74.0,7.0,9.0,1.0,0.0,
32.0,61.0,20.0,96.0,2.0,1.0,0.0,
256.0,70.0,174.0,39.0,8.0,4.0,1.0,
16.0,156.0,92.0,54.0,5.0,4.0,3.0,
256.0,226.0,70.0,23.0,9.0,3.0,1.0,
128.0,46.0,207.0,26.0,4.0,2.0,1.0,
128.0,61.0,150.0,50.0,2.0,1.0,0.0,
16.0,231.0,106.0,10.0,8.0,6.0,5.0,
256.0,17.0,48.0,35.0,9.0,4.0,1.0,
32.0,15.0,176.0,86.0,7.0,1.0,0.0,
32.0,158.0,19.0,11.0,6.0,4.0,2.0,
32.0,134.0,50.0,55.0,6.0,5.0,3.0,
64.0,119.0,68.0,60.0,8.0,6.0,0.0,
128.0,165.0,18.0,82.0,11.0,5.0,0.0,
128.0,10.0,115.0,67.0,10.0,4.0,2.0,
32.0,173.0,33.0,91.0,8.0,1.0,0.0,
128.0,30.0,102.0,42.0,4.0,2.0,0.0,
64.0,86.0,132.0,57.0,5.0,3.0,2.0,
32.0,10.0,156.0,30.0,9.0,6.0,3.0,
32.0,12.0,73.0,24.0,2.0,1.0,0.0,
64.0,177.0,116.0,57.0,8.0,4.0,3.0,
128.0,245.0,13.0,97.0,4.0,2.0,1.0,
256.0,155.0,74.0,56.0,7.0,2.0,1.0,
32.0,112.0,81.0,8.0,5.0,3.0,2.0,
64.0,163.0,20.0,58.0,11.0,3.0,0.0,
64.0,141.0,155.0,79.0,2.0,1.0,0.0,
256.0,156.0,17.0,65.0,5.0,4.0,2.0,
16.0,11.0,18.0,5.0,4.0,2.0,0.0,
128.0,119.0,16.0,4.0,4.0,1.0,0.0,
16.0,167.0,134.0,5.0,5.0,2.0,1.0,
128.0,224.0,87.0,57.0,11.0,2.0,1.0,
256.0,13.0,16.0,77.0,6.0,2.0,0.0,
32.0,139.0,129.0,10.0,6.0,5.0,1.0,
128.0,202.0,61.0,53.0,8.0,5.0,2.0,
128.0,81.0,53.0,57.0,10.0,1.0,0.0,
64.0,226.0,193.0,63.0,5.0,1.0,0.0,
64.0,245.0,20.0,78.0,8.0,5.0,1.0,
64.0,193.0,189.0,38.0,9.0,5.0,0.0,
32.0,19.0,24.0,70.0,2.0,1.0,0.0,
64.0,9.0,43.0,69.0,7.0,3.0,2.0,
16.0,232.0,21.0,84.0,7.0,6.0,2.0,
256.0,189.0,55.0,25.0,10.0,7.0,1.0,
256.0,220.0,41.0,7.0,7.0,6.0,4.0,
256.0,91.0,11.0,71.0,7.0,3.0,2.0,
32.0,148.0,44.0,35.0,8.0,4.0,1.0,
256.0,151.0,22.0,46.0,7.0,4.0,3.0,
32.0,254.0,78.0,73.0,5.0,3.0,1.0,
256.0,53.0,21.0,19.0,7.0,3.0,2.0,
128.0,246.0,20.0,29.0,10.0,7.0,3.0,
256.0,182.0,131.0,34.0,9.0,4.0,2.0,
128.0,154.0,6.0,90.0,6.0,4.0,1.0,
16.0,250.0,10.0,33.0,5.0,1.0,0.0,
128.0,200.0,61.0,40.0,10.0,4.0,3.0,
256.0,5.0,82.0,3.0,3.0,2.0,1.0,
256.0,10.0,60.0,95.0,8.0,3.0,1.0,
32.0,66.0,36.0,12.0,5.0,2.0,0.0,
128.0,8.0,109.0,14.0,8.0,5.0,1.0,
16.0,2.0,29.0,90.0,4.0,1.0,0.0,
64.0,199.0,46.0,30.0,11.0,2.0,0.0,
16.0,170.0,38.0,73.0,6.0,3.0,1.0,
64.0,24.0,12.0,79.0,8.0,5.0,4.0,
256.0,195.0,102.0,21.0,9.0,8.0,1.0,
16.0,59.0,115.0,8.0,10.0,2.0,1.0,
256.0,16.0,169.0,82.0,4.0,3.0,0.0,
64.0,49.0,7.0,48.0,5.0,1.0,0.0,
16.0,198.0,137.0,67.0,7.0,3.0,2.0,
256.0,32.0,78.0,81.0,2.0,1.0,0.0,
32.0,28.0,153.0,90.0,7.0,2.0,1.0,
64.0,210.0,22.0,83.0,9.0,2.0,0.0,
32.0,108.0,47.0,86.0,9.0,4.0,3.0,
256.0,108.0,131.0,21.0,7.0,1.0,0.0,
256.0,9.0,41.0,74.0,11.0,4.0,2.0,
32.0,128.0,96.0,35.0,7.0,1.0,0.0,
32.0,22.0,49.0,25.0,9.0,7.0,2.0,
32.0,5.0,65.0,19.0,11.0,6.0,5.0,
32.0,13.0,124.0,79.0,4.0,3.0,2.0,
16.0,14.0,29.0,50.0,4.0,2.0,1.0,
16.0,191.0,68.0,92.0,10.0,1.0,0.0,
128.0,44.0,37.0,15.0,5.0,1.0,0.0,
256.0,176.0,66.0,96.0,8.0,2.0,0.0,
64.0,154.0,33.0,89.0,2.0,1.0,0.0,
64.0,65.0,16.0,75.0,9.0,4.0,3.0,
256.0,38.0,10.0,25.0,6.0,1.0,0.0,
256.0,196.0,72.0,57.0,11.0,4.0,2.0,
32.0,226.0,37.0,74.0,10.0,2.0,1.0,
32.0,86.0,80.0,42.0,3.0,1.0,0.0,
128.0,52.0,64.0,39.0,7.0,1.0,0.0,
32.0,118.0,156.0,85.0,5.0,2.0,1.0,
128.0,221.0,169.0,4.0,3.0,1.0,0.0,
32.0,219.0,9.0,78.0,8.0,7.0,2.0,
32.0,233.0,21.0,50.0,8.0,1.0,0.0,
32.0,169.0,27.0,96.0,11.0,6.0,3.0,
64.0,173.0,31.0,80.0,3.0,1.0,0.0,
128.0,185.0,77.0,27.0,10.0,1.0,0.0,
256.0,20.0,8.0,5.0,6.0,2.0,1.0,
64.0,14.0,116.0,89.0,8.0,3.0,0.0,
64.0,17.0,49.0,62.0,10.0,7.0,4.0,
128.0,220.0,28.0,47.0,4.0,1.0,0.0,
256.0,255.0,38.0,85.0,6.0,2.0,0.0,
16.0,244.0,42.0,58.0,8.0,3.0,0.0,
32.0,12.0,141.0,24.0,9.0,7.0,2.0,
128.0,195.0,166.0,60.0,10.0,5.0,3.0,
256.0,20.0,42.0,59.0,8.0,6.0,0.0,
16.0,143.0,107.0,34.0,3.0,2.0,0.0,
32.0,152.0,115.0,66.0,8.0,6.0,4.0,
64.0,227.0,129.0,33.0,7.0,3.0,1.0,
128.0,119.0,52.0,32.0,10.0,6.0,2.0,
16.0,149.0,162.0,87.0,4.0,2.0,1.0,
16.0,193.0,10.0,65.0,10.0,8.0,1.0,
256.0,131.0,22.0,11.0,5.0,2.0,0.0,
256.0,11.0,102.0,98.0,10.0,2.0,0.0,
128.0,182.0,20.0,9.0,2.0,1.0,0.0,
64.0,72.0,4.0,30.0,11.0,7.0,6.0,
256.0,187.0,11.0,81.0,4.0,2.0,0.0,
256.0,71.0,99.0,32.0,8.0,5.0,4.0,
128.0,15.0,83.0,42.0,6.0,2.0,1.0,
64.0,7.0,41.0,40.0,2.0,1.0,0.0,
64.0,184.0,34.0,93.0,5.0,1.0,0.0,
256.0,223.0,34.0,27.0,10.0,9.0,2.0,
256.0,148.0,147.0,49.0,7.0,1.0,0.0,
128.0,254.0,82.0,41.0,6.0,3.0,2.0,
256.0,211.0,27.0,79.0,3.0,2.0,0.0,
256.0,251.0,9.0,97.0,11.0,3.0,1.0,
32.0,226.0,146.0,47.0,3.0,1.0,0.0,
128.0,195.0,72.0,24.0,3.0,1.0,0.0,
32.0,111.0,33.0,62.0,10.0,5.0,3.0,
128.0,54.0,78.0,89.0,6.0,2.0,1.0,
32.0,233.0,191.0,4.0,5.0,2.0,0.0,
64.0,161.0,68.0,53.0,5.0,4.0,1.0,
128.0,250.0,17.0,62.0,11.0,2.0,1.0,
16.0,156.0,113.0,98.0,2.0,1.0,0.0,
64.0,164.0,132.0,55.0,6.0,5.0,4.0,
64.0,27.0,37.0,9.0,7.0,6.0,4.0,
16.0,16.0,156.0,26.0,5.0,4.0,3.0,
16.0,185.0,18.0,6.0,3.0,1.0,0.0,
16.0,100.0,171.0,87.0,11.0,1.0,0.0,
32.0,12.0,99.0,78.0,11.0,5.0,4.0,
32.0,41.0,19.0,31.0,3.0,1.0,0.0,
32.0,126.0,56.0,7.0,5.0,1.0,0.0,
64.0,170.0,149.0,35.0,4.0,1.0,0.0,
128.0,78.0,20.0,48.0,3.0,2.0,1.0,
16.0,60.0,45.0,85.0,2.0,1.0,0.0,
32.0,41.0,125.0,37.0,6.0,5.0,4.0,
256.0,76.0,66.0,57.0,4.0,3.0,0.0,
64.0,142.0,73.0,31.0,9.0,7.0,3.0,
256.0,91.0,161.0,87.0,8.0,1.0,0.0,
128.0,56.0,108.0,75.0,4.0,2.0,1.0,
256.0,222.0,81.0,81.0,9.0,8.0,0.0,
16.0,54.0,164.0,35.0,7.0,6.0,0.0,
16.0,124.0,25.0,7.0,2.0,1.0,0.0,
128.0,11.0,134.0,72.0,9.0,7.0,1.0,
32.0,158.0,12.0,50.0,10.0,2.0,0.0,
128.0,43.0,160.0,4.0,2.0,1.0,0.0,
128.0,139.0,38.0,89.0,3.0,1.0,0.0,
64.0,255.0,121.0,23.0,7.0,3.0,2.0,
128.0,205.0,77.0,64.0,8.0,3.0,2.0,
128.0,113.0,26.0,95.0,9.0,8.0,6.0,
64.0,191.0,43.0,37.0,8.0,6.0,5.0,
64.0,198.0,23.0,24.0,8.0,2.0,0.0,
32.0,21.0,24.0,28.0,5.0,2.0,0.0,
64.0,241.0,103.0,24.0,3.0,1.0,0.0,
256.0,151.0,62.0,79.0,4.0,3.0,1.0,
64.0,138.0,78.0,28.0,11.0,3.0,2.0,
16.0,23.0,6.0,19.0,2.0,1.0,0.0,
16.0,98.0,91.0,52.0,10.0,3.0,1.0,
128.0,92.0,66.0,57.0,10.0,7.0,6.0,
256.0,136.0,25.0,98.0,8.0,1.0,0.0,
256.0,154.0,55.0,27.0,11.0,2.0,1.0,
16.0,34.0,66.0,56.0,8.0,6.0,5.0,
128.0,243.0,27.0,79.0,9.0,7.0,4.0,
128.0,229.0,16.0,36.0,9.0,2.0,0.0,
32.0,69.0,4.0,39.0,4.0,2.0,1.0,
16.0,140.0,3.0,34.0,3.0,1.0,0.0,
32.0,223.0,136.0,51.0,3.0,2.0,1.0,
64.0,1.0,13.0,89.0,10.0,5.0,2.0,
16.0,149.0,132.0,28.0,2.0,1.0,0.0,
32.0,74.0,150.0,82.0,4.0,2.0,1.0,
64.0,89.0,17.0,74.0,9.0,4.0,0.0,
256.0,123.0,91.0,45.0,3.0,2.0,0.0,
16.0,245.0,40.0,55.0,10.0,6.0,4.0,
64.0,91.0,11.0,52.0,11.0,9.0,6.0,
16.0,67.0,55.0,54.0,7.0,3.0,0.0,
256.0,246.0,48.0,99.0,9.0,4.0,3.0,
16.0,62.0,17.0,49.0,7.0,2.0,1.0,
128.0,256.0,17.0,12.0,6.0,5.0,3.0,
128.0,233.0,96.0,4.0,6.0,4.0,0.0,
64.0,140.0,22.0,13.0,5.0,3.0,0.0,
128.0,169.0,33.0,64.0,3.0,2.0,0.0,
64.0,44.0,87.0,42.0,7.0,6.0,0.0,
128.0,193.0,40.0,84.0,10.0,6.0,2.0,
16.0,232.0,77.0,65.0,9.0,1.0,0.0,
256.0,46.0,116.0,49.0,3.0,2.0,1.0,
128.0,205.0,24.0,82.0,10.0,6.0,0.0,
256.0,75.0,134.0,60.0,9.0,1.0,0.0,
32.0,106.0,30.0,65.0,7.0,3.0,1.0,
32.0,177.0,132.0,26.0,6.0,2.0,1.0,
64.0,116.0,57.0,8.0,2.0,1.0,0.0,
256.0,125.0,127.0,26.0,4.0,2.0,1.0,
256.0,247.0,40.0,15.0,2.0,1.0,0.0,
256.0,60.0,62.0,87.0,3.0,1.0,0.0,
256.0,12.0,35.0,63.0,4.0,3.0,0.0,
32.0,192.0,48.0,39.0,10.0,6.0,5.0,
256.0,213.0,58.0,31.0,8.0,5.0,2.0,
128.0,186.0,111.0,51.0,9.0,1.0,0.0,
128.0,1.0,160.0,50.0,7.0,6.0,2.0,
16.0,32.0,16.0,25.0,5.0,2.0,1.0,
128.0,63.0,77.0,88.0,5.0,1.0,0.0,
32.0,203.0,41.0,82.0,10.0,9.0,2.0,
128.0,250.0,61.0,58.0,3.0,2.0,0.0,
64.0,166.0,43.0,72.0,8.0,2.0,1.0,
16.0,243.0,82.0,17.0,2.0,1.0,0.0,
128.0,117.0,13.0,21.0,2.0,1.0,0.0,
256.0,165.0,82.0,100.0,6.0,3.0,1.0,
16.0,43.0,136.0,73.0,5.0,4.0,3.0,
128.0,29.0,148.0,58.0,10.0,1.0,0.0,
64.0,46.0,150.0,80.0,7.0,3.0,1.0,
128.0,210.0,8.0,3.0,5.0,4.0,3.0,
32.0,183.0,99.0,72.0,7.0,5.0,2.0,
32.0,225.0,71.0,53.0,5.0,1.0,0.0,
32.0,148.0,28.0,70.0,2.0,1.0,0.0,
16.0,155.0,44.0,78.0,8.0,7.0,0.0,
256.0,191.0,3.0,73.0,4.0,2.0,1.0,
128.0,94.0,57.0,9.0,9.0,8.0,7.0,
32.0,24.0,40.0,29.0,3.0,2.0,0.0,
256.0,161.0,69.0,86.0,9.0,4.0,3.0,
128.0,130.0,71.0,54.0,4.0,3.0,0.0,
128.0,104.0,160.0,52.0,3.0,2.0,0.0,
32.0,145.0,106.0,70.0,4.0,3.0,0.0,
256.0,222.0,55.0,43.0,9.0,4.0,2.0,
256.0,48.0,15.0,86.0,4.0,1.0,0.0,
128.0,78.0,10.0,60.0,3.0,1.0,0.0,
256.0,159.0,5.0,85.0,4.0,3.0,0.0,
16.0,20.0,14.0,21.0,11.0,8.0,2.0,
32.0,119.0,128.0,76.0,3.0,2.0,1.0,
64.0,199.0,107.0,12.0,10.0,8.0,0.0,
128.0,187.0,94.0,83.0,3.0,1.0,0.0,
32.0,7.0,72.0,80.0,11.0,7.0,6.0,
32.0,136.0,42.0,88.0,2.0,1.0,0.0,
16.0,221.0,33.0,48.0,3.0,2.0,0.0,
32.0,40.0,46.0,43.0,4.0,3.0,2.0,
256.0,26.0,139.0,49.0,5.0,2.0,1.0,
128.0,232.0,82.0,33.0,4.0,1.0,0.0,
64.0,133.0,140.0,30.0,8.0,5.0,2.0,
128.0,148.0,175.0,78.0,11.0,7.0,3.0,
32.0,24.0,29.0,89.0,7.0,2.0,0.0,
32.0,40.0,158.0,31.0,4.0,3.0,1.0,
64.0,140.0,38.0,82.0,3.0,1.0,0.0,
256.0,86.0,69.0,45.0,8.0,7.0,4.0,
32.0,81.0,20.0,70.0,6.0,1.0,0.0,
16.0,102.0,109.0,84.0,5.0,1.0,0.0,
16.0,246.0,33.0,92.0,6.0,1.0,0.0,
128.0,167.0,9.0,24.0,3.0,1.0,0.0,
128.0,222.0,12.0,57.0,2.0,1.0,0.0,
16.0,34.0,116.0,49.0,11.0,6.0,5.0,
16.0,8.0,129.0,36.0,9.0,3.0,2.0,
64.0,119.0,12.0,23.0,10.0,1.0,0.0,
128.0,179.0,132.0,75.0,5.0,2.0,1.0,
128.0,145.0,31.0,87.0,4.0,1.0,0.0,
64.0,173.0,89.0,61.0,6.0,5.0,0.0,
128.0,57.0,54.0,30.0,4.0,1.0,0.0,
16.0,28.0,76.0,74.0,7.0,2.0,1.0,
16.0,242.0,11.0,11.0,8.0,2.0,0.0,
128.0,21.0,26.0,72.0,10.0,2.0,1.0,
256.0,237.0,49.0,16.0,8.0,7.0,5.0,
32.0,212.0,140.0,83.0,3.0,2.0,1.0,
256.0,65.0,15.0,67.0,6.0,2.0,1.0,
32.0,117.0,36.0,5.0,3.0,2.0,1.0,
32.0,43.0,12.0,81.0,3.0,2.0,1.0,
64.0,10.0,24.0,70.0,4.0,3.0,2.0,
32.0,108.0,33.0,35.0,8.0,5.0,4.0,
256.0,227.0,100.0,76.0,10.0,2.0,1.0,
32.0,64.0,22.0,4.0,11.0,8.0,3.0,
16.0,36.0,22.0,71.0,6.0,3.0,0.0,
256.0,203.0,92.0,15.0,4.0,3.0,0.0,
64.0,214.0,12.0,68.0,9.0,5.0,4.0,
128.0,240.0,64.0,26.0,6.0,1.0,0.0,
256.0,255.0,41.0,39.0,6.0,5.0,2.0,
256.0,15.0,41.0,34.0,10.0,8.0,1.0,
64.0,69.0,26.0,82.0,11.0,4.0,0.0,
64.0,193.0,32.0,27.0,8.0,2.0,1.0,
16.0,188.0,171.0,53.0,3.0,1.0,0.0,
128.0,253.0,134.0,86.0,11.0,4.0,3.0,
256.0,218.0,41.0,79.0,5.0,4.0,1.0,
128.0,161.0,65.0,30.0,6.0,4.0,1.0,
16.0,75.0,101.0,9.0,11.0,10.0,3.0,
16.0,28.0,5.0,26.0,7.0,6.0,4.0,
128.0,100.0,14.0,11.0,9.0,1.0,0.0,
256.0,118.0,193.0,32.0,7.0,3.0,2.0,
128.0,69.0,23.0,74.0,2.0,1.0,0.0,
32.0,155.0,102.0,18.0,6.0,4.0,1.0,
64.0,63.0,23.0,100.0,7.0,6.0,3.0,
128.0,119.0,134.0,59.0,9.0,5.0,0.0,
32.0,130.0,37.0,9.0,3.0,1.0,0.0,
256.0,21.0,42.0,17.0,3.0,2.0,1.0,
128.0,118.0,56.0,4.0,7.0,2.0,1.0,
128.0,133.0,147.0,52.0,3.0,2.0,0.0,
256.0,192.0,36.0,23.0,9.0,1.0,0.0,
256.0,84.0,161.0,10.0,5.0,2.0,1.0,
32.0,151.0,71.0,66.0,5.0,3.0,0.0,
64.0,219.0,53.0,13.0,7.0,5.0,0.0,
16.0,101.0,69.0,96.0,6.0,2.0,1.0,
256.0,137.0,115.0,86.0,8.0,1.0,0.0,
256.0,170.0,24.0,21.0,3.0,1.0,0.0,
32.0,239.0,64.0,60.0,3.0,1.0,0.0,
256.0,243.0,56.0,35.0,4.0,2.0,1.0,
32.0,14.0,112.0,17.0,2.0,1.0,0.0,
64.0,130.0,11.0,54.0,9.0,8.0,6.0,
128.0,131.0,83.0,49.0,11.0,9.0,7.0,
32.0,78.0,99.0,6.0,7.0,2.0,0.0,
16.0,185.0,89.0,22.0,6.0,2.0,1.0,
256.0,23.0,113.0,100.0,8.0,7.0,1.0,
64.0,176.0,164.0,69.0,4.0,3.0,2.0,
128.0,99.0,91.0,7.0,7.0,3.0,1.0,
64.0,9.0,22.0,40.0,2.0,1.0,0.0,
256.0,74.0,18.0,4.0,2.0,1.0,0.0,
32.0,37.0,3.0,29.0,3.0,1.0,0.0,
64.0,109.0,21.0,35.0,8.0,3.0,2.0,
256.0,168.0,76.0,8.0,7.0,3.0,1.0,
16.0,240.0,188.0,73.0,9.0,5.0,1.0,
32.0,169.0,91.0,92.0,3.0,2.0,1.0,
128.0,115.0,97.0,95.0,5.0,3.0,2.0,
32.0,99.0,183.0,66.0,6.0,4.0,1.0,
16.0,171.0,52.0,29.0,11.0,2.0,1.0,
128.0,145.0,29.0,20.0,11.0,10.0,6.0,
32.0,166.0,119.0,73.0,10.0,8.0,7.0,
16.0,27.0,137.0,50.0,3.0,2.0,1.0,
128.0,201.0,7.0,57.0,9.0,8.0,3.0,
128.0,222.0,31.0,94.0,4.0,3.0,0.0,
32.0,51.0,43.0,84.0,7.0,2.0,1.0,
64.0,90.0,137.0,12.0,6.0,5.0,4.0,
128.0,231.0,31.0,60.0,5.0,2.0,1.0,
32.0,195.0,40.0,99.0,3.0,1.0,0.0,
256.0,68.0,121.0,14.0,5.0,3.0,0.0,
32.0,142.0,120.0,45.0,10.0,8.0,6.0,
64.0,36.0,77.0,88.0,5.0,3.0,0.0,
16.0,139.0,73.0,74.0,5.0,3.0,1.0,
32.0,38.0,30.0,67.0,10.0,9.0,0.0,
32.0,33.0,48.0,98.0,7.0,2.0,0.0,
256.0,12.0,29.0,60.0,5.0,2.0,1.0,
64.0,248.0,24.0,27.0,2.0,1.0,0.0,
256.0,245.0,47.0,64.0,10.0,6.0,5.0,
32.0,197.0,35.0,47.0,4.0,3.0,2.0,
16.0,109.0,73.0,15.0,8.0,2.0,1.0,
64.0,171.0,101.0,83.0,6.0,1.0,0.0,
64.0,14.0,94.0,17.0,5.0,2.0,0.0,
64.0,256.0,55.0,56.0,10.0,3.0,1.0,
16.0,51.0,61.0,43.0,4.0,3.0,1.0,
128.0,120.0,130.0,23.0,5.0,2.0,1.0,
64.0,169.0,3.0,100.0,3.0,2.0,0.0,
256.0,56.0,141.0,17.0,11.0,9.0,5.0,
16.0,94.0,70.0,32.0,10.0,4.0,3.0,
128.0,207.0,45.0,88.0,4.0,3.0,2.0,
256.0,41.0,65.0,85.0,9.0,4.0,1.0,
128.0,188.0,34.0,57.0,10.0,2.0,0.0,
32.0,198.0,25.0,24.0,7.0,4.0,3.0,
64.0,63.0,15.0,56.0,10.0,6.0,3.0,
16.0,68.0,40.0,71.0,11.0,10.0,7.0,
256.0,114.0,60.0,22.0,5.0,2.0,0.0,
256.0,251.0,79.0,24.0,5.0,4.0,2.0,
16.0,8.0,8.0,76.0,2.0,1.0,0.0,
16.0,165.0,131.0,28.0,3.0,1.0,0.0,
16.0,98.0,154.0,17.0,6.0,5.0,1.0,
32.0,93.0,83.0,47.0,2.0,1.0,0.0,
128.0,195.0,25.0,55.0,11.0,8.0,6.0,
32.0,223.0,47.0,6.0,6.0,5.0,3.0,
32.0,120.0,26.0,69.0,10.0,7.0,2.0,
32.0,205.0,23.0,84.0,8.0,6.0,0.0,
64.0,118.0,50.0,94.0,6.0,2.0,0.0,
128.0,135.0,123.0,40.0,3.0,1.0,0.0,
16.0,145.0,85.0,35.0,9.0,4.0,2.0,
128.0,255.0,82.0,12.0,9.0,8.0,5.0,
16.0,155.0,10.0,39.0,11.0,9.0,1.0,
16.0,50.0,8.0,27.0,2.0,1.0,0.0,
128.0,171.0,69.0,40.0,8.0,4.0,3.0,
256.0,151.0,18.0,10.0,7.0,4.0,3.0,
128.0,181.0,168.0,96.0,5.0,1.0,0.0,
32.0,171.0,107.0,3.0,6.0,5.0,0.0,
32.0,28.0,36.0,32.0,7.0,2.0,0.0,
32.0,194.0,1.0,99.0,7.0,5.0,4.0,
16.0,133.0,10.0,27.0,6.0,1.0,0.0,
32.0,98.0,21.0,38.0,5.0,2.0,0.0,
32.0,13.0,79.0,25.0,11.0,5.0,3.0,
32.0,199.0,126.0,45.0,4.0,1.0,0.0,
16.0,20.0,191.0,60.0,5.0,4.0,1.0,
64.0,86.0,203.0,58.0,9.0,6.0,0.0,
32.0,129.0,38.0,12.0,9.0,2.0,1.0,
64.0,72.0,51.0,31.0,3.0,2.0,0.0,
64.0,26.0,53.0,8.0,11.0,10.0,3.0,
256.0,64.0,21.0,92.0,10.0,9.0,5.0,
64.0,95.0,51.0,45.0,10.0,4.0,1.0,
32.0,19.0,45.0,24.0,5.0,1.0,0.0,
64.0,121.0,96.0,90.0,7.0,4.0,3.0,
64.0,7.0,51.0,79.0,10.0,5.0,4.0,
16.0,44.0,103.0,22.0,2.0,1.0,0.0,
64.0,203.0,123.0,82.0,3.0,2.0,1.0,
128.0,83.0,33.0,14.0,2.0,1.0,0.0,
64.0,15.0,107.0,15.0,9.0,4.0,2.0,
32.0,45.0,52.0,7.0,2.0,1.0,0.0,
32.0,59.0,106.0,43.0,8.0,2.0,1.0,
16.0,93.0,160.0,91.0,4.0,2.0,0.0,
16.0,143.0,30.0,11.0,7.0,5.0,2.0,
128.0,213.0,103.0,81.0,7.0,1.0,0.0,
256.0,129.0,43.0,36.0,7.0,6.0,4.0,
256.0,110.0,81.0,9.0,9.0,1.0,0.0,
32.0,66.0,200.0,20.0,2.0,1.0,0.0,
16.0,191.0,30.0,29.0,11.0,4.0,0.0,
16.0,48.0,17.0,92.0,8.0,6.0,3.0,
128.0,107.0,144.0,57.0,9.0,7.0,3.0,
64.0,227.0,86.0,77.0,7.0,6.0,3.0,
32.0,229.0,24.0,80.0,7.0,6.0,5.0,
128.0,112.0,138.0,82.0,11.0,2.0,0.0,
256.0,102.0,136.0,80.0,6.0,1.0,0.0,
16.0,96.0,56.0,26.0,11.0,3.0,1.0,
64.0,19.0,62.0,82.0,11.0,2.0,0.0,
16.0,169.0,25.0,27.0,5.0,2.0,0.0,
32.0,106.0,23.0,31.0,9.0,5.0,3.0,
128.0,237.0,7.0,67.0,8.0,2.0,1.0,
256.0,193.0,134.0,63.0,4.0,1.0,0.0,
16.0,146.0,60.0,24.0,6.0,5.0,2.0,
256.0,49.0,136.0,100.0,6.0,1.0,0.0,
128.0,59.0,107.0,12.0,10.0,7.0,5.0,
256.0,5.0,44.0,6.0,5.0,4.0,3.0,
256.0,35.0,24.0,59.0,11.0,10.0,9.0,
32.0,116.0,80.0,69.0,11.0,2.0,0.0,
32.0,115.0,30.0,7.0,2.0,1.0,0.0,
64.0,63.0,46.0,19.0,3.0,2.0,0.0,
128.0,252.0,20.0,45.0,8.0,1.0,0.0,
16.0,32.0,62.0,79.0,4.0,3.0,2.0,
128.0,208.0,28.0,91.0,8.0,1.0,0.0,
16.0,111.0,130.0,47.0,2.0,1.0,0.0,
256.0,101.0,7.0,30.0,8.0,3.0,1.0,
64.0,177.0,26.0,79.0,3.0,2.0,0.0,
32.0,93.0,103.0,96.0,3.0,1.0,0.0,
256.0,40.0,17.0,72.0,3.0,2.0,1.0,
32.0,136.0,45.0,49.0,9.0,4.0,3.0,
256.0,153.0,15.0,22.0,6.0,3.0,0.0,
128.0,154.0,120.0,87.0,4.0,1.0,0.0,
16.0,52.0,168.0,65.0,4.0,2.0,0.0,
64.0,34.0,99.0,26.0,10.0,6.0,2.0,
32.0,42.0,28.0,75.0,8.0,4.0,2.0,
32.0,115.0,120.0,22.0,3.0,1.0,0.0,
64.0,107.0,35.0,54.0,3.0,2.0,1.0,
32.0,28.0,89.0,74.0,9.0,6.0,2.0,
16.0,126.0,47.0,50.0,2.0,1.0,0.0,
128.0,75.0,8.0,95.0,6.0,3.0,1.0,
64.0,100.0,107.0,95.0,6.0,2.0,1.0,
256.0,240.0,5.0,54.0,8.0,4.0,2.0,
32.0,251.0,11.0,88.0,2.0,1.0,0.0,
64.0,119.0,61.0,21.0,2.0,1.0,0.0,
256.0,154.0,11.0,88.0,4.0,3.0,2.0,
256.0,250.0,73.0,36.0,9.0,7.0,6.0,
64.0,37.0,41.0,94.0,2.0,1.0,0.0,
32.0,202.0,169.0,56.0,10.0,2.0,0.0,
16.0,113.0,6.0,19.0,4.0,3.0,2.0,
256.0,31.0,97.0,74.0,3.0,1.0,0.0,
16.0,94.0,107.0,31.0,9.0,7.0,1.0,
64.0,70.0,16.0,58.0,8.0,7.0,6.0,
256.0,69.0,70.0,25.0,10.0,6.0,4.0,
32.0,104.0,179.0,42.0,4.0,3.0,0.0,
16.0,34.0,14.0,61.0,2.0,1.0,0.0,
32.0,109.0,72.0,7.0,7.0,5.0,4.0,
16.0,192.0,66.0,18.0,5.0,2.0,0.0,
256.0,147.0,34.0,74.0,5.0,1.0,0.0,
256.0,179.0,69.0,22.0,6.0,5.0,1.0,
64.0,170.0,93.0,80.0,2.0,1.0,0.0,
16.0,203.0,115.0,9.0,2.0,1.0,0.0,
256.0,242.0,12.0,69.0,4.0,2.0,0.0,
16.0,9.0,73.0,18.0,4.0,3.0,0.0,
64.0,7.0,28.0,98.0,5.0,1.0,0.0,
16.0,152.0,172.0,60.0,8.0,4.0,0.0,
32.0,162.0,27.0,30.0,11.0,5.0,0.0,
16.0,84.0,21.0,54.0,7.0,3.0,2.0,
32.0,253.0,59.0,91.0,7.0,4.0,2.0,
32.0,122.0,22.0,73.0,4.0,2.0,0.0,
128.0,191.0,31.0,19.0,2.0,1.0,0.0,
16.0,141.0,3.0,45.0,6.0,5.0,4.0,
64.0,41.0,99.0,88.0,3.0,1.0,0.0,
64.0,54.0,47.0,96.0,10.0,3.0,2.0,
256.0,192.0,82.0,52.0,3.0,2.0,0.0,
32.0,106.0,147.0,92.0,10.0,2.0,1.0,
16.0,141.0,148.0,96.0,11.0,10.0,2.0,
16.0,96.0,84.0,46.0,5.0,3.0,2.0,
64.0,139.0,58.0,51.0,6.0,5.0,1.0,
64.0,54.0,107.0,35.0,5.0,3.0,1.0,
16.0,49.0,180.0,60.0,9.0,5.0,3.0,
128.0,163.0,117.0,44.0,4.0,2.0,1.0,
64.0,222.0,94.0,59.0,7.0,2.0,0.0,
256.0,187.0,70.0,6.0,7.0,4.0,0.0,
128.0,196.0,19.0,13.0,11.0,5.0,2.0,
128.0,183.0,118.0,36.0,8.0,3.0,2.0,
64.0,223.0,23.0,84.0,6.0,4.0,1.0,
256.0,92.0,44.0,95.0,4.0,1.0,0.0,
16.0,2.0,11.0,33.0,3.0,2.0,1.0,
32.0,28.0,142.0,51.0,9.0,4.0,2.0,
256.0,219.0,21.0,82.0,11.0,3.0,2.0,
32.0,155.0,57.0,47.0,2.0,1.0,0.0,
16.0,125.0,87.0,96.0,6.0,1.0,0.0,
64.0,161.0,106.0,4.0,2.0,1.0,0.0,
32.0,188.0,33.0,78.0,9.0,5.0,0.0,
256.0,37.0,60.0,17.0,6.0,2.0,0.0,
256.0,255.0,70.0,61.0,5.0,3.0,2.0,
32.0,248.0,14.0,51.0,6.0,2.0,1.0,
64.0,82.0,180.0,52.0,10.0,7.0,2.0,
64.0,197.0,91.0,61.0,2.0,1.0,0.0,
16.0,155.0,125.0,98.0,7.0,5.0,1.0,
32.0,171.0,34.0,82.0,2.0,1.0,0.0,
128.0,10.0,13.0,73.0,11.0,8.0,5.0,
128.0,157.0,30.0,75.0,7.0,4.0,1.0,
256.0,129.0,56.0,10.0,2.0,1.0,0.0,
32.0,130.0,45.0,23.0,3.0,1.0,0.0,
32.0,178.0,92.0,62.0,9.0,1.0,0.0,
256.0,12.0,19.0,47.0,8.0,3.0,1.0,
16.0,41.0,71.0,13.0,6.0,1.0,0.0,
32.0,187.0,137.0,5.0,5.0,3.0,2.0,
64.0,133.0,143.0,30.0,10.0,4.0,0.0,
32.0,80.0,58.0,42.0,6.0,5.0,3.0,
16.0,198.0,22.0,12.0,8.0,7.0,5.0,
32.0,68.0,21.0,24.0,2.0,1.0,0.0,
32.0,37.0,29.0,83.0,8.0,3.0,2.0,
64.0,90.0,18.0,7.0,10.0,8.0,0.0,
128.0,74.0,44.0,47.0,2.0,1.0,0.0,
32.0,83.0,6.0,25.0,4.0,1.0,0.0,
256.0,90.0,115.0,78.0,5.0,3.0,2.0,
32.0,239.0,19.0,22.0,2.0,1.0,0.0,
256.0,240.0,34.0,50.0,9.0,2.0,1.0,
16.0,112.0,64.0,10.0,11.0,10.0,1.0,
256.0,37.0,35.0,61.0,5.0,4.0,0.0,
32.0,231.0,12.0,64.0,3.0,2.0,1.0,
128.0,107.0,59.0,4.0,6.0,2.0,1.0,
128.0,211.0,16.0,37.0,11.0,4.0,0.0,
16.0,127.0,11.0,32.0,8.0,7.0,1.0,
32.0,27.0,38.0,89.0,3.0,1.0,0.0,
128.0,28.0,30.0,16.0,11.0,7.0,2.0,
128.0,133.0,69.0,16.0,6.0,1.0,0.0,
16.0,17.0,26.0,6.0,3.0,2.0,1.0,
128.0,42.0,117.0,65.0,9.0,6.0,1.0,
128.0,184.0,115.0,87.0,2.0,1.0,0.0,
64.0,218.0,143.0,88.0,3.0,2.0,1.0,
16.0,244.0,6.0,78.0,10.0,7.0,6.0,
256.0,58.0,152.0,6.0,3.0,2.0,1.0,
256.0,114.0,69.0,75.0,8.0,2.0,0.0,
128.0,132.0,143.0,92.0,5.0,4.0,3.0,
128.0,113.0,146.0,14.0,10.0,7.0,1.0,
256.0,165.0,172.0,24.0,8.0,6.0,0.0,
128.0,202.0,3.0,47.0,2.0,1.0,0.0,
256.0,42.0,66.0,93.0,6.0,2.0,1.0,
16.0,38.0,54.0,65.0,2.0,1.0,0.0,
16.0,206.0,83.0,15.0,2.0,1.0,0.0,
256.0,19.0,12.0,81.0,6.0,4.0,2.0,
256.0,100.0,34.0,92.0,6.0,4.0,2.0,
32.0,95.0,20.0,6.0,9.0,3.0,1.0,
32.0,138.0,52.0,63.0,6.0,3.0,0.0,
16.0,179.0,62.0,6.0,5.0,1.0,0.0,
32.0,58.0,31.0,70.0,11.0,7.0,1.0,
128.0,68.0,92.0,8.0,7.0,4.0,3.0,
256.0,87.0,74.0,95.0,10.0,4.0,3.0,
32.0,115.0,19.0,42.0,10.0,3.0,0.0,
128.0,21.0,49.0,21.0,10.0,2.0,0.0,
256.0,217.0,125.0,29.0,9.0,8.0,3.0,
256.0,54.0,28.0,65.0,5.0,2.0,1.0,
256.0,44.0,58.0,25.0,8.0,2.0,1.0,
64.0,52.0,98.0,72.0,6.0,3.0,1.0,
16.0,214.0,2.0,4.0,11.0,8.0,6.0,
32.0,180.0,25.0,42.0,9.0,2.0,1.0,
16.0,206.0,95.0,29.0,9.0,4.0,3.0,
128.0,188.0,107.0,34.0,9.0,2.0,0.0,
256.0,168.0,14.0,25.0,6.0,4.0,3.0,
16.0,90.0,27.0,51.0,7.0,6.0,4.0,
32.0,29.0,17.0,56.0,8.0,7.0,0.0,
64.0,222.0,9.0,70.0,7.0,1.0,0.0,
64.0,256.0,24.0,45.0,5.0,2.0,0.0,
64.0,249.0,76.0,67.0,4.0,2.0,1.0,
128.0,107.0,24.0,47.0,7.0,5.0,2.0,
128.0,80.0,56.0,31.0,2.0,1.0,0.0,
64.0,5.0,27.0,94.0,9.0,1.0,0.0,
64.0,225.0,130.0,16.0,5.0,2.0,0.0,
256.0,254.0,39.0,75.0,10.0,5.0,3.0,
128.0,106.0,65.0,60.0,8.0,4.0,2.0,
256.0,160.0,83.0,92.0,4.0,2.0,0.0,
16.0,194.0,26.0,15.0,2.0,1.0,0.0,
16.0,124.0,118.0,73.0,4.0,2.0,0.0,
16.0,223.0,22.0,53.0,11.0,8.0,7.0,
128.0,200.0,60.0,29.0,4.0,3.0,1.0,
64.0,216.0,12.0,21.0,10.0,9.0,5.0,
64.0,124.0,55.0,11.0,11.0,1.0,0.0,
16.0,174.0,196.0,92.0,9.0,2.0,1.0,
256.0,6.0,34.0,74.0,9.0,2.0,0.0,
64.0,155.0,37.0,54.0,5.0,3.0,1.0,
16.0,180.0,2.0,6.0,5.0,4.0,3.0,
16.0,170.0,30.0,98.0,10.0,6.0,0.0,
256.0,31.0,67.0,88.0,6.0,2.0,1.0,
64.0,20.0,108.0,16.0,5.0,3.0,1.0,
128.0,249.0,40.0,51.0,2.0,1.0,0.0,
16.0,109.0,33.0,68.0,7.0,5.0,4.0,
32.0,117.0,86.0,35.0,11.0,7.0,3.0,
16.0,198.0,147.0,57.0,9.0,2.0,1.0,
16.0,87.0,49.0,39.0,9.0,4.0,0.0,
256.0,147.0,82.0,71.0,11.0,7.0,0.0,
32.0,209.0,66.0,59.0,8.0,7.0,2.0,
32.0,151.0,133.0,25.0,9.0,3.0,0.0,
16.0,122.0,31.0,39.0,11.0,10.0,7.0,
128.0,10.0,38.0,17.0,9.0,2.0,0.0,
64.0,243.0,12.0,83.0,3.0,2.0,1.0,
16.0,75.0,34.0,46.0,2.0,1.0,0.0,
32.0,190.0,69.0,52.0,7.0,1.0,0.0,
32.0,93.0,37.0,85.0,4.0,2.0,0.0,
256.0,38.0,74.0,77.0,5.0,3.0,2.0,
128.0,249.0,72.0,8.0,11.0,5.0,1.0,
64.0,246.0,99.0,3.0,7.0,3.0,0.0,
32.0,207.0,12.0,61.0,4.0,1.0,0.0,
256.0,168.0,45.0,82.0,8.0,5.0,0.0,
64.0,159.0,63.0,76.0,5.0,2.0,0.0,
256.0,22.0,30.0,81.0,9.0,8.0,6.0,
128.0,228.0,145.0,88.0,5.0,1.0,0.0,
64.0,117.0,18.0,41.0,6.0,4.0,0.0,
128.0,127.0,214.0,61.0,8.0,7.0,4.0,
128.0,37.0,60.0,3.0,6.0,4.0,0.0,
16.0,26.0,12.0,38.0,9.0,4.0,1.0,
256.0,53.0,56.0,63.0,2.0,1.0,0.0,
16.0,54.0,148.0,35.0,9.0,7.0,5.0,
64.0,130.0,52.0,21.0,10.0,3.0,1.0,
64.0,195.0,98.0,11.0,2.0,1.0,0.0,
32.0,205.0,167.0,53.0,10.0,8.0,0.0,
64.0,174.0,135.0,56.0,11.0,2.0,1.0,
256.0,1.0,38.0,51.0,4.0,2.0,1.0,
256.0,159.0,22.0,67.0,3.0,2.0,1.0,
256.0,108.0,99.0,16.0,4.0,1.0,0.0,
256.0,34.0,122.0,81.0,4.0,3.0,2.0,
16.0,242.0,63.0,8.0,5.0,2.0,1.0,
16.0,99.0,92.0,3.0,8.0,3.0,2.0,
16.0,95.0,106.0,65.0,6.0,3.0,1.0,
16.0,19.0,55.0,75.0,4.0,2.0,1.0,
256.0,251.0,4.0,14.0,5.0,4.0,3.0,
128.0,235.0,19.0,57.0,7.0,2.0,0.0,
16.0,102.0,18.0,70.0,10.0,4.0,1.0,
16.0,184.0,194.0,54.0,2.0,1.0,0.0,
32.0,63.0,74.0,11.0,8.0,3.0,0.0,
256.0,174.0,88.0,59.0,4.0,3.0,1.0,
64.0,95.0,35.0,38.0,2.0,1.0,0.0,
256.0,151.0,13.0,57.0,5.0,1.0,0.0,
32.0,120.0,112.0,14.0,6.0,3.0,1.0,
256.0,5.0,47.0,41.0,4.0,1.0,0.0,
16.0,207.0,44.0,18.0,2.0,1.0,0.0,
64.0,254.0,154.0,88.0,4.0,2.0,1.0,
32.0,129.0,114.0,56.0,11.0,7.0,6.0,
64.0,49.0,132.0,39.0,4.0,1.0,0.0,
256.0,9.0,8.0,58.0,3.0,1.0,0.0,
128.0,169.0,55.0,55.0,2.0,1.0,0.0,
16.0,23.0,28.0,50.0,10.0,4.0,2.0,
128.0,148.0,146.0,83.0,6.0,2.0,1.0,
32.0,62.0,15.0,77.0,7.0,2.0,0.0,
128.0,175.0,148.0,93.0,3.0,2.0,0.0,
256.0,17.0,12.0,59.0,3.0,2.0,0.0,
64.0,22.0,42.0,57.0,2.0,1.0,0.0,
256.0,171.0,80.0,14.0,10.0,2.0,1.0,
128.0,120.0,18.0,22.0,2.0,1.0,0.0,
32.0,12.0,72.0,15.0,10.0,1.0,0.0,
64.0,178.0,86.0,34.0,2.0,1.0,0.0,
128.0,212.0,74.0,79.0,9.0,1.0,0.0,
64.0,20.0,19.0,61.0,9.0,7.0,5.0,
256.0,252.0,12.0,55.0,6.0,1.0,0.0,
128.0,38.0,47.0,59.0,8.0,2.0,1.0,
32.0,53.0,24.0,10.0,3.0,2.0,1.0,
256.0,91.0,5.0,58.0,4.0,2.0,1.0,
256.0,192.0,38.0,57.0,7.0,6.0,1.0,
128.0,111.0,190.0,80.0,8.0,3.0,2.0,
64.0,51.0,104.0,47.0,8.0,2.0,0.0,
128.0,139.0,51.0,63.0,5.0,4.0,3.0,
64.0,174.0,55.0,62.0,5.0,1.0,0.0,
128.0,188.0,174.0,69.0,3.0,2.0,1.0,
256.0,160.0,85.0,43.0,7.0,4.0,0.0,
16.0,149.0,67.0,3.0,2.0,1.0,0.0,
16.0,28.0,121.0,67.0,2.0,1.0,0.0,
256.0,42.0,26.0,49.0,10.0,3.0,2.0,
16.0,231.0,70.0,19.0,3.0,2.0,1.0,
256.0,240.0,47.0,59.0,3.0,2.0,1.0,
16.0,171.0,28.0,26.0,11.0,2.0,1.0,
32.0,3.0,33.0,12.0,9.0,7.0,4.0,
256.0,152.0,110.0,81.0,10.0,4.0,0.0,
64.0,61.0,24.0,4.0,3.0,1.0,0.0,
32.0,74.0,9.0,96.0,4.0,1.0,0.0,
128.0,249.0,36.0,45.0,6.0,4.0,1.0,
128.0,225.0,120.0,15.0,3.0,1.0,0.0,
128.0,220.0,51.0,55.0,3.0,1.0,0.0,
32.0,214.0,41.0,62.0,3.0,2.0,0.0,
32.0,82.0,166.0,46.0,2.0,1.0,0.0,
16.0,161.0,55.0,81.0,2.0,1.0,0.0,
64.0,55.0,166.0,18.0,4.0,3.0,2.0,
32.0,163.0,49.0,37.0,2.0,1.0,0.0,
16.0,208.0,156.0,26.0,5.0,1.0,0.0,
16.0,5.0,88.0,37.0,5.0,1.0,0.0,
128.0,135.0,85.0,51.0,9.0,4.0,2.0,
16.0,118.0,12.0,37.0,5.0,2.0,0.0,
128.0,60.0,30.0,63.0,4.0,2.0,0.0,
16.0,85.0,57.0,40.0,4.0,3.0,2.0,
64.0,173.0,28.0,99.0,7.0,2.0,0.0,
64.0,10.0,21.0,89.0,10.0,1.0,0.0,
128.0,179.0,168.0,4.0,2.0,1.0,0.0,
128.0,185.0,35.0,72.0,10.0,4.0,1.0,
64.0,6.0,62.0,27.0,11.0,9.0,8.0,
16.0,185.0,66.0,10.0,3.0,1.0,0.0,
128.0,94.0,129.0,86.0,4.0,1.0,0.0,
32.0,248.0,18.0,100.0,6.0,3.0,0.0,
256.0,153.0,43.0,40.0,5.0,1.0,0.0,
128.0,120.0,42.0,37.0,5.0,3.0,0.0,
64.0,13.0,12.0,37.0,7.0,3.0,2.0,
32.0,23.0,74.0,56.0,9.0,7.0,0.0,
32.0,256.0,69.0,94.0,9.0,3.0,0.0,
32.0,132.0,15.0,79.0,9.0,7.0,6.0,
256.0,28.0,82.0,12.0,4.0,1.0,0.0,
32.0,20.0,8.0,4.0,7.0,3.0,2.0,
256.0,199.0,81.0,80.0,11.0,6.0,5.0,
128.0,173.0,39.0,98.0,10.0,8.0,4.0,
256.0,155.0,115.0,26.0,4.0,1.0,0.0,
256.0,169.0,15.0,72.0,6.0,4.0,2.0,
16.0,154.0,150.0,91.0,5.0,1.0,0.0,
128.0,16.0,138.0,17.0,6.0,2.0,0.0,
128.0,217.0,53.0,38.0,2.0,1.0,0.0,
16.0,34.0,95.0,44.0,11.0,6.0,2.0,
32.0,204.0,131.0,66.0,6.0,1.0,0.0,
32.0,14.0,156.0,47.0,11.0,1.0,0.0,
64.0,201.0,53.0,51.0,6.0,2.0,0.0,
256.0,174.0,3.0,88.0,5.0,3.0,1.0,
16.0,46.0,29.0,79.0,11.0,10.0,4.0,
32.0,194.0,47.0,61.0,2.0,1.0,0.0,
256.0,175.0,9.0,85.0,7.0,5.0,0.0,
128.0,149.0,96.0,59.0,4.0,2.0,0.0,
256.0,140.0,35.0,15.0,8.0,7.0,4.0,
32.0,139.0,102.0,32.0,7.0,4.0,3.0,
32.0,29.0,44.0,63.0,11.0,4.0,2.0,
128.0,69.0,26.0,81.0,9.0,8.0,4.0,
16.0,48.0,38.0,93.0,5.0,1.0,0.0,
256.0,188.0,28.0,89.0,9.0,1.0,0.0,
16.0,52.0,92.0,76.0,8.0,5.0,4.0,
16.0,230.0,39.0,70.0,4.0,1.0,0.0,
16.0,42.0,93.0,72.0,5.0,1.0,0.0,
32.0,85.0,32.0,7.0,6.0,3.0,0.0,
16.0,173.0,15.0,88.0,11.0,7.0,5.0,
256.0,205.0,41.0,88.0,11.0,5.0,0.0,
128.0,95.0,8.0,83.0,8.0,3.0,0.0,
16.0,225.0,28.0,24.0,7.0,1.0,0.0,
128.0,99.0,29.0,11.0,2.0,1.0,0.0,
128.0,107.0,163.0,42.0,5.0,3.0,1.0,
128.0,66.0,134.0,84.0,2.0,1.0,0.0,
256.0,192.0,128.0,55.0,9.0,6.0,2.0,
64.0,240.0,28.0,64.0,8.0,6.0,5.0,
16.0,119.0,9.0,75.0,10.0,4.0,2.0,
256.0,92.0,153.0,62.0,6.0,3.0,2.0,
64.0,155.0,18.0,63.0,10.0,7.0,4.0,
16.0,92.0,58.0,69.0,2.0,1.0,0.0,
16.0,14.0,139.0,95.0,8.0,5.0,3.0,
256.0,77.0,67.0,11.0,11.0,5.0,4.0,
128.0,40.0,37.0,86.0,5.0,4.0,2.0,
128.0,137.0,85.0,28.0,2.0,1.0,0.0,
256.0,239.0,68.0,84.0,9.0,7.0,0.0,
128.0,2.0,17.0,19.0,8.0,7.0,5.0,
128.0,225.0,75.0,18.0,7.0,3.0,1.0,
32.0,7.0,120.0,9.0,8.0,1.0,0.0,
256.0,133.0,126.0,83.0,7.0,1.0,0.0,
256.0,97.0,73.0,85.0,3.0,1.0,0.0,
32.0,43.0,22.0,23.0,8.0,6.0,3.0,
64.0,75.0,13.0,90.0,4.0,2.0,1.0,
256.0,182.0,59.0,64.0,6.0,1.0,0.0,
128.0,42.0,42.0,62.0,8.0,2.0,0.0,
32.0,108.0,132.0,17.0,5.0,2.0,1.0,
32.0,236.0,21.0,14.0,3.0,1.0,0.0,
256.0,246.0,169.0,30.0,8.0,6.0,1.0,
256.0,242.0,43.0,83.0,6.0,4.0,1.0,
16.0,140.0,15.0,61.0,5.0,4.0,3.0,
128.0,110.0,53.0,86.0,11.0,3.0,2.0,
256.0,97.0,137.0,40.0,5.0,1.0,0.0,
64.0,85.0,41.0,96.0,5.0,4.0,3.0,
128.0,92.0,123.0,50.0,4.0,3.0,0.0,
128.0,180.0,61.0,15.0,8.0,1.0,0.0,
256.0,126.0,4.0,94.0,2.0,1.0,0.0,
16.0,110.0,13.0,93.0,10.0,6.0,4.0,
64.0,50.0,85.0,10.0,6.0,3.0,1.0,
128.0,156.0,52.0,82.0,11.0,4.0,3.0,
16.0,163.0,22.0,50.0,8.0,7.0,3.0,
16.0,106.0,65.0,51.0,3.0,2.0,0.0,
16.0,85.0,65.0,52.0,9.0,8.0,5.0,
32.0,130.0,194.0,86.0,8.0,5.0,3.0,
256.0,197.0,107.0,11.0,7.0,2.0,1.0,
256.0,11.0,81.0,99.0,2.0,1.0,0.0,
256.0,133.0,96.0,16.0,8.0,4.0,2.0,
32.0,162.0,59.0,79.0,7.0,1.0,0.0,
32.0,117.0,21.0,23.0,6.0,3.0,1.0,
16.0,102.0,129.0,52.0,9.0,5.0,3.0,
32.0,151.0,6.0,54.0,6.0,5.0,2.0,
256.0,143.0,14.0,92.0,6.0,3.0,2.0,
32.0,192.0,38.0,64.0,3.0,1.0,0.0,
128.0,123.0,87.0,80.0,8.0,4.0,0.0,
256.0,92.0,5.0,90.0,5.0,2.0,1.0,
16.0,27.0,41.0,14.0,5.0,3.0,0.0,
256.0,143.0,196.0,51.0,11.0,9.0,0.0,
256.0,102.0,41.0,46.0,8.0,4.0,3.0,
32.0,215.0,32.0,73.0,10.0,3.0,1.0,
32.0,74.0,47.0,40.0,4.0,2.0,1.0,
256.0,77.0,112.0,82.0,3.0,2.0,0.0,
256.0,146.0,117.0,25.0,11.0,4.0,0.0,
256.0,226.0,3.0,70.0,2.0,1.0,0.0,
64.0,126.0,22.0,78.0,8.0,5.0,3.0,
16.0,68.0,115.0,3.0,3.0,1.0,0.0,
32.0,96.0,66.0,79.0,2.0,1.0,0.0,
128.0,166.0,10.0,63.0,3.0,2.0,0.0,
64.0,165.0,129.0,54.0,5.0,4.0,1.0,
16.0,121.0,113.0,15.0,9.0,6.0,5.0,
64.0,179.0,47.0,48.0,11.0,5.0,0.0,
256.0,251.0,119.0,7.0,4.0,3.0,0.0,
64.0,115.0,54.0,69.0,10.0,4.0,3.0,
128.0,234.0,99.0,30.0,4.0,1.0,0.0,
128.0,177.0,124.0,30.0,10.0,2.0,1.0,
32.0,68.0,65.0,24.0,9.0,4.0,2.0,
64.0,170.0,207.0,34.0,7.0,1.0,0.0,
128.0,163.0,16.0,4.0,10.0,3.0,1.0,
32.0,13.0,15.0,35.0,2.0,1.0,0.0,
128.0,210.0,42.0,30.0,7.0,2.0,0.0,
32.0,232.0,164.0,19.0,5.0,1.0,0.0,
64.0,114.0,20.0,60.0,5.0,2.0,1.0,
64.0,42.0,152.0,87.0,7.0,3.0,1.0,
32.0,197.0,46.0,18.0,8.0,7.0,0.0,
32.0,174.0,18.0,84.0,7.0,5.0,3.0,
32.0,99.0,42.0,35.0,9.0,7.0,0.0,
32.0,52.0,151.0,31.0,5.0,4.0,2.0,
32.0,104.0,69.0,74.0,8.0,5.0,4.0,
256.0,103.0,160.0,5.0,2.0,1.0,0.0,
32.0,238.0,1.0,99.0,3.0,2.0,1.0,
256.0,199.0,27.0,9.0,10.0,6.0,5.0,
128.0,114.0,80.0,80.0,11.0,4.0,3.0,
16.0,43.0,74.0,65.0,11.0,4.0,3.0,
64.0,21.0,82.0,100.0,9.0,8.0,4.0,
128.0,197.0,38.0,29.0,10.0,2.0,1.0,
64.0,240.0,101.0,59.0,6.0,3.0,1.0,
128.0,5.0,11.0,94.0,5.0,2.0,1.0,
32.0,69.0,157.0,23.0,8.0,1.0,0.0,
16.0,96.0,15.0,90.0,2.0,1.0,0.0,
64.0,31.0,123.0,48.0,6.0,4.0,0.0,
32.0,18.0,51.0,100.0,4.0,2.0,0.0,
64.0,80.0,143.0,12.0,7.0,3.0,0.0,
128.0,240.0,69.0,58.0,4.0,2.0,1.0,
64.0,220.0,43.0,56.0,6.0,4.0,1.0,
64.0,193.0,68.0,10.0,5.0,3.0,2.0,
256.0,147.0,66.0,90.0,8.0,2.0,1.0,
128.0,60.0,52.0,96.0,7.0,5.0,3.0,
128.0,103.0,105.0,59.0,6.0,2.0,0.0,
16.0,88.0,37.0,47.0,11.0,7.0,1.0,
64.0,137.0,90.0,31.0,11.0,10.0,2.0,
16.0,179.0,144.0,14.0,5.0,3.0,1.0,
64.0,189.0,104.0,87.0,7.0,2.0,0.0,
64.0,146.0,32.0,97.0,9.0,4.0,2.0,
32.0,65.0,29.0,90.0,9.0,2.0,1.0,
128.0,53.0,175.0,36.0,3.0,1.0,0.0,
16.0,91.0,46.0,97.0,3.0,1.0,0.0,
16.0,176.0,81.0,45.0,7.0,5.0,2.0,
256.0,42.0,72.0,86.0,3.0,2.0,0.0,
128.0,100.0,101.0,96.0,9.0,6.0,0.0,
128.0,11.0,21.0,98.0,3.0,1.0,0.0,
256.0,87.0,66.0,52.0,11.0,6.0,1.0,
128.0,127.0,4.0,59.0,2.0,1.0,0.0,
128.0,105.0,55.0,33.0,9.0,1.0,0.0,
128.0,72.0,39.0,75.0,10.0,6.0,3.0,
16.0,149.0,64.0,97.0,8.0,6.0,1.0,
128.0,60.0,92.0,48.0,11.0,9.0,1.0,
32.0,80.0,93.0,83.0,5.0,4.0,1.0,
128.0,57.0,41.0,16.0,4.0,1.0,0.0,
128.0,46.0,64.0,65.0,5.0,3.0,0.0,
128.0,111.0,11.0,36.0,9.0,4.0,3.0,
128.0,184.0,51.0,67.0,8.0,2.0,1.0,
64.0,42.0,71.0,65.0,6.0,3.0,2.0,
32.0,240.0,11.0,19.0,8.0,7.0,6.0,
128.0,91.0,16.0,80.0,6.0,5.0,1.0,
32.0,47.0,22.0,42.0,3.0,1.0,0.0,
16.0,234.0,121.0,91.0,4.0,2.0,1.0,
128.0,231.0,45.0,12.0,7.0,3.0,1.0,
256.0,167.0,14.0,42.0,4.0,1.0,0.0,
32.0,47.0,62.0,87.0,3.0,1.0,0.0,
256.0,84.0,68.0,74.0,7.0,5.0,2.0,
64.0,7.0,107.0,25.0,9.0,8.0,4.0,
128.0,106.0,150.0,13.0,6.0,4.0,0.0,
128.0,54.0,25.0,99.0,6.0,1.0,0.0,
64.0,180.0,129.0,46.0,9.0,3.0,2.0,
64.0,98.0,17.0,99.0,10.0,1.0,0.0,
128.0,16.0,9.0,61.0,8.0,1.0,0.0,
128.0,97.0,87.0,97.0,3.0,1.0,0.0,
128.0,81.0,64.0,26.0,7.0,2.0,1.0,
256.0,115.0,26.0,17.0,8.0,4.0,1.0,
16.0,48.0,18.0,6.0,8.0,2.0,1.0,
256.0,54.0,18.0,59.0,7.0,2.0,1.0,
32.0,17.0,4.0,62.0,6.0,3.0,1.0,
64.0,91.0,165.0,54.0,5.0,3.0,1.0,
128.0,189.0,79.0,4.0,9.0,4.0,0.0,
32.0,141.0,25.0,78.0,7.0,1.0,0.0,
128.0,233.0,51.0,27.0,6.0,5.0,2.0,
16.0,78.0,45.0,11.0,2.0,1.0,0.0,
256.0,87.0,103.0,25.0,2.0,1.0,0.0,
32.0,157.0,42.0,87.0,4.0,1.0,0.0,
128.0,89.0,56.0,51.0,4.0,3.0,2.0,
256.0,131.0,60.0,44.0,4.0,1.0,0.0,
64.0,142.0,154.0,35.0,2.0,1.0,0.0,
16.0,44.0,4.0,83.0,3.0,2.0,1.0,
32.0,107.0,14.0,69.0,11.0,2.0,0.0,
128.0,182.0,28.0,20.0,10.0,3.0,1.0,
64.0,14.0,67.0,100.0,6.0,4.0,0.0,
128.0,22.0,61.0,84.0,11.0,5.0,4.0,
128.0,205.0,104.0,12.0,9.0,2.0,1.0,
32.0,195.0,14.0,88.0,3.0,1.0,0.0,
256.0,134.0,78.0,23.0,11.0,1.0,0.0,
32.0,23.0,31.0,40.0,6.0,2.0,1.0,
64.0,9.0,174.0,84.0,8.0,6.0,2.0,
16.0,218.0,108.0,96.0,7.0,6.0,3.0,
16.0,179.0,10.0,42.0,11.0,9.0,3.0,
256.0,236.0,49.0,91.0,10.0,9.0,6.0,
256.0,112.0,28.0,32.0,8.0,6.0,0.0,
256.0,3.0,50.0,4.0,10.0,4.0,1.0,
16.0,226.0,24.0,42.0,6.0,5.0,3.0,
16.0,219.0,8.0,90.0,3.0,1.0,0.0,
256.0,18.0,49.0,38.0,6.0,1.0,0.0,
32.0,10.0,21.0,79.0,8.0,7.0,2.0,
32.0,57.0,154.0,57.0,2.0,1.0,0.0,
16.0,157.0,19.0,35.0,4.0,3.0,2.0,
16.0,37.0,157.0,83.0,6.0,3.0,0.0,
256.0,233.0,134.0,9.0,7.0,2.0,1.0,
32.0,14.0,19.0,50.0,4.0,3.0,1.0,
16.0,161.0,42.0,5.0,6.0,5.0,0.0,
256.0,68.0,91.0,27.0,5.0,3.0,2.0,
128.0,11.0,81.0,65.0,6.0,4.0,2.0,
32.0,57.0,87.0,62.0,4.0,1.0,0.0,
256.0,176.0,14.0,89.0,2.0,1.0,0.0,
128.0,160.0,47.0,21.0,7.0,4.0,0.0,
256.0,190.0,4.0,32.0,9.0,4.0,3.0,
256.0,205.0,125.0,45.0,4.0,3.0,1.0,
16.0,35.0,122.0,52.0,7.0,5.0,1.0,
16.0,246.0,128.0,30.0,4.0,2.0,0.0,
64.0,10.0,22.0,9.0,6.0,4.0,3.0,
128.0,222.0,31.0,73.0,8.0,6.0,5.0,
16.0,159.0,8.0,82.0,2.0,1.0,0.0,
16.0,249.0,71.0,96.0,7.0,4.0,2.0,
64.0,227.0,35.0,6.0,10.0,2.0,0.0,
64.0,210.0,50.0,98.0,6.0,1.0,0.0,
16.0,139.0,96.0,49.0,6.0,5.0,1.0,
16.0,176.0,12.0,27.0,9.0,1.0,0.0,
128.0,94.0,52.0,6.0,9.0,1.0,0.0,
256.0,63.0,50.0,4.0,9.0,4.0,1.0,
64.0,56.0,139.0,35.0,6.0,3.0,0.0,
32.0,235.0,30.0,41.0,3.0,2.0,0.0,
32.0,188.0,88.0,6.0,7.0,5.0,0.0,
16.0,44.0,47.0,83.0,11.0,4.0,0.0,
256.0,22.0,79.0,76.0,7.0,5.0,1.0,
128.0,10.0,60.0,55.0,11.0,10.0,2.0,
256.0,200.0,45.0,69.0,7.0,6.0,2.0,
128.0,128.0,49.0,6.0,3.0,2.0,0.0,
16.0,174.0,16.0,20.0,2.0,1.0,0.0,
256.0,170.0,67.0,69.0,8.0,6.0,0.0,
32.0,243.0,8.0,61.0,7.0,1.0,0.0,
64.0,4.0,156.0,43.0,9.0,7.0,5.0,
16.0,197.0,54.0,34.0,9.0,6.0,3.0,
32.0,175.0,103.0,71.0,11.0,6.0,2.0,
16.0,33.0,27.0,5.0,8.0,1.0,0.0,
64.0,27.0,158.0,90.0,11.0,5.0,1.0,
256.0,56.0,154.0,65.0,10.0,1.0,0.0,
16.0,193.0,57.0,50.0,9.0,2.0,0.0,
32.0,109.0,47.0,52.0,3.0,2.0,0.0,
64.0,133.0,32.0,30.0,6.0,1.0,0.0,
16.0,100.0,1.0,82.0,3.0,2.0,1.0,
64.0,89.0,45.0,24.0,7.0,1.0,0.0,
128.0,61.0,23.0,11.0,8.0,6.0,0.0,
64.0,52.0,41.0,47.0,9.0,3.0,1.0,
16.0,212.0,77.0,93.0,11.0,4.0,1.0,
256.0,60.0,37.0,61.0,7.0,4.0,1.0,
128.0,102.0,55.0,74.0,7.0,1.0,0.0,
32.0,76.0,60.0,82.0,3.0,1.0,0.0,
128.0,146.0,25.0,100.0,11.0,3.0,0.0,
32.0,237.0,24.0,88.0,4.0,2.0,0.0,
32.0,58.0,58.0,13.0,8.0,1.0,0.0,
16.0,172.0,49.0,17.0,10.0,8.0,3.0,
64.0,47.0,63.0,93.0,6.0,4.0,2.0,
16.0,211.0,195.0,70.0,7.0,1.0,0.0,
16.0,164.0,80.0,12.0,5.0,4.0,3.0,
16.0,204.0,140.0,94.0,2.0,1.0,0.0,
16.0,244.0,65.0,59.0,11.0,10.0,8.0,
64.0,146.0,36.0,51.0,3.0,2.0,1.0,
128.0,125.0,131.0,53.0,3.0,2.0,1.0,
32.0,70.0,35.0,28.0,10.0,2.0,0.0,
32.0,182.0,48.0,23.0,9.0,4.0,1.0,
128.0,149.0,6.0,67.0,8.0,7.0,4.0,
128.0,230.0,42.0,90.0,11.0,2.0,0.0,
128.0,211.0,81.0,47.0,5.0,1.0,0.0,
128.0,176.0,145.0,54.0,5.0,1.0,0.0,
256.0,215.0,14.0,27.0,5.0,4.0,3.0,
16.0,231.0,51.0,95.0,4.0,2.0,1.0,
128.0,198.0,128.0,100.0,11.0,10.0,2.0,
128.0,104.0,19.0,67.0,3.0,1.0,0.0,
16.0,15.0,27.0,97.0,9.0,3.0,1.0,
16.0,151.0,8.0,100.0,3.0,1.0,0.0,
32.0,236.0,113.0,88.0,9.0,6.0,1.0,
256.0,222.0,65.0,65.0,5.0,4.0,3.0,
32.0,199.0,44.0,35.0,10.0,1.0,0.0,
32.0,90.0,46.0,23.0,6.0,4.0,3.0,
32.0,142.0,123.0,5.0,3.0,1.0,0.0,
64.0,106.0,173.0,43.0,3.0,2.0,0.0,
64.0,177.0,44.0,14.0,8.0,4.0,1.0,
128.0,121.0,87.0,79.0,4.0,3.0,1.0,
64.0,42.0,66.0,51.0,3.0,1.0,0.0,
128.0,78.0,11.0,92.0,4.0,2.0,1.0,
64.0,94.0,103.0,100.0,6.0,5.0,1.0,
32.0,63.0,29.0,69.0,5.0,4.0,3.0,
256.0,153.0,6.0,100.0,7.0,2.0,1.0,
32.0,58.0,13.0,96.0,3.0,2.0,1.0,
64.0,211.0,71.0,30.0,2.0,1.0,0.0,
128.0,149.0,90.0,38.0,5.0,2.0,1.0,
16.0,124.0,52.0,28.0,10.0,2.0,0.0,
16.0,35.0,91.0,98.0,3.0,2.0,0.0,
128.0,167.0,91.0,100.0,8.0,4.0,0.0,
128.0,127.0,31.0,86.0,5.0,1.0,0.0,
32.0,72.0,57.0,28.0,11.0,5.0,2.0,
64.0,96.0,21.0,90.0,2.0,1.0,0.0,
128.0,248.0,33.0,79.0,3.0,2.0,0.0,
256.0,242.0,69.0,28.0,5.0,4.0,2.0,
128.0,211.0,25.0,69.0,3.0,2.0,0.0,
16.0,142.0,33.0,35.0,9.0,7.0,1.0,
128.0,99.0,51.0,62.0,3.0,2.0,0.0,
64.0,29.0,74.0,17.0,3.0,2.0,0.0,
32.0,16.0,122.0,100.0,6.0,3.0,1.0,
16.0,156.0,10.0,13.0,4.0,1.0,0.0,
128.0,210.0,15.0,27.0,11.0,2.0,0.0,
256.0,197.0,13.0,92.0,8.0,1.0,0.0,
64.0,255.0,145.0,59.0,2.0,1.0,0.0,
64.0,256.0,127.0,71.0,6.0,3.0,2.0,
256.0,256.0,145.0,24.0,5.0,1.0,0.0,
256.0,15.0,20.0,10.0,10.0,5.0,0.0,
64.0,92.0,75.0,5.0,10.0,9.0,7.0,
256.0,125.0,52.0,47.0,6.0,5.0,1.0,
32.0,220.0,65.0,15.0,9.0,3.0,1.0,
32.0,149.0,17.0,44.0,10.0,3.0,0.0,
128.0,2.0,42.0,63.0,8.0,6.0,5.0,
128.0,249.0,165.0,43.0,2.0,1.0,0.0,
32.0,214.0,33.0,23.0,9.0,8.0,5.0,
32.0,86.0,29.0,71.0,10.0,4.0,0.0,
256.0,157.0,37.0,18.0,6.0,5.0,0.0,
16.0,222.0,15.0,7.0,4.0,3.0,2.0,
256.0,122.0,17.0,23.0,2.0,1.0,0.0,
64.0,33.0,71.0,24.0,7.0,1.0,0.0,
128.0,70.0,19.0,18.0,9.0,6.0,1.0,
128.0,32.0,21.0,25.0,8.0,2.0,1.0,
256.0,207.0,104.0,32.0,11.0,5.0,4.0,
32.0,189.0,42.0,16.0,3.0,1.0,0.0,
64.0,96.0,86.0,38.0,11.0,3.0,1.0,
16.0,18.0,32.0,24.0,11.0,6.0,5.0,
256.0,224.0,65.0,12.0,3.0,2.0,0.0,
16.0,214.0,187.0,80.0,9.0,7.0,2.0,
256.0,119.0,51.0,6.0,8.0,7.0,3.0,
16.0,16.0,173.0,24.0,4.0,2.0,1.0,
128.0,112.0,78.0,46.0,11.0,9.0,6.0,
32.0,8.0,109.0,68.0,10.0,9.0,7.0,
128.0,71.0,37.0,21.0,2.0,1.0,0.0,
256.0,180.0,156.0,80.0,8.0,4.0,3.0,
128.0,221.0,37.0,97.0,4.0,1.0,0.0,
256.0,169.0,48.0,97.0,7.0,3.0,1.0,
128.0,249.0,81.0,56.0,7.0,2.0,0.0,
64.0,196.0,113.0,73.0,9.0,6.0,2.0,
16.0,209.0,55.0,61.0,3.0,2.0,1.0,
256.0,83.0,131.0,24.0,7.0,1.0,0.0,
64.0,96.0,105.0,4.0,9.0,7.0,2.0,
64.0,51.0,30.0,33.0,4.0,3.0,2.0,
256.0,40.0,9.0,11.0,7.0,6.0,0.0,
128.0,38.0,43.0,29.0,6.0,5.0,4.0,
64.0,46.0,114.0,83.0,7.0,5.0,0.0,
256.0,112.0,36.0,45.0,7.0,3.0,0.0,
128.0,134.0,36.0,13.0,7.0,5.0,3.0,
32.0,136.0,61.0,15.0,3.0,1.0,0.0,
32.0,80.0,54.0,51.0,11.0,5.0,0.0,
256.0,77.0,85.0,9.0,4.0,1.0,0.0,
16.0,203.0,63.0,65.0,2.0,1.0,0.0,
32.0,227.0,34.0,80.0,10.0,4.0,0.0,
32.0,121.0,56.0,47.0,4.0,3.0,2.0,
128.0,213.0,72.0,34.0,3.0,2.0,0.0,
256.0,95.0,31.0,91.0,11.0,9.0,8.0,
16.0,172.0,122.0,26.0,4.0,3.0,0.0,
16.0,114.0,72.0,67.0,2.0,1.0,0.0,
16.0,91.0,84.0,97.0,2.0,1.0,0.0,
256.0,121.0,32.0,51.0,9.0,6.0,2.0,
16.0,251.0,7.0,87.0,9.0,4.0,1.0,
256.0,225.0,101.0,56.0,11.0,9.0,1.0,
16.0,38.0,124.0,33.0,2.0,1.0,0.0,
128.0,182.0,154.0,81.0,7.0,6.0,5.0,
128.0,39.0,18.0,96.0,11.0,2.0,1.0,
32.0,68.0,90.0,41.0,2.0,1.0,0.0,
256.0,32.0,180.0,93.0,2.0,1.0,0.0,
32.0,201.0,34.0,15.0,5.0,3.0,1.0,
16.0,212.0,72.0,91.0,2.0,1.0,0.0,
16.0,59.0,14.0,39.0,6.0,4.0,2.0,
16.0,87.0,58.0,89.0,4.0,2.0,0.0,
64.0,201.0,62.0,32.0,9.0,4.0,1.0,
128.0,120.0,37.0,19.0,6.0,3.0,1.0,
32.0,165.0,77.0,83.0,2.0,1.0,0.0,
256.0,58.0,1.0,38.0,7.0,6.0,5.0,
16.0,56.0,9.0,4.0,5.0,2.0,1.0,
256.0,127.0,126.0,86.0,2.0,1.0,0.0,
16.0,14.0,88.0,28.0,10.0,1.0,0.0,
256.0,241.0,10.0,5.0,5.0,4.0,0.0,
64.0,216.0,42.0,28.0,3.0,1.0,0.0,
256.0,22.0,21.0,92.0,8.0,5.0,2.0,
128.0,45.0,54.0,99.0,10.0,7.0,1.0,
16.0,80.0,91.0,43.0,9.0,1.0,0.0,
32.0,221.0,29.0,66.0,4.0,3.0,0.0,
256.0,105.0,99.0,87.0,8.0,3.0,0.0,
128.0,14.0,23.0,58.0,7.0,1.0,0.0,
16.0,106.0,74.0,90.0,4.0,3.0,0.0,
128.0,48.0,91.0,86.0,7.0,2.0,0.0,
32.0,147.0,90.0,76.0,7.0,5.0,3.0,
256.0,54.0,37.0,6.0,2.0,1.0,0.0,
16.0,92.0,93.0,50.0,3.0,2.0,0.0,
32.0,141.0,15.0,100.0,9.0,8.0,5.0,
32.0,215.0,56.0,23.0,11.0,4.0,3.0,
128.0,185.0,4.0,12.0,3.0,2.0,0.0,
128.0,129.0,127.0,53.0,4.0,3.0,1.0,
64.0,121.0,121.0,14.0,2.0,1.0,0.0,
16.0,50.0,146.0,42.0,4.0,1.0,0.0,
256.0,143.0,84.0,17.0,7.0,6.0,2.0,
16.0,109.0,166.0,4.0,4.0,1.0,0.0,
16.0,188.0,100.0,14.0,3.0,2.0,1.0,
256.0,43.0,144.0,83.0,10.0,5.0,4.0,
64.0,222.0,35.0,13.0,3.0,2.0,0.0,
16.0,225.0,20.0,82.0,2.0,1.0,0.0,
128.0,249.0,121.0,17.0,2.0,1.0,0.0,
16.0,10.0,138.0,57.0,9.0,7.0,0.0,
64.0,54.0,98.0,39.0,6.0,2.0,0.0,
256.0,66.0,19.0,38.0,5.0,3.0,1.0,
16.0,91.0,54.0,67.0,3.0,2.0,0.0,
32.0,233.0,82.0,88.0,5.0,3.0,0.0,
16.0,255.0,51.0,13.0,8.0,3.0,1.0,
256.0,105.0,64.0,70.0,4.0,3.0,1.0,
64.0,139.0,125.0,48.0,7.0,5.0,4.0,
128.0,114.0,20.0,55.0,9.0,8.0,5.0,
128.0,223.0,37.0,97.0,9.0,6.0,2.0,
32.0,223.0,94.0,54.0,10.0,6.0,3.0,
64.0,43.0,6.0,19.0,6.0,1.0,0.0,
16.0,123.0,15.0,55.0,2.0,1.0,0.0,
64.0,136.0,19.0,70.0,10.0,8.0,7.0,
128.0,247.0,26.0,96.0,11.0,6.0,2.0,
256.0,10.0,13.0,57.0,4.0,3.0,1.0,
32.0,168.0,124.0,53.0,11.0,7.0,4.0,
32.0,140.0,50.0,26.0,4.0,2.0,0.0,
128.0,201.0,43.0,99.0,2.0,1.0,0.0,
32.0,159.0,25.0,78.0,3.0,1.0,0.0,
64.0,79.0,158.0,66.0,8.0,5.0,0.0,
16.0,83.0,130.0,77.0,10.0,3.0,1.0,
16.0,163.0,64.0,4.0,10.0,6.0,5.0,
64.0,44.0,11.0,45.0,11.0,5.0,1.0,
32.0,133.0,164.0,91.0,2.0,1.0,0.0,
32.0,20.0,61.0,33.0,10.0,9.0,7.0,
32.0,135.0,107.0,85.0,10.0,3.0,2.0,
128.0,206.0,9.0,54.0,9.0,8.0,7.0,
128.0,17.0,44.0,50.0,11.0,9.0,4.0,
16.0,110.0,47.0,71.0,8.0,4.0,1.0,
128.0,229.0,51.0,54.0,3.0,1.0,0.0,
16.0,175.0,20.0,36.0,5.0,3.0,1.0,
64.0,231.0,66.0,31.0,7.0,1.0,0.0,
16.0,167.0,176.0,45.0,6.0,4.0,0.0,
256.0,233.0,13.0,78.0,5.0,2.0,1.0,
128.0,23.0,11.0,48.0,4.0,1.0,0.0,
16.0,114.0,120.0,54.0,5.0,4.0,0.0,
128.0,129.0,27.0,75.0,5.0,4.0,2.0,
64.0,102.0,216.0,3.0,4.0,1.0,0.0,
32.0,133.0,7.0,11.0,3.0,1.0,0.0,
64.0,60.0,49.0,62.0,3.0,1.0,0.0,
32.0,9.0,20.0,87.0,9.0,8.0,2.0,
32.0,220.0,107.0,36.0,11.0,4.0,1.0,
128.0,191.0,52.0,78.0,6.0,4.0,0.0,
256.0,140.0,79.0,17.0,5.0,1.0,0.0,
64.0,47.0,30.0,66.0,11.0,5.0,4.0,
16.0,56.0,85.0,72.0,4.0,2.0,0.0,
32.0,171.0,28.0,17.0,7.0,4.0,2.0,
128.0,153.0,58.0,40.0,2.0,1.0,0.0,
256.0,184.0,33.0,31.0,6.0,3.0,1.0,
64.0,212.0,137.0,52.0,2.0,1.0,0.0,
128.0,202.0,19.0,90.0,6.0,3.0,2.0,
256.0,5.0,8.0,3.0,2.0,1.0,0.0,
32.0,18.0,49.0,37.0,10.0,5.0,0.0,
16.0,177.0,44.0,6.0,11.0,10.0,8.0,
128.0,205.0,70.0,93.0,2.0,1.0,0.0,
32.0,52.0,21.0,81.0,10.0,8.0,0.0,
64.0,79.0,52.0,46.0,7.0,4.0,1.0,
64.0,79.0,79.0,22.0,6.0,3.0,2.0,
64.0,137.0,28.0,43.0,7.0,6.0,0.0,
128.0,155.0,38.0,24.0,5.0,3.0,1.0,
64.0,29.0,62.0,21.0,6.0,3.0,1.0,
256.0,130.0,8.0,24.0,6.0,5.0,0.0,
256.0,247.0,25.0,50.0,8.0,7.0,5.0,
128.0,191.0,80.0,9.0,10.0,2.0,1.0,
32.0,55.0,48.0,28.0,4.0,2.0,0.0,
64.0,17.0,35.0,11.0,7.0,4.0,2.0,
256.0,64.0,23.0,45.0,9.0,1.0,0.0,
64.0,185.0,30.0,37.0,3.0,2.0,1.0,
256.0,92.0,99.0,52.0,3.0,2.0,1.0,
128.0,163.0,47.0,53.0,2.0,1.0,0.0,
128.0,226.0,47.0,14.0,11.0,5.0,2.0,
16.0,192.0,50.0,79.0,10.0,9.0,6.0,
16.0,230.0,100.0,23.0,5.0,1.0,0.0,
32.0,87.0,41.0,84.0,3.0,1.0,0.0,
64.0,88.0,15.0,100.0,8.0,5.0,3.0,
16.0,95.0,21.0,88.0,10.0,1.0,0.0,
64.0,103.0,41.0,29.0,2.0,1.0,0.0,
32.0,67.0,48.0,61.0,2.0,1.0,0.0,
64.0,206.0,41.0,14.0,8.0,6.0,2.0,
16.0,6.0,24.0,77.0,9.0,5.0,0.0,
32.0,196.0,104.0,79.0,5.0,4.0,0.0,
16.0,109.0,29.0,66.0,9.0,8.0,7.0,
16.0,52.0,35.0,17.0,11.0,1.0,0.0,
256.0,105.0,52.0,15.0,5.0,1.0,0.0,
16.0,93.0,125.0,43.0,4.0,3.0,2.0,
128.0,77.0,33.0,81.0,9.0,2.0,0.0,
16.0,158.0,180.0,87.0,10.0,5.0,2.0,
64.0,123.0,98.0,88.0,7.0,4.0,1.0,
128.0,12.0,30.0,18.0,7.0,6.0,3.0,
128.0,185.0,66.0,66.0,8.0,6.0,5.0,
256.0,87.0,5.0,18.0,7.0,6.0,4.0,
32.0,88.0,160.0,49.0,4.0,2.0,1.0,
64.0,213.0,9.0,75.0,2.0,1.0,0.0,
128.0,91.0,17.0,36.0,6.0,4.0,3.0,
32.0,6.0,89.0,59.0,7.0,3.0,0.0,
16.0,200.0,29.0,68.0,4.0,1.0,0.0,
32.0,143.0,147.0,70.0,10.0,3.0,0.0,
64.0,82.0,113.0,5.0,9.0,6.0,3.0,
128.0,125.0,69.0,83.0,6.0,3.0,0.0,
64.0,221.0,208.0,56.0,2.0,1.0,0.0,
128.0,191.0,147.0,28.0,10.0,7.0,5.0,
128.0,226.0,76.0,88.0,8.0,4.0,3.0,
256.0,52.0,13.0,33.0,5.0,2.0,0.0,
128.0,231.0,5.0,13.0,5.0,2.0,0.0,
64.0,102.0,73.0,50.0,10.0,8.0,0.0,
64.0,98.0,4.0,57.0,6.0,3.0,1.0,
64.0,20.0,180.0,25.0,10.0,4.0,0.0,
32.0,1.0,149.0,14.0,3.0,2.0,0.0,
16.0,198.0,26.0,100.0,5.0,2.0,0.0,
256.0,178.0,78.0,67.0,11.0,4.0,3.0,
256.0,35.0,118.0,79.0,8.0,6.0,2.0,
32.0,198.0,91.0,93.0,4.0,3.0,0.0,
128.0,2.0,102.0,62.0,5.0,2.0,0.0,
16.0,58.0,42.0,22.0,5.0,3.0,1.0,
256.0,163.0,44.0,87.0,6.0,3.0,0.0,
128.0,111.0,105.0,99.0,6.0,3.0,0.0,
128.0,166.0,97.0,88.0,3.0,2.0,0.0,
64.0,235.0,25.0,16.0,3.0,1.0,0.0,
128.0,34.0,7.0,98.0,5.0,1.0,0.0,
