200.210744,
380.384904,
0.00496,
0.004416,
0.004608,
0.003552,
0.004928,
0.003648,
0.003584,
385.076392,
149.202152,
0.003712,
208.3292,
0.005312,
0.00336,
0.005408,
72.16258,
221.014488,
0.003392,
0.003392,
0.00352,
0.003808,
0.003552,
0.003616,
0.004192,
0.00352,
0.003808,
0.003648,
0.005568,
347.394616,
0.003904,
0.00576,
0.003424,
0.004896,
0.003552,
0.003584,
116.451776,
0.003552,
214.084064,
0.003008,
0.005184,
426.567936,
0.003776,
0.003552,
0.003168,
0.00384,
0.003712,
0.004064,
0.003456,
341.082224,
0.003264,
0.004256,
0.005056,
0.00384,
0.004256,
475.398032,
100.63196,
0.003648,
0.00352,
401.240064,
0.004576,
0.004928,
0.00368,
0.013824,
0.004064,
373.437872,
0.00368,
0.003584,
0.003648,
0.003392,
0.00352,
0.004064,
0.00384,
0.003584,
0.00352,
0.003584,
0.003808,
0.003552,
88.393612,
0.003168,
0.003552,
0.003456,
406.869488,
344.811632,
0.00352,
0.006784,
0.003136,
84.861232,
0.00496,
0.003648,
0.004384,
0.004096,
0.004416,
0.005152,
0.003776,
143.654192,
471.81148,
0.003648,
0.003136,
0.004672,
0.004288,
0.005088,
0.003968,
0.003872,
0.003712,
0.00368,
180.639552,
0.00416,
0.005504,
0.00368,
0.003392,
0.004,
0.003456,
157.741064,
230.3732,
0.003552,
45.772152,
0.003488,
0.014976,
0.003712,
338.302064,
0.003392,
0.005824,
0.003072,
395.452968,
0.003552,
0.003488,
0.004672,
0.003552,
0.00336,
0.00352,
0.003584,
302.781512,
0.00464,
0.004416,
0.003584,
397.079936,
167.191096,
310.12768,
118.67552,
0.003584,
0.003552,
0.003872,
0.003552,
401.050456,
58.052208,
0.00512,
0.003072,
0.004896,
0.00384,
87.919504,
67.956052,
0.003392,
0.00352,
0.003008,
428.039872,
0.00384,
0.003424,
0.00528,
0.003456,
0.004224,
96.563252,
0.0032,
0.00352,
0.004576,
0.003936,
0.003296,
0.004128,
0.003584,
0.003552,
0.004864,
0.003392,
0.005376,
391.180872,
0.003776,
0.00352,
0.003872,
0.00352,
0.002976,
0.003264,
0.003136,
392.785776,
0.003296,
0.00416,
0.003808,
0.003712,
0.003904,
0.018752,
0.00336,
0.0048,
0.00384,
0.0032,
0.003552,
28.644272,
0.003648,
0.00352,
322.182488,
0.003776,
0.004128,
0.003776,
399.224872,
15.821772,
24.335152,
0.00352,
0.003552,
0.003552,
188.422776,
0.00592,
157.229744,
0.003616,
0.003008,
0.0032,
39.617264,
0.004704,
0.003968,
0.003776,
0.00384,
0.003648,
90.838568,
0.003552,
0.005696,
0.0056,
278.311224,
138.916328,
0.00464,
384.978648,
0.005248,
165.659712,
0.003488,
0.004096,
0.003328,
0.004832,
0.00336,
456.957128,
372.13916,
0.00368,
388.392392,
0.003072,
0.004,
0.003936,
0.003648,
0.003616,
0.003232,
0.003584,
0.003776,
396.044712,
394.802936,
0.00336,
0.003296,
379.864,
