256.0,318500.0,21.0,
16.0,687600.0,191.0,
16.0,1491599.0,59.0,
16.0,1618400.0,30.0,
16.0,123904.0,729.0,
16.0,36518.0,2977.0,
128.0,137423.0,116.0,
16.0,80064.0,923.0,
16.0,96446.0,1015.0,
64.0,55575.0,100.0,
64.0,360150.0,8.0,
64.0,384750.0,82.0,
128.0,142884.0,104.0,
256.0,239616.0,24.0,
16.0,37518.0,303.0,
32.0,2190888.0,11.0,
32.0,237952.0,206.0,
32.0,2086668.0,6.0,
128.0,989212.0,3.0,
256.0,1881.0,2598.0,
256.0,215475.0,14.0,
128.0,246784.0,39.0,
16.0,309741.0,299.0,
64.0,372600.0,54.0,
256.0,256000.0,27.0,
256.0,576.0,3705.0,
128.0,43200.0,45.0,
128.0,6336.0,1696.0,
256.0,165649.0,49.0,
16.0,220500.0,363.0,
256.0,4158720.0,1.0,
16.0,2442110.0,29.0,
64.0,859775.0,32.0,
32.0,531.0,2507.0,
32.0,10206.0,602.0,
128.0,11979.0,1239.0,
16.0,663552.0,163.0,
256.0,14499.0,20.0,
16.0,1068309.0,45.0,
128.0,133200.0,98.0,
128.0,882000.0,10.0,
32.0,98750.0,128.0,
32.0,1220035.0,33.0,
32.0,264600.0,34.0,
16.0,22608.0,982.0,
16.0,673728.0,123.0,
64.0,43200.0,224.0,
256.0,226875.0,15.0,
256.0,410112.0,18.0,
128.0,42237.0,363.0,
128.0,400316.0,17.0,
32.0,10240.0,2472.0,
128.0,2203285.0,2.0,
256.0,2788272.0,2.0,
16.0,129712.0,818.0,
128.0,821340.0,7.0,
16.0,1779063.0,18.0,
16.0,975375.0,48.0,
16.0,305942.0,270.0,
64.0,2850976.0,7.0,
32.0,765952.0,46.0,
128.0,281554.0,36.0,
256.0,110171.0,63.0,
32.0,1643166.0,12.0,
32.0,254826.0,27.0,
16.0,1618400.0,11.0,
128.0,4316870.0,2.0,
256.0,1296.0,255.0,
256.0,492075.0,4.0,
64.0,6727.0,1864.0,
256.0,1330000.0,3.0,
128.0,3489792.0,2.0,
32.0,462384.0,38.0,
16.0,26019.0,3235.0,
256.0,1090000.0,3.0,
32.0,119064.0,95.0,
64.0,49152.0,237.0,
128.0,843551.0,10.0,
128.0,39882.0,155.0,
128.0,198352.0,25.0,
32.0,4437675.0,7.0,
32.0,1113945.0,37.0,
128.0,2524942.0,3.0,
32.0,6241.0,1043.0,
64.0,504.0,1377.0,
128.0,3741928.0,1.0,
64.0,68688.0,139.0,
32.0,73125.0,706.0,
32.0,408000.0,155.0,
256.0,156250.0,5.0,
16.0,1911.0,2601.0,
128.0,118815.0,83.0,
32.0,7320600.0,8.0,
256.0,64757.0,126.0,
32.0,1743584.0,33.0,
256.0,229992.0,21.0,
256.0,1299600.0,4.0,
256.0,773175.0,1.0,
16.0,252875.0,485.0,
32.0,2039824.0,5.0,
32.0,1831698.0,14.0,
16.0,343343.0,295.0,
256.0,1942362.0,3.0,
32.0,67600.0,634.0,
256.0,933120.0,1.0,
256.0,6804.0,1016.0,
128.0,62208.0,27.0,
128.0,314847.0,48.0,
16.0,79821.0,23.0,
32.0,13568.0,1387.0,
256.0,248768.0,6.0,
32.0,2000.0,2101.0,
16.0,3836880.0,32.0,
32.0,2784800.0,12.0,
32.0,192512.0,25.0,
16.0,51153.0,2622.0,
128.0,21025.0,69.0,
32.0,27636.0,279.0,
128.0,106624.0,91.0,
32.0,76880.0,473.0,
16.0,1877043.0,7.0,
16.0,53248.0,5.0,
128.0,77440.0,124.0,
32.0,3025.0,2305.0,
128.0,432180.0,23.0,
16.0,449152.0,221.0,
64.0,174824.0,82.0,
16.0,751109.0,139.0,
32.0,209475.0,168.0,
256.0,1516563.0,3.0,
16.0,4840.0,243.0,
64.0,115926.0,47.0,
16.0,73224.0,41.0,
64.0,344124.0,70.0,
32.0,300800.0,67.0,
32.0,89600.0,551.0,
64.0,318096.0,28.0,
32.0,64512.0,466.0,
64.0,843750.0,18.0,
64.0,2726272.0,7.0,
16.0,43560.0,629.0,
256.0,221616.0,7.0,
128.0,85176.0,21.0,
64.0,1631700.0,17.0,
64.0,150000.0,147.0,
256.0,1559968.0,2.0,
128.0,200.0,2986.0,
128.0,1524475.0,8.0,
128.0,47925.0,64.0,
64.0,23652.0,681.0,
128.0,2329600.0,2.0,
64.0,1383750.0,17.0,
16.0,92160.0,1245.0,
32.0,34225.0,359.0,
256.0,15870.0,411.0,
64.0,186300.0,7.0,
256.0,860000.0,3.0,
32.0,103194.0,205.0,
32.0,547658.0,48.0,
128.0,35344.0,104.0,
64.0,22445.0,226.0,
16.0,571824.0,219.0,
32.0,103155.0,473.0,
32.0,41574.0,99.0,
64.0,1227672.0,5.0,
32.0,948084.0,45.0,
32.0,754992.0,41.0,
128.0,104222.0,34.0,
256.0,70848.0,59.0,
128.0,515188.0,3.0,
128.0,1230644.0,11.0,
32.0,127500.0,293.0,
32.0,52900.0,475.0,
16.0,27450.0,3844.0,
16.0,1555200.0,52.0,
64.0,214455.0,29.0,
128.0,6751800.0,1.0,
128.0,813600.0,4.0,
16.0,309582.0,201.0,
32.0,3168.0,2038.0,
128.0,537500.0,15.0,
64.0,70625.0,384.0,
256.0,3916557.0,1.0,
16.0,254.0,1391.0,
64.0,386575.0,54.0,
128.0,148800.0,96.0,
128.0,18392.0,727.0,
32.0,4719.0,3155.0,
16.0,1872720.0,6.0,
16.0,103488.0,438.0,
256.0,445000.0,1.0,
256.0,16464.0,203.0,
32.0,4410.0,78.0,
256.0,215832.0,9.0,
256.0,50864.0,64.0,
256.0,262440.0,26.0,
256.0,28512.0,275.0,
128.0,798720.0,8.0,
256.0,717412.0,7.0,
32.0,907924.0,18.0,
32.0,140524.0,21.0,
256.0,13536.0,312.0,
32.0,107800.0,297.0,
32.0,10192.0,61.0,
32.0,379260.0,44.0,
256.0,13524.0,315.0,
64.0,6800000.0,3.0,
16.0,900.0,1707.0,
32.0,16393.0,3378.0,
64.0,51714.0,147.0,
64.0,24400.0,1040.0,
32.0,272250.0,175.0,
256.0,67760.0,103.0,
256.0,848776.0,7.0,
32.0,14400.0,3190.0,
64.0,8784252.0,2.0,
64.0,2193030.0,2.0,
16.0,830908.0,106.0,
256.0,62713.0,127.0,
64.0,512.0,2434.0,
64.0,5618.0,76.0,
128.0,37888.0,398.0,
64.0,125568.0,180.0,
256.0,75141.0,98.0,
128.0,87723.0,38.0,
256.0,3352500.0,1.0,
32.0,246228.0,63.0,
16.0,48375.0,1382.0,
16.0,480975.0,3.0,
16.0,2267136.0,16.0,
64.0,340605.0,12.0,
64.0,123088.0,204.0,
256.0,22445.0,182.0,
256.0,1296.0,2674.0,
32.0,2358125.0,23.0,
32.0,11552.0,3715.0,
16.0,4610925.0,10.0,
64.0,677222.0,26.0,
64.0,179707.0,123.0,
64.0,6300.0,3495.0,
256.0,1243940.0,1.0,
128.0,198288.0,81.0,
256.0,81796.0,57.0,
256.0,226800.0,6.0,
256.0,1170450.0,2.0,
128.0,3643200.0,2.0,
32.0,140288.0,37.0,
16.0,20088.0,1597.0,
32.0,952544.0,32.0,
256.0,2512.0,2588.0,
256.0,308700.0,10.0,
256.0,1089.0,962.0,
16.0,202860.0,243.0,
32.0,6055749.0,7.0,
32.0,102900.0,366.0,
256.0,598732.0,2.0,
256.0,790704.0,2.0,
256.0,1620.0,1572.0,
16.0,84872.0,1072.0,
16.0,254113.0,524.0,
32.0,8820.0,1434.0,
32.0,39825.0,1037.0,
32.0,1560546.0,13.0,
32.0,363312.0,34.0,
64.0,536519.0,55.0,
16.0,3420000.0,1.0,
128.0,184815.0,20.0,
16.0,948632.0,37.0,
16.0,622340.0,180.0,
64.0,1398592.0,15.0,
256.0,2596769.0,2.0,
16.0,249704.0,252.0,
64.0,280908.0,50.0,
32.0,35828.0,1738.0,
16.0,193167.0,298.0,
64.0,4358133.0,4.0,
16.0,94464.0,1114.0,
256.0,1665075.0,2.0,
64.0,47628.0,683.0,
64.0,834954.0,10.0,
16.0,32800.0,3364.0,
32.0,5324.0,2513.0,
64.0,2336.0,2147.0,
256.0,766536.0,9.0,
32.0,31488.0,1472.0,
256.0,2234400.0,2.0,
256.0,89856.0,76.0,
64.0,2880425.0,3.0,
32.0,2645.0,1905.0,
16.0,132.0,792.0,
32.0,2312500.0,22.0,
64.0,738684.0,41.0,
64.0,76532.0,116.0,
32.0,177408.0,342.0,
32.0,120032.0,307.0,
32.0,467313.0,37.0,
64.0,4860.0,31.0,
128.0,398544.0,38.0,
128.0,2752508.0,5.0,
128.0,13924.0,400.0,
16.0,75690.0,1003.0,
128.0,1236544.0,7.0,
128.0,836944.0,15.0,
16.0,41574.0,2688.0,
256.0,404247.0,2.0,
16.0,777400.0,56.0,
64.0,784000.0,7.0,
64.0,1058400.0,4.0,
128.0,123201.0,116.0,
32.0,118803.0,179.0,
64.0,347612.0,83.0,
64.0,799952.0,35.0,
128.0,27216.0,278.0,
32.0,16650.0,3449.0,
32.0,910800.0,14.0,
128.0,4508.0,3528.0,
128.0,2225432.0,3.0,
128.0,2174436.0,2.0,
16.0,17600.0,87.0,
16.0,514188.0,138.0,
256.0,360.0,2622.0,
256.0,11999.0,269.0,
32.0,542626.0,86.0,
32.0,1947663.0,12.0,
256.0,899496.0,1.0,
32.0,30400.0,630.0,
128.0,14661.0,555.0,
32.0,585336.0,25.0,
32.0,31740.0,828.0,
32.0,40192.0,813.0,
128.0,1163252.0,4.0,
16.0,39200.0,646.0,
128.0,18600.0,606.0,
64.0,112627.0,25.0,
64.0,1679575.0,18.0,
128.0,5488.0,1015.0,
256.0,97.0,340.0,
256.0,3016608.0,1.0,
256.0,964.0,1568.0,
16.0,8128.0,1914.0,
32.0,9800.0,1326.0,
32.0,25488.0,219.0,
32.0,100188.0,531.0,
16.0,25500.0,896.0,
16.0,476280.0,224.0,
64.0,1281008.0,18.0,
128.0,227500.0,69.0,
16.0,3204370.0,18.0,
128.0,1160976.0,6.0,
256.0,1129621.0,5.0,
256.0,227.0,963.0,
16.0,19300.0,191.0,
64.0,61268.0,132.0,
32.0,178112.0,345.0,
64.0,5234944.0,3.0,
32.0,848256.0,36.0,
256.0,571896.0,2.0,
16.0,1440.0,1201.0,
128.0,3250033.0,4.0,
16.0,672543.0,148.0,
128.0,10609.0,1054.0,
16.0,1377.0,1885.0,
16.0,9000.0,493.0,
16.0,13122.0,614.0,
256.0,174902.0,14.0,
256.0,83824.0,99.0,
64.0,1372.0,3138.0,
256.0,19208.0,134.0,
256.0,11154.0,518.0,
32.0,126846.0,246.0,
16.0,567931.0,55.0,
256.0,5000.0,1159.0,
64.0,242172.0,70.0,
128.0,396.0,746.0,
128.0,2229933.0,1.0,
32.0,3860540.0,1.0,
128.0,340800.0,32.0,
64.0,99238.0,325.0,
16.0,1924740.0,64.0,
32.0,1524258.0,22.0,
16.0,43907.0,1203.0,
32.0,556182.0,114.0,
128.0,575552.0,26.0,
32.0,169000.0,158.0,
16.0,37905.0,2983.0,
256.0,320006.0,22.0,
256.0,408375.0,8.0,
16.0,20025.0,303.0,
16.0,598016.0,67.0,
256.0,3371200.0,1.0,
32.0,1278825.0,23.0,
16.0,647466.0,177.0,
128.0,3646089.0,3.0,
16.0,1920.0,1869.0,
128.0,472.0,447.0,
128.0,6464.0,409.0,
64.0,291600.0,95.0,
256.0,26784.0,15.0,
64.0,720252.0,28.0,
128.0,656208.0,6.0,
128.0,5322912.0,1.0,
128.0,208444.0,4.0,
32.0,809676.0,51.0,
32.0,8100.0,273.0,
16.0,448987.0,85.0,
16.0,98750.0,1171.0,
128.0,539784.0,25.0,
32.0,938223.0,47.0,
256.0,7514.0,994.0,
32.0,10648.0,3180.0,
128.0,21200.0,704.0,
256.0,807651.0,3.0,
16.0,294.0,3217.0,
16.0,946764.0,47.0,
64.0,561834.0,17.0,
64.0,1995525.0,15.0,
32.0,211968.0,99.0,
32.0,2770873.0,12.0,
32.0,91694.0,371.0,
32.0,606232.0,2.0,
32.0,28812.0,2192.0,
64.0,1009944.0,29.0,
256.0,321726.0,8.0,
256.0,179974.0,10.0,
64.0,818583.0,9.0,
256.0,129.0,503.0,
16.0,160000.0,537.0,
64.0,157500.0,96.0,
16.0,1042648.0,93.0,
256.0,387200.0,17.0,
256.0,49284.0,114.0,
256.0,181012.0,11.0,
16.0,59616.0,1712.0,
64.0,333099.0,25.0,
256.0,8427.0,427.0,
64.0,79763.0,144.0,
128.0,1091475.0,5.0,
128.0,612255.0,5.0,
32.0,85176.0,503.0,
16.0,1200.0,3769.0,
128.0,50901.0,297.0,
64.0,186624.0,127.0,
128.0,2055168.0,1.0,
256.0,115.0,733.0,
256.0,836670.0,8.0,
64.0,98343.0,235.0,
16.0,19652.0,1959.0,
256.0,292668.0,17.0,
256.0,1768240.0,3.0,
256.0,388962.0,9.0,
16.0,82764.0,980.0,
256.0,275169.0,9.0,
256.0,151008.0,39.0,
32.0,84672.0,571.0,
128.0,37518.0,310.0,
256.0,55.0,1364.0,
64.0,3472.0,1581.0,
32.0,376768.0,98.0,
32.0,58870.0,403.0,
32.0,1800.0,3335.0,
64.0,1158966.0,26.0,
256.0,180774.0,10.0,
128.0,1481125.0,7.0,
32.0,262808.0,221.0,
256.0,107325.0,52.0,
256.0,87131.0,67.0,
32.0,448592.0,18.0,
256.0,33235.0,150.0,
256.0,15376.0,106.0,
128.0,1508691.0,8.0,
64.0,4536.0,2875.0,
256.0,33327.0,9.0,
64.0,774198.0,33.0,
64.0,225254.0,5.0,
128.0,8343.0,848.0,
256.0,577500.0,12.0,
64.0,661232.0,23.0,
32.0,4131.0,2141.0,
64.0,478242.0,16.0,
16.0,51005.0,2395.0,
64.0,958300.0,21.0,
128.0,126852.0,85.0,
128.0,11520.0,11.0,
64.0,109025.0,87.0,
256.0,43940.0,170.0,
256.0,34.0,650.0,
64.0,2440000.0,1.0,
32.0,8450.0,2724.0,
256.0,11123.0,554.0,
128.0,2406250.0,4.0,
128.0,628460.0,14.0,
64.0,227136.0,57.0,
256.0,33712.0,52.0,
32.0,45012.0,830.0,
16.0,873.0,122.0,
32.0,10692.0,1108.0,
256.0,166617.0,20.0,
256.0,658368.0,10.0,
256.0,916588.0,3.0,
32.0,140.0,1929.0,
32.0,698775.0,44.0,
32.0,348300.0,157.0,
32.0,309741.0,91.0,
16.0,1339560.0,96.0,
16.0,722500.0,117.0,
16.0,2160000.0,28.0,
64.0,68600.0,128.0,
128.0,39788.0,9.0,
16.0,467856.0,262.0,
16.0,15972.0,3210.0,
16.0,2768424.0,28.0,
16.0,6336.0,2537.0,
64.0,108300.0,18.0,
16.0,169344.0,72.0,
128.0,8712.0,1627.0,
256.0,11200.0,119.0,
16.0,78608.0,412.0,
128.0,550800.0,12.0,
128.0,86436.0,33.0,
256.0,852.0,367.0,
32.0,6468.0,829.0,
32.0,813694.0,44.0,
16.0,737123.0,59.0,
64.0,27900.0,669.0,
128.0,45619.0,103.0,
16.0,290400.0,449.0,
64.0,2025.0,1193.0,
128.0,2049813.0,3.0,
32.0,104544.0,495.0,
128.0,525116.0,5.0,
64.0,1566491.0,8.0,
16.0,3082004.0,11.0,
16.0,181440.0,663.0,
64.0,2467157.0,2.0,
64.0,833.0,3456.0,
32.0,1998857.0,28.0,
16.0,782775.0,28.0,
16.0,675792.0,196.0,
16.0,531196.0,215.0,
256.0,1315799.0,3.0,
256.0,150590.0,11.0,
16.0,3327835.0,7.0,
16.0,191808.0,654.0,
256.0,44436.0,8.0,
16.0,233428.0,263.0,
128.0,108416.0,39.0,
16.0,520200.0,121.0,
64.0,2150400.0,11.0,
32.0,5733.0,3128.0,
16.0,1195011.0,66.0,
32.0,117900.0,320.0,
64.0,527616.0,35.0,
32.0,831324.0,1.0,
16.0,161838.0,154.0,
64.0,878400.0,34.0,
256.0,512325.0,15.0,
128.0,218050.0,64.0,
32.0,1010322.0,15.0,
16.0,3540186.0,12.0,
64.0,38637.0,217.0,
64.0,2444904.0,3.0,
256.0,1770093.0,2.0,
32.0,360000.0,153.0,
256.0,2241088.0,2.0,
256.0,167214.0,46.0,
64.0,659100.0,26.0,
32.0,312000.0,36.0,
256.0,3087.0,2058.0,
256.0,77760.0,66.0,
32.0,452965.0,122.0,
256.0,51304.0,43.0,
64.0,1175188.0,25.0,
32.0,2608335.0,11.0,
32.0,2744280.0,21.0,
32.0,26378.0,1398.0,
128.0,170723.0,95.0,
256.0,19375.0,115.0,
128.0,691488.0,9.0,
32.0,551696.0,64.0,
256.0,31046.0,30.0,
256.0,145800.0,49.0,
256.0,205000.0,10.0,
32.0,11250.0,306.0,
256.0,5487200.0,1.0,
32.0,141288.0,138.0,
32.0,1771200.0,8.0,
32.0,125388.0,34.0,
16.0,7596.0,2787.0,
64.0,803531.0,36.0,
256.0,63175.0,27.0,
32.0,2505628.0,6.0,
16.0,2205459.0,4.0,
32.0,232730.0,233.0,
16.0,7848.0,1761.0,
32.0,119556.0,105.0,
64.0,122694.0,228.0,
16.0,1620709.0,6.0,
256.0,1369580.0,5.0,
256.0,2609152.0,1.0,
16.0,4056372.0,14.0,
256.0,11178.0,233.0,
64.0,882.0,1188.0,
16.0,154548.0,718.0,
64.0,22050.0,1493.0,
16.0,2145024.0,12.0,
256.0,692719.0,9.0,
256.0,1143080.0,1.0,
64.0,221067.0,75.0,
64.0,327184.0,47.0,
32.0,829440.0,53.0,
128.0,887250.0,8.0,
16.0,1005431.0,45.0,
16.0,1286604.0,9.0,
16.0,172773.0,542.0,
64.0,527877.0,44.0,
32.0,53958.0,374.0,
128.0,19363.0,862.0,
128.0,5000.0,2969.0,
32.0,153760.0,293.0,
128.0,5888.0,295.0,
32.0,40733.0,805.0,
64.0,2683044.0,4.0,
32.0,1749582.0,34.0,
32.0,753664.0,76.0,
256.0,326114.0,22.0,
128.0,45369.0,44.0,
64.0,121296.0,219.0,
64.0,206.0,1422.0,
128.0,223147.0,59.0,
16.0,356800.0,170.0,
256.0,1241933.0,4.0,
64.0,3047424.0,3.0,
128.0,682344.0,8.0,
16.0,402896.0,120.0,
16.0,16038.0,3291.0,
128.0,98400.0,61.0,
128.0,3923064.0,3.0,
128.0,3177090.0,1.0,
32.0,28512.0,1303.0,
16.0,354564.0,89.0,
256.0,201096.0,19.0,
64.0,988812.0,30.0,
256.0,2811024.0,1.0,
256.0,19723.0,161.0,
128.0,1233792.0,7.0,
128.0,129472.0,34.0,
128.0,728728.0,3.0,
256.0,1040000.0,2.0,
256.0,4433463.0,1.0,
32.0,41472.0,458.0,
256.0,1507175.0,4.0,
64.0,294335.0,21.0,
32.0,2929446.0,18.0,
32.0,232375.0,228.0,
256.0,122786.0,18.0,
256.0,3608550.0,1.0,
16.0,329184.0,403.0,
128.0,174824.0,38.0,
128.0,417500.0,19.0,
16.0,2752304.0,17.0,
64.0,31164.0,436.0,
128.0,282123.0,39.0,
256.0,171.0,2723.0,
32.0,105125.0,365.0,
16.0,257544.0,450.0,
64.0,262558.0,52.0,
256.0,847458.0,7.0,
32.0,31200.0,1337.0,
16.0,44890.0,1494.0,
64.0,4782888.0,1.0,
16.0,8092.0,1016.0,
64.0,9016.0,1170.0,
128.0,850816.0,12.0,
256.0,4336992.0,1.0,
128.0,3189375.0,1.0,
32.0,2508228.0,20.0,
32.0,646070.0,61.0,
256.0,383268.0,1.0,
32.0,1695456.0,17.0,
32.0,1831698.0,1.0,
256.0,3283456.0,1.0,
16.0,82140.0,693.0,
64.0,47996.0,527.0,
256.0,516675.0,6.0,
128.0,1994496.0,7.0,
64.0,1995525.0,1.0,
64.0,806450.0,29.0,
128.0,1868184.0,2.0,
64.0,2202100.0,12.0,
16.0,59711.0,549.0,
64.0,1699200.0,9.0,
128.0,296032.0,42.0,
256.0,488187.0,8.0,
16.0,7916636.0,14.0,
256.0,185400.0,14.0,
128.0,730688.0,7.0,
64.0,90160.0,242.0,
128.0,2578177.0,4.0,
128.0,16820.0,216.0,
16.0,972.0,1099.0,
32.0,86700.0,679.0,
32.0,130752.0,22.0,
16.0,274912.0,186.0,
32.0,7488.0,1671.0,
32.0,275184.0,191.0,
128.0,1001325.0,7.0,
256.0,159526.0,37.0,
32.0,24696.0,176.0,
32.0,481562.0,54.0,
128.0,56376.0,39.0,
16.0,32634.0,2561.0,
64.0,70516.0,328.0,
64.0,261393.0,43.0,
64.0,7236.0,1459.0,
16.0,191700.0,243.0,
256.0,8820.0,4.0,
32.0,392533.0,44.0,
16.0,594880.0,138.0,
64.0,2191020.0,9.0,
32.0,3992184.0,3.0,
256.0,77760.0,98.0,
64.0,1269668.0,9.0,
16.0,120050.0,200.0,
128.0,20736.0,309.0,
256.0,992.0,709.0,
64.0,224.0,2688.0,
256.0,316224.0,7.0,
128.0,277196.0,24.0,
64.0,559872.0,58.0,
64.0,4147812.0,5.0,
64.0,36864.0,215.0,
128.0,1713960.0,7.0,
16.0,2529728.0,26.0,
64.0,306128.0,27.0,
16.0,95139.0,886.0,
128.0,110450.0,78.0,
128.0,48640.0,226.0,
16.0,8019.0,1079.0,
128.0,62775.0,164.0,
16.0,295885.0,356.0,
256.0,58089.0,21.0,
16.0,379456.0,341.0,
16.0,106742.0,303.0,
64.0,933750.0,13.0,
64.0,30870.0,135.0,
128.0,18432.0,103.0,
16.0,93092.0,1266.0,
128.0,920.0,3510.0,
256.0,83125.0,12.0,
256.0,614656.0,4.0,
16.0,18252.0,1218.0,
256.0,162.0,2987.0,
32.0,1016955.0,39.0,
64.0,1158174.0,22.0,
16.0,30324.0,1687.0,
64.0,213444.0,15.0,
256.0,4110411.0,1.0,
16.0,393040.0,338.0,
64.0,70848.0,268.0,
256.0,7095600.0,1.0,
32.0,87552.0,576.0,
128.0,154880.0,60.0,
16.0,195364.0,51.0,
256.0,4408272.0,1.0,
16.0,210600.0,451.0,
16.0,1127100.0,24.0,
32.0,116736.0,200.0,
64.0,62422.0,395.0,
32.0,225.0,2815.0,
128.0,150625.0,1.0,
16.0,23912.0,525.0,
256.0,585728.0,9.0,
32.0,960646.0,62.0,
32.0,45968.0,567.0,
16.0,6500.0,1798.0,
64.0,1405240.0,3.0,
128.0,90000.0,55.0,
16.0,2281048.0,33.0,
16.0,3810789.0,6.0,
128.0,107916.0,114.0,
32.0,105350.0,133.0,
16.0,9193212.0,9.0,
16.0,1375656.0,32.0,
64.0,450.0,1523.0,
16.0,1156.0,3392.0,
256.0,559872.0,6.0,
16.0,4097390.0,19.0,
64.0,396981.0,80.0,
64.0,116964.0,283.0,
32.0,47916.0,656.0,
256.0,196608.0,21.0,
32.0,46546.0,854.0,
64.0,80736.0,56.0,
256.0,327680.0,19.0,
256.0,16807.0,471.0,
128.0,2138312.0,3.0,
64.0,1167621.0,11.0,
64.0,48884.0,517.0,
128.0,1227755.0,8.0,
64.0,888681.0,6.0,
32.0,558552.0,21.0,
128.0,131875.0,29.0,
64.0,190608.0,126.0,
16.0,37859.0,1519.0,
16.0,221184.0,121.0,
64.0,4179792.0,1.0,
32.0,561924.0,17.0,
32.0,78057.0,182.0,
32.0,228096.0,103.0,
256.0,211548.0,25.0,
128.0,162916.0,10.0,
16.0,16317.0,554.0,
64.0,594880.0,51.0,
16.0,224334.0,33.0,
128.0,2500512.0,3.0,
32.0,75712.0,767.0,
32.0,8487200.0,6.0,
128.0,136800.0,98.0,
16.0,68276.0,499.0,
16.0,3725.0,1437.0,
32.0,5369468.0,7.0,
256.0,82944.0,91.0,
64.0,96668.0,296.0,
64.0,779760.0,30.0,
256.0,44032.0,133.0,
128.0,267050.0,22.0,
256.0,624240.0,4.0,
16.0,1385144.0,18.0,
128.0,11737.0,376.0,
128.0,3382071.0,3.0,
32.0,238950.0,172.0,
64.0,4220568.0,3.0,
256.0,1653372.0,3.0,
64.0,176824.0,179.0,
64.0,3152542.0,5.0,
16.0,316.0,369.0,
16.0,243997.0,251.0,
256.0,3207600.0,1.0,
128.0,1908.0,977.0,
256.0,494606.0,9.0,
32.0,123257.0,236.0,
128.0,1951120.0,3.0,
32.0,1513226.0,10.0,
32.0,1807117.0,26.0,
32.0,2736.0,3548.0,
16.0,452530.0,47.0,
16.0,92512.0,302.0,
128.0,686637.0,3.0,
16.0,171836.0,357.0,
16.0,1617.0,557.0,
64.0,2733122.0,1.0,
16.0,4949982.0,9.0,
16.0,1344564.0,75.0,
32.0,6912.0,224.0,
64.0,225000.0,102.0,
256.0,3973888.0,1.0,
64.0,14832.0,906.0,
64.0,7308.0,244.0,
64.0,469646.0,8.0,
32.0,1301696.0,17.0,
16.0,557032.0,45.0,
256.0,3996081.0,1.0,
256.0,4919600.0,1.0,
256.0,288.0,650.0,
16.0,405504.0,15.0,
64.0,34969.0,763.0,
32.0,176400.0,184.0,
64.0,162900.0,140.0,
128.0,20172.0,535.0,
256.0,1818.0,2550.0,
16.0,8107.0,3918.0,
256.0,90387.0,77.0,
256.0,5739900.0,1.0,
256.0,19363.0,421.0,
32.0,239.0,3810.0,
128.0,4429484.0,1.0,
32.0,106964.0,390.0,
64.0,1277332.0,19.0,
256.0,25650.0,287.0,
256.0,463104.0,7.0,
32.0,3636471.0,3.0,
64.0,173151.0,73.0,
256.0,3025800.0,1.0,
128.0,12500.0,1127.0,
16.0,16400.0,637.0,
32.0,91008.0,512.0,
32.0,11858.0,3887.0,
256.0,104000.0,24.0,
64.0,675792.0,12.0,
64.0,358938.0,71.0,
128.0,1627648.0,9.0,
128.0,644.0,87.0,
64.0,3765625.0,7.0,
256.0,1590121.0,4.0,
32.0,678704.0,80.0,
64.0,123201.0,91.0,
32.0,462704.0,124.0,
64.0,743232.0,18.0,
32.0,284427.0,195.0,
128.0,253028.0,45.0,
64.0,5371632.0,4.0,
64.0,104284.0,320.0,
64.0,5099724.0,3.0,
32.0,50400.0,450.0,
64.0,9248.0,2975.0,
16.0,584197.0,73.0,
128.0,978432.0,13.0,
32.0,591658.0,12.0,
256.0,18176.0,233.0,
256.0,2896597.0,1.0,
256.0,1221025.0,2.0,
16.0,1648.0,3194.0,
64.0,682344.0,24.0,
32.0,417450.0,35.0,
32.0,8134.0,3597.0,
128.0,615612.0,16.0,
16.0,1681750.0,68.0,
32.0,3398400.0,18.0,
64.0,377600.0,78.0,
128.0,38592.0,103.0,
64.0,182952.0,65.0,
16.0,334080.0,140.0,
32.0,20.0,10.0,
32.0,100352.0,495.0,
128.0,1875.0,2269.0,
64.0,1793448.0,11.0,
16.0,2589014.0,7.0,
256.0,26568.0,16.0,
256.0,40460.0,83.0,
32.0,1278.0,2415.0,
16.0,453600.0,9.0,
16.0,348300.0,25.0,
16.0,2528900.0,2.0,
16.0,431568.0,81.0,
16.0,958230.0,7.0,
16.0,3040.0,3951.0,
256.0,382788.0,20.0,
16.0,1278.0,3367.0,
128.0,480378.0,17.0,
256.0,134096.0,37.0,
32.0,51984.0,390.0,
256.0,9984.0,396.0,
32.0,340216.0,58.0,
32.0,115248.0,21.0,
32.0,129960.0,332.0,
64.0,1297998.0,19.0,
256.0,39936.0,96.0,
256.0,67914.0,72.0,
128.0,131196.0,97.0,
16.0,305025.0,163.0,
256.0,158949.0,6.0,
16.0,990288.0,95.0,
32.0,73084.0,530.0,
32.0,1246986.0,24.0,
256.0,291600.0,14.0,
64.0,5073208.0,2.0,
128.0,2048695.0,3.0,
128.0,1460680.0,6.0,
64.0,270400.0,91.0,
64.0,10535.0,907.0,
64.0,1083797.0,26.0,
32.0,40733.0,1332.0,
64.0,2030000.0,1.0,
256.0,73647.0,81.0,
64.0,1202211.0,22.0,
16.0,3182832.0,35.0,
256.0,91200.0,52.0,
256.0,2460051.0,2.0,
64.0,159744.0,135.0,
32.0,349648.0,126.0,
32.0,514692.0,74.0,
16.0,15041.0,2306.0,
16.0,2187.0,863.0,
16.0,1156.0,2377.0,
128.0,3895547.0,1.0,
16.0,536256.0,237.0,
64.0,863272.0,28.0,
128.0,27216.0,78.0,
64.0,1407738.0,22.0,
256.0,1848411.0,2.0,
256.0,305025.0,15.0,
128.0,288859.0,5.0,
256.0,231192.0,21.0,
32.0,132023.0,242.0,
128.0,74304.0,218.0,
32.0,3168400.0,5.0,
32.0,40560.0,359.0,
32.0,2370375.0,21.0,
64.0,3300084.0,8.0,
16.0,151263.0,576.0,
16.0,249900.0,30.0,
128.0,30600.0,259.0,
256.0,79872.0,45.0,
32.0,49248.0,202.0,
16.0,3267.0,3820.0,
128.0,188272.0,85.0,
16.0,642663.0,54.0,
128.0,8410.0,832.0,
64.0,216849.0,97.0,
128.0,4324500.0,2.0,
16.0,94000.0,308.0,
16.0,129076.0,519.0,
32.0,8000.0,387.0,
128.0,4500.0,2447.0,
32.0,8330.0,81.0,
128.0,1352.0,1580.0,
16.0,518003.0,15.0,
32.0,9187432.0,4.0,
32.0,1584276.0,18.0,
32.0,984998.0,29.0,
128.0,8568.0,1660.0,
128.0,57132.0,218.0,
16.0,245025.0,50.0,
256.0,113664.0,11.0,
256.0,13689.0,544.0,
16.0,2575089.0,21.0,
16.0,20736.0,697.0,
128.0,394149.0,14.0,
32.0,15552.0,1389.0,
64.0,158720.0,60.0,
256.0,342698.0,21.0,
64.0,307623.0,32.0,
64.0,1009200.0,7.0,
64.0,6156.0,2296.0,
16.0,699441.0,76.0,
128.0,3770396.0,2.0,
128.0,1422.0,3940.0,
128.0,4954117.0,1.0,
32.0,447534.0,110.0,
256.0,18928.0,350.0,
128.0,945700.0,13.0,
16.0,3568.0,1133.0,
32.0,464.0,1136.0,
16.0,1203992.0,21.0,
128.0,6936.0,602.0,
64.0,7666400.0,2.0,
128.0,777689.0,10.0,
32.0,28717.0,101.0,
128.0,4355775.0,2.0,
128.0,96800.0,115.0,
16.0,13696.0,3621.0,
64.0,3871.0,664.0,
32.0,1769472.0,8.0,
32.0,467636.0,90.0,
32.0,413952.0,136.0,
16.0,1242.0,2553.0,
128.0,47320.0,84.0,
64.0,6266880.0,3.0,
32.0,1228800.0,16.0,
128.0,83248.0,36.0,
16.0,2839200.0,22.0,
64.0,166912.0,191.0,
64.0,1584276.0,1.0,
32.0,237620.0,46.0,
16.0,2312698.0,10.0,
64.0,591381.0,21.0,
256.0,3873744.0,1.0,
128.0,455877.0,29.0,
16.0,4500.0,136.0,
128.0,106782.0,153.0,
256.0,2801136.0,1.0,
128.0,509184.0,7.0,
32.0,2671552.0,5.0,
256.0,8100.0,103.0,
16.0,545623.0,5.0,
64.0,135401.0,122.0,
64.0,35200.0,410.0,
16.0,32175.0,1120.0,
16.0,23660.0,3284.0,
64.0,235340.0,40.0,
32.0,4356504.0,10.0,
64.0,379456.0,5.0,
64.0,348100.0,7.0,
32.0,1095888.0,58.0,
128.0,31500.0,34.0,
64.0,187392.0,172.0,
64.0,8480000.0,2.0,
128.0,23120.0,328.0,
16.0,1275948.0,74.0,
64.0,324480.0,86.0,
256.0,2152089.0,1.0,
64.0,2047537.0,11.0,
256.0,102675.0,15.0,
32.0,764956.0,33.0,
128.0,705672.0,10.0,
128.0,3370788.0,2.0,
16.0,30927.0,2704.0,
256.0,1607472.0,1.0,
256.0,99275.0,19.0,
256.0,104544.0,16.0,
128.0,69803.0,29.0,
16.0,9882.0,2359.0,
64.0,4534272.0,6.0,
16.0,164268.0,461.0,
16.0,666.0,2917.0,
256.0,43639.0,130.0,
128.0,1190700.0,4.0,
16.0,41553.0,2710.0,
16.0,2016.0,441.0,
128.0,351256.0,43.0,
256.0,620000.0,5.0,
64.0,41574.0,761.0,
32.0,4998.0,208.0,
128.0,171564.0,82.0,
64.0,296352.0,76.0,
256.0,101306.0,6.0,
256.0,68796.0,41.0,
128.0,3096.0,2979.0,
16.0,8300.0,1126.0,
256.0,317925.0,19.0,
32.0,101728.0,410.0,
64.0,242352.0,19.0,
64.0,3216320.0,7.0,
16.0,96256.0,910.0,
64.0,417500.0,55.0,
16.0,131904.0,186.0,
16.0,764679.0,27.0,
16.0,95348.0,1332.0,
256.0,20808.0,261.0,
16.0,270504.0,149.0,
256.0,235872.0,15.0,
32.0,289132.0,56.0,
64.0,78498.0,37.0,
32.0,871875.0,51.0,
32.0,7678800.0,6.0,
128.0,38988.0,45.0,
256.0,13056.0,483.0,
128.0,9826.0,463.0,
32.0,63580.0,187.0,
32.0,400192.0,124.0,
128.0,24.0,2685.0,
128.0,29988.0,248.0,
16.0,20412.0,1158.0,
32.0,45056.0,496.0,
128.0,4160.0,2479.0,
256.0,744175.0,5.0,
256.0,527500.0,8.0,
256.0,5568.0,776.0,
16.0,34307.0,2641.0,
32.0,283824.0,221.0,
128.0,79879.0,101.0,
256.0,915756.0,6.0,
64.0,244608.0,78.0,
128.0,1270839.0,12.0,
64.0,646425.0,14.0,
32.0,4800.0,643.0,
128.0,1015101.0,7.0,
256.0,25200.0,5.0,
256.0,702000.0,1.0,
128.0,561224.0,2.0,
256.0,187543.0,4.0,
32.0,172225.0,167.0,
32.0,797148.0,8.0,
16.0,2713295.0,29.0,
64.0,14208.0,858.0,
16.0,920.0,1581.0,
128.0,167164.0,79.0,
64.0,3450438.0,6.0,
16.0,2469240.0,27.0,
256.0,88938.0,17.0,
256.0,238144.0,3.0,
256.0,2688.0,2746.0,
64.0,492032.0,43.0,
16.0,606033.0,201.0,
128.0,698224.0,18.0,
128.0,907184.0,12.0,
16.0,255000.0,491.0,
32.0,267140.0,239.0,
16.0,84800.0,1276.0,
32.0,888.0,1943.0,
16.0,105625.0,896.0,
64.0,2682720.0,5.0,
32.0,1148344.0,28.0,
16.0,25992.0,2980.0,
64.0,699328.0,29.0,
256.0,947264.0,2.0,
128.0,1898496.0,3.0,
16.0,1459108.0,79.0,
64.0,321600.0,56.0,
32.0,143312.0,74.0,
128.0,148176.0,42.0,
32.0,46208.0,1286.0,
16.0,4853952.0,23.0,
256.0,6917068.0,1.0,
32.0,82764.0,154.0,
16.0,954084.0,71.0,
64.0,132848.0,214.0,
128.0,441650.0,31.0,
256.0,93200.0,2.0,
128.0,385112.0,16.0,
64.0,113724.0,93.0,
128.0,169.0,3119.0,
32.0,10176.0,3427.0,
64.0,655200.0,48.0,
16.0,2037126.0,28.0,
32.0,65598.0,956.0,
16.0,147825.0,723.0,
128.0,2122416.0,1.0,
256.0,2900.0,869.0,
32.0,173502.0,292.0,
16.0,5053045.0,3.0,
16.0,14528.0,1577.0,
16.0,1309275.0,61.0,
128.0,3064560.0,3.0,
128.0,119232.0,92.0,
16.0,214455.0,6.0,
128.0,1369000.0,5.0,
16.0,239292.0,104.0,
64.0,174724.0,188.0,
64.0,2102825.0,8.0,
32.0,60800.0,66.0,
256.0,1195011.0,4.0,
16.0,650934.0,141.0,
256.0,5784624.0,1.0,
16.0,826680.0,157.0,
64.0,3852.0,3497.0,
128.0,141312.0,64.0,
128.0,780804.0,5.0,
128.0,492075.0,5.0,
128.0,421824.0,6.0,
128.0,259308.0,5.0,
32.0,137500.0,197.0,
128.0,3102867.0,1.0,
32.0,3300.0,3017.0,
32.0,196044.0,184.0,
256.0,785565.0,9.0,
128.0,275562.0,31.0,
64.0,41236.0,97.0,
16.0,2475000.0,26.0,
64.0,774144.0,19.0,
32.0,595428.0,36.0,
256.0,5366938.0,1.0,
16.0,187792.0,302.0,
64.0,130355.0,203.0,
256.0,21150.0,326.0,
32.0,119168.0,172.0,
16.0,368475.0,307.0,
16.0,170093.0,367.0,
32.0,2435536.0,9.0,
128.0,12936.0,943.0,
32.0,4081379.0,14.0,
32.0,332992.0,97.0,
128.0,1250.0,3426.0,
16.0,1198800.0,47.0,
64.0,3874752.0,2.0,
256.0,2877660.0,1.0,
16.0,186276.0,163.0,
64.0,429777.0,59.0,
32.0,18375.0,2277.0,
32.0,342792.0,119.0,
128.0,4582400.0,2.0,
256.0,116380.0,33.0,
128.0,44.0,838.0,
64.0,230640.0,63.0,
32.0,416160.0,19.0,
64.0,489888.0,8.0,
64.0,192.0,289.0,
128.0,1544076.0,4.0,
128.0,938223.0,7.0,
256.0,194672.0,3.0,
16.0,356445.0,125.0,
32.0,9792.0,140.0,
16.0,5929.0,1142.0,
256.0,14700.0,396.0,
64.0,123300.0,251.0,
32.0,71.0,364.0,
16.0,309488.0,416.0,
256.0,2380500.0,2.0,
32.0,1599104.0,4.0,
16.0,336141.0,322.0,
16.0,20736.0,1908.0,
128.0,244800.0,7.0,
64.0,145.0,2271.0,
256.0,562788.0,9.0,
256.0,205048.0,25.0,
64.0,184049.0,155.0,
128.0,99636.0,151.0,
64.0,1620709.0,9.0,
64.0,2628.0,1622.0,
16.0,1886592.0,49.0,
256.0,361978.0,17.0,
128.0,34656.0,429.0,
32.0,2102464.0,18.0,
128.0,234.0,2612.0,
64.0,3338496.0,9.0,
64.0,15309.0,1090.0,
64.0,162000.0,14.0,
32.0,22747.0,1313.0,
64.0,605.0,1416.0,
32.0,294350.0,182.0,
128.0,2763459.0,4.0,
64.0,1584.0,1320.0,
256.0,65596.0,42.0,
16.0,35152.0,1492.0,
16.0,152500.0,219.0,
256.0,26714.0,158.0,
16.0,21538.0,1608.0,
256.0,1680700.0,3.0,
256.0,203604.0,28.0,
32.0,1781120.0,13.0,
256.0,3962336.0,1.0,
32.0,248832.0,68.0,
256.0,93312.0,40.0,
64.0,348316.0,1.0,
64.0,45927.0,552.0,
64.0,638604.0,37.0,
128.0,285442.0,11.0,
256.0,25012.0,310.0,
32.0,6350.0,2030.0,
128.0,75411.0,205.0,
64.0,87079.0,194.0,
128.0,1860867.0,2.0,
32.0,959040.0,43.0,
16.0,2171925.0,29.0,
32.0,454272.0,115.0,
64.0,350400.0,19.0,
32.0,45387.0,206.0,
64.0,1068249.0,15.0,
256.0,674160.0,7.0,
16.0,441525.0,79.0,
64.0,7857.0,906.0,
128.0,672700.0,1.0,
256.0,841.0,2054.0,
256.0,997050.0,6.0,
16.0,1049760.0,38.0,
256.0,46648.0,103.0,
32.0,2744.0,2969.0,
128.0,87759.0,28.0,
32.0,6804.0,3585.0,
16.0,1565840.0,17.0,
64.0,581042.0,31.0,
256.0,216000.0,22.0,
64.0,1184635.0,18.0,
32.0,7122933.0,8.0,
32.0,987696.0,26.0,
32.0,2137384.0,20.0,
16.0,106496.0,197.0,
32.0,882000.0,38.0,
16.0,5800.0,2308.0,
64.0,41013.0,646.0,
32.0,110700.0,33.0,
128.0,75411.0,141.0,
16.0,2357586.0,51.0,
128.0,146700.0,95.0,
64.0,24576.0,1183.0,
128.0,68445.0,5.0,
32.0,1268806.0,17.0,
256.0,356400.0,20.0,
32.0,614484.0,53.0,
256.0,1339758.0,1.0,
32.0,575.0,2469.0,
32.0,385875.0,108.0,
16.0,29282.0,3286.0,
32.0,33640.0,1516.0,
16.0,511238.0,218.0,
16.0,2560.0,2983.0,
16.0,116523.0,262.0,
128.0,821400.0,4.0,
64.0,323575.0,5.0,
256.0,909312.0,5.0,
16.0,1200745.0,21.0,
16.0,253.0,3945.0,
32.0,17010.0,30.0,
32.0,8036.0,3447.0,
64.0,136875.0,147.0,
16.0,36900.0,2680.0,
64.0,2532253.0,1.0,
256.0,528.0,2854.0,
16.0,128304.0,99.0,
16.0,129076.0,532.0,
16.0,3750.0,4047.0,
16.0,1889812.0,19.0,
256.0,242352.0,3.0,
128.0,347508.0,36.0,
256.0,607500.0,3.0,
64.0,132250.0,126.0,
32.0,26702.0,2041.0,
128.0,535815.0,8.0,
64.0,1161216.0,5.0,
128.0,30927.0,370.0,
16.0,22528.0,1638.0,
32.0,39366.0,217.0,
32.0,554429.0,82.0,
32.0,7776.0,393.0,
256.0,35280.0,187.0,
128.0,412620.0,6.0,
128.0,954.0,3866.0,
128.0,3631696.0,3.0,
128.0,494508.0,4.0,
64.0,1065024.0,26.0,
16.0,115989.0,611.0,
64.0,82944.0,61.0,
64.0,20480.0,584.0,
32.0,314230.0,108.0,
64.0,48510.0,343.0,
32.0,669294.0,15.0,
256.0,6350.0,871.0,
128.0,225792.0,10.0,
16.0,1166200.0,112.0,
128.0,39366.0,85.0,
128.0,758079.0,10.0,
128.0,13689.0,857.0,
256.0,12740.0,496.0,
64.0,514500.0,14.0,
16.0,127872.0,627.0,
32.0,2617988.0,22.0,
256.0,537824.0,12.0,
256.0,9600.0,415.0,
32.0,384160.0,73.0,
128.0,1837888.0,2.0,
16.0,20000.0,513.0,
64.0,1005536.0,24.0,
16.0,98192.0,764.0,
32.0,24548.0,283.0,
16.0,15548.0,1636.0,
256.0,106722.0,26.0,
128.0,3019336.0,1.0,
256.0,97600.0,84.0,
256.0,463644.0,5.0,
256.0,187392.0,23.0,
128.0,524784.0,16.0,
16.0,297689.0,58.0,
16.0,219539.0,481.0,
256.0,2344995.0,1.0,
32.0,942711.0,50.0,
256.0,115676.0,56.0,
256.0,1117139.0,1.0,
64.0,112700.0,101.0,
256.0,576.0,2195.0,
16.0,2107.0,2131.0,
32.0,46080.0,1089.0,
128.0,30855.0,418.0,
64.0,15884.0,1584.0,
16.0,30672.0,621.0,
16.0,498614.0,22.0,
16.0,1234800.0,43.0,
32.0,308025.0,100.0,
256.0,425736.0,3.0,
128.0,165677.0,14.0,
128.0,5453675.0,1.0,
64.0,623971.0,48.0,
128.0,153064.0,92.0,
256.0,7644.0,767.0,
16.0,18496.0,3017.0,
32.0,190800.0,251.0,
16.0,825552.0,8.0,
32.0,3124800.0,6.0,
16.0,149.0,365.0,
128.0,599879.0,2.0,
64.0,5976586.0,4.0,
32.0,228752.0,61.0,
128.0,147875.0,14.0,
256.0,131144.0,30.0,
64.0,29952.0,562.0,
64.0,171396.0,121.0,
256.0,2980800.0,1.0,
16.0,496008.0,198.0,
128.0,3472265.0,2.0,
256.0,3440.0,1126.0,
16.0,242172.0,14.0,
32.0,10863124.0,5.0,
16.0,676544.0,9.0,
256.0,932137.0,1.0,
64.0,102400.0,193.0,
16.0,56250.0,875.0,
128.0,2137384.0,1.0,
128.0,7056.0,2065.0,
64.0,13800.0,1644.0,
128.0,477603.0,7.0,
256.0,1588600.0,1.0,
128.0,359556.0,5.0,
128.0,76880.0,14.0,
128.0,584197.0,3.0,
16.0,1016576.0,64.0,
32.0,2584064.0,15.0,
128.0,1771703.0,4.0,
32.0,426275.0,116.0,
128.0,1210300.0,3.0,
16.0,48668.0,1520.0,
16.0,15625.0,2773.0,
64.0,5503680.0,2.0,
32.0,3845052.0,11.0,
256.0,2606098.0,1.0,
256.0,243.0,1793.0,
32.0,36501.0,1260.0,
128.0,405350.0,33.0,
16.0,859584.0,141.0,
32.0,1246590.0,3.0,
64.0,321600.0,45.0,
256.0,254144.0,15.0,
64.0,1825050.0,4.0,
256.0,3283264.0,1.0,
128.0,83520.0,164.0,
32.0,3425.0,1129.0,
64.0,47304.0,281.0,
16.0,960.0,2520.0,
16.0,2000960.0,9.0,
256.0,3716892.0,1.0,
256.0,109.0,3073.0,
128.0,183551.0,76.0,
64.0,679428.0,33.0,
128.0,247009.0,35.0,
256.0,272.0,3240.0,
32.0,1161684.0,37.0,
32.0,89373.0,337.0,
128.0,35972.0,424.0,
16.0,156800.0,45.0,
16.0,3400.0,2370.0,
16.0,8649.0,2943.0,
128.0,50544.0,187.0,
16.0,122500.0,1027.0,
64.0,116352.0,155.0,
16.0,1245450.0,93.0,
256.0,205.0,3537.0,
256.0,426465.0,17.0,
128.0,163.0,1982.0,
16.0,15700.0,2789.0,
16.0,5200.0,2789.0,
128.0,23837.0,539.0,
64.0,2851440.0,5.0,
32.0,306936.0,30.0,
32.0,45360.0,298.0,
32.0,967572.0,16.0,
64.0,256.0,2648.0,
128.0,206550.0,77.0,
16.0,706643.0,57.0,
64.0,208088.0,136.0,
256.0,11200.0,470.0,
16.0,2974934.0,42.0,
16.0,142155.0,38.0,
256.0,676200.0,4.0,
16.0,356352.0,163.0,
32.0,39984.0,1083.0,
128.0,413696.0,12.0,
256.0,125373.0,10.0,
128.0,2536604.0,5.0,
64.0,1404.0,3857.0,
64.0,777924.0,6.0,
128.0,187553.0,9.0,
16.0,718250.0,64.0,
16.0,476928.0,43.0,
128.0,59375.0,166.0,
32.0,2347200.0,5.0,
16.0,79768.0,1178.0,
64.0,4335.0,3874.0,
32.0,127792.0,258.0,
16.0,449280.0,26.0,
32.0,245055.0,18.0,
64.0,2401.0,222.0,
128.0,83942.0,69.0,
16.0,1024100.0,49.0,
128.0,47996.0,7.0,
16.0,1241316.0,98.0,
32.0,661932.0,50.0,
64.0,110544.0,92.0,
256.0,1281748.0,5.0,
16.0,119790.0,1016.0,
64.0,49784.0,39.0,
32.0,452075.0,71.0,
64.0,60400.0,278.0,
16.0,97196.0,1344.0,
128.0,85000.0,85.0,
32.0,164280.0,234.0,
32.0,10933.0,3571.0,
16.0,117500.0,736.0,
128.0,169676.0,27.0,
16.0,2059992.0,51.0,
16.0,3572404.0,29.0,
256.0,240064.0,24.0,
64.0,209484.0,30.0,
128.0,428485.0,32.0,
16.0,1669625.0,35.0,
16.0,114708.0,328.0,
64.0,2599731.0,2.0,
256.0,2633856.0,2.0,
128.0,104544.0,16.0,
256.0,366525.0,11.0,
64.0,2725632.0,4.0,
64.0,2175.0,2160.0,
16.0,906500.0,41.0,
256.0,8918.0,270.0,
32.0,301968.0,43.0,
256.0,640.0,533.0,
16.0,392533.0,54.0,
64.0,173280.0,176.0,
16.0,604175.0,157.0,
256.0,2860032.0,1.0,
64.0,108974.0,32.0,
128.0,1053.0,34.0,
32.0,633680.0,92.0,
128.0,11800.0,594.0,
256.0,6723.0,277.0,
64.0,81.0,3464.0,
256.0,11849.0,226.0,
256.0,224532.0,35.0,
64.0,50540.0,599.0,
16.0,158193.0,684.0,
256.0,22950.0,100.0,
64.0,9464.0,3434.0,
16.0,208800.0,157.0,
16.0,2600.0,2486.0,
64.0,23660.0,569.0,
256.0,16200.0,27.0,
128.0,15523.0,284.0,
128.0,1784592.0,8.0,
32.0,265302.0,105.0,
128.0,67335.0,10.0,
64.0,211420.0,67.0,
128.0,66792.0,178.0,
128.0,821683.0,8.0,
16.0,33984.0,2084.0,
32.0,367353.0,178.0,
32.0,14336.0,2922.0,
64.0,452965.0,52.0,
128.0,831600.0,6.0,
256.0,204.0,992.0,
128.0,352336.0,46.0,
16.0,1435933.0,46.0,
16.0,2223.0,3811.0,
256.0,47104.0,103.0,
64.0,231192.0,103.0,
256.0,26533.0,56.0,
128.0,3725.0,1706.0,
128.0,31713.0,506.0,
256.0,1093356.0,3.0,
256.0,32832.0,33.0,
32.0,6936.0,2265.0,
32.0,1089724.0,49.0,
16.0,531432.0,33.0,
16.0,5213824.0,11.0,
128.0,86250.0,52.0,
16.0,8000.0,2246.0,
32.0,87880.0,105.0,
16.0,7488.0,1628.0,
64.0,188272.0,5.0,
64.0,65314.0,445.0,
128.0,58320.0,82.0,
128.0,92781.0,43.0,
128.0,21600.0,192.0,
16.0,1747480.0,73.0,
64.0,23040.0,494.0,
128.0,51301.0,50.0,
128.0,2675444.0,1.0,
64.0,75919.0,189.0,
32.0,421200.0,64.0,
128.0,14832.0,196.0,
64.0,42237.0,492.0,
64.0,1078125.0,6.0,
128.0,158.0,2640.0,
16.0,269500.0,71.0,
256.0,117504.0,65.0,
64.0,28000.0,372.0,
128.0,1728.0,1763.0,
256.0,68000.0,105.0,
16.0,372736.0,265.0,
128.0,1702476.0,7.0,
128.0,687500.0,10.0,
256.0,44042.0,83.0,
128.0,74366.0,146.0,
32.0,2052.0,3131.0,
256.0,1809.0,3252.0,
32.0,183600.0,349.0,
128.0,1340595.0,2.0,
128.0,22000.0,102.0,
64.0,322752.0,34.0,
16.0,2132088.0,45.0,
64.0,2370963.0,8.0,
32.0,6025.0,3797.0,
64.0,21500.0,1550.0,
128.0,7620096.0,1.0,
128.0,2146419.0,4.0,
128.0,6336.0,223.0,
256.0,16281.0,390.0,
32.0,1208064.0,31.0,
256.0,703452.0,7.0,
32.0,507500.0,130.0,
256.0,3888.0,1332.0,
16.0,1135077.0,76.0,
32.0,454656.0,80.0,
32.0,48373.0,1376.0,
16.0,2504700.0,30.0,
256.0,447534.0,14.0,
256.0,3179346.0,1.0,
256.0,800.0,939.0,
16.0,39688.0,1967.0,
128.0,41616.0,311.0,
128.0,544428.0,9.0,
64.0,222950.0,44.0,
128.0,1863.0,2934.0,
16.0,271707.0,409.0,
32.0,1008.0,1043.0,
128.0,86.0,3149.0,
256.0,5399212.0,1.0,
64.0,92583.0,137.0,
256.0,96875.0,15.0,
16.0,31428.0,72.0,
32.0,3872.0,3619.0,
16.0,82296.0,778.0,
128.0,33525.0,493.0,
256.0,7048978.0,1.0,
64.0,767637.0,33.0,
256.0,308700.0,9.0,
128.0,14700.0,46.0,
16.0,315756.0,266.0,
16.0,119.0,2671.0,
256.0,16072.0,82.0,
128.0,665336.0,12.0,
128.0,74008.0,213.0,
32.0,1068309.0,35.0,
128.0,337600.0,15.0,
64.0,49152.0,356.0,
128.0,37500.0,72.0,
256.0,24909.0,302.0,
32.0,3630.0,2090.0,
64.0,104544.0,10.0,
32.0,105456.0,618.0,
256.0,987580.0,1.0,
64.0,187.0,3447.0,
128.0,116909.0,52.0,
256.0,791864.0,1.0,
16.0,839443.0,40.0,
256.0,435366.0,13.0,
64.0,251200.0,33.0,
128.0,987136.0,7.0,
32.0,1523200.0,33.0,
32.0,487350.0,123.0,
128.0,882000.0,4.0,
128.0,3969.0,2808.0,
16.0,460000.0,85.0,
16.0,2627660.0,29.0,
128.0,4624.0,3329.0,
128.0,525696.0,7.0,
32.0,67048.0,240.0,
256.0,992.0,2185.0,
32.0,224000.0,106.0,
16.0,59136.0,1425.0,
64.0,35972.0,537.0,
256.0,1184832.0,2.0,
256.0,95992.0,73.0,
32.0,775.0,1365.0,
16.0,144.0,1671.0,
64.0,295200.0,31.0,
32.0,172425.0,352.0,
64.0,48600.0,501.0,
64.0,658825.0,29.0,
128.0,67280.0,45.0,
64.0,3399651.0,2.0,
32.0,1156528.0,50.0,
16.0,749700.0,9.0,
128.0,47068.0,101.0,
128.0,48150.0,218.0,
64.0,2274480.0,11.0,
16.0,70034.0,368.0,
128.0,323456.0,11.0,
128.0,204575.0,25.0,
128.0,1078774.0,4.0,
128.0,1862.0,3845.0,
32.0,1440.0,3656.0,
16.0,2421936.0,49.0,
128.0,1057100.0,3.0,
16.0,94192.0,751.0,
128.0,1528938.0,1.0,
64.0,68445.0,295.0,
16.0,999424.0,54.0,
128.0,738.0,1626.0,
16.0,8505736.0,9.0,
32.0,51750.0,530.0,
16.0,184832.0,263.0,
256.0,304.0,2846.0,
32.0,1257018.0,39.0,
128.0,4598.0,2061.0,
32.0,711504.0,81.0,
256.0,8820.0,503.0,
64.0,647454.0,25.0,
256.0,3497101.0,1.0,
16.0,414239.0,139.0,
256.0,195953.0,23.0,
128.0,6528000.0,1.0,
256.0,2000.0,2500.0,
128.0,2625700.0,1.0,
16.0,279936.0,329.0,
64.0,16767.0,1828.0,
32.0,82308.0,352.0,
32.0,438012.0,108.0,
32.0,1395000.0,2.0,
16.0,1557818.0,36.0,
256.0,42336.0,110.0,
32.0,174960.0,90.0,
256.0,821516.0,6.0,
64.0,14200.0,1373.0,
16.0,5572451.0,19.0,
16.0,1459200.0,61.0,
64.0,9993984.0,1.0,
64.0,101871.0,34.0,
64.0,395163.0,52.0,
128.0,8448.0,856.0,
128.0,7774.0,1662.0,
128.0,38024.0,283.0,
256.0,3516696.0,1.0,
16.0,2241764.0,13.0,
32.0,32832.0,143.0,
256.0,124848.0,9.0,
128.0,105456.0,3.0,
16.0,42772.0,297.0,
32.0,1605289.0,26.0,
16.0,141772.0,99.0,
16.0,13357.0,663.0,
32.0,74060.0,196.0,
256.0,177504.0,12.0,
16.0,636804.0,196.0,
128.0,94136.0,88.0,
16.0,1675.0,3155.0,
256.0,58750.0,114.0,
128.0,2642625.0,3.0,
256.0,1035776.0,1.0,
32.0,294912.0,66.0,
128.0,115351.0,82.0,
128.0,1156.0,3755.0,
32.0,162450.0,198.0,
128.0,13068.0,1252.0,
256.0,33640.0,151.0,
64.0,230688.0,144.0,
128.0,75647.0,26.0,
16.0,1132880.0,92.0,
32.0,815360.0,44.0,
32.0,80703.0,136.0,
32.0,144.0,1475.0,
256.0,973359.0,7.0,
16.0,2700.0,2533.0,
256.0,378729.0,4.0,
32.0,1032192.0,40.0,
256.0,1427800.0,3.0,
16.0,8262.0,182.0,
256.0,68800.0,106.0,
16.0,717876.0,55.0,
128.0,100989.0,45.0,
64.0,44.0,1470.0,
64.0,381587.0,62.0,
16.0,100920.0,163.0,
128.0,87759.0,139.0,
16.0,36163.0,989.0,
256.0,4213972.0,1.0,
128.0,200.0,749.0,
64.0,2949175.0,9.0,
128.0,5236042.0,2.0,
64.0,10647.0,2912.0,
256.0,6264.0,622.0,
64.0,73548.0,179.0,
256.0,42975.0,142.0,
64.0,2195350.0,1.0,
32.0,687700.0,30.0,
256.0,1595700.0,2.0,
128.0,18450.0,605.0,
16.0,3300.0,2887.0,
16.0,2352.0,3150.0,
16.0,393372.0,295.0,
128.0,7092.0,977.0,
16.0,1488816.0,10.0,
256.0,17856.0,79.0,
64.0,43264.0,248.0,
16.0,3428848.0,34.0,
16.0,4352.0,2707.0,
128.0,359734.0,1.0,
256.0,114920.0,32.0,
16.0,10123776.0,8.0,
32.0,3808.0,1025.0,
128.0,889943.0,7.0,
16.0,2453767.0,31.0,
256.0,230384.0,24.0,
64.0,101039.0,113.0,
16.0,8460.0,2963.0,
128.0,3943840.0,3.0,
128.0,5780.0,1509.0,
16.0,754392.0,21.0,
128.0,52992.0,191.0,
256.0,3028662.0,1.0,
64.0,688176.0,32.0,
128.0,571392.0,28.0,
256.0,337977.0,11.0,
64.0,228448.0,33.0,
32.0,415030.0,83.0,
128.0,249696.0,16.0,
128.0,2888.0,3425.0,
64.0,211925.0,14.0,
32.0,87285.0,156.0,
128.0,907380.0,14.0,
64.0,246225.0,78.0,
16.0,648.0,4094.0,
256.0,396800.0,17.0,
16.0,45036.0,2856.0,
32.0,1048707.0,14.0,
16.0,31407.0,2790.0,
256.0,1563803.0,3.0,
128.0,399854.0,39.0,
16.0,1324575.0,30.0,
32.0,1539648.0,39.0,
32.0,1017839.0,23.0,
64.0,497536.0,49.0,
256.0,672800.0,11.0,
64.0,4782420.0,5.0,
32.0,790272.0,71.0,
16.0,421200.0,190.0,
256.0,92160.0,36.0,
128.0,13754.0,244.0,
128.0,98496.0,127.0,
256.0,156672.0,17.0,
256.0,737280.0,7.0,
16.0,88445.0,1007.0,
64.0,67280.0,414.0,
128.0,378125.0,36.0,
16.0,725805.0,43.0,
64.0,33124.0,962.0,
256.0,784000.0,1.0,
256.0,7668.0,595.0,
128.0,14000.0,442.0,
64.0,3015000.0,5.0,
256.0,91592.0,12.0,
64.0,5234093.0,5.0,
64.0,4235.0,1888.0,
16.0,464640.0,114.0,
128.0,4853050.0,2.0,
32.0,75411.0,42.0,
32.0,87480.0,696.0,
32.0,100224.0,75.0,
128.0,1740515.0,3.0,
32.0,148500.0,346.0,
128.0,76032.0,3.0,
32.0,2061.0,1544.0,
256.0,5439.0,854.0,
256.0,1344800.0,4.0,
128.0,99981.0,4.0,
128.0,1016400.0,4.0,
64.0,35836.0,337.0,
16.0,1669074.0,73.0,
128.0,45387.0,182.0,
64.0,155648.0,163.0,
64.0,1000.0,3849.0,
16.0,4919600.0,22.0,
16.0,169344.0,255.0,
16.0,4432500.0,28.0,
16.0,41944.0,1598.0,
256.0,90988.0,67.0,
128.0,24334.0,299.0,
64.0,101250.0,328.0,
16.0,782127.0,80.0,
32.0,458294.0,38.0,
64.0,672700.0,1.0,
32.0,511707.0,27.0,
16.0,1203750.0,81.0,
256.0,18400.0,262.0,
16.0,18400.0,3695.0,
32.0,64827.0,838.0,
16.0,32500.0,1665.0,
64.0,135036.0,4.0,
16.0,1130624.0,70.0,
128.0,1479016.0,10.0,
128.0,257500.0,12.0,
16.0,1603935.0,43.0,
16.0,139500.0,674.0,
128.0,59488.0,52.0,
64.0,115192.0,203.0,
64.0,44528.0,276.0,
256.0,13608.0,300.0,
32.0,164836.0,172.0,
64.0,228096.0,96.0,
256.0,171900.0,42.0,
256.0,1529600.0,3.0,
32.0,97902.0,523.0,
128.0,540800.0,18.0,
128.0,1330425.0,1.0,
128.0,76032.0,33.0,
64.0,57600.0,538.0,
64.0,385264.0,52.0,
16.0,4436275.0,10.0,
128.0,887568.0,17.0,
64.0,1584200.0,7.0,
32.0,3174400.0,18.0,
64.0,38750.0,300.0,
128.0,112627.0,94.0,
32.0,5025.0,637.0,
64.0,59488.0,289.0,
32.0,48672.0,640.0,
32.0,6700.0,2720.0,
64.0,414720.0,38.0,
128.0,49852.0,106.0,
16.0,2517424.0,3.0,
