44.0,25.0,43.0,43.0,
25.0,36.0,162.0,162.0,
25.0,37.0,186.0,186.0,
38.0,12.0,71.0,71.0,
33.0,27.0,143.0,143.0,
40.0,26.0,73.0,73.0,
29.0,37.0,10.0,10.0,
42.0,21.0,83.0,83.0,
29.0,49.0,14.0,14.0,
13.0,23.0,159.0,159.0,
49.0,32.0,191.0,191.0,
38.0,23.0,168.0,168.0,
23.0,34.0,125.0,125.0,
13.0,27.0,38.0,38.0,
28.0,16.0,152.0,152.0,
24.0,16.0,73.0,73.0,
37.0,21.0,18.0,18.0,
41.0,27.0,161.0,161.0,
20.0,12.0,45.0,45.0,
40.0,30.0,31.0,31.0,
39.0,23.0,90.0,90.0,
46.0,19.0,154.0,154.0,
43.0,33.0,73.0,73.0,
21.0,30.0,179.0,179.0,
30.0,44.0,108.0,108.0,
11.0,25.0,49.0,49.0,
46.0,16.0,25.0,25.0,
28.0,20.0,107.0,107.0,
24.0,18.0,74.0,74.0,
39.0,11.0,121.0,121.0,
47.0,35.0,194.0,194.0,
47.0,25.0,147.0,147.0,
12.0,16.0,97.0,97.0,
19.0,15.0,43.0,43.0,
22.0,16.0,19.0,19.0,
32.0,37.0,111.0,111.0,
15.0,25.0,197.0,197.0,
45.0,22.0,149.0,149.0,
40.0,40.0,107.0,107.0,
26.0,24.0,130.0,130.0,
45.0,40.0,19.0,19.0,
30.0,19.0,94.0,94.0,
47.0,32.0,63.0,63.0,
47.0,13.0,27.0,27.0,
28.0,22.0,102.0,102.0,
15.0,41.0,159.0,159.0,
36.0,22.0,144.0,144.0,
35.0,28.0,39.0,39.0,
32.0,32.0,26.0,26.0,
21.0,30.0,176.0,176.0,
41.0,31.0,55.0,55.0,
23.0,26.0,53.0,53.0,
47.0,48.0,136.0,136.0,
30.0,46.0,80.0,80.0,
48.0,43.0,69.0,69.0,
10.0,48.0,99.0,99.0,
29.0,33.0,29.0,29.0,
22.0,16.0,87.0,87.0,
22.0,31.0,130.0,130.0,
13.0,16.0,66.0,66.0,
39.0,11.0,99.0,99.0,
12.0,47.0,11.0,11.0,
43.0,19.0,104.0,104.0,
32.0,48.0,182.0,182.0,
31.0,27.0,198.0,198.0,
37.0,39.0,117.0,117.0,
18.0,18.0,35.0,35.0,
15.0,15.0,27.0,27.0,
27.0,45.0,191.0,191.0,
23.0,47.0,152.0,152.0,
11.0,32.0,91.0,91.0,
48.0,21.0,92.0,92.0,
40.0,25.0,72.0,72.0,
10.0,38.0,14.0,14.0,
23.0,35.0,53.0,53.0,
14.0,46.0,194.0,194.0,
13.0,21.0,96.0,96.0,
23.0,38.0,142.0,142.0,
34.0,44.0,84.0,84.0,
14.0,30.0,83.0,83.0,
42.0,31.0,90.0,90.0,
24.0,15.0,126.0,126.0,
13.0,29.0,26.0,26.0,
29.0,39.0,151.0,151.0,
37.0,38.0,98.0,98.0,
10.0,41.0,124.0,124.0,
49.0,39.0,13.0,13.0,
22.0,26.0,177.0,177.0,
29.0,49.0,167.0,167.0,
23.0,39.0,115.0,115.0,
23.0,28.0,157.0,157.0,
27.0,32.0,24.0,24.0,
13.0,49.0,151.0,151.0,
10.0,33.0,116.0,116.0,
44.0,43.0,151.0,151.0,
14.0,41.0,172.0,172.0,
47.0,42.0,17.0,17.0,
19.0,32.0,169.0,169.0,
18.0,25.0,39.0,39.0,
18.0,46.0,42.0,42.0,
38.0,30.0,118.0,118.0,
29.0,45.0,76.0,76.0,
14.0,17.0,43.0,43.0,
43.0,27.0,190.0,190.0,
22.0,13.0,16.0,16.0,
42.0,10.0,79.0,79.0,
37.0,15.0,180.0,180.0,
15.0,31.0,94.0,94.0,
37.0,35.0,107.0,107.0,
40.0,23.0,141.0,141.0,
13.0,14.0,51.0,51.0,
41.0,47.0,82.0,82.0,
21.0,47.0,8.0,8.0,
30.0,41.0,181.0,181.0,
44.0,28.0,40.0,40.0,
26.0,43.0,112.0,112.0,
23.0,28.0,21.0,21.0,
32.0,10.0,81.0,81.0,
48.0,43.0,59.0,59.0,
48.0,17.0,196.0,196.0,
11.0,14.0,183.0,183.0,
38.0,38.0,66.0,66.0,
28.0,10.0,143.0,143.0,
10.0,19.0,122.0,122.0,
27.0,43.0,84.0,84.0,
27.0,34.0,146.0,146.0,
24.0,36.0,58.0,58.0,
44.0,32.0,29.0,29.0,
31.0,26.0,181.0,181.0,
30.0,49.0,191.0,191.0,
41.0,48.0,106.0,106.0,
36.0,31.0,47.0,47.0,
34.0,35.0,139.0,139.0,
35.0,44.0,191.0,191.0,
44.0,38.0,116.0,116.0,
12.0,21.0,144.0,144.0,
44.0,15.0,160.0,160.0,
14.0,44.0,50.0,50.0,
28.0,20.0,177.0,177.0,
43.0,25.0,26.0,26.0,
35.0,14.0,129.0,129.0,
14.0,34.0,184.0,184.0,
29.0,10.0,170.0,170.0,
45.0,11.0,174.0,174.0,
15.0,30.0,24.0,24.0,
28.0,45.0,130.0,130.0,
11.0,49.0,75.0,75.0,
20.0,22.0,133.0,133.0,
40.0,24.0,12.0,12.0,
10.0,36.0,29.0,29.0,
11.0,24.0,84.0,84.0,
15.0,48.0,23.0,23.0,
29.0,28.0,23.0,23.0,
45.0,18.0,9.0,9.0,
43.0,15.0,94.0,94.0,
39.0,25.0,110.0,110.0,
35.0,47.0,130.0,130.0,
26.0,35.0,133.0,133.0,
46.0,12.0,120.0,120.0,
35.0,12.0,132.0,132.0,
32.0,20.0,148.0,148.0,
17.0,45.0,173.0,173.0,
11.0,30.0,191.0,191.0,
17.0,37.0,165.0,165.0,
11.0,10.0,178.0,178.0,
30.0,30.0,177.0,177.0,
40.0,11.0,40.0,40.0,
34.0,21.0,49.0,49.0,
42.0,13.0,27.0,27.0,
39.0,22.0,146.0,146.0,
19.0,29.0,191.0,191.0,
45.0,19.0,113.0,113.0,
28.0,29.0,159.0,159.0,
12.0,14.0,24.0,24.0,
12.0,37.0,123.0,123.0,
37.0,48.0,169.0,169.0,
14.0,46.0,190.0,190.0,
43.0,11.0,117.0,117.0,
46.0,27.0,67.0,67.0,
31.0,21.0,124.0,124.0,
11.0,21.0,28.0,28.0,
42.0,45.0,99.0,99.0,
12.0,40.0,146.0,146.0,
16.0,43.0,154.0,154.0,
11.0,29.0,166.0,166.0,
39.0,12.0,117.0,117.0,
36.0,11.0,136.0,136.0,
26.0,25.0,184.0,184.0,
37.0,12.0,174.0,174.0,
12.0,45.0,64.0,64.0,
46.0,47.0,74.0,74.0,
17.0,47.0,105.0,105.0,
15.0,43.0,164.0,164.0,
26.0,33.0,110.0,110.0,
26.0,22.0,32.0,32.0,
22.0,19.0,102.0,102.0,
48.0,11.0,125.0,125.0,
28.0,28.0,97.0,97.0,
46.0,36.0,117.0,117.0,
18.0,46.0,117.0,117.0,
47.0,17.0,54.0,54.0,
18.0,34.0,160.0,160.0,
46.0,28.0,183.0,183.0,
48.0,18.0,153.0,153.0,
48.0,33.0,136.0,136.0,
29.0,37.0,156.0,156.0,
41.0,31.0,181.0,181.0,
45.0,16.0,162.0,162.0,
46.0,39.0,28.0,28.0,
24.0,29.0,9.0,9.0,
22.0,14.0,31.0,31.0,
12.0,23.0,129.0,129.0,
35.0,48.0,57.0,57.0,
41.0,42.0,195.0,195.0,
47.0,10.0,124.0,124.0,
41.0,18.0,104.0,104.0,
36.0,14.0,68.0,68.0,
11.0,16.0,138.0,138.0,
13.0,41.0,190.0,190.0,
43.0,20.0,92.0,92.0,
32.0,10.0,141.0,141.0,
26.0,23.0,16.0,16.0,
25.0,31.0,169.0,169.0,
23.0,23.0,79.0,79.0,
12.0,21.0,139.0,139.0,
47.0,27.0,40.0,40.0,
45.0,28.0,140.0,140.0,
36.0,39.0,25.0,25.0,
32.0,23.0,157.0,157.0,
27.0,47.0,194.0,194.0,
47.0,31.0,9.0,9.0,
25.0,23.0,93.0,93.0,
37.0,34.0,10.0,10.0,
20.0,28.0,116.0,116.0,
16.0,46.0,161.0,161.0,
40.0,26.0,34.0,34.0,
27.0,48.0,53.0,53.0,
30.0,12.0,31.0,31.0,
31.0,21.0,82.0,82.0,
23.0,27.0,51.0,51.0,
23.0,14.0,82.0,82.0,
39.0,19.0,34.0,34.0,
10.0,31.0,187.0,187.0,
18.0,31.0,55.0,55.0,
47.0,20.0,126.0,126.0,
12.0,48.0,64.0,64.0,
11.0,35.0,119.0,119.0,
19.0,44.0,198.0,198.0,
45.0,14.0,11.0,11.0,
19.0,31.0,45.0,45.0,
42.0,17.0,175.0,175.0,
26.0,46.0,182.0,182.0,
44.0,23.0,116.0,116.0,
14.0,34.0,131.0,131.0,
18.0,11.0,168.0,168.0,
33.0,25.0,44.0,44.0,
49.0,28.0,70.0,70.0,
29.0,25.0,192.0,192.0,
46.0,25.0,135.0,135.0,
17.0,16.0,149.0,149.0,
41.0,21.0,37.0,37.0,
16.0,46.0,54.0,54.0,
40.0,41.0,23.0,23.0,
36.0,34.0,78.0,78.0,
20.0,45.0,123.0,123.0,
40.0,49.0,81.0,81.0,
32.0,40.0,13.0,13.0,
11.0,30.0,167.0,167.0,
49.0,23.0,118.0,118.0,
38.0,47.0,36.0,36.0,
35.0,25.0,15.0,15.0,
25.0,18.0,167.0,167.0,
48.0,21.0,156.0,156.0,
23.0,48.0,110.0,110.0,
49.0,25.0,37.0,37.0,
25.0,20.0,174.0,174.0,
44.0,43.0,36.0,36.0,
38.0,35.0,149.0,149.0,
39.0,22.0,86.0,86.0,
41.0,49.0,129.0,129.0,
39.0,30.0,160.0,160.0,
18.0,10.0,129.0,129.0,
23.0,39.0,131.0,131.0,
29.0,11.0,108.0,108.0,
38.0,26.0,32.0,32.0,
24.0,17.0,70.0,70.0,
27.0,24.0,30.0,30.0,
38.0,20.0,69.0,69.0,
25.0,34.0,197.0,197.0,
37.0,35.0,48.0,48.0,
12.0,42.0,66.0,66.0,
29.0,46.0,79.0,79.0,
47.0,28.0,155.0,155.0,
23.0,17.0,8.0,8.0,
21.0,36.0,52.0,52.0,
42.0,21.0,35.0,35.0,
35.0,19.0,49.0,49.0,
30.0,37.0,123.0,123.0,
30.0,16.0,111.0,111.0,
36.0,35.0,81.0,81.0,
22.0,49.0,108.0,108.0,
27.0,11.0,171.0,171.0,
13.0,18.0,66.0,66.0,
33.0,42.0,116.0,116.0,
37.0,27.0,146.0,146.0,
16.0,37.0,195.0,195.0,
15.0,28.0,140.0,140.0,
11.0,23.0,191.0,191.0,
31.0,48.0,182.0,182.0,
10.0,44.0,184.0,184.0,
36.0,43.0,72.0,72.0,
16.0,47.0,47.0,47.0,
10.0,35.0,192.0,192.0,
24.0,42.0,185.0,185.0,
43.0,14.0,196.0,196.0,
10.0,10.0,131.0,131.0,
40.0,43.0,127.0,127.0,
35.0,39.0,44.0,44.0,
16.0,43.0,178.0,178.0,
38.0,28.0,19.0,19.0,
14.0,25.0,107.0,107.0,
35.0,24.0,122.0,122.0,
27.0,34.0,60.0,60.0,
25.0,17.0,42.0,42.0,
23.0,40.0,147.0,147.0,
31.0,26.0,164.0,164.0,
16.0,40.0,47.0,47.0,
41.0,27.0,139.0,139.0,
31.0,22.0,94.0,94.0,
45.0,17.0,179.0,179.0,
13.0,30.0,64.0,64.0,
46.0,12.0,17.0,17.0,
47.0,11.0,46.0,46.0,
14.0,18.0,94.0,94.0,
44.0,18.0,177.0,177.0,
40.0,46.0,182.0,182.0,
30.0,12.0,97.0,97.0,
30.0,19.0,42.0,42.0,
17.0,27.0,149.0,149.0,
17.0,28.0,76.0,76.0,
48.0,22.0,123.0,123.0,
34.0,19.0,154.0,154.0,
23.0,27.0,128.0,128.0,
43.0,36.0,153.0,153.0,
22.0,27.0,144.0,144.0,
38.0,20.0,185.0,185.0,
19.0,43.0,13.0,13.0,
32.0,39.0,116.0,116.0,
23.0,25.0,131.0,131.0,
29.0,16.0,75.0,75.0,
32.0,47.0,103.0,103.0,
18.0,43.0,94.0,94.0,
48.0,24.0,98.0,98.0,
40.0,42.0,180.0,180.0,
37.0,20.0,88.0,88.0,
29.0,26.0,98.0,98.0,
35.0,15.0,49.0,49.0,
18.0,41.0,108.0,108.0,
41.0,18.0,84.0,84.0,
23.0,25.0,168.0,168.0,
44.0,10.0,188.0,188.0,
38.0,22.0,57.0,57.0,
44.0,34.0,47.0,47.0,
23.0,26.0,150.0,150.0,
44.0,33.0,147.0,147.0,
14.0,38.0,118.0,118.0,
45.0,15.0,151.0,151.0,
15.0,18.0,191.0,191.0,
23.0,45.0,147.0,147.0,
10.0,14.0,192.0,192.0,
23.0,28.0,90.0,90.0,
47.0,11.0,192.0,192.0,
27.0,26.0,183.0,183.0,
23.0,13.0,145.0,145.0,
13.0,35.0,17.0,17.0,
27.0,22.0,176.0,176.0,
10.0,47.0,134.0,134.0,
25.0,15.0,20.0,20.0,
42.0,11.0,67.0,67.0,
11.0,39.0,197.0,197.0,
18.0,24.0,40.0,40.0,
46.0,43.0,21.0,21.0,
40.0,41.0,130.0,130.0,
49.0,37.0,39.0,39.0,
14.0,43.0,89.0,89.0,
24.0,33.0,161.0,161.0,
19.0,28.0,73.0,73.0,
34.0,25.0,19.0,19.0,
22.0,14.0,193.0,193.0,
23.0,43.0,32.0,32.0,
39.0,49.0,42.0,42.0,
48.0,24.0,98.0,98.0,
23.0,31.0,191.0,191.0,
14.0,49.0,195.0,195.0,
17.0,21.0,155.0,155.0,
23.0,22.0,43.0,43.0,
37.0,42.0,166.0,166.0,
29.0,46.0,179.0,179.0,
15.0,15.0,193.0,193.0,
35.0,43.0,30.0,30.0,
11.0,33.0,51.0,51.0,
10.0,43.0,41.0,41.0,
16.0,17.0,188.0,188.0,
45.0,19.0,152.0,152.0,
21.0,17.0,191.0,191.0,
28.0,46.0,128.0,128.0,
34.0,14.0,69.0,69.0,
44.0,46.0,61.0,61.0,
41.0,37.0,84.0,84.0,
37.0,30.0,179.0,179.0,
25.0,24.0,78.0,78.0,
24.0,38.0,90.0,90.0,
26.0,43.0,65.0,65.0,
26.0,29.0,104.0,104.0,
33.0,41.0,90.0,90.0,
14.0,24.0,123.0,123.0,
22.0,33.0,58.0,58.0,
49.0,41.0,31.0,31.0,
47.0,48.0,133.0,133.0,
40.0,13.0,146.0,146.0,
42.0,42.0,115.0,115.0,
11.0,18.0,111.0,111.0,
48.0,25.0,187.0,187.0,
44.0,43.0,195.0,195.0,
47.0,12.0,162.0,162.0,
45.0,33.0,141.0,141.0,
29.0,13.0,53.0,53.0,
24.0,29.0,137.0,137.0,
18.0,39.0,81.0,81.0,
11.0,17.0,15.0,15.0,
32.0,16.0,193.0,193.0,
34.0,36.0,88.0,88.0,
43.0,49.0,27.0,27.0,
37.0,34.0,12.0,12.0,
19.0,26.0,32.0,32.0,
32.0,22.0,192.0,192.0,
34.0,32.0,79.0,79.0,
39.0,40.0,66.0,66.0,
15.0,16.0,159.0,159.0,
47.0,21.0,39.0,39.0,
16.0,10.0,143.0,143.0,
13.0,18.0,188.0,188.0,
17.0,45.0,62.0,62.0,
47.0,16.0,21.0,21.0,
48.0,24.0,62.0,62.0,
19.0,11.0,25.0,25.0,
25.0,40.0,18.0,18.0,
16.0,34.0,168.0,168.0,
38.0,24.0,83.0,83.0,
19.0,44.0,29.0,29.0,
18.0,35.0,197.0,197.0,
38.0,40.0,154.0,154.0,
22.0,42.0,96.0,96.0,
24.0,42.0,53.0,53.0,
38.0,37.0,40.0,40.0,
36.0,45.0,197.0,197.0,
42.0,30.0,48.0,48.0,
20.0,25.0,151.0,151.0,
18.0,36.0,40.0,40.0,
33.0,29.0,14.0,14.0,
49.0,15.0,129.0,129.0,
13.0,17.0,16.0,16.0,
17.0,15.0,195.0,195.0,
49.0,43.0,143.0,143.0,
16.0,24.0,106.0,106.0,
21.0,27.0,163.0,163.0,
17.0,14.0,173.0,173.0,
11.0,42.0,23.0,23.0,
28.0,42.0,77.0,77.0,
10.0,24.0,41.0,41.0,
10.0,45.0,39.0,39.0,
36.0,45.0,159.0,159.0,
16.0,28.0,199.0,199.0,
19.0,10.0,157.0,157.0,
12.0,16.0,38.0,38.0,
29.0,33.0,176.0,176.0,
20.0,34.0,64.0,64.0,
44.0,35.0,141.0,141.0,
44.0,18.0,168.0,168.0,
19.0,41.0,149.0,149.0,
34.0,13.0,156.0,156.0,
20.0,15.0,180.0,180.0,
15.0,25.0,145.0,145.0,
38.0,36.0,180.0,180.0,
41.0,11.0,39.0,39.0,
31.0,48.0,156.0,156.0,
42.0,20.0,23.0,23.0,
43.0,34.0,13.0,13.0,
22.0,47.0,165.0,165.0,
23.0,14.0,154.0,154.0,
24.0,42.0,92.0,92.0,
18.0,32.0,23.0,23.0,
43.0,41.0,140.0,140.0,
31.0,28.0,123.0,123.0,
34.0,15.0,153.0,153.0,
42.0,42.0,58.0,58.0,
13.0,36.0,110.0,110.0,
19.0,26.0,113.0,113.0,
10.0,22.0,154.0,154.0,
49.0,22.0,33.0,33.0,
41.0,31.0,138.0,138.0,
25.0,25.0,139.0,139.0,
43.0,14.0,39.0,39.0,
11.0,11.0,75.0,75.0,
37.0,31.0,116.0,116.0,
25.0,22.0,108.0,108.0,
27.0,44.0,16.0,16.0,
32.0,11.0,16.0,16.0,
38.0,20.0,89.0,89.0,
13.0,21.0,77.0,77.0,
15.0,38.0,77.0,77.0,
36.0,15.0,105.0,105.0,
44.0,23.0,113.0,113.0,
36.0,49.0,120.0,120.0,
20.0,29.0,42.0,42.0,
32.0,44.0,170.0,170.0,
32.0,43.0,75.0,75.0,
17.0,36.0,86.0,86.0,
20.0,19.0,116.0,116.0,
10.0,23.0,151.0,151.0,
15.0,48.0,122.0,122.0,
14.0,48.0,167.0,167.0,
31.0,18.0,91.0,91.0,
32.0,34.0,116.0,116.0,
11.0,13.0,80.0,80.0,
22.0,45.0,44.0,44.0,
43.0,10.0,93.0,93.0,
39.0,41.0,81.0,81.0,
14.0,29.0,158.0,158.0,
22.0,11.0,79.0,79.0,
15.0,22.0,75.0,75.0,
41.0,49.0,155.0,155.0,
42.0,24.0,41.0,41.0,
46.0,33.0,157.0,157.0,
37.0,13.0,182.0,182.0,
32.0,46.0,16.0,16.0,
28.0,21.0,118.0,118.0,
38.0,42.0,197.0,197.0,
18.0,17.0,164.0,164.0,
26.0,20.0,84.0,84.0,
27.0,15.0,39.0,39.0,
36.0,18.0,140.0,140.0,
30.0,19.0,114.0,114.0,
21.0,39.0,185.0,185.0,
25.0,22.0,60.0,60.0,
19.0,36.0,173.0,173.0,
19.0,27.0,181.0,181.0,
42.0,39.0,195.0,195.0,
46.0,44.0,130.0,130.0,
14.0,24.0,84.0,84.0,
13.0,35.0,139.0,139.0,
35.0,32.0,147.0,147.0,
31.0,43.0,168.0,168.0,
44.0,37.0,100.0,100.0,
44.0,32.0,180.0,180.0,
44.0,14.0,71.0,71.0,
19.0,38.0,92.0,92.0,
40.0,46.0,121.0,121.0,
27.0,29.0,178.0,178.0,
10.0,42.0,75.0,75.0,
42.0,13.0,57.0,57.0,
17.0,38.0,101.0,101.0,
10.0,28.0,141.0,141.0,
28.0,20.0,168.0,168.0,
12.0,38.0,62.0,62.0,
41.0,42.0,26.0,26.0,
10.0,47.0,159.0,159.0,
15.0,31.0,138.0,138.0,
45.0,41.0,50.0,50.0,
37.0,39.0,178.0,178.0,
22.0,18.0,155.0,155.0,
10.0,44.0,60.0,60.0,
20.0,23.0,53.0,53.0,
42.0,49.0,45.0,45.0,
14.0,25.0,52.0,52.0,
24.0,27.0,76.0,76.0,
40.0,49.0,46.0,46.0,
26.0,17.0,62.0,62.0,
40.0,11.0,62.0,62.0,
20.0,18.0,150.0,150.0,
12.0,30.0,112.0,112.0,
23.0,19.0,19.0,19.0,
26.0,17.0,95.0,95.0,
24.0,36.0,135.0,135.0,
26.0,21.0,63.0,63.0,
24.0,38.0,26.0,26.0,
49.0,32.0,98.0,98.0,
48.0,22.0,94.0,94.0,
45.0,20.0,15.0,15.0,
14.0,48.0,118.0,118.0,
15.0,12.0,84.0,84.0,
45.0,21.0,82.0,82.0,
31.0,20.0,154.0,154.0,
25.0,42.0,121.0,121.0,
41.0,29.0,169.0,169.0,
20.0,21.0,36.0,36.0,
27.0,42.0,43.0,43.0,
38.0,46.0,198.0,198.0,
38.0,42.0,142.0,142.0,
23.0,27.0,13.0,13.0,
19.0,47.0,173.0,173.0,
30.0,17.0,179.0,179.0,
18.0,10.0,152.0,152.0,
46.0,25.0,46.0,46.0,
10.0,38.0,79.0,79.0,
23.0,49.0,156.0,156.0,
45.0,23.0,92.0,92.0,
31.0,45.0,178.0,178.0,
44.0,46.0,52.0,52.0,
17.0,36.0,89.0,89.0,
29.0,39.0,188.0,188.0,
23.0,16.0,163.0,163.0,
36.0,21.0,23.0,23.0,
18.0,48.0,190.0,190.0,
49.0,11.0,174.0,174.0,
37.0,45.0,162.0,162.0,
15.0,35.0,83.0,83.0,
48.0,10.0,44.0,44.0,
29.0,16.0,14.0,14.0,
49.0,18.0,124.0,124.0,
48.0,15.0,192.0,192.0,
32.0,18.0,72.0,72.0,
47.0,37.0,119.0,119.0,
32.0,11.0,127.0,127.0,
48.0,34.0,121.0,121.0,
43.0,31.0,165.0,165.0,
14.0,12.0,40.0,40.0,
48.0,34.0,173.0,173.0,
37.0,19.0,51.0,51.0,
31.0,39.0,111.0,111.0,
15.0,15.0,36.0,36.0,
49.0,13.0,46.0,46.0,
24.0,31.0,66.0,66.0,
44.0,34.0,136.0,136.0,
17.0,26.0,28.0,28.0,
22.0,19.0,165.0,165.0,
37.0,28.0,106.0,106.0,
43.0,28.0,195.0,195.0,
23.0,41.0,152.0,152.0,
32.0,31.0,76.0,76.0,
34.0,21.0,146.0,146.0,
11.0,20.0,198.0,198.0,
28.0,16.0,39.0,39.0,
27.0,19.0,10.0,10.0,
35.0,15.0,178.0,178.0,
40.0,11.0,138.0,138.0,
41.0,23.0,172.0,172.0,
40.0,34.0,179.0,179.0,
22.0,38.0,36.0,36.0,
31.0,38.0,100.0,100.0,
11.0,29.0,95.0,95.0,
15.0,25.0,188.0,188.0,
26.0,30.0,80.0,80.0,
21.0,48.0,119.0,119.0,
27.0,24.0,90.0,90.0,
46.0,17.0,186.0,186.0,
33.0,48.0,172.0,172.0,
49.0,36.0,10.0,10.0,
46.0,24.0,66.0,66.0,
11.0,34.0,62.0,62.0,
25.0,22.0,23.0,23.0,
38.0,31.0,50.0,50.0,
29.0,12.0,194.0,194.0,
23.0,18.0,67.0,67.0,
40.0,27.0,36.0,36.0,
10.0,16.0,65.0,65.0,
16.0,41.0,174.0,174.0,
35.0,45.0,185.0,185.0,
44.0,10.0,174.0,174.0,
27.0,20.0,104.0,104.0,
26.0,13.0,82.0,82.0,
31.0,17.0,112.0,112.0,
17.0,47.0,196.0,196.0,
11.0,47.0,143.0,143.0,
28.0,15.0,157.0,157.0,
34.0,25.0,119.0,119.0,
13.0,27.0,110.0,110.0,
36.0,25.0,171.0,171.0,
37.0,47.0,13.0,13.0,
15.0,18.0,100.0,100.0,
21.0,12.0,120.0,120.0,
10.0,46.0,67.0,67.0,
39.0,12.0,131.0,131.0,
44.0,46.0,160.0,160.0,
25.0,24.0,107.0,107.0,
47.0,28.0,115.0,115.0,
34.0,16.0,30.0,30.0,
41.0,39.0,93.0,93.0,
43.0,42.0,29.0,29.0,
11.0,47.0,46.0,46.0,
13.0,12.0,69.0,69.0,
39.0,27.0,106.0,106.0,
17.0,29.0,163.0,163.0,
37.0,32.0,157.0,157.0,
34.0,43.0,99.0,99.0,
33.0,27.0,71.0,71.0,
31.0,31.0,110.0,110.0,
15.0,14.0,14.0,14.0,
24.0,47.0,67.0,67.0,
43.0,15.0,73.0,73.0,
16.0,28.0,197.0,197.0,
28.0,48.0,49.0,49.0,
48.0,16.0,30.0,30.0,
49.0,47.0,123.0,123.0,
39.0,26.0,161.0,161.0,
37.0,24.0,110.0,110.0,
33.0,22.0,104.0,104.0,
12.0,16.0,142.0,142.0,
20.0,19.0,121.0,121.0,
15.0,48.0,182.0,182.0,
32.0,23.0,161.0,161.0,
44.0,16.0,41.0,41.0,
43.0,23.0,158.0,158.0,
30.0,19.0,170.0,170.0,
22.0,24.0,21.0,21.0,
12.0,19.0,10.0,10.0,
27.0,33.0,18.0,18.0,
18.0,46.0,104.0,104.0,
25.0,13.0,104.0,104.0,
37.0,49.0,160.0,160.0,
43.0,38.0,78.0,78.0,
22.0,39.0,73.0,73.0,
15.0,25.0,160.0,160.0,
24.0,34.0,109.0,109.0,
24.0,35.0,164.0,164.0,
22.0,36.0,18.0,18.0,
26.0,37.0,138.0,138.0,
38.0,13.0,170.0,170.0,
44.0,25.0,186.0,186.0,
41.0,12.0,129.0,129.0,
39.0,37.0,44.0,44.0,
18.0,32.0,89.0,89.0,
21.0,14.0,120.0,120.0,
13.0,34.0,57.0,57.0,
40.0,12.0,60.0,60.0,
19.0,17.0,67.0,67.0,
18.0,32.0,165.0,165.0,
10.0,45.0,105.0,105.0,
15.0,33.0,16.0,16.0,
49.0,22.0,130.0,130.0,
17.0,32.0,96.0,96.0,
33.0,12.0,158.0,158.0,
18.0,15.0,9.0,9.0,
28.0,38.0,35.0,35.0,
15.0,36.0,84.0,84.0,
28.0,47.0,15.0,15.0,
18.0,42.0,62.0,62.0,
13.0,36.0,149.0,149.0,
34.0,44.0,69.0,69.0,
14.0,38.0,96.0,96.0,
23.0,21.0,82.0,82.0,
46.0,15.0,24.0,24.0,
16.0,22.0,140.0,140.0,
18.0,11.0,38.0,38.0,
30.0,42.0,77.0,77.0,
42.0,14.0,196.0,196.0,
41.0,46.0,127.0,127.0,
32.0,19.0,123.0,123.0,
20.0,48.0,112.0,112.0,
24.0,20.0,110.0,110.0,
33.0,43.0,101.0,101.0,
26.0,13.0,147.0,147.0,
18.0,44.0,155.0,155.0,
10.0,35.0,23.0,23.0,
20.0,18.0,81.0,81.0,
22.0,10.0,75.0,75.0,
13.0,25.0,11.0,11.0,
37.0,35.0,59.0,59.0,
28.0,13.0,145.0,145.0,
41.0,10.0,178.0,178.0,
17.0,25.0,120.0,120.0,
10.0,47.0,165.0,165.0,
35.0,47.0,140.0,140.0,
28.0,46.0,169.0,169.0,
36.0,47.0,166.0,166.0,
15.0,44.0,188.0,188.0,
11.0,38.0,10.0,10.0,
36.0,32.0,70.0,70.0,
20.0,46.0,58.0,58.0,
35.0,19.0,141.0,141.0,
28.0,19.0,39.0,39.0,
46.0,42.0,109.0,109.0,
16.0,24.0,65.0,65.0,
17.0,37.0,125.0,125.0,
39.0,24.0,8.0,8.0,
25.0,38.0,136.0,136.0,
41.0,45.0,175.0,175.0,
24.0,38.0,103.0,103.0,
12.0,19.0,104.0,104.0,
30.0,46.0,87.0,87.0,
49.0,13.0,76.0,76.0,
30.0,32.0,34.0,34.0,
11.0,43.0,134.0,134.0,
47.0,19.0,173.0,173.0,
30.0,46.0,18.0,18.0,
28.0,40.0,150.0,150.0,
29.0,44.0,124.0,124.0,
31.0,33.0,104.0,104.0,
45.0,18.0,122.0,122.0,
35.0,45.0,47.0,47.0,
40.0,16.0,148.0,148.0,
25.0,22.0,20.0,20.0,
43.0,34.0,84.0,84.0,
33.0,16.0,13.0,13.0,
19.0,33.0,11.0,11.0,
32.0,35.0,30.0,30.0,
48.0,19.0,94.0,94.0,
41.0,25.0,60.0,60.0,
19.0,40.0,193.0,193.0,
11.0,41.0,78.0,78.0,
39.0,43.0,154.0,154.0,
18.0,42.0,37.0,37.0,
41.0,35.0,94.0,94.0,
48.0,32.0,108.0,108.0,
49.0,34.0,9.0,9.0,
16.0,25.0,137.0,137.0,
46.0,44.0,131.0,131.0,
29.0,25.0,191.0,191.0,
38.0,22.0,63.0,63.0,
35.0,21.0,83.0,83.0,
18.0,33.0,118.0,118.0,
40.0,22.0,180.0,180.0,
33.0,31.0,9.0,9.0,
48.0,42.0,74.0,74.0,
33.0,12.0,12.0,12.0,
47.0,39.0,141.0,141.0,
35.0,44.0,143.0,143.0,
15.0,43.0,58.0,58.0,
44.0,30.0,37.0,37.0,
43.0,27.0,103.0,103.0,
13.0,37.0,48.0,48.0,
17.0,17.0,197.0,197.0,
29.0,25.0,80.0,80.0,
17.0,14.0,85.0,85.0,
46.0,10.0,8.0,8.0,
44.0,22.0,132.0,132.0,
44.0,11.0,117.0,117.0,
23.0,19.0,26.0,26.0,
45.0,11.0,127.0,127.0,
15.0,21.0,57.0,57.0,
36.0,49.0,112.0,112.0,
39.0,27.0,61.0,61.0,
41.0,46.0,129.0,129.0,
27.0,28.0,25.0,25.0,
34.0,36.0,126.0,126.0,
40.0,43.0,106.0,106.0,
33.0,36.0,130.0,130.0,
41.0,12.0,26.0,26.0,
14.0,22.0,135.0,135.0,
46.0,26.0,9.0,9.0,
15.0,49.0,150.0,150.0,
40.0,29.0,152.0,152.0,
30.0,45.0,166.0,166.0,
29.0,12.0,115.0,115.0,
38.0,18.0,132.0,132.0,
34.0,27.0,36.0,36.0,
33.0,49.0,151.0,151.0,
21.0,47.0,73.0,73.0,
18.0,27.0,91.0,91.0,
14.0,17.0,98.0,98.0,
43.0,32.0,73.0,73.0,
36.0,14.0,173.0,173.0,
34.0,22.0,138.0,138.0,
16.0,41.0,88.0,88.0,
35.0,41.0,19.0,19.0,
15.0,33.0,99.0,99.0,
18.0,10.0,180.0,180.0,
40.0,43.0,196.0,196.0,
43.0,10.0,166.0,166.0,
42.0,42.0,139.0,139.0,
28.0,37.0,143.0,143.0,
29.0,20.0,13.0,13.0,
25.0,46.0,87.0,87.0,
28.0,10.0,125.0,125.0,
41.0,15.0,19.0,19.0,
12.0,19.0,173.0,173.0,
12.0,25.0,170.0,170.0,
19.0,27.0,173.0,173.0,
27.0,44.0,79.0,79.0,
10.0,29.0,197.0,197.0,
10.0,18.0,61.0,61.0,
26.0,40.0,156.0,156.0,
32.0,20.0,168.0,168.0,
33.0,26.0,177.0,177.0,
47.0,15.0,77.0,77.0,
23.0,16.0,182.0,182.0,
17.0,17.0,148.0,148.0,
20.0,21.0,155.0,155.0,
38.0,43.0,15.0,15.0,
39.0,27.0,106.0,106.0,
32.0,12.0,161.0,161.0,
27.0,26.0,132.0,132.0,
10.0,29.0,86.0,86.0,
38.0,12.0,146.0,146.0,
31.0,45.0,149.0,149.0,
47.0,36.0,11.0,11.0,
15.0,36.0,42.0,42.0,
28.0,13.0,164.0,164.0,
29.0,22.0,155.0,155.0,
26.0,43.0,136.0,136.0,
42.0,23.0,16.0,16.0,
13.0,30.0,48.0,48.0,
36.0,16.0,196.0,196.0,
18.0,45.0,31.0,31.0,
27.0,19.0,55.0,55.0,
49.0,15.0,73.0,73.0,
15.0,28.0,195.0,195.0,
46.0,49.0,20.0,20.0,
22.0,32.0,165.0,165.0,
17.0,11.0,158.0,158.0,
27.0,47.0,184.0,184.0,
22.0,17.0,104.0,104.0,
13.0,32.0,52.0,52.0,
47.0,37.0,31.0,31.0,
46.0,37.0,78.0,78.0,
40.0,29.0,121.0,121.0,
29.0,45.0,15.0,15.0,
17.0,41.0,87.0,87.0,
30.0,17.0,39.0,39.0,
37.0,41.0,58.0,58.0,
13.0,29.0,141.0,141.0,
39.0,14.0,199.0,199.0,
15.0,35.0,84.0,84.0,
29.0,23.0,152.0,152.0,
27.0,12.0,126.0,126.0,
29.0,26.0,84.0,84.0,
19.0,12.0,73.0,73.0,
38.0,14.0,94.0,94.0,
47.0,37.0,23.0,23.0,
15.0,12.0,197.0,197.0,
41.0,27.0,77.0,77.0,
22.0,34.0,100.0,100.0,
41.0,46.0,21.0,21.0,
44.0,20.0,158.0,158.0,
31.0,23.0,100.0,100.0,
12.0,34.0,120.0,120.0,
18.0,29.0,15.0,15.0,
40.0,28.0,68.0,68.0,
32.0,44.0,189.0,189.0,
20.0,48.0,106.0,106.0,
39.0,31.0,100.0,100.0,
26.0,27.0,123.0,123.0,
47.0,12.0,107.0,107.0,
11.0,36.0,141.0,141.0,
34.0,39.0,166.0,166.0,
25.0,31.0,14.0,14.0,
32.0,38.0,115.0,115.0,
38.0,29.0,186.0,186.0,
41.0,37.0,130.0,130.0,
22.0,21.0,25.0,25.0,
35.0,21.0,56.0,56.0,
31.0,19.0,107.0,107.0,
15.0,43.0,84.0,84.0,
19.0,18.0,167.0,167.0,
11.0,34.0,110.0,110.0,
11.0,24.0,188.0,188.0,
12.0,25.0,80.0,80.0,
29.0,24.0,116.0,116.0,
23.0,29.0,142.0,142.0,
13.0,20.0,16.0,16.0,
15.0,43.0,12.0,12.0,
16.0,13.0,198.0,198.0,
43.0,11.0,184.0,184.0,
40.0,33.0,106.0,106.0,
26.0,45.0,134.0,134.0,
18.0,42.0,95.0,95.0,
15.0,16.0,182.0,182.0,
32.0,42.0,24.0,24.0,
14.0,32.0,87.0,87.0,
25.0,16.0,14.0,14.0,
48.0,33.0,136.0,136.0,
44.0,24.0,196.0,196.0,
31.0,38.0,108.0,108.0,
34.0,16.0,146.0,146.0,
26.0,47.0,157.0,157.0,
49.0,43.0,130.0,130.0,
44.0,18.0,131.0,131.0,
20.0,32.0,175.0,175.0,
43.0,27.0,128.0,128.0,
37.0,27.0,9.0,9.0,
18.0,39.0,28.0,28.0,
31.0,19.0,11.0,11.0,
10.0,45.0,82.0,82.0,
28.0,39.0,93.0,93.0,
22.0,20.0,165.0,165.0,
43.0,40.0,182.0,182.0,
34.0,41.0,131.0,131.0,
44.0,39.0,152.0,152.0,
44.0,27.0,44.0,44.0,
45.0,25.0,77.0,77.0,
37.0,41.0,81.0,81.0,
40.0,46.0,102.0,102.0,
44.0,42.0,130.0,130.0,
47.0,34.0,195.0,195.0,
24.0,46.0,101.0,101.0,
37.0,36.0,21.0,21.0,
12.0,16.0,27.0,27.0,
37.0,38.0,16.0,16.0,
21.0,33.0,81.0,81.0,
15.0,45.0,50.0,50.0,
44.0,48.0,99.0,99.0,
18.0,25.0,191.0,191.0,
19.0,29.0,151.0,151.0,
49.0,33.0,83.0,83.0,
41.0,16.0,85.0,85.0,
36.0,34.0,50.0,50.0,
48.0,32.0,133.0,133.0,
35.0,27.0,141.0,141.0,
44.0,33.0,133.0,133.0,
24.0,14.0,16.0,16.0,
28.0,30.0,124.0,124.0,
17.0,10.0,195.0,195.0,
16.0,48.0,126.0,126.0,
21.0,20.0,105.0,105.0,
22.0,28.0,29.0,29.0,
16.0,38.0,181.0,181.0,
20.0,16.0,14.0,14.0,
15.0,46.0,79.0,79.0,
25.0,20.0,143.0,143.0,
41.0,42.0,64.0,64.0,
12.0,18.0,104.0,104.0,
35.0,42.0,133.0,133.0,
10.0,43.0,57.0,57.0,
22.0,12.0,122.0,122.0,
29.0,38.0,107.0,107.0,
38.0,17.0,25.0,25.0,
11.0,24.0,134.0,134.0,
13.0,48.0,162.0,162.0,
19.0,22.0,185.0,185.0,
13.0,10.0,112.0,112.0,
42.0,31.0,24.0,24.0,
12.0,30.0,111.0,111.0,
49.0,39.0,14.0,14.0,
14.0,16.0,40.0,40.0,
45.0,46.0,111.0,111.0,
24.0,46.0,99.0,99.0,
24.0,36.0,117.0,117.0,
17.0,44.0,164.0,164.0,
44.0,17.0,191.0,191.0,
11.0,45.0,121.0,121.0,
28.0,14.0,145.0,145.0,
30.0,22.0,195.0,195.0,
30.0,12.0,45.0,45.0,
22.0,44.0,51.0,51.0,
14.0,36.0,126.0,126.0,
30.0,19.0,144.0,144.0,
24.0,16.0,24.0,24.0,
19.0,24.0,160.0,160.0,
21.0,25.0,123.0,123.0,
41.0,44.0,70.0,70.0,
12.0,46.0,75.0,75.0,
42.0,27.0,111.0,111.0,
36.0,26.0,157.0,157.0,
30.0,41.0,151.0,151.0,
19.0,26.0,131.0,131.0,
46.0,37.0,179.0,179.0,
42.0,49.0,171.0,171.0,
16.0,49.0,192.0,192.0,
34.0,22.0,35.0,35.0,
10.0,22.0,145.0,145.0,
42.0,10.0,176.0,176.0,
24.0,36.0,136.0,136.0,
33.0,26.0,159.0,159.0,
24.0,49.0,195.0,195.0,
42.0,34.0,167.0,167.0,
25.0,43.0,59.0,59.0,
10.0,26.0,111.0,111.0,
10.0,11.0,126.0,126.0,
45.0,23.0,45.0,45.0,
32.0,30.0,16.0,16.0,
21.0,35.0,116.0,116.0,
14.0,31.0,170.0,170.0,
18.0,46.0,75.0,75.0,
37.0,31.0,46.0,46.0,
34.0,26.0,107.0,107.0,
35.0,10.0,140.0,140.0,
42.0,21.0,93.0,93.0,
26.0,26.0,19.0,19.0,
13.0,15.0,133.0,133.0,
21.0,24.0,147.0,147.0,
30.0,29.0,10.0,10.0,
48.0,47.0,134.0,134.0,
20.0,10.0,60.0,60.0,
32.0,15.0,184.0,184.0,
24.0,37.0,176.0,176.0,
34.0,13.0,134.0,134.0,
32.0,23.0,27.0,27.0,
35.0,25.0,54.0,54.0,
29.0,24.0,58.0,58.0,
10.0,20.0,56.0,56.0,
35.0,17.0,131.0,131.0,
41.0,10.0,155.0,155.0,
36.0,27.0,94.0,94.0,
10.0,39.0,193.0,193.0,
23.0,34.0,128.0,128.0,
49.0,28.0,61.0,61.0,
13.0,28.0,19.0,19.0,
33.0,35.0,110.0,110.0,
47.0,17.0,167.0,167.0,
13.0,12.0,151.0,151.0,
23.0,45.0,114.0,114.0,
27.0,25.0,34.0,34.0,
10.0,49.0,98.0,98.0,
17.0,44.0,152.0,152.0,
28.0,16.0,100.0,100.0,
41.0,40.0,123.0,123.0,
32.0,28.0,73.0,73.0,
31.0,45.0,167.0,167.0,
48.0,24.0,158.0,158.0,
13.0,15.0,111.0,111.0,
46.0,34.0,133.0,133.0,
27.0,38.0,45.0,45.0,
23.0,32.0,136.0,136.0,
32.0,23.0,94.0,94.0,
40.0,49.0,93.0,93.0,
13.0,14.0,172.0,172.0,
24.0,29.0,111.0,111.0,
30.0,32.0,102.0,102.0,
23.0,31.0,176.0,176.0,
24.0,28.0,16.0,16.0,
26.0,19.0,8.0,8.0,
27.0,27.0,90.0,90.0,
15.0,18.0,154.0,154.0,
37.0,47.0,101.0,101.0,
20.0,16.0,110.0,110.0,
23.0,13.0,44.0,44.0,
25.0,16.0,68.0,68.0,
32.0,23.0,192.0,192.0,
34.0,11.0,18.0,18.0,
28.0,32.0,194.0,194.0,
28.0,33.0,19.0,19.0,
18.0,28.0,142.0,142.0,
22.0,10.0,175.0,175.0,
47.0,16.0,194.0,194.0,
42.0,26.0,157.0,157.0,
17.0,34.0,118.0,118.0,
22.0,10.0,155.0,155.0,
21.0,24.0,43.0,43.0,
24.0,10.0,87.0,87.0,
12.0,35.0,65.0,65.0,
26.0,20.0,117.0,117.0,
46.0,36.0,114.0,114.0,
44.0,34.0,160.0,160.0,
18.0,20.0,39.0,39.0,
41.0,12.0,27.0,27.0,
48.0,47.0,110.0,110.0,
32.0,22.0,75.0,75.0,
45.0,20.0,176.0,176.0,
25.0,42.0,127.0,127.0,
45.0,28.0,179.0,179.0,
39.0,23.0,107.0,107.0,
42.0,46.0,184.0,184.0,
45.0,26.0,27.0,27.0,
33.0,35.0,71.0,71.0,
11.0,38.0,178.0,178.0,
18.0,31.0,126.0,126.0,
15.0,21.0,67.0,67.0,
11.0,48.0,88.0,88.0,
13.0,35.0,76.0,76.0,
48.0,12.0,80.0,80.0,
26.0,22.0,188.0,188.0,
34.0,41.0,127.0,127.0,
19.0,39.0,90.0,90.0,
15.0,24.0,177.0,177.0,
28.0,46.0,186.0,186.0,
16.0,46.0,100.0,100.0,
46.0,22.0,43.0,43.0,
31.0,20.0,33.0,33.0,
31.0,24.0,86.0,86.0,
15.0,29.0,17.0,17.0,
29.0,21.0,21.0,21.0,
43.0,19.0,35.0,35.0,
33.0,44.0,173.0,173.0,
12.0,15.0,139.0,139.0,
47.0,31.0,178.0,178.0,
24.0,13.0,47.0,47.0,
23.0,36.0,105.0,105.0,
41.0,10.0,163.0,163.0,
47.0,40.0,93.0,93.0,
26.0,11.0,157.0,157.0,
45.0,30.0,26.0,26.0,
20.0,46.0,189.0,189.0,
30.0,14.0,151.0,151.0,
34.0,47.0,164.0,164.0,
48.0,37.0,157.0,157.0,
27.0,27.0,100.0,100.0,
31.0,32.0,67.0,67.0,
27.0,11.0,165.0,165.0,
23.0,47.0,102.0,102.0,
16.0,20.0,125.0,125.0,
38.0,27.0,50.0,50.0,
36.0,48.0,11.0,11.0,
26.0,25.0,48.0,48.0,
15.0,45.0,85.0,85.0,
34.0,22.0,130.0,130.0,
33.0,47.0,161.0,161.0,
43.0,47.0,43.0,43.0,
40.0,46.0,159.0,159.0,
29.0,31.0,135.0,135.0,
33.0,48.0,77.0,77.0,
42.0,46.0,26.0,26.0,
17.0,13.0,24.0,24.0,
42.0,30.0,72.0,72.0,
16.0,20.0,53.0,53.0,
19.0,24.0,128.0,128.0,
10.0,21.0,57.0,57.0,
25.0,12.0,185.0,185.0,
22.0,34.0,12.0,12.0,
27.0,19.0,177.0,177.0,
21.0,29.0,44.0,44.0,
44.0,19.0,22.0,22.0,
27.0,41.0,139.0,139.0,
12.0,44.0,131.0,131.0,
31.0,29.0,156.0,156.0,
40.0,35.0,102.0,102.0,
29.0,16.0,178.0,178.0,
28.0,35.0,175.0,175.0,
31.0,32.0,64.0,64.0,
13.0,45.0,14.0,14.0,
27.0,47.0,86.0,86.0,
29.0,22.0,18.0,18.0,
40.0,34.0,123.0,123.0,
14.0,39.0,105.0,105.0,
32.0,44.0,115.0,115.0,
41.0,10.0,15.0,15.0,
48.0,31.0,173.0,173.0,
28.0,34.0,188.0,188.0,
22.0,14.0,195.0,195.0,
30.0,39.0,175.0,175.0,
18.0,19.0,170.0,170.0,
14.0,23.0,43.0,43.0,
27.0,39.0,47.0,47.0,
16.0,35.0,77.0,77.0,
49.0,18.0,126.0,126.0,
40.0,29.0,189.0,189.0,
47.0,25.0,122.0,122.0,
43.0,29.0,68.0,68.0,
11.0,10.0,147.0,147.0,
21.0,10.0,128.0,128.0,
24.0,43.0,89.0,89.0,
40.0,41.0,116.0,116.0,
19.0,27.0,29.0,29.0,
20.0,42.0,32.0,32.0,
20.0,20.0,116.0,116.0,
23.0,22.0,190.0,190.0,
28.0,21.0,103.0,103.0,
46.0,24.0,60.0,60.0,
33.0,44.0,36.0,36.0,
16.0,16.0,125.0,125.0,
47.0,30.0,186.0,186.0,
46.0,27.0,90.0,90.0,
11.0,38.0,132.0,132.0,
41.0,33.0,9.0,9.0,
14.0,18.0,79.0,79.0,
19.0,10.0,78.0,78.0,
38.0,15.0,156.0,156.0,
37.0,13.0,104.0,104.0,
26.0,24.0,118.0,118.0,
28.0,31.0,161.0,161.0,
29.0,47.0,114.0,114.0,
14.0,41.0,53.0,53.0,
24.0,22.0,28.0,28.0,
13.0,32.0,114.0,114.0,
30.0,35.0,114.0,114.0,
10.0,40.0,151.0,151.0,
43.0,33.0,71.0,71.0,
30.0,45.0,170.0,170.0,
48.0,17.0,163.0,163.0,
10.0,14.0,11.0,11.0,
45.0,28.0,121.0,121.0,
10.0,10.0,81.0,81.0,
16.0,24.0,120.0,120.0,
15.0,35.0,90.0,90.0,
31.0,43.0,165.0,165.0,
27.0,46.0,136.0,136.0,
36.0,35.0,20.0,20.0,
43.0,16.0,100.0,100.0,
46.0,13.0,45.0,45.0,
10.0,25.0,57.0,57.0,
11.0,38.0,156.0,156.0,
23.0,39.0,69.0,69.0,
47.0,30.0,63.0,63.0,
44.0,27.0,131.0,131.0,
14.0,43.0,109.0,109.0,
14.0,19.0,102.0,102.0,
16.0,18.0,140.0,140.0,
40.0,41.0,181.0,181.0,
36.0,48.0,154.0,154.0,
40.0,18.0,137.0,137.0,
29.0,45.0,63.0,63.0,
14.0,18.0,196.0,196.0,
32.0,47.0,39.0,39.0,
22.0,42.0,148.0,148.0,
12.0,24.0,15.0,15.0,
26.0,31.0,78.0,78.0,
28.0,38.0,163.0,163.0,
10.0,18.0,179.0,179.0,
17.0,36.0,59.0,59.0,
30.0,18.0,15.0,15.0,
20.0,39.0,61.0,61.0,
29.0,24.0,68.0,68.0,
20.0,21.0,189.0,189.0,
31.0,32.0,169.0,169.0,
30.0,31.0,42.0,42.0,
21.0,44.0,21.0,21.0,
23.0,44.0,19.0,19.0,
26.0,40.0,73.0,73.0,
23.0,27.0,61.0,61.0,
16.0,36.0,71.0,71.0,
11.0,19.0,63.0,63.0,
30.0,45.0,79.0,79.0,
47.0,36.0,167.0,167.0,
48.0,15.0,142.0,142.0,
17.0,14.0,178.0,178.0,
19.0,41.0,124.0,124.0,
42.0,49.0,141.0,141.0,
21.0,13.0,181.0,181.0,
24.0,22.0,75.0,75.0,
15.0,33.0,42.0,42.0,
17.0,13.0,86.0,86.0,
33.0,45.0,104.0,104.0,
32.0,30.0,124.0,124.0,
34.0,31.0,178.0,178.0,
14.0,30.0,163.0,163.0,
47.0,12.0,195.0,195.0,
22.0,44.0,120.0,120.0,
27.0,36.0,193.0,193.0,
38.0,44.0,88.0,88.0,
42.0,10.0,50.0,50.0,
35.0,19.0,149.0,149.0,
25.0,47.0,183.0,183.0,
16.0,34.0,166.0,166.0,
37.0,17.0,109.0,109.0,
34.0,48.0,159.0,159.0,
23.0,31.0,10.0,10.0,
38.0,18.0,191.0,191.0,
34.0,19.0,97.0,97.0,
39.0,35.0,103.0,103.0,
27.0,16.0,26.0,26.0,
16.0,35.0,177.0,177.0,
29.0,41.0,21.0,21.0,
11.0,31.0,85.0,85.0,
14.0,11.0,91.0,91.0,
23.0,17.0,63.0,63.0,
16.0,13.0,176.0,176.0,
19.0,15.0,142.0,142.0,
22.0,26.0,34.0,34.0,
46.0,11.0,184.0,184.0,
30.0,10.0,101.0,101.0,
28.0,45.0,175.0,175.0,
41.0,15.0,92.0,92.0,
10.0,10.0,150.0,150.0,
45.0,48.0,100.0,100.0,
42.0,46.0,127.0,127.0,
43.0,19.0,141.0,141.0,
10.0,46.0,32.0,32.0,
33.0,15.0,151.0,151.0,
14.0,49.0,115.0,115.0,
11.0,10.0,176.0,176.0,
41.0,43.0,94.0,94.0,
28.0,14.0,110.0,110.0,
30.0,47.0,23.0,23.0,
46.0,43.0,82.0,82.0,
45.0,44.0,148.0,148.0,
27.0,39.0,159.0,159.0,
29.0,26.0,142.0,142.0,
46.0,19.0,73.0,73.0,
27.0,38.0,101.0,101.0,
24.0,39.0,99.0,99.0,
10.0,44.0,147.0,147.0,
48.0,41.0,21.0,21.0,
22.0,27.0,86.0,86.0,
27.0,12.0,173.0,173.0,
47.0,31.0,63.0,63.0,
35.0,28.0,129.0,129.0,
37.0,27.0,61.0,61.0,
47.0,48.0,164.0,164.0,
29.0,35.0,9.0,9.0,
13.0,39.0,62.0,62.0,
49.0,31.0,119.0,119.0,
10.0,12.0,112.0,112.0,
41.0,45.0,199.0,199.0,
29.0,47.0,196.0,196.0,
35.0,34.0,119.0,119.0,
35.0,39.0,170.0,170.0,
12.0,10.0,188.0,188.0,
45.0,37.0,13.0,13.0,
40.0,14.0,14.0,14.0,
13.0,45.0,167.0,167.0,
33.0,25.0,134.0,134.0,
47.0,46.0,18.0,18.0,
42.0,21.0,108.0,108.0,
26.0,39.0,102.0,102.0,
25.0,12.0,105.0,105.0,
37.0,31.0,54.0,54.0,
16.0,39.0,60.0,60.0,
23.0,39.0,131.0,131.0,
42.0,49.0,176.0,176.0,
25.0,44.0,175.0,175.0,
47.0,30.0,89.0,89.0,
45.0,37.0,27.0,27.0,
47.0,12.0,11.0,11.0,
20.0,35.0,33.0,33.0,
40.0,44.0,100.0,100.0,
36.0,21.0,188.0,188.0,
19.0,37.0,60.0,60.0,
10.0,49.0,34.0,34.0,
16.0,43.0,181.0,181.0,
39.0,15.0,111.0,111.0,
24.0,16.0,13.0,13.0,
40.0,20.0,108.0,108.0,
31.0,48.0,42.0,42.0,
41.0,22.0,186.0,186.0,
14.0,13.0,90.0,90.0,
28.0,15.0,126.0,126.0,
29.0,29.0,45.0,45.0,
12.0,10.0,60.0,60.0,
41.0,48.0,72.0,72.0,
32.0,40.0,191.0,191.0,
47.0,25.0,128.0,128.0,
42.0,12.0,117.0,117.0,
18.0,30.0,9.0,9.0,
17.0,22.0,191.0,191.0,
23.0,45.0,11.0,11.0,
30.0,43.0,68.0,68.0,
14.0,47.0,192.0,192.0,
27.0,46.0,92.0,92.0,
47.0,48.0,22.0,22.0,
37.0,28.0,192.0,192.0,
15.0,26.0,176.0,176.0,
40.0,17.0,133.0,133.0,
49.0,15.0,120.0,120.0,
38.0,11.0,27.0,27.0,
18.0,47.0,66.0,66.0,
40.0,17.0,131.0,131.0,
19.0,37.0,32.0,32.0,
10.0,30.0,100.0,100.0,
31.0,32.0,111.0,111.0,
20.0,41.0,30.0,30.0,
46.0,49.0,176.0,176.0,
10.0,41.0,191.0,191.0,
29.0,28.0,86.0,86.0,
43.0,36.0,121.0,121.0,
48.0,10.0,30.0,30.0,
38.0,39.0,63.0,63.0,
38.0,18.0,129.0,129.0,
46.0,12.0,36.0,36.0,
36.0,18.0,109.0,109.0,
34.0,10.0,73.0,73.0,
38.0,44.0,121.0,121.0,
47.0,45.0,181.0,181.0,
48.0,10.0,105.0,105.0,
15.0,32.0,162.0,162.0,
37.0,18.0,20.0,20.0,
11.0,27.0,169.0,169.0,
14.0,30.0,142.0,142.0,
37.0,39.0,140.0,140.0,
12.0,24.0,16.0,16.0,
47.0,21.0,149.0,149.0,
24.0,37.0,43.0,43.0,
20.0,17.0,135.0,135.0,
35.0,46.0,100.0,100.0,
28.0,12.0,46.0,46.0,
19.0,24.0,38.0,38.0,
22.0,23.0,170.0,170.0,
47.0,44.0,65.0,65.0,
26.0,28.0,63.0,63.0,
34.0,45.0,109.0,109.0,
36.0,47.0,83.0,83.0,
10.0,25.0,114.0,114.0,
44.0,34.0,23.0,23.0,
33.0,22.0,82.0,82.0,
21.0,17.0,38.0,38.0,
37.0,32.0,161.0,161.0,
42.0,19.0,158.0,158.0,
29.0,35.0,164.0,164.0,
27.0,39.0,164.0,164.0,
10.0,14.0,113.0,113.0,
27.0,13.0,92.0,92.0,
39.0,35.0,120.0,120.0,
30.0,45.0,124.0,124.0,
22.0,37.0,59.0,59.0,
26.0,40.0,102.0,102.0,
47.0,42.0,71.0,71.0,
30.0,29.0,133.0,133.0,
28.0,42.0,136.0,136.0,
21.0,14.0,140.0,140.0,
36.0,14.0,127.0,127.0,
38.0,45.0,151.0,151.0,
11.0,21.0,164.0,164.0,
16.0,29.0,39.0,39.0,
41.0,42.0,56.0,56.0,
12.0,17.0,99.0,99.0,
35.0,36.0,192.0,192.0,
45.0,10.0,67.0,67.0,
36.0,34.0,83.0,83.0,
20.0,41.0,38.0,38.0,
48.0,19.0,90.0,90.0,
20.0,16.0,167.0,167.0,
19.0,44.0,133.0,133.0,
39.0,27.0,138.0,138.0,
40.0,13.0,136.0,136.0,
16.0,11.0,63.0,63.0,
37.0,29.0,108.0,108.0,
34.0,24.0,98.0,98.0,
19.0,30.0,54.0,54.0,
25.0,10.0,176.0,176.0,
36.0,28.0,172.0,172.0,
23.0,34.0,97.0,97.0,
22.0,23.0,149.0,149.0,
15.0,42.0,135.0,135.0,
18.0,14.0,17.0,17.0,
35.0,40.0,172.0,172.0,
33.0,16.0,119.0,119.0,
44.0,36.0,17.0,17.0,
49.0,12.0,78.0,78.0,
28.0,36.0,119.0,119.0,
29.0,39.0,49.0,49.0,
29.0,26.0,192.0,192.0,
43.0,29.0,186.0,186.0,
49.0,10.0,144.0,144.0,
11.0,45.0,12.0,12.0,
30.0,48.0,96.0,96.0,
46.0,48.0,77.0,77.0,
46.0,43.0,192.0,192.0,
36.0,17.0,20.0,20.0,
29.0,37.0,69.0,69.0,
33.0,16.0,20.0,20.0,
47.0,40.0,30.0,30.0,
47.0,11.0,101.0,101.0,
45.0,46.0,189.0,189.0,
32.0,45.0,34.0,34.0,
46.0,11.0,99.0,99.0,
25.0,21.0,140.0,140.0,
24.0,44.0,144.0,144.0,
46.0,13.0,108.0,108.0,
32.0,36.0,61.0,61.0,
46.0,45.0,170.0,170.0,
40.0,14.0,103.0,103.0,
33.0,24.0,126.0,126.0,
35.0,28.0,96.0,96.0,
32.0,23.0,171.0,171.0,
48.0,23.0,127.0,127.0,
47.0,23.0,170.0,170.0,
40.0,44.0,68.0,68.0,
11.0,31.0,53.0,53.0,
29.0,45.0,161.0,161.0,
19.0,17.0,168.0,168.0,
11.0,11.0,55.0,55.0,
13.0,41.0,98.0,98.0,
30.0,49.0,191.0,191.0,
36.0,46.0,125.0,125.0,
31.0,24.0,160.0,160.0,
43.0,35.0,137.0,137.0,
29.0,22.0,182.0,182.0,
16.0,10.0,41.0,41.0,
37.0,45.0,17.0,17.0,
32.0,18.0,72.0,72.0,
17.0,49.0,124.0,124.0,
22.0,11.0,103.0,103.0,
47.0,24.0,178.0,178.0,
49.0,12.0,76.0,76.0,
27.0,40.0,185.0,185.0,
23.0,17.0,89.0,89.0,
39.0,47.0,88.0,88.0,
33.0,24.0,100.0,100.0,
11.0,36.0,147.0,147.0,
19.0,40.0,122.0,122.0,
42.0,26.0,131.0,131.0,
20.0,36.0,176.0,176.0,
35.0,28.0,128.0,128.0,
20.0,28.0,95.0,95.0,
12.0,47.0,113.0,113.0,
48.0,34.0,152.0,152.0,
45.0,41.0,74.0,74.0,
48.0,28.0,169.0,169.0,
11.0,37.0,51.0,51.0,
36.0,23.0,141.0,141.0,
30.0,34.0,166.0,166.0,
28.0,14.0,141.0,141.0,
20.0,48.0,139.0,139.0,
27.0,45.0,106.0,106.0,
37.0,42.0,59.0,59.0,
36.0,24.0,11.0,11.0,
33.0,46.0,119.0,119.0,
34.0,30.0,189.0,189.0,
44.0,37.0,81.0,81.0,
36.0,14.0,69.0,69.0,
18.0,24.0,169.0,169.0,
47.0,37.0,109.0,109.0,
39.0,45.0,131.0,131.0,
43.0,17.0,96.0,96.0,
17.0,29.0,10.0,10.0,
38.0,49.0,9.0,9.0,
37.0,21.0,185.0,185.0,
14.0,49.0,126.0,126.0,
36.0,30.0,80.0,80.0,
35.0,37.0,168.0,168.0,
29.0,27.0,52.0,52.0,
30.0,37.0,62.0,62.0,
45.0,31.0,116.0,116.0,
27.0,38.0,56.0,56.0,
19.0,21.0,197.0,197.0,
26.0,21.0,8.0,8.0,
36.0,40.0,26.0,26.0,
24.0,42.0,57.0,57.0,
16.0,18.0,102.0,102.0,
26.0,32.0,191.0,191.0,
16.0,27.0,110.0,110.0,
21.0,29.0,164.0,164.0,
17.0,47.0,13.0,13.0,
38.0,34.0,137.0,137.0,
38.0,24.0,187.0,187.0,
48.0,45.0,79.0,79.0,
42.0,16.0,22.0,22.0,
24.0,24.0,71.0,71.0,
48.0,20.0,133.0,133.0,
31.0,12.0,68.0,68.0,
20.0,37.0,170.0,170.0,
15.0,22.0,151.0,151.0,
17.0,33.0,101.0,101.0,
41.0,12.0,107.0,107.0,
46.0,19.0,69.0,69.0,
48.0,17.0,176.0,176.0,
45.0,13.0,180.0,180.0,
10.0,13.0,23.0,23.0,
32.0,46.0,121.0,121.0,
20.0,37.0,44.0,44.0,
13.0,21.0,90.0,90.0,
16.0,16.0,168.0,168.0,
49.0,36.0,55.0,55.0,
36.0,38.0,24.0,24.0,
37.0,20.0,127.0,127.0,
37.0,29.0,61.0,61.0,
25.0,46.0,131.0,131.0,
22.0,38.0,146.0,146.0,
30.0,30.0,125.0,125.0,
48.0,29.0,149.0,149.0,
11.0,31.0,80.0,80.0,
29.0,36.0,106.0,106.0,
43.0,33.0,8.0,8.0,
35.0,40.0,111.0,111.0,
10.0,16.0,43.0,43.0,
25.0,18.0,178.0,178.0,
21.0,39.0,156.0,156.0,
11.0,15.0,195.0,195.0,
20.0,10.0,129.0,129.0,
26.0,34.0,145.0,145.0,
49.0,26.0,139.0,139.0,
41.0,39.0,42.0,42.0,
35.0,29.0,141.0,141.0,
42.0,49.0,115.0,115.0,
25.0,17.0,150.0,150.0,
28.0,13.0,114.0,114.0,
22.0,38.0,93.0,93.0,
19.0,18.0,162.0,162.0,
37.0,32.0,147.0,147.0,
45.0,30.0,153.0,153.0,
12.0,43.0,90.0,90.0,
44.0,35.0,88.0,88.0,
18.0,21.0,174.0,174.0,
14.0,34.0,114.0,114.0,
39.0,28.0,45.0,45.0,
19.0,35.0,117.0,117.0,
18.0,24.0,64.0,64.0,
41.0,46.0,147.0,147.0,
13.0,26.0,114.0,114.0,
31.0,36.0,102.0,102.0,
49.0,18.0,149.0,149.0,
37.0,15.0,155.0,155.0,
31.0,16.0,137.0,137.0,
22.0,45.0,155.0,155.0,
20.0,20.0,156.0,156.0,
41.0,43.0,114.0,114.0,
19.0,12.0,197.0,197.0,
26.0,34.0,181.0,181.0,
20.0,37.0,42.0,42.0,
16.0,27.0,57.0,57.0,
11.0,10.0,42.0,42.0,
22.0,49.0,91.0,91.0,
18.0,47.0,55.0,55.0,
12.0,26.0,116.0,116.0,
35.0,22.0,101.0,101.0,
48.0,36.0,186.0,186.0,
26.0,31.0,183.0,183.0,
36.0,32.0,109.0,109.0,
13.0,47.0,72.0,72.0,
17.0,45.0,134.0,134.0,
16.0,37.0,18.0,18.0,
45.0,41.0,77.0,77.0,
23.0,24.0,191.0,191.0,
46.0,20.0,30.0,30.0,
11.0,25.0,137.0,137.0,
27.0,30.0,188.0,188.0,
26.0,46.0,86.0,86.0,
18.0,20.0,105.0,105.0,
14.0,42.0,174.0,174.0,
35.0,20.0,26.0,26.0,
45.0,10.0,59.0,59.0,
49.0,31.0,77.0,77.0,
28.0,17.0,35.0,35.0,
15.0,12.0,96.0,96.0,
32.0,44.0,78.0,78.0,
22.0,27.0,93.0,93.0,
34.0,39.0,144.0,144.0,
22.0,16.0,23.0,23.0,
28.0,18.0,51.0,51.0,
47.0,17.0,100.0,100.0,
31.0,28.0,191.0,191.0,
36.0,34.0,130.0,130.0,
32.0,26.0,94.0,94.0,
39.0,23.0,100.0,100.0,
47.0,20.0,114.0,114.0,
34.0,24.0,106.0,106.0,
13.0,42.0,46.0,46.0,
18.0,21.0,132.0,132.0,
11.0,24.0,106.0,106.0,
22.0,27.0,26.0,26.0,
21.0,16.0,171.0,171.0,
45.0,24.0,118.0,118.0,
20.0,40.0,88.0,88.0,
13.0,45.0,188.0,188.0,
29.0,15.0,66.0,66.0,
14.0,28.0,49.0,49.0,
28.0,49.0,131.0,131.0,
34.0,49.0,152.0,152.0,
45.0,15.0,58.0,58.0,
48.0,41.0,137.0,137.0,
35.0,10.0,141.0,141.0,
22.0,15.0,111.0,111.0,
27.0,12.0,34.0,34.0,
45.0,49.0,105.0,105.0,
12.0,31.0,47.0,47.0,
39.0,36.0,143.0,143.0,
43.0,21.0,28.0,28.0,
25.0,17.0,146.0,146.0,
42.0,14.0,76.0,76.0,
17.0,18.0,73.0,73.0,
25.0,10.0,121.0,121.0,
34.0,41.0,186.0,186.0,
34.0,42.0,116.0,116.0,
44.0,41.0,163.0,163.0,
11.0,38.0,107.0,107.0,
31.0,38.0,65.0,65.0,
25.0,21.0,50.0,50.0,
35.0,26.0,118.0,118.0,
16.0,35.0,90.0,90.0,
48.0,49.0,177.0,177.0,
38.0,26.0,70.0,70.0,
27.0,24.0,80.0,80.0,
29.0,42.0,72.0,72.0,
39.0,18.0,116.0,116.0,
44.0,27.0,103.0,103.0,
14.0,14.0,108.0,108.0,
36.0,24.0,43.0,43.0,
45.0,38.0,133.0,133.0,
18.0,34.0,179.0,179.0,
45.0,14.0,67.0,67.0,
17.0,27.0,119.0,119.0,
45.0,11.0,89.0,89.0,
35.0,46.0,38.0,38.0,
16.0,28.0,168.0,168.0,
16.0,46.0,119.0,119.0,
38.0,26.0,182.0,182.0,
35.0,20.0,136.0,136.0,
16.0,20.0,39.0,39.0,
44.0,33.0,68.0,68.0,
36.0,32.0,173.0,173.0,
30.0,19.0,143.0,143.0,
44.0,19.0,124.0,124.0,
16.0,49.0,133.0,133.0,
49.0,48.0,24.0,24.0,
39.0,38.0,173.0,173.0,
16.0,25.0,40.0,40.0,
25.0,18.0,30.0,30.0,
36.0,48.0,107.0,107.0,
13.0,28.0,41.0,41.0,
44.0,21.0,27.0,27.0,
43.0,27.0,68.0,68.0,
37.0,42.0,143.0,143.0,
35.0,39.0,58.0,58.0,
19.0,11.0,184.0,184.0,
29.0,37.0,74.0,74.0,
30.0,27.0,76.0,76.0,
38.0,46.0,8.0,8.0,
16.0,22.0,141.0,141.0,
18.0,47.0,50.0,50.0,
32.0,40.0,27.0,27.0,
23.0,37.0,60.0,60.0,
19.0,21.0,46.0,46.0,
11.0,14.0,43.0,43.0,
37.0,42.0,120.0,120.0,
30.0,12.0,135.0,135.0,
24.0,24.0,135.0,135.0,
46.0,15.0,81.0,81.0,
19.0,45.0,38.0,38.0,
10.0,12.0,191.0,191.0,
43.0,36.0,34.0,34.0,
43.0,48.0,109.0,109.0,
33.0,12.0,20.0,20.0,
45.0,21.0,20.0,20.0,
13.0,30.0,161.0,161.0,
36.0,34.0,69.0,69.0,
18.0,15.0,57.0,57.0,
16.0,35.0,52.0,52.0,
46.0,28.0,20.0,20.0,
30.0,45.0,42.0,42.0,
24.0,19.0,87.0,87.0,
14.0,22.0,67.0,67.0,
45.0,30.0,21.0,21.0,
27.0,22.0,165.0,165.0,
25.0,11.0,75.0,75.0,
22.0,35.0,190.0,190.0,
24.0,31.0,167.0,167.0,
24.0,11.0,9.0,9.0,
24.0,33.0,47.0,47.0,
45.0,23.0,91.0,91.0,
44.0,33.0,151.0,151.0,
37.0,41.0,190.0,190.0,
47.0,44.0,106.0,106.0,
18.0,21.0,153.0,153.0,
35.0,37.0,155.0,155.0,
43.0,13.0,198.0,198.0,
34.0,49.0,71.0,71.0,
38.0,45.0,176.0,176.0,
27.0,41.0,41.0,41.0,
35.0,35.0,78.0,78.0,
28.0,40.0,136.0,136.0,
38.0,46.0,131.0,131.0,
17.0,43.0,195.0,195.0,
18.0,12.0,104.0,104.0,
42.0,47.0,199.0,199.0,
12.0,10.0,82.0,82.0,
44.0,19.0,118.0,118.0,
12.0,48.0,168.0,168.0,
34.0,44.0,163.0,163.0,
43.0,32.0,27.0,27.0,
24.0,48.0,111.0,111.0,
15.0,27.0,168.0,168.0,
41.0,45.0,76.0,76.0,
28.0,13.0,34.0,34.0,
46.0,42.0,117.0,117.0,
12.0,46.0,80.0,80.0,
24.0,33.0,123.0,123.0,
23.0,38.0,133.0,133.0,
43.0,11.0,41.0,41.0,
32.0,27.0,43.0,43.0,
36.0,12.0,31.0,31.0,
27.0,49.0,171.0,171.0,
30.0,36.0,147.0,147.0,
27.0,17.0,123.0,123.0,
32.0,38.0,74.0,74.0,
15.0,16.0,41.0,41.0,
40.0,13.0,76.0,76.0,
44.0,20.0,80.0,80.0,
48.0,13.0,189.0,189.0,
48.0,31.0,52.0,52.0,
21.0,18.0,40.0,40.0,
24.0,37.0,181.0,181.0,
19.0,42.0,16.0,16.0,
25.0,31.0,112.0,112.0,
16.0,18.0,21.0,21.0,
37.0,43.0,183.0,183.0,
32.0,20.0,50.0,50.0,
33.0,14.0,144.0,144.0,
10.0,26.0,31.0,31.0,
11.0,11.0,107.0,107.0,
43.0,22.0,8.0,8.0,
11.0,43.0,124.0,124.0,
11.0,24.0,192.0,192.0,
33.0,38.0,175.0,175.0,
31.0,18.0,103.0,103.0,
38.0,43.0,94.0,94.0,
27.0,33.0,31.0,31.0,
17.0,20.0,93.0,93.0,
34.0,16.0,173.0,173.0,
48.0,37.0,65.0,65.0,
49.0,38.0,103.0,103.0,
19.0,30.0,99.0,99.0,
18.0,37.0,137.0,137.0,
46.0,35.0,156.0,156.0,
15.0,48.0,22.0,22.0,
33.0,25.0,102.0,102.0,
33.0,20.0,160.0,160.0,
31.0,15.0,169.0,169.0,
25.0,18.0,58.0,58.0,
47.0,26.0,176.0,176.0,
20.0,28.0,74.0,74.0,
30.0,23.0,115.0,115.0,
46.0,34.0,168.0,168.0,
12.0,32.0,28.0,28.0,
40.0,25.0,74.0,74.0,
31.0,15.0,9.0,9.0,
37.0,16.0,33.0,33.0,
37.0,46.0,56.0,56.0,
15.0,15.0,45.0,45.0,
37.0,49.0,68.0,68.0,
19.0,32.0,141.0,141.0,
34.0,32.0,159.0,159.0,
13.0,36.0,124.0,124.0,
14.0,20.0,160.0,160.0,
35.0,30.0,83.0,83.0,
20.0,36.0,192.0,192.0,
27.0,17.0,119.0,119.0,
47.0,48.0,15.0,15.0,
23.0,16.0,120.0,120.0,
10.0,25.0,125.0,125.0,
43.0,12.0,23.0,23.0,
38.0,24.0,125.0,125.0,
47.0,49.0,175.0,175.0,
31.0,24.0,184.0,184.0,
23.0,14.0,96.0,96.0,
41.0,21.0,83.0,83.0,
34.0,48.0,159.0,159.0,
20.0,42.0,18.0,18.0,
18.0,11.0,130.0,130.0,
24.0,29.0,56.0,56.0,
47.0,20.0,107.0,107.0,
47.0,45.0,87.0,87.0,
29.0,15.0,84.0,84.0,
22.0,46.0,64.0,64.0,
39.0,28.0,126.0,126.0,
28.0,12.0,155.0,155.0,
16.0,43.0,125.0,125.0,
37.0,25.0,110.0,110.0,
16.0,19.0,106.0,106.0,
24.0,18.0,34.0,34.0,
10.0,34.0,73.0,73.0,
49.0,10.0,63.0,63.0,
33.0,49.0,138.0,138.0,
29.0,39.0,171.0,171.0,
45.0,11.0,72.0,72.0,
42.0,12.0,154.0,154.0,
13.0,14.0,119.0,119.0,
24.0,21.0,142.0,142.0,
11.0,43.0,174.0,174.0,
27.0,12.0,12.0,12.0,
39.0,33.0,31.0,31.0,
20.0,46.0,151.0,151.0,
41.0,27.0,140.0,140.0,
35.0,14.0,18.0,18.0,
45.0,46.0,186.0,186.0,
36.0,18.0,52.0,52.0,
12.0,23.0,64.0,64.0,
18.0,40.0,169.0,169.0,
33.0,49.0,157.0,157.0,
40.0,48.0,41.0,41.0,
26.0,33.0,158.0,158.0,
47.0,10.0,43.0,43.0,
21.0,11.0,94.0,94.0,
19.0,19.0,11.0,11.0,
35.0,31.0,191.0,191.0,
18.0,26.0,109.0,109.0,
25.0,24.0,117.0,117.0,
27.0,44.0,155.0,155.0,
16.0,21.0,116.0,116.0,
21.0,43.0,86.0,86.0,
10.0,23.0,148.0,148.0,
44.0,43.0,185.0,185.0,
25.0,26.0,27.0,27.0,
34.0,10.0,160.0,160.0,
28.0,34.0,15.0,15.0,
21.0,47.0,106.0,106.0,
47.0,16.0,14.0,14.0,
17.0,13.0,169.0,169.0,
25.0,13.0,58.0,58.0,
47.0,35.0,140.0,140.0,
22.0,42.0,41.0,41.0,
12.0,24.0,190.0,190.0,
28.0,10.0,170.0,170.0,
42.0,24.0,63.0,63.0,
21.0,48.0,82.0,82.0,
22.0,13.0,24.0,24.0,
48.0,33.0,90.0,90.0,
14.0,25.0,107.0,107.0,
19.0,14.0,102.0,102.0,
18.0,12.0,82.0,82.0,
13.0,25.0,75.0,75.0,
43.0,19.0,185.0,185.0,
25.0,26.0,26.0,26.0,
49.0,30.0,124.0,124.0,
34.0,35.0,41.0,41.0,
19.0,33.0,192.0,192.0,
25.0,28.0,149.0,149.0,
25.0,39.0,72.0,72.0,
40.0,27.0,98.0,98.0,
15.0,17.0,164.0,164.0,
18.0,25.0,33.0,33.0,
23.0,19.0,59.0,59.0,
35.0,36.0,42.0,42.0,
49.0,13.0,41.0,41.0,
44.0,32.0,98.0,98.0,
39.0,13.0,34.0,34.0,
44.0,35.0,161.0,161.0,
17.0,39.0,139.0,139.0,
24.0,16.0,95.0,95.0,
43.0,12.0,177.0,177.0,
45.0,17.0,60.0,60.0,
49.0,24.0,14.0,14.0,
27.0,42.0,78.0,78.0,
