128.0,5.0,1.0,
16.0,1150.0,1.0,
256.0,22.0,1.0,
256.0,1.0,1.0,
32.0,561.0,1.0,
128.0,8.0,1.0,
256.0,6.0,1.0,
64.0,200.0,1.0,
256.0,5.0,1.0,
128.0,6.0,1.0,
32.0,95.0,1.0,
256.0,1.0,1.0,
32.0,33.0,1.0,
128.0,167.0,1.0,
256.0,45.0,1.0,
128.0,684.0,1.0,
256.0,274.0,1.0,
32.0,14.0,1.0,
32.0,1596.0,1.0,
16.0,940.0,1.0,
128.0,995.0,1.0,
64.0,103.0,1.0,
128.0,614.0,1.0,
256.0,100.0,1.0,
32.0,70.0,1.0,
16.0,3.0,1.0,
16.0,53.0,1.0,
32.0,72.0,1.0,
16.0,2.0,1.0,
256.0,2.0,1.0,
256.0,1895.0,1.0,
128.0,48.0,1.0,
16.0,440.0,1.0,
32.0,248.0,1.0,
32.0,16.0,1.0,
256.0,42.0,1.0,
16.0,1848.0,1.0,
128.0,5.0,1.0,
256.0,346.0,1.0,
32.0,1403.0,1.0,
32.0,1591.0,1.0,
32.0,98.0,1.0,
256.0,3.0,1.0,
256.0,3.0,1.0,
256.0,1.0,1.0,
32.0,568.0,1.0,
64.0,38.0,1.0,
256.0,1.0,1.0,
64.0,63.0,1.0,
16.0,1459.0,1.0,
128.0,34.0,1.0,
128.0,191.0,1.0,
256.0,1.0,1.0,
128.0,1548.0,1.0,
256.0,2473.0,1.0,
256.0,36.0,1.0,
32.0,943.0,1.0,
256.0,40.0,1.0,
32.0,297.0,1.0,
256.0,25.0,1.0,
64.0,20.0,1.0,
16.0,153.0,1.0,
256.0,28.0,1.0,
16.0,43.0,1.0,
16.0,3799.0,1.0,
64.0,118.0,1.0,
128.0,4.0,1.0,
128.0,197.0,1.0,
16.0,720.0,1.0,
128.0,10.0,1.0,
128.0,8.0,1.0,
256.0,111.0,1.0,
128.0,368.0,1.0,
128.0,60.0,1.0,
16.0,366.0,1.0,
64.0,59.0,1.0,
64.0,1241.0,1.0,
64.0,343.0,1.0,
16.0,33.0,1.0,
64.0,15.0,1.0,
256.0,7.0,1.0,
32.0,487.0,1.0,
64.0,10.0,1.0,
64.0,64.0,1.0,
128.0,723.0,1.0,
64.0,258.0,1.0,
16.0,1779.0,1.0,
32.0,3546.0,1.0,
16.0,3689.0,1.0,
256.0,5.0,1.0,
256.0,21.0,1.0,
128.0,1.0,1.0,
128.0,24.0,1.0,
32.0,14.0,1.0,
16.0,39.0,1.0,
256.0,34.0,1.0,
64.0,6.0,1.0,
64.0,505.0,1.0,
256.0,10.0,1.0,
32.0,1.0,1.0,
32.0,1515.0,1.0,
16.0,77.0,1.0,
64.0,48.0,1.0,
64.0,87.0,1.0,
64.0,18.0,1.0,
128.0,7.0,1.0,
64.0,3820.0,1.0,
128.0,2.0,1.0,
64.0,7.0,1.0,
16.0,11.0,1.0,
64.0,100.0,1.0,
16.0,671.0,1.0,
16.0,83.0,1.0,
64.0,13.0,1.0,
256.0,5.0,1.0,
64.0,1777.0,1.0,
16.0,52.0,1.0,
64.0,5.0,1.0,
128.0,35.0,1.0,
32.0,232.0,1.0,
32.0,202.0,1.0,
64.0,49.0,1.0,
32.0,1349.0,1.0,
32.0,914.0,1.0,
32.0,7.0,1.0,
256.0,72.0,1.0,
64.0,2.0,1.0,
16.0,3627.0,1.0,
64.0,620.0,1.0,
64.0,338.0,1.0,
16.0,655.0,1.0,
16.0,157.0,1.0,
32.0,696.0,1.0,
16.0,52.0,1.0,
256.0,11.0,1.0,
128.0,785.0,1.0,
256.0,110.0,1.0,
128.0,153.0,1.0,
64.0,6.0,1.0,
16.0,67.0,1.0,
16.0,57.0,1.0,
16.0,263.0,1.0,
16.0,347.0,1.0,
16.0,1181.0,1.0,
16.0,563.0,1.0,
32.0,464.0,1.0,
16.0,46.0,1.0,
128.0,25.0,1.0,
64.0,182.0,1.0,
256.0,1.0,1.0,
256.0,47.0,1.0,
16.0,74.0,1.0,
256.0,79.0,1.0,
16.0,1358.0,1.0,
64.0,10.0,1.0,
128.0,62.0,1.0,
32.0,101.0,1.0,
16.0,2836.0,1.0,
256.0,23.0,1.0,
256.0,1.0,1.0,
16.0,29.0,1.0,
32.0,30.0,1.0,
256.0,1.0,1.0,
128.0,110.0,1.0,
16.0,563.0,1.0,
16.0,41.0,1.0,
256.0,13.0,1.0,
32.0,15.0,1.0,
64.0,2924.0,1.0,
128.0,218.0,1.0,
16.0,84.0,1.0,
256.0,112.0,1.0,
32.0,2339.0,1.0,
256.0,1.0,1.0,
128.0,1337.0,1.0,
16.0,13.0,1.0,
256.0,2147.0,1.0,
64.0,236.0,1.0,
64.0,3.0,1.0,
32.0,12.0,1.0,
16.0,7.0,1.0,
64.0,1402.0,1.0,
128.0,168.0,1.0,
128.0,574.0,1.0,
64.0,7.0,1.0,
64.0,665.0,1.0,
64.0,63.0,1.0,
256.0,4083.0,1.0,
32.0,352.0,1.0,
32.0,23.0,1.0,
16.0,652.0,1.0,
16.0,98.0,1.0,
64.0,159.0,1.0,
16.0,1443.0,1.0,
32.0,294.0,1.0,
256.0,8.0,1.0,
128.0,7.0,1.0,
256.0,18.0,1.0,
32.0,77.0,1.0,
32.0,1017.0,1.0,
32.0,528.0,1.0,
16.0,110.0,1.0,
128.0,18.0,1.0,
16.0,66.0,1.0,
32.0,352.0,1.0,
32.0,813.0,1.0,
256.0,2.0,1.0,
256.0,2.0,1.0,
32.0,579.0,1.0,
32.0,164.0,1.0,
64.0,71.0,1.0,
256.0,2.0,1.0,
16.0,23.0,1.0,
16.0,65.0,1.0,
32.0,570.0,1.0,
32.0,435.0,1.0,
16.0,699.0,1.0,
128.0,1.0,1.0,
16.0,753.0,1.0,
256.0,25.0,1.0,
16.0,1506.0,1.0,
32.0,2768.0,1.0,
32.0,17.0,1.0,
64.0,689.0,1.0,
256.0,169.0,1.0,
64.0,20.0,1.0,
128.0,3.0,1.0,
16.0,299.0,1.0,
256.0,3855.0,1.0,
256.0,1418.0,1.0,
16.0,644.0,1.0,
256.0,17.0,1.0,
64.0,5.0,1.0,
64.0,6.0,1.0,
128.0,682.0,1.0,
64.0,6.0,1.0,
128.0,2.0,1.0,
128.0,3767.0,1.0,
16.0,18.0,1.0,
32.0,83.0,1.0,
16.0,40.0,1.0,
256.0,7.0,1.0,
256.0,4.0,1.0,
16.0,180.0,1.0,
128.0,1.0,1.0,
128.0,395.0,1.0,
16.0,11.0,1.0,
256.0,1.0,1.0,
128.0,1069.0,1.0,
32.0,997.0,1.0,
64.0,1682.0,1.0,
16.0,263.0,1.0,
16.0,9.0,1.0,
128.0,1225.0,1.0,
32.0,485.0,1.0,
64.0,448.0,1.0,
256.0,357.0,1.0,
32.0,45.0,1.0,
64.0,4.0,1.0,
16.0,5.0,1.0,
16.0,1379.0,1.0,
32.0,25.0,1.0,
256.0,262.0,1.0,
128.0,153.0,1.0,
32.0,176.0,1.0,
64.0,2.0,1.0,
32.0,1182.0,1.0,
16.0,194.0,1.0,
128.0,3957.0,1.0,
128.0,28.0,1.0,
64.0,15.0,1.0,
128.0,67.0,1.0,
128.0,1804.0,1.0,
64.0,14.0,1.0,
32.0,40.0,1.0,
32.0,343.0,1.0,
256.0,15.0,1.0,
64.0,5.0,1.0,
64.0,3269.0,1.0,
64.0,3.0,1.0,
256.0,112.0,1.0,
32.0,35.0,1.0,
32.0,13.0,1.0,
128.0,1845.0,1.0,
128.0,180.0,1.0,
16.0,862.0,1.0,
128.0,5.0,1.0,
128.0,84.0,1.0,
128.0,14.0,1.0,
32.0,2679.0,1.0,
128.0,27.0,1.0,
32.0,15.0,1.0,
128.0,2.0,1.0,
16.0,202.0,1.0,
128.0,184.0,1.0,
16.0,1591.0,1.0,
16.0,128.0,1.0,
32.0,94.0,1.0,
128.0,98.0,1.0,
16.0,399.0,1.0,
128.0,23.0,1.0,
32.0,3.0,1.0,
64.0,40.0,1.0,
32.0,2196.0,1.0,
32.0,1613.0,1.0,
64.0,38.0,1.0,
256.0,2.0,1.0,
16.0,782.0,1.0,
256.0,2.0,1.0,
32.0,491.0,1.0,
32.0,69.0,1.0,
16.0,183.0,1.0,
16.0,15.0,1.0,
32.0,139.0,1.0,
64.0,1.0,1.0,
16.0,1342.0,1.0,
128.0,180.0,1.0,
16.0,337.0,1.0,
32.0,601.0,1.0,
256.0,2.0,1.0,
64.0,432.0,1.0,
64.0,246.0,1.0,
256.0,4.0,1.0,
256.0,52.0,1.0,
16.0,1801.0,1.0,
256.0,4.0,1.0,
256.0,1.0,1.0,
128.0,438.0,1.0,
16.0,2875.0,1.0,
256.0,24.0,1.0,
128.0,31.0,1.0,
128.0,26.0,1.0,
16.0,2572.0,1.0,
128.0,3843.0,1.0,
32.0,394.0,1.0,
256.0,126.0,1.0,
128.0,277.0,1.0,
32.0,36.0,1.0,
16.0,15.0,1.0,
64.0,344.0,1.0,
32.0,94.0,1.0,
64.0,45.0,1.0,
64.0,164.0,1.0,
32.0,18.0,1.0,
16.0,849.0,1.0,
32.0,226.0,1.0,
64.0,18.0,1.0,
128.0,41.0,1.0,
32.0,2005.0,1.0,
32.0,3158.0,1.0,
128.0,515.0,1.0,
16.0,2229.0,1.0,
16.0,37.0,1.0,
256.0,2537.0,1.0,
128.0,80.0,1.0,
64.0,2332.0,1.0,
128.0,76.0,1.0,
32.0,1.0,1.0,
128.0,1.0,1.0,
64.0,32.0,1.0,
256.0,5.0,1.0,
128.0,33.0,1.0,
128.0,62.0,1.0,
256.0,4.0,1.0,
32.0,20.0,1.0,
32.0,249.0,1.0,
32.0,630.0,1.0,
16.0,376.0,1.0,
256.0,40.0,1.0,
16.0,2689.0,1.0,
128.0,165.0,1.0,
256.0,16.0,1.0,
128.0,8.0,1.0,
128.0,8.0,1.0,
128.0,234.0,1.0,
32.0,616.0,1.0,
16.0,366.0,1.0,
128.0,2.0,1.0,
16.0,377.0,1.0,
16.0,109.0,1.0,
256.0,270.0,1.0,
128.0,425.0,1.0,
256.0,967.0,1.0,
256.0,1.0,1.0,
128.0,3.0,1.0,
64.0,5.0,1.0,
64.0,2799.0,1.0,
16.0,453.0,1.0,
128.0,127.0,1.0,
128.0,78.0,1.0,
32.0,36.0,1.0,
64.0,15.0,1.0,
256.0,29.0,1.0,
64.0,1.0,1.0,
256.0,1.0,1.0,
64.0,1789.0,1.0,
256.0,430.0,1.0,
16.0,685.0,1.0,
256.0,5.0,1.0,
256.0,34.0,1.0,
256.0,5.0,1.0,
256.0,1.0,1.0,
128.0,3.0,1.0,
64.0,12.0,1.0,
128.0,1847.0,1.0,
16.0,8.0,1.0,
256.0,2.0,1.0,
32.0,23.0,1.0,
32.0,114.0,1.0,
32.0,352.0,1.0,
16.0,119.0,1.0,
256.0,1.0,1.0,
32.0,1.0,1.0,
128.0,1.0,1.0,
16.0,196.0,1.0,
128.0,108.0,1.0,
16.0,303.0,1.0,
256.0,20.0,1.0,
64.0,55.0,1.0,
16.0,2704.0,1.0,
128.0,4.0,1.0,
128.0,6.0,1.0,
128.0,78.0,1.0,
128.0,19.0,1.0,
128.0,55.0,1.0,
64.0,4.0,1.0,
32.0,284.0,1.0,
64.0,25.0,1.0,
32.0,585.0,1.0,
64.0,702.0,1.0,
256.0,27.0,1.0,
16.0,972.0,1.0,
32.0,1289.0,1.0,
64.0,43.0,1.0,
128.0,75.0,1.0,
32.0,139.0,1.0,
64.0,1590.0,1.0,
16.0,40.0,1.0,
16.0,3445.0,1.0,
64.0,2886.0,1.0,
16.0,411.0,1.0,
32.0,49.0,1.0,
32.0,19.0,1.0,
128.0,14.0,1.0,
64.0,422.0,1.0,
16.0,2445.0,1.0,
128.0,13.0,1.0,
128.0,10.0,1.0,
32.0,789.0,1.0,
128.0,15.0,1.0,
64.0,14.0,1.0,
64.0,90.0,1.0,
32.0,47.0,1.0,
16.0,139.0,1.0,
16.0,1317.0,1.0,
256.0,50.0,1.0,
128.0,743.0,1.0,
16.0,9.0,1.0,
128.0,596.0,1.0,
16.0,44.0,1.0,
32.0,149.0,1.0,
64.0,32.0,1.0,
32.0,38.0,1.0,
64.0,24.0,1.0,
128.0,9.0,1.0,
64.0,396.0,1.0,
64.0,230.0,1.0,
64.0,394.0,1.0,
128.0,5.0,1.0,
64.0,61.0,1.0,
128.0,26.0,1.0,
64.0,280.0,1.0,
64.0,39.0,1.0,
256.0,1.0,1.0,
32.0,129.0,1.0,
16.0,2552.0,1.0,
32.0,1266.0,1.0,
128.0,30.0,1.0,
256.0,17.0,1.0,
32.0,3451.0,1.0,
16.0,25.0,1.0,
128.0,58.0,1.0,
16.0,26.0,1.0,
128.0,59.0,1.0,
64.0,35.0,1.0,
256.0,4.0,1.0,
256.0,20.0,1.0,
32.0,11.0,1.0,
32.0,149.0,1.0,
16.0,1316.0,1.0,
256.0,1018.0,1.0,
128.0,14.0,1.0,
256.0,2.0,1.0,
32.0,11.0,1.0,
64.0,53.0,1.0,
128.0,3.0,1.0,
32.0,22.0,1.0,
16.0,3286.0,1.0,
32.0,17.0,1.0,
16.0,38.0,1.0,
16.0,826.0,1.0,
16.0,4002.0,1.0,
128.0,30.0,1.0,
16.0,123.0,1.0,
128.0,60.0,1.0,
32.0,18.0,1.0,
128.0,40.0,1.0,
16.0,994.0,1.0,
16.0,323.0,1.0,
256.0,16.0,1.0,
16.0,2405.0,1.0,
128.0,1.0,1.0,
256.0,2.0,1.0,
32.0,853.0,1.0,
16.0,1105.0,1.0,
16.0,3240.0,1.0,
16.0,97.0,1.0,
32.0,163.0,1.0,
256.0,2869.0,1.0,
256.0,484.0,1.0,
256.0,487.0,1.0,
128.0,62.0,1.0,
64.0,11.0,1.0,
128.0,706.0,1.0,
32.0,658.0,1.0,
128.0,10.0,1.0,
64.0,1.0,1.0,
128.0,50.0,1.0,
256.0,12.0,1.0,
16.0,96.0,1.0,
64.0,190.0,1.0,
64.0,1.0,1.0,
64.0,51.0,1.0,
128.0,26.0,1.0,
64.0,4.0,1.0,
128.0,4.0,1.0,
16.0,265.0,1.0,
64.0,24.0,1.0,
16.0,180.0,1.0,
32.0,70.0,1.0,
256.0,1.0,1.0,
64.0,8.0,1.0,
128.0,12.0,1.0,
128.0,152.0,1.0,
256.0,3.0,1.0,
128.0,5.0,1.0,
32.0,10.0,1.0,
128.0,18.0,1.0,
16.0,635.0,1.0,
128.0,31.0,1.0,
128.0,3317.0,1.0,
64.0,127.0,1.0,
64.0,1543.0,1.0,
32.0,722.0,1.0,
16.0,349.0,1.0,
32.0,31.0,1.0,
16.0,2981.0,1.0,
64.0,190.0,1.0,
32.0,6.0,1.0,
16.0,45.0,1.0,
64.0,2.0,1.0,
32.0,371.0,1.0,
32.0,103.0,1.0,
32.0,2233.0,1.0,
256.0,7.0,1.0,
128.0,28.0,1.0,
128.0,330.0,1.0,
64.0,4.0,1.0,
128.0,16.0,1.0,
32.0,359.0,1.0,
128.0,19.0,1.0,
64.0,65.0,1.0,
64.0,82.0,1.0,
256.0,10.0,1.0,
128.0,293.0,1.0,
64.0,22.0,1.0,
128.0,5.0,1.0,
128.0,44.0,1.0,
128.0,160.0,1.0,
64.0,2580.0,1.0,
256.0,25.0,1.0,
64.0,106.0,1.0,
32.0,498.0,1.0,
128.0,20.0,1.0,
16.0,79.0,1.0,
64.0,10.0,1.0,
32.0,272.0,1.0,
64.0,10.0,1.0,
128.0,18.0,1.0,
256.0,8.0,1.0,
64.0,5.0,1.0,
128.0,6.0,1.0,
64.0,23.0,1.0,
32.0,1.0,1.0,
64.0,74.0,1.0,
256.0,9.0,1.0,
64.0,818.0,1.0,
128.0,625.0,1.0,
16.0,15.0,1.0,
128.0,106.0,1.0,
16.0,192.0,1.0,
64.0,7.0,1.0,
16.0,88.0,1.0,
32.0,111.0,1.0,
256.0,9.0,1.0,
256.0,214.0,1.0,
32.0,23.0,1.0,
32.0,10.0,1.0,
64.0,83.0,1.0,
16.0,12.0,1.0,
256.0,11.0,1.0,
256.0,312.0,1.0,
32.0,3.0,1.0,
64.0,946.0,1.0,
256.0,1226.0,1.0,
32.0,188.0,1.0,
32.0,1.0,1.0,
128.0,18.0,1.0,
256.0,233.0,1.0,
64.0,63.0,1.0,
32.0,46.0,1.0,
128.0,2.0,1.0,
256.0,23.0,1.0,
128.0,573.0,1.0,
16.0,2080.0,1.0,
64.0,176.0,1.0,
32.0,848.0,1.0,
128.0,37.0,1.0,
128.0,9.0,1.0,
256.0,15.0,1.0,
64.0,558.0,1.0,
128.0,706.0,1.0,
16.0,63.0,1.0,
32.0,121.0,1.0,
128.0,10.0,1.0,
128.0,5.0,1.0,
32.0,27.0,1.0,
32.0,77.0,1.0,
64.0,8.0,1.0,
128.0,443.0,1.0,
64.0,8.0,1.0,
32.0,5.0,1.0,
128.0,4.0,1.0,
16.0,2234.0,1.0,
256.0,16.0,1.0,
128.0,1.0,1.0,
64.0,53.0,1.0,
256.0,5.0,1.0,
256.0,40.0,1.0,
32.0,123.0,1.0,
16.0,1633.0,1.0,
128.0,22.0,1.0,
32.0,1722.0,1.0,
256.0,1187.0,1.0,
128.0,7.0,1.0,
32.0,12.0,1.0,
64.0,2136.0,1.0,
128.0,2.0,1.0,
256.0,27.0,1.0,
256.0,15.0,1.0,
256.0,5.0,1.0,
32.0,18.0,1.0,
256.0,41.0,1.0,
16.0,3059.0,1.0,
256.0,199.0,1.0,
32.0,1205.0,1.0,
256.0,2791.0,1.0,
64.0,23.0,1.0,
128.0,3203.0,1.0,
32.0,335.0,1.0,
256.0,23.0,1.0,
32.0,31.0,1.0,
128.0,4.0,1.0,
128.0,3.0,1.0,
32.0,14.0,1.0,
64.0,162.0,1.0,
64.0,8.0,1.0,
64.0,168.0,1.0,
16.0,18.0,1.0,
128.0,310.0,1.0,
64.0,96.0,1.0,
16.0,67.0,1.0,
64.0,19.0,1.0,
128.0,2257.0,1.0,
256.0,1.0,1.0,
128.0,57.0,1.0,
128.0,31.0,1.0,
256.0,12.0,1.0,
16.0,585.0,1.0,
128.0,62.0,1.0,
64.0,1950.0,1.0,
256.0,5.0,1.0,
16.0,1.0,1.0,
32.0,358.0,1.0,
128.0,1.0,1.0,
32.0,1074.0,1.0,
128.0,11.0,1.0,
256.0,24.0,1.0,
256.0,36.0,1.0,
32.0,94.0,1.0,
32.0,9.0,1.0,
16.0,68.0,1.0,
128.0,161.0,1.0,
32.0,828.0,1.0,
256.0,1.0,1.0,
128.0,1.0,1.0,
128.0,18.0,1.0,
128.0,16.0,1.0,
128.0,7.0,1.0,
64.0,340.0,1.0,
16.0,2729.0,1.0,
32.0,85.0,1.0,
64.0,98.0,1.0,
16.0,172.0,1.0,
256.0,13.0,1.0,
16.0,1.0,1.0,
16.0,236.0,1.0,
32.0,119.0,1.0,
256.0,635.0,1.0,
256.0,9.0,1.0,
128.0,104.0,1.0,
64.0,294.0,1.0,
256.0,10.0,1.0,
32.0,1291.0,1.0,
128.0,17.0,1.0,
256.0,2.0,1.0,
256.0,21.0,1.0,
128.0,193.0,1.0,
16.0,228.0,1.0,
32.0,31.0,1.0,
128.0,14.0,1.0,
32.0,3490.0,1.0,
32.0,689.0,1.0,
16.0,81.0,1.0,
16.0,81.0,1.0,
16.0,3053.0,1.0,
32.0,224.0,1.0,
32.0,2697.0,1.0,
128.0,175.0,1.0,
16.0,24.0,1.0,
16.0,821.0,1.0,
64.0,86.0,1.0,
32.0,19.0,1.0,
128.0,3988.0,1.0,
128.0,4077.0,1.0,
16.0,65.0,1.0,
128.0,1.0,1.0,
256.0,15.0,1.0,
256.0,295.0,1.0,
256.0,43.0,1.0,
128.0,198.0,1.0,
128.0,405.0,1.0,
128.0,15.0,1.0,
128.0,2.0,1.0,
256.0,1.0,1.0,
16.0,10.0,1.0,
32.0,73.0,1.0,
32.0,126.0,1.0,
128.0,350.0,1.0,
32.0,46.0,1.0,
128.0,14.0,1.0,
64.0,35.0,1.0,
32.0,21.0,1.0,
64.0,1120.0,1.0,
16.0,1.0,1.0,
256.0,2.0,1.0,
256.0,52.0,1.0,
16.0,172.0,1.0,
16.0,1664.0,1.0,
128.0,22.0,1.0,
32.0,51.0,1.0,
256.0,394.0,1.0,
16.0,80.0,1.0,
16.0,304.0,1.0,
64.0,73.0,1.0,
128.0,208.0,1.0,
64.0,1.0,1.0,
16.0,4.0,1.0,
32.0,1237.0,1.0,
32.0,31.0,1.0,
128.0,1165.0,1.0,
128.0,8.0,1.0,
16.0,77.0,1.0,
128.0,12.0,1.0,
32.0,236.0,1.0,
128.0,3559.0,1.0,
16.0,50.0,1.0,
128.0,2217.0,1.0,
128.0,1.0,1.0,
32.0,115.0,1.0,
64.0,22.0,1.0,
16.0,2538.0,1.0,
16.0,2.0,1.0,
128.0,13.0,1.0,
32.0,1392.0,1.0,
16.0,339.0,1.0,
32.0,4.0,1.0,
256.0,1.0,1.0,
32.0,1366.0,1.0,
16.0,1331.0,1.0,
32.0,19.0,1.0,
32.0,651.0,1.0,
128.0,1552.0,1.0,
64.0,5.0,1.0,
32.0,53.0,1.0,
32.0,33.0,1.0,
128.0,390.0,1.0,
128.0,400.0,1.0,
256.0,16.0,1.0,
128.0,378.0,1.0,
64.0,24.0,1.0,
16.0,112.0,1.0,
256.0,2.0,1.0,
64.0,52.0,1.0,
16.0,111.0,1.0,
16.0,331.0,1.0,
128.0,61.0,1.0,
256.0,1.0,1.0,
64.0,2596.0,1.0,
256.0,1.0,1.0,
128.0,121.0,1.0,
32.0,25.0,1.0,
128.0,993.0,1.0,
256.0,6.0,1.0,
256.0,3.0,1.0,
16.0,80.0,1.0,
256.0,3.0,1.0,
128.0,1.0,1.0,
64.0,133.0,1.0,
128.0,20.0,1.0,
32.0,908.0,1.0,
128.0,5.0,1.0,
256.0,1.0,1.0,
64.0,11.0,1.0,
256.0,1.0,1.0,
32.0,461.0,1.0,
64.0,4.0,1.0,
32.0,5.0,1.0,
32.0,30.0,1.0,
32.0,51.0,1.0,
32.0,155.0,1.0,
64.0,86.0,1.0,
32.0,2734.0,1.0,
128.0,115.0,1.0,
64.0,38.0,1.0,
256.0,2.0,1.0,
128.0,136.0,1.0,
16.0,21.0,1.0,
16.0,32.0,1.0,
256.0,75.0,1.0,
32.0,1.0,1.0,
64.0,10.0,1.0,
32.0,48.0,1.0,
64.0,292.0,1.0,
16.0,110.0,1.0,
256.0,3.0,1.0,
32.0,105.0,1.0,
256.0,448.0,1.0,
128.0,13.0,1.0,
64.0,129.0,1.0,
128.0,1.0,1.0,
256.0,1.0,1.0,
32.0,44.0,1.0,
32.0,5.0,1.0,
16.0,1087.0,1.0,
64.0,2.0,1.0,
32.0,358.0,1.0,
64.0,3.0,1.0,
16.0,39.0,1.0,
32.0,33.0,1.0,
128.0,8.0,1.0,
32.0,168.0,1.0,
128.0,12.0,1.0,
256.0,22.0,1.0,
128.0,54.0,1.0,
32.0,893.0,1.0,
32.0,27.0,1.0,
256.0,31.0,1.0,
256.0,883.0,1.0,
128.0,60.0,1.0,
256.0,5.0,1.0,
16.0,319.0,1.0,
64.0,913.0,1.0,
128.0,19.0,1.0,
32.0,2828.0,1.0,
16.0,2433.0,1.0,
256.0,28.0,1.0,
16.0,4048.0,1.0,
32.0,928.0,1.0,
64.0,16.0,1.0,
256.0,5.0,1.0,
64.0,1.0,1.0,
32.0,93.0,1.0,
32.0,302.0,1.0,
16.0,431.0,1.0,
32.0,67.0,1.0,
64.0,26.0,1.0,
64.0,33.0,1.0,
128.0,5.0,1.0,
64.0,1208.0,1.0,
64.0,174.0,1.0,
32.0,20.0,1.0,
64.0,59.0,1.0,
32.0,15.0,1.0,
32.0,12.0,1.0,
256.0,11.0,1.0,
32.0,239.0,1.0,
32.0,4.0,1.0,
64.0,18.0,1.0,
16.0,47.0,1.0,
16.0,24.0,1.0,
32.0,41.0,1.0,
64.0,22.0,1.0,
32.0,83.0,1.0,
64.0,7.0,1.0,
16.0,404.0,1.0,
64.0,8.0,1.0,
256.0,1.0,1.0,
32.0,50.0,1.0,
256.0,1.0,1.0,
256.0,13.0,1.0,
32.0,2646.0,1.0,
128.0,17.0,1.0,
64.0,153.0,1.0,
16.0,27.0,1.0,
128.0,216.0,1.0,
128.0,24.0,1.0,
16.0,950.0,1.0,
64.0,597.0,1.0,
256.0,115.0,1.0,
16.0,111.0,1.0,
16.0,355.0,1.0,
128.0,296.0,1.0,
128.0,13.0,1.0,
128.0,1234.0,1.0,
128.0,3038.0,1.0,
16.0,4092.0,1.0,
128.0,2.0,1.0,
16.0,94.0,1.0,
128.0,19.0,1.0,
256.0,845.0,1.0,
128.0,153.0,1.0,
64.0,12.0,1.0,
32.0,159.0,1.0,
64.0,3782.0,1.0,
128.0,50.0,1.0,
128.0,60.0,1.0,
64.0,986.0,1.0,
32.0,74.0,1.0,
256.0,1145.0,1.0,
64.0,1146.0,1.0,
256.0,3.0,1.0,
32.0,320.0,1.0,
16.0,568.0,1.0,
256.0,2.0,1.0,
16.0,232.0,1.0,
16.0,527.0,1.0,
64.0,179.0,1.0,
128.0,9.0,1.0,
128.0,308.0,1.0,
16.0,1439.0,1.0,
128.0,56.0,1.0,
16.0,19.0,1.0,
128.0,17.0,1.0,
32.0,937.0,1.0,
32.0,303.0,1.0,
16.0,487.0,1.0,
16.0,114.0,1.0,
16.0,177.0,1.0,
16.0,289.0,1.0,
128.0,3588.0,1.0,
32.0,5.0,1.0,
16.0,1125.0,1.0,
256.0,1.0,1.0,
256.0,13.0,1.0,
256.0,17.0,1.0,
256.0,69.0,1.0,
128.0,77.0,1.0,
64.0,2139.0,1.0,
16.0,666.0,1.0,
128.0,129.0,1.0,
16.0,10.0,1.0,
16.0,202.0,1.0,
16.0,2745.0,1.0,
128.0,22.0,1.0,
128.0,213.0,1.0,
16.0,3507.0,1.0,
64.0,98.0,1.0,
16.0,1875.0,1.0,
16.0,815.0,1.0,
32.0,1988.0,1.0,
128.0,53.0,1.0,
128.0,905.0,1.0,
256.0,473.0,1.0,
64.0,1076.0,1.0,
32.0,1996.0,1.0,
64.0,1659.0,1.0,
16.0,362.0,1.0,
64.0,31.0,1.0,
64.0,361.0,1.0,
16.0,70.0,1.0,
256.0,10.0,1.0,
128.0,5.0,1.0,
256.0,7.0,1.0,
64.0,1151.0,1.0,
128.0,7.0,1.0,
16.0,57.0,1.0,
32.0,27.0,1.0,
128.0,29.0,1.0,
128.0,6.0,1.0,
64.0,13.0,1.0,
64.0,1.0,1.0,
64.0,8.0,1.0,
128.0,13.0,1.0,
256.0,418.0,1.0,
64.0,38.0,1.0,
32.0,7.0,1.0,
256.0,1168.0,1.0,
64.0,5.0,1.0,
32.0,316.0,1.0,
64.0,22.0,1.0,
256.0,33.0,1.0,
16.0,1072.0,1.0,
32.0,24.0,1.0,
128.0,5.0,1.0,
32.0,1356.0,1.0,
16.0,58.0,1.0,
64.0,103.0,1.0,
256.0,190.0,1.0,
16.0,706.0,1.0,
128.0,3.0,1.0,
128.0,4.0,1.0,
32.0,908.0,1.0,
64.0,13.0,1.0,
128.0,158.0,1.0,
16.0,122.0,1.0,
64.0,107.0,1.0,
256.0,2457.0,1.0,
128.0,2.0,1.0,
128.0,64.0,1.0,
64.0,3.0,1.0,
16.0,213.0,1.0,
32.0,12.0,1.0,
128.0,2.0,1.0,
256.0,342.0,1.0,
32.0,98.0,1.0,
64.0,1932.0,1.0,
64.0,25.0,1.0,
64.0,822.0,1.0,
32.0,66.0,1.0,
128.0,19.0,1.0,
256.0,1.0,1.0,
128.0,316.0,1.0,
64.0,39.0,1.0,
256.0,1.0,1.0,
256.0,6.0,1.0,
32.0,150.0,1.0,
64.0,88.0,1.0,
64.0,198.0,1.0,
16.0,2168.0,1.0,
64.0,44.0,1.0,
32.0,1148.0,1.0,
32.0,183.0,1.0,
128.0,4.0,1.0,
32.0,543.0,1.0,
128.0,66.0,1.0,
32.0,50.0,1.0,
64.0,27.0,1.0,
64.0,371.0,1.0,
32.0,11.0,1.0,
32.0,526.0,1.0,
16.0,98.0,1.0,
16.0,80.0,1.0,
16.0,246.0,1.0,
256.0,1.0,1.0,
64.0,2.0,1.0,
128.0,262.0,1.0,
128.0,13.0,1.0,
256.0,419.0,1.0,
128.0,192.0,1.0,
256.0,189.0,1.0,
256.0,4.0,1.0,
64.0,12.0,1.0,
256.0,64.0,1.0,
16.0,82.0,1.0,
32.0,17.0,1.0,
128.0,25.0,1.0,
64.0,49.0,1.0,
32.0,106.0,1.0,
32.0,3953.0,1.0,
128.0,4.0,1.0,
32.0,50.0,1.0,
32.0,40.0,1.0,
256.0,1.0,1.0,
64.0,13.0,1.0,
16.0,325.0,1.0,
32.0,107.0,1.0,
32.0,17.0,1.0,
16.0,64.0,1.0,
256.0,124.0,1.0,
32.0,2555.0,1.0,
64.0,32.0,1.0,
256.0,14.0,1.0,
256.0,2.0,1.0,
128.0,13.0,1.0,
64.0,28.0,1.0,
16.0,383.0,1.0,
32.0,286.0,1.0,
16.0,20.0,1.0,
16.0,153.0,1.0,
128.0,9.0,1.0,
128.0,12.0,1.0,
256.0,5.0,1.0,
256.0,3562.0,1.0,
128.0,2.0,1.0,
128.0,6.0,1.0,
32.0,380.0,1.0,
64.0,4084.0,1.0,
128.0,169.0,1.0,
16.0,24.0,1.0,
64.0,1.0,1.0,
32.0,123.0,1.0,
16.0,10.0,1.0,
32.0,683.0,1.0,
16.0,219.0,1.0,
128.0,4.0,1.0,
64.0,3316.0,1.0,
256.0,29.0,1.0,
32.0,3.0,1.0,
16.0,18.0,1.0,
64.0,57.0,1.0,
64.0,16.0,1.0,
128.0,18.0,1.0,
64.0,247.0,1.0,
256.0,19.0,1.0,
16.0,66.0,1.0,
128.0,9.0,1.0,
64.0,1852.0,1.0,
16.0,1865.0,1.0,
256.0,9.0,1.0,
64.0,86.0,1.0,
256.0,40.0,1.0,
16.0,54.0,1.0,
16.0,3960.0,1.0,
16.0,3.0,1.0,
32.0,91.0,1.0,
16.0,934.0,1.0,
128.0,32.0,1.0,
64.0,33.0,1.0,
16.0,26.0,1.0,
16.0,29.0,1.0,
64.0,9.0,1.0,
32.0,3353.0,1.0,
16.0,6.0,1.0,
16.0,106.0,1.0,
64.0,9.0,1.0,
32.0,12.0,1.0,
128.0,2702.0,1.0,
64.0,114.0,1.0,
64.0,35.0,1.0,
16.0,563.0,1.0,
32.0,208.0,1.0,
64.0,30.0,1.0,
32.0,40.0,1.0,
64.0,8.0,1.0,
16.0,758.0,1.0,
16.0,50.0,1.0,
16.0,1742.0,1.0,
32.0,956.0,1.0,
16.0,3709.0,1.0,
64.0,23.0,1.0,
256.0,170.0,1.0,
64.0,7.0,1.0,
256.0,310.0,1.0,
64.0,5.0,1.0,
64.0,620.0,1.0,
256.0,86.0,1.0,
64.0,11.0,1.0,
16.0,426.0,1.0,
128.0,3965.0,1.0,
128.0,3.0,1.0,
256.0,1.0,1.0,
16.0,1659.0,1.0,
32.0,121.0,1.0,
32.0,2528.0,1.0,
128.0,3885.0,1.0,
32.0,78.0,1.0,
256.0,1.0,1.0,
128.0,2103.0,1.0,
16.0,1383.0,1.0,
16.0,822.0,1.0,
256.0,6.0,1.0,
16.0,709.0,1.0,
32.0,2433.0,1.0,
64.0,2066.0,1.0,
128.0,13.0,1.0,
128.0,6.0,1.0,
16.0,326.0,1.0,
128.0,29.0,1.0,
128.0,4.0,1.0,
256.0,4.0,1.0,
256.0,25.0,1.0,
32.0,73.0,1.0,
128.0,1.0,1.0,
64.0,1.0,1.0,
128.0,23.0,1.0,
16.0,390.0,1.0,
128.0,11.0,1.0,
128.0,43.0,1.0,
128.0,21.0,1.0,
256.0,1.0,1.0,
64.0,2383.0,1.0,
32.0,70.0,1.0,
16.0,3290.0,1.0,
32.0,3659.0,1.0,
32.0,62.0,1.0,
32.0,86.0,1.0,
64.0,3539.0,1.0,
32.0,40.0,1.0,
16.0,67.0,1.0,
256.0,145.0,1.0,
256.0,16.0,1.0,
32.0,29.0,1.0,
128.0,1.0,1.0,
16.0,2232.0,1.0,
32.0,33.0,1.0,
64.0,1.0,1.0,
32.0,456.0,1.0,
128.0,245.0,1.0,
64.0,8.0,1.0,
64.0,18.0,1.0,
32.0,36.0,1.0,
128.0,1.0,1.0,
128.0,64.0,1.0,
128.0,1288.0,1.0,
64.0,34.0,1.0,
256.0,3.0,1.0,
16.0,3101.0,1.0,
128.0,3.0,1.0,
128.0,459.0,1.0,
128.0,35.0,1.0,
64.0,121.0,1.0,
256.0,13.0,1.0,
256.0,6.0,1.0,
128.0,854.0,1.0,
256.0,7.0,1.0,
128.0,4.0,1.0,
64.0,302.0,1.0,
16.0,2549.0,1.0,
32.0,3161.0,1.0,
256.0,1726.0,1.0,
32.0,31.0,1.0,
256.0,3.0,1.0,
64.0,10.0,1.0,
32.0,12.0,1.0,
32.0,7.0,1.0,
32.0,231.0,1.0,
64.0,320.0,1.0,
128.0,21.0,1.0,
32.0,37.0,1.0,
64.0,27.0,1.0,
32.0,28.0,1.0,
256.0,1.0,1.0,
64.0,18.0,1.0,
256.0,1.0,1.0,
256.0,2.0,1.0,
16.0,4029.0,1.0,
256.0,62.0,1.0,
32.0,40.0,1.0,
256.0,3.0,1.0,
16.0,430.0,1.0,
256.0,10.0,1.0,
64.0,8.0,1.0,
16.0,1976.0,1.0,
32.0,83.0,1.0,
16.0,1238.0,1.0,
32.0,356.0,1.0,
64.0,119.0,1.0,
16.0,195.0,1.0,
256.0,19.0,1.0,
256.0,2.0,1.0,
64.0,36.0,1.0,
32.0,780.0,1.0,
256.0,10.0,1.0,
32.0,315.0,1.0,
16.0,29.0,1.0,
16.0,481.0,1.0,
128.0,12.0,1.0,
128.0,11.0,1.0,
64.0,3776.0,1.0,
32.0,13.0,1.0,
256.0,3.0,1.0,
128.0,101.0,1.0,
16.0,2384.0,1.0,
256.0,144.0,1.0,
16.0,1124.0,1.0,
16.0,1183.0,1.0,
64.0,154.0,1.0,
128.0,3.0,1.0,
32.0,2926.0,1.0,
32.0,30.0,1.0,
256.0,3.0,1.0,
128.0,11.0,1.0,
16.0,473.0,1.0,
32.0,34.0,1.0,
64.0,398.0,1.0,
64.0,235.0,1.0,
32.0,2956.0,1.0,
16.0,173.0,1.0,
256.0,7.0,1.0,
256.0,2.0,1.0,
32.0,890.0,1.0,
32.0,34.0,1.0,
16.0,78.0,1.0,
32.0,513.0,1.0,
32.0,576.0,1.0,
32.0,32.0,1.0,
128.0,447.0,1.0,
128.0,544.0,1.0,
16.0,6.0,1.0,
32.0,66.0,1.0,
256.0,665.0,1.0,
64.0,97.0,1.0,
256.0,13.0,1.0,
32.0,110.0,1.0,
32.0,913.0,1.0,
256.0,131.0,1.0,
16.0,123.0,1.0,
128.0,4.0,1.0,
16.0,2016.0,1.0,
16.0,2270.0,1.0,
128.0,10.0,1.0,
256.0,1.0,1.0,
16.0,2.0,1.0,
256.0,44.0,1.0,
32.0,962.0,1.0,
16.0,816.0,1.0,
16.0,677.0,1.0,
128.0,5.0,1.0,
64.0,12.0,1.0,
32.0,624.0,1.0,
16.0,1259.0,1.0,
128.0,511.0,1.0,
256.0,10.0,1.0,
128.0,158.0,1.0,
128.0,19.0,1.0,
256.0,12.0,1.0,
128.0,3.0,1.0,
64.0,84.0,1.0,
64.0,8.0,1.0,
256.0,74.0,1.0,
128.0,13.0,1.0,
256.0,106.0,1.0,
256.0,11.0,1.0,
256.0,34.0,1.0,
32.0,233.0,1.0,
128.0,11.0,1.0,
256.0,62.0,1.0,
128.0,3.0,1.0,
128.0,5.0,1.0,
128.0,449.0,1.0,
256.0,83.0,1.0,
32.0,213.0,1.0,
128.0,7.0,1.0,
32.0,5.0,1.0,
64.0,143.0,1.0,
128.0,35.0,1.0,
256.0,5.0,1.0,
32.0,268.0,1.0,
32.0,5.0,1.0,
64.0,2590.0,1.0,
128.0,3.0,1.0,
32.0,3.0,1.0,
256.0,2.0,1.0,
128.0,21.0,1.0,
128.0,5.0,1.0,
128.0,16.0,1.0,
256.0,1.0,1.0,
32.0,36.0,1.0,
32.0,1533.0,1.0,
64.0,135.0,1.0,
16.0,107.0,1.0,
128.0,12.0,1.0,
256.0,18.0,1.0,
32.0,3290.0,1.0,
64.0,26.0,1.0,
16.0,3213.0,1.0,
64.0,55.0,1.0,
256.0,703.0,1.0,
256.0,160.0,1.0,
128.0,1.0,1.0,
256.0,3.0,1.0,
128.0,6.0,1.0,
64.0,813.0,1.0,
32.0,38.0,1.0,
32.0,69.0,1.0,
64.0,1367.0,1.0,
256.0,1979.0,1.0,
256.0,75.0,1.0,
16.0,94.0,1.0,
256.0,211.0,1.0,
128.0,103.0,1.0,
128.0,1.0,1.0,
32.0,248.0,1.0,
128.0,11.0,1.0,
64.0,6.0,1.0,
64.0,60.0,1.0,
16.0,3433.0,1.0,
256.0,1.0,1.0,
32.0,218.0,1.0,
32.0,703.0,1.0,
16.0,461.0,1.0,
32.0,3071.0,1.0,
128.0,5.0,1.0,
32.0,115.0,1.0,
16.0,739.0,1.0,
32.0,8.0,1.0,
32.0,3505.0,1.0,
128.0,286.0,1.0,
128.0,34.0,1.0,
256.0,1.0,1.0,
64.0,25.0,1.0,
256.0,1.0,1.0,
64.0,16.0,1.0,
32.0,441.0,1.0,
16.0,185.0,1.0,
64.0,10.0,1.0,
16.0,38.0,1.0,
64.0,810.0,1.0,
256.0,1.0,1.0,
128.0,29.0,1.0,
16.0,1270.0,1.0,
32.0,3294.0,1.0,
128.0,286.0,1.0,
16.0,156.0,1.0,
32.0,98.0,1.0,
16.0,517.0,1.0,
32.0,39.0,1.0,
32.0,10.0,1.0,
16.0,119.0,1.0,
128.0,1090.0,1.0,
64.0,204.0,1.0,
256.0,3.0,1.0,
16.0,751.0,1.0,
64.0,194.0,1.0,
32.0,47.0,1.0,
16.0,249.0,1.0,
256.0,4.0,1.0,
32.0,2.0,1.0,
128.0,1.0,1.0,
256.0,4.0,1.0,
256.0,39.0,1.0,
128.0,18.0,1.0,
32.0,266.0,1.0,
128.0,143.0,1.0,
256.0,3.0,1.0,
16.0,123.0,1.0,
16.0,395.0,1.0,
32.0,147.0,1.0,
64.0,11.0,1.0,
128.0,22.0,1.0,
128.0,2.0,1.0,
32.0,1025.0,1.0,
64.0,4.0,1.0,
256.0,846.0,1.0,
128.0,32.0,1.0,
32.0,67.0,1.0,
16.0,1976.0,1.0,
16.0,972.0,1.0,
32.0,43.0,1.0,
256.0,6.0,1.0,
256.0,2.0,1.0,
256.0,11.0,1.0,
32.0,257.0,1.0,
256.0,1.0,1.0,
256.0,326.0,1.0,
32.0,2261.0,1.0,
16.0,4.0,1.0,
32.0,1293.0,1.0,
16.0,2198.0,1.0,
256.0,53.0,1.0,
64.0,62.0,1.0,
16.0,854.0,1.0,
128.0,4.0,1.0,
16.0,3932.0,1.0,
16.0,2455.0,1.0,
128.0,5.0,1.0,
128.0,388.0,1.0,
16.0,4046.0,1.0,
128.0,1.0,1.0,
16.0,1409.0,1.0,
64.0,1.0,1.0,
16.0,81.0,1.0,
256.0,84.0,1.0,
16.0,81.0,1.0,
32.0,6.0,1.0,
32.0,6.0,1.0,
32.0,145.0,1.0,
128.0,97.0,1.0,
64.0,6.0,1.0,
16.0,4021.0,1.0,
128.0,5.0,1.0,
32.0,2.0,1.0,
64.0,27.0,1.0,
32.0,145.0,1.0,
16.0,670.0,1.0,
256.0,317.0,1.0,
32.0,69.0,1.0,
128.0,30.0,1.0,
16.0,26.0,1.0,
64.0,89.0,1.0,
64.0,14.0,1.0,
256.0,4.0,1.0,
64.0,10.0,1.0,
32.0,288.0,1.0,
64.0,223.0,1.0,
64.0,13.0,1.0,
16.0,13.0,1.0,
256.0,472.0,1.0,
32.0,812.0,1.0,
32.0,53.0,1.0,
16.0,41.0,1.0,
128.0,107.0,1.0,
32.0,1018.0,1.0,
64.0,9.0,1.0,
32.0,53.0,1.0,
128.0,867.0,1.0,
64.0,6.0,1.0,
64.0,1824.0,1.0,
256.0,198.0,1.0,
16.0,627.0,1.0,
32.0,2307.0,1.0,
256.0,4.0,1.0,
32.0,24.0,1.0,
64.0,63.0,1.0,
32.0,2.0,1.0,
32.0,3356.0,1.0,
128.0,15.0,1.0,
16.0,4005.0,1.0,
32.0,3003.0,1.0,
256.0,3.0,1.0,
256.0,115.0,1.0,
64.0,14.0,1.0,
32.0,253.0,1.0,
64.0,7.0,1.0,
256.0,2.0,1.0,
128.0,226.0,1.0,
128.0,176.0,1.0,
256.0,1.0,1.0,
64.0,1294.0,1.0,
64.0,5.0,1.0,
32.0,6.0,1.0,
128.0,139.0,1.0,
16.0,64.0,1.0,
256.0,7.0,1.0,
64.0,1211.0,1.0,
64.0,24.0,1.0,
128.0,3889.0,1.0,
32.0,1181.0,1.0,
256.0,1.0,1.0,
128.0,15.0,1.0,
64.0,3.0,1.0,
256.0,34.0,1.0,
32.0,47.0,1.0,
16.0,743.0,1.0,
256.0,10.0,1.0,
16.0,256.0,1.0,
256.0,57.0,1.0,
16.0,234.0,1.0,
64.0,2847.0,1.0,
256.0,9.0,1.0,
32.0,665.0,1.0,
256.0,1488.0,1.0,
32.0,9.0,1.0,
64.0,897.0,1.0,
16.0,1.0,1.0,
32.0,2276.0,1.0,
16.0,127.0,1.0,
32.0,5.0,1.0,
32.0,523.0,1.0,
16.0,278.0,1.0,
256.0,6.0,1.0,
64.0,51.0,1.0,
64.0,22.0,1.0,
128.0,7.0,1.0,
32.0,139.0,1.0,
128.0,3.0,1.0,
64.0,58.0,1.0,
16.0,886.0,1.0,
32.0,689.0,1.0,
64.0,2.0,1.0,
32.0,465.0,1.0,
64.0,11.0,1.0,
32.0,212.0,1.0,
256.0,8.0,1.0,
16.0,27.0,1.0,
256.0,5.0,1.0,
32.0,323.0,1.0,
64.0,68.0,1.0,
16.0,3640.0,1.0,
256.0,8.0,1.0,
128.0,45.0,1.0,
16.0,242.0,1.0,
32.0,257.0,1.0,
64.0,30.0,1.0,
128.0,3.0,1.0,
32.0,66.0,1.0,
64.0,3382.0,1.0,
64.0,21.0,1.0,
32.0,28.0,1.0,
16.0,19.0,1.0,
32.0,150.0,1.0,
256.0,2.0,1.0,
256.0,16.0,1.0,
32.0,555.0,1.0,
256.0,16.0,1.0,
256.0,32.0,1.0,
128.0,24.0,1.0,
32.0,3851.0,1.0,
128.0,761.0,1.0,
64.0,6.0,1.0,
32.0,164.0,1.0,
16.0,53.0,1.0,
64.0,3.0,1.0,
32.0,34.0,1.0,
16.0,2.0,1.0,
32.0,168.0,1.0,
16.0,326.0,1.0,
16.0,13.0,1.0,
16.0,147.0,1.0,
128.0,8.0,1.0,
32.0,279.0,1.0,
128.0,1058.0,1.0,
64.0,204.0,1.0,
16.0,382.0,1.0,
16.0,20.0,1.0,
32.0,3685.0,1.0,
128.0,40.0,1.0,
256.0,1.0,1.0,
16.0,91.0,1.0,
32.0,1562.0,1.0,
128.0,161.0,1.0,
64.0,3146.0,1.0,
32.0,347.0,1.0,
256.0,115.0,1.0,
64.0,454.0,1.0,
64.0,2996.0,1.0,
32.0,105.0,1.0,
128.0,9.0,1.0,
64.0,56.0,1.0,
256.0,105.0,1.0,
256.0,7.0,1.0,
16.0,2089.0,1.0,
64.0,6.0,1.0,
64.0,5.0,1.0,
16.0,3668.0,1.0,
32.0,2013.0,1.0,
128.0,2.0,1.0,
128.0,18.0,1.0,
64.0,3011.0,1.0,
32.0,335.0,1.0,
256.0,2.0,1.0,
128.0,3.0,1.0,
256.0,981.0,1.0,
32.0,9.0,1.0,
256.0,21.0,1.0,
32.0,6.0,1.0,
64.0,50.0,1.0,
16.0,234.0,1.0,
16.0,3441.0,1.0,
256.0,53.0,1.0,
16.0,48.0,1.0,
64.0,215.0,1.0,
16.0,411.0,1.0,
16.0,250.0,1.0,
128.0,3428.0,1.0,
64.0,347.0,1.0,
64.0,48.0,1.0,
64.0,102.0,1.0,
256.0,6.0,1.0,
64.0,101.0,1.0,
64.0,1974.0,1.0,
32.0,2484.0,1.0,
16.0,436.0,1.0,
32.0,1800.0,1.0,
128.0,419.0,1.0,
64.0,24.0,1.0,
16.0,119.0,1.0,
64.0,28.0,1.0,
64.0,2000.0,1.0,
16.0,291.0,1.0,
64.0,91.0,1.0,
64.0,71.0,1.0,
16.0,931.0,1.0,
64.0,13.0,1.0,
16.0,148.0,1.0,
256.0,32.0,1.0,
128.0,174.0,1.0,
32.0,342.0,1.0,
32.0,1892.0,1.0,
64.0,2.0,1.0,
32.0,110.0,1.0,
32.0,19.0,1.0,
256.0,10.0,1.0,
32.0,61.0,1.0,
32.0,662.0,1.0,
256.0,13.0,1.0,
256.0,1.0,1.0,
128.0,2.0,1.0,
32.0,409.0,1.0,
32.0,88.0,1.0,
256.0,46.0,1.0,
32.0,84.0,1.0,
16.0,278.0,1.0,
16.0,1448.0,1.0,
16.0,144.0,1.0,
32.0,2858.0,1.0,
256.0,97.0,1.0,
128.0,8.0,1.0,
64.0,40.0,1.0,
128.0,2.0,1.0,
16.0,29.0,1.0,
64.0,6.0,1.0,
16.0,212.0,1.0,
128.0,3.0,1.0,
16.0,141.0,1.0,
16.0,130.0,1.0,
64.0,644.0,1.0,
256.0,18.0,1.0,
128.0,181.0,1.0,
32.0,2995.0,1.0,
64.0,2134.0,1.0,
16.0,1054.0,1.0,
64.0,169.0,1.0,
64.0,7.0,1.0,
32.0,197.0,1.0,
256.0,1.0,1.0,
256.0,1164.0,1.0,
256.0,202.0,1.0,
32.0,722.0,1.0,
256.0,57.0,1.0,
256.0,9.0,1.0,
64.0,123.0,1.0,
256.0,10.0,1.0,
128.0,9.0,1.0,
256.0,1012.0,1.0,
32.0,726.0,1.0,
256.0,10.0,1.0,
32.0,13.0,1.0,
64.0,421.0,1.0,
256.0,1.0,1.0,
16.0,85.0,1.0,
128.0,92.0,1.0,
32.0,24.0,1.0,
32.0,596.0,1.0,
64.0,97.0,1.0,
256.0,85.0,1.0,
32.0,39.0,1.0,
128.0,676.0,1.0,
128.0,12.0,1.0,
256.0,4.0,1.0,
256.0,44.0,1.0,
16.0,658.0,1.0,
256.0,154.0,1.0,
128.0,53.0,1.0,
64.0,364.0,1.0,
16.0,1334.0,1.0,
32.0,2.0,1.0,
128.0,179.0,1.0,
128.0,8.0,1.0,
32.0,16.0,1.0,
128.0,79.0,1.0,
16.0,1036.0,1.0,
256.0,2.0,1.0,
16.0,256.0,1.0,
16.0,71.0,1.0,
64.0,36.0,1.0,
32.0,1.0,1.0,
256.0,116.0,1.0,
128.0,155.0,1.0,
256.0,19.0,1.0,
128.0,1779.0,1.0,
32.0,2.0,1.0,
32.0,341.0,1.0,
16.0,60.0,1.0,
16.0,231.0,1.0,
64.0,998.0,1.0,
256.0,1.0,1.0,
64.0,112.0,1.0,
32.0,8.0,1.0,
64.0,2029.0,1.0,
128.0,73.0,1.0,
256.0,3.0,1.0,
256.0,73.0,1.0,
256.0,26.0,1.0,
256.0,40.0,1.0,
256.0,2.0,1.0,
256.0,1.0,1.0,
32.0,75.0,1.0,
128.0,338.0,1.0,
16.0,197.0,1.0,
128.0,919.0,1.0,
16.0,1619.0,1.0,
128.0,3868.0,1.0,
256.0,1.0,1.0,
64.0,914.0,1.0,
256.0,1703.0,1.0,
32.0,133.0,1.0,
32.0,844.0,1.0,
256.0,9.0,1.0,
64.0,968.0,1.0,
32.0,193.0,1.0,
16.0,24.0,1.0,
256.0,888.0,1.0,
16.0,2211.0,1.0,
64.0,26.0,1.0,
128.0,244.0,1.0,
128.0,32.0,1.0,
128.0,1.0,1.0,
32.0,1253.0,1.0,
64.0,112.0,1.0,
64.0,1126.0,1.0,
16.0,458.0,1.0,
32.0,275.0,1.0,
64.0,873.0,1.0,
64.0,57.0,1.0,
256.0,197.0,1.0,
64.0,62.0,1.0,
128.0,3934.0,1.0,
128.0,2669.0,1.0,
16.0,33.0,1.0,
128.0,2.0,1.0,
32.0,430.0,1.0,
64.0,5.0,1.0,
256.0,117.0,1.0,
128.0,968.0,1.0,
256.0,18.0,1.0,
256.0,7.0,1.0,
128.0,9.0,1.0,
16.0,70.0,1.0,
16.0,236.0,1.0,
64.0,2662.0,1.0,
16.0,3906.0,1.0,
32.0,21.0,1.0,
32.0,106.0,1.0,
32.0,1.0,1.0,
64.0,28.0,1.0,
256.0,1.0,1.0,
64.0,307.0,1.0,
16.0,3666.0,1.0,
32.0,290.0,1.0,
256.0,3.0,1.0,
64.0,5.0,1.0,
16.0,26.0,1.0,
16.0,1740.0,1.0,
256.0,1.0,1.0,
32.0,2991.0,1.0,
128.0,34.0,1.0,
16.0,2673.0,1.0,
64.0,128.0,1.0,
32.0,106.0,1.0,
32.0,2.0,1.0,
64.0,3.0,1.0,
32.0,2870.0,1.0,
64.0,274.0,1.0,
32.0,303.0,1.0,
64.0,9.0,1.0,
64.0,7.0,1.0,
256.0,9.0,1.0,
32.0,1286.0,1.0,
16.0,131.0,1.0,
64.0,634.0,1.0,
64.0,265.0,1.0,
256.0,46.0,1.0,
32.0,224.0,1.0,
16.0,29.0,1.0,
128.0,20.0,1.0,
32.0,71.0,1.0,
256.0,1.0,1.0,
256.0,5.0,1.0,
256.0,6.0,1.0,
128.0,1063.0,1.0,
32.0,1597.0,1.0,
256.0,48.0,1.0,
128.0,63.0,1.0,
64.0,3700.0,1.0,
128.0,8.0,1.0,
64.0,1827.0,1.0,
256.0,2498.0,1.0,
256.0,143.0,1.0,
16.0,2162.0,1.0,
64.0,4.0,1.0,
32.0,473.0,1.0,
16.0,834.0,1.0,
16.0,159.0,1.0,
128.0,64.0,1.0,
32.0,1490.0,1.0,
64.0,88.0,1.0,
16.0,3391.0,1.0,
128.0,14.0,1.0,
256.0,320.0,1.0,
128.0,5.0,1.0,
16.0,34.0,1.0,
256.0,303.0,1.0,
16.0,186.0,1.0,
32.0,19.0,1.0,
256.0,82.0,1.0,
16.0,35.0,1.0,
16.0,3746.0,1.0,
32.0,110.0,1.0,
32.0,10.0,1.0,
256.0,1.0,1.0,
32.0,718.0,1.0,
16.0,5.0,1.0,
128.0,72.0,1.0,
128.0,19.0,1.0,
256.0,3.0,1.0,
16.0,10.0,1.0,
256.0,43.0,1.0,
128.0,22.0,1.0,
64.0,615.0,1.0,
256.0,5.0,1.0,
64.0,92.0,1.0,
256.0,1.0,1.0,
128.0,17.0,1.0,
16.0,235.0,1.0,
256.0,1.0,1.0,
32.0,34.0,1.0,
64.0,284.0,1.0,
64.0,19.0,1.0,
128.0,2.0,1.0,
32.0,387.0,1.0,
256.0,7.0,1.0,
32.0,2932.0,1.0,
64.0,1042.0,1.0,
16.0,2.0,1.0,
256.0,152.0,1.0,
256.0,63.0,1.0,
16.0,35.0,1.0,
128.0,2.0,1.0,
16.0,62.0,1.0,
16.0,458.0,1.0,
256.0,20.0,1.0,
128.0,31.0,1.0,
64.0,60.0,1.0,
128.0,1.0,1.0,
128.0,4.0,1.0,
128.0,142.0,1.0,
64.0,10.0,1.0,
256.0,2.0,1.0,
16.0,554.0,1.0,
128.0,107.0,1.0,
256.0,1.0,1.0,
128.0,5.0,1.0,
16.0,418.0,1.0,
16.0,840.0,1.0,
32.0,3452.0,1.0,
64.0,45.0,1.0,
64.0,85.0,1.0,
256.0,17.0,1.0,
128.0,456.0,1.0,
64.0,1970.0,1.0,
64.0,113.0,1.0,
16.0,218.0,1.0,
256.0,5.0,1.0,
64.0,7.0,1.0,
16.0,89.0,1.0,
128.0,315.0,1.0,
32.0,184.0,1.0,
64.0,111.0,1.0,
32.0,26.0,1.0,
64.0,694.0,1.0,
32.0,97.0,1.0,
256.0,11.0,1.0,
16.0,1942.0,1.0,
16.0,3387.0,1.0,
