2.909000813961029053e-01
2.787013649940490723e-01
3.171313703060150146e-01
2.730523049831390381e-01
2.997691333293914795e-01
3.018610179424285889e-01
3.116229176521301270e-01
3.094784617424011230e-01
2.898177206516265869e-01
3.014366626739501953e-01
3.020681440830230713e-01
3.873361051082611084e-01
2.896488904953002930e-01
2.727469205856323242e-01
2.892278730869293213e-01
2.695160210132598877e-01
2.691226005554199219e-01
3.275606036186218262e-01
2.785612642765045166e-01
3.207919001579284668e-01
2.693801224231719971e-01
3.777781426906585693e-01
3.022269308567047119e-01
2.717231512069702148e-01
2.763600349426269531e-01
2.994990944862365723e-01
3.106133043766021729e-01
3.141055107116699219e-01
2.923026680946350098e-01
2.814304232597351074e-01
2.967023551464080811e-01
3.172202706336975098e-01
2.863214910030364990e-01
2.700448632240295410e-01
2.693940997123718262e-01
2.878622710704803467e-01
2.866093516349792480e-01
2.837279438972473145e-01
3.157959580421447754e-01
3.284944891929626465e-01
2.729224860668182373e-01
2.637256383895874023e-01
4.298481643199920654e-01
2.899248301982879639e-01
2.714625000953674316e-01
2.748847007751464844e-01
3.041570186614990234e-01
2.943024933338165283e-01
2.815717458724975586e-01
3.074223399162292480e-01
2.710083127021789551e-01
2.869022190570831299e-01
3.097297847270965576e-01
3.029831349849700928e-01
2.653116583824157715e-01
2.826940715312957764e-01
2.707162797451019287e-01
3.252102434635162354e-01
2.748498916625976562e-01
2.842778861522674561e-01
2.684980928897857666e-01
3.006084859371185303e-01
2.788294255733489990e-01
3.232964277267456055e-01
2.751056849956512451e-01
3.069795072078704834e-01
3.979957401752471924e-01
2.645882964134216309e-01
3.192127943038940430e-01
2.898421287536621094e-01
3.411797583103179932e-01
2.802470326423645020e-01
2.714103162288665771e-01
2.605415284633636475e-01
3.415668904781341553e-01
2.892120480537414551e-01
3.175154626369476318e-01
2.857144474983215332e-01
3.060188293457031250e-01
3.064269125461578369e-01
2.638956010341644287e-01
2.680224180221557617e-01
2.769755125045776367e-01
2.995048165321350098e-01
2.984353303909301758e-01
3.066299557685852051e-01
3.048964738845825195e-01
2.849745750427246094e-01
3.317712247371673584e-01
2.762241363525390625e-01
2.814615666866302490e-01
3.740538060665130615e-01
3.467315733432769775e-01
2.986638545989990234e-01
2.796696722507476807e-01
3.247369229793548584e-01
2.986871302127838135e-01
2.732327282428741455e-01
2.839250564575195312e-01
2.904575467109680176e-01
2.772209048271179199e-01
2.943731546401977539e-01
3.797104358673095703e-01
2.874149978160858154e-01
2.988750934600830078e-01
2.861723899841308594e-01
2.774095535278320312e-01
2.872832119464874268e-01
3.628963828086853027e-01
3.921305537223815918e-01
3.586742579936981201e-01
2.811123728752136230e-01
2.606587111949920654e-01
2.867398858070373535e-01
3.016508221626281738e-01
3.200130164623260498e-01
2.930185198783874512e-01
2.724665701389312744e-01
3.058231174945831299e-01
3.234585821628570557e-01
3.158598244190216064e-01
2.782936990261077881e-01
2.828518748283386230e-01
2.657195925712585449e-01
3.358865976333618164e-01
3.130214214324951172e-01
2.659084200859069824e-01
2.716330289840698242e-01
3.153037726879119873e-01
3.059594631195068359e-01
2.968601286411285400e-01
3.135701715946197510e-01
3.218475282192230225e-01
2.922607660293579102e-01
2.761330008506774902e-01
2.857937812805175781e-01
3.539071679115295410e-01
2.966371774673461914e-01
2.828232049942016602e-01
3.076643943786621094e-01
3.111039996147155762e-01
3.304973840713500977e-01
2.822133004665374756e-01
2.677043974399566650e-01
2.839505374431610107e-01
2.704427242279052734e-01
3.188236653804779053e-01
3.108585476875305176e-01
2.850086390972137451e-01
2.897773981094360352e-01
3.004609346389770508e-01
3.903410136699676514e-01
3.143775463104248047e-01
2.780308425426483154e-01
2.887418568134307861e-01
2.927348017692565918e-01
2.894039154052734375e-01
2.799527347087860107e-01
2.784297466278076172e-01
2.912896275520324707e-01
2.709609568119049072e-01
3.144920170307159424e-01
3.147469460964202881e-01
3.090332150459289551e-01
2.882055044174194336e-01
3.088947236537933350e-01
3.625467121601104736e-01
3.230951130390167236e-01
2.980426847934722900e-01
3.087575435638427734e-01
2.777704894542694092e-01
3.929386436939239502e-01
2.866123914718627930e-01
4.019435644149780273e-01
2.887789309024810791e-01
3.130115866661071777e-01
2.791108787059783936e-01
2.893195748329162598e-01
2.728188633918762207e-01
3.579368591308593750e-01
2.793271541595458984e-01
2.696894109249114990e-01
2.926889955997467041e-01
2.889748215675354004e-01
2.978519499301910400e-01
2.921612858772277832e-01
2.689463198184967041e-01
2.868824005126953125e-01
3.220968246459960938e-01
3.836116492748260498e-01
2.704988420009613037e-01
2.853418886661529541e-01
2.662151753902435303e-01
3.066816627979278564e-01
2.664468586444854736e-01
2.597435116767883301e-01
2.765592634677886963e-01
3.008531033992767334e-01
2.785703837871551514e-01
2.734669148921966553e-01
3.717223405838012695e-01
2.795866131782531738e-01
2.830067276954650879e-01
2.698312401771545410e-01
2.860480844974517822e-01
3.827075660228729248e-01
2.703443467617034912e-01
2.776105999946594238e-01
2.745428085327148438e-01
2.971612811088562012e-01
3.321756720542907715e-01
3.244845569133758545e-01
2.759937047958374023e-01
2.931288480758666992e-01
2.840030789375305176e-01
3.065080344676971436e-01
2.725077867507934570e-01
2.874961793422698975e-01
2.834946811199188232e-01
2.888613641262054443e-01
2.606297731399536133e-01
2.957413494586944580e-01
3.440932631492614746e-01
2.778350114822387695e-01
2.539908289909362793e-01
3.285508453845977783e-01
2.854670286178588867e-01
2.637335956096649170e-01
2.909268140792846680e-01
2.874102890491485596e-01
3.202757537364959717e-01
2.833242416381835938e-01
2.979911863803863525e-01
2.894227802753448486e-01
2.794259786605834961e-01
2.809786796569824219e-01
2.677783370018005371e-01
2.839582562446594238e-01
3.088653981685638428e-01
2.777613103389739990e-01
2.722078263759613037e-01
2.770697474479675293e-01
3.567313849925994873e-01
2.897371947765350342e-01
3.037004470825195312e-01
2.680320739746093750e-01
2.872578501701354980e-01
3.453977108001708984e-01
3.098191320896148682e-01
3.459940552711486816e-01
2.783138751983642578e-01
2.711902558803558350e-01
2.582492530345916748e-01
3.135388195514678955e-01
2.736427187919616699e-01
3.709069788455963135e-01
2.761288583278656006e-01
3.033629059791564941e-01
2.710264921188354492e-01
2.971519231796264648e-01
2.909701168537139893e-01
2.854666113853454590e-01
3.852943480014801025e-01
3.049091994762420654e-01
3.047741055488586426e-01
3.781755566596984863e-01
2.698203027248382568e-01
3.022273480892181396e-01
3.189226090908050537e-01
2.768948376178741455e-01
2.806808650493621826e-01
2.860587537288665771e-01
3.155021071434020996e-01
3.250769078731536865e-01
2.923394739627838135e-01
4.156099855899810791e-01
2.761732339859008789e-01
2.794128358364105225e-01
3.929063677787780762e-01
3.944438099861145020e-01
2.721821069717407227e-01
2.634365558624267578e-01
2.899018526077270508e-01
2.880228161811828613e-01
2.816329300403594971e-01
2.664580047130584717e-01
3.025344610214233398e-01
2.924178540706634521e-01
3.304495215415954590e-01
3.134683370590209961e-01
2.859458327293395996e-01
2.800855338573455811e-01
3.467882275581359863e-01
2.776221930980682373e-01
2.671529650688171387e-01
2.638447880744934082e-01
2.791570723056793213e-01
3.010285496711730957e-01
3.305106759071350098e-01
2.730518281459808350e-01
2.891532182693481445e-01
2.763879597187042236e-01
3.024964034557342529e-01
4.143165051937103271e-01
3.101710081100463867e-01
2.793488204479217529e-01
2.843526303768157959e-01
2.887498140335083008e-01
2.732764780521392822e-01
2.902284264564514160e-01
3.024263083934783936e-01
2.879932522773742676e-01
2.714387774467468262e-01
3.051107823848724365e-01
2.880972921848297119e-01
3.013368248939514160e-01
2.780811488628387451e-01
3.960019648075103760e-01
2.862797081470489502e-01
2.839568853378295898e-01
2.791634202003479004e-01
2.811131775379180908e-01
2.819951474666595459e-01
2.682510912418365479e-01
2.784337103366851807e-01
2.832580804824829102e-01
2.862671911716461182e-01
2.757309377193450928e-01
2.674348950386047363e-01
2.676009237766265869e-01
2.911027371883392334e-01
3.483760058879852295e-01
3.274942636489868164e-01
2.707150876522064209e-01
2.726780772209167480e-01
2.749779522418975830e-01
3.030849397182464600e-01
2.694643139839172363e-01
2.773497104644775391e-01
2.864983379840850830e-01
2.710204124450683594e-01
2.837728857994079590e-01
2.937653660774230957e-01
3.186651468276977539e-01
2.826514840126037598e-01
3.350579738616943359e-01
2.737914025783538818e-01
2.973770499229431152e-01
2.937519848346710205e-01
2.807403206825256348e-01
3.009261786937713623e-01
2.866140305995941162e-01
2.743446528911590576e-01
2.888587713241577148e-01
2.971847057342529297e-01
2.571766674518585205e-01
3.291239440441131592e-01
3.312170207500457764e-01
2.647621929645538330e-01
2.648540735244750977e-01
2.842817306518554688e-01
3.020780384540557861e-01
4.070007801055908203e-01
2.818018794059753418e-01
2.973984777927398682e-01
2.814283967018127441e-01
2.815666794776916504e-01
3.722164332866668701e-01
2.819650769233703613e-01
2.703756093978881836e-01
2.861426770687103271e-01
2.773714065551757812e-01
2.911157310009002686e-01
2.877770066261291504e-01
2.784502506256103516e-01
2.743488550186157227e-01
3.056956529617309570e-01
3.159158825874328613e-01
2.726516723632812500e-01
3.296551108360290527e-01
3.881979584693908691e-01
2.906065583229064941e-01
2.654323875904083252e-01
2.926751375198364258e-01
2.778540253639221191e-01
2.957573235034942627e-01
2.732813954353332520e-01
2.792109847068786621e-01
3.700294792652130127e-01
3.182092905044555664e-01
3.179017901420593262e-01
2.534045577049255371e-01
2.764009237289428711e-01
2.836706936359405518e-01
2.850886285305023193e-01
2.732956409454345703e-01
2.749762833118438721e-01
2.867961823940277100e-01
2.662007510662078857e-01
3.146168589591979980e-01
2.707114815711975098e-01
2.798878252506256104e-01
3.138498067855834961e-01
2.980129718780517578e-01
2.914357483386993408e-01
2.790752053260803223e-01
2.792340517044067383e-01
2.811951041221618652e-01
2.751625180244445801e-01
2.730469703674316406e-01
2.788357138633728027e-01
3.195888698101043701e-01
2.972624003887176514e-01
3.151256740093231201e-01
3.051624298095703125e-01
2.871598303318023682e-01
2.763895988464355469e-01
3.133841156959533691e-01
2.938743233680725098e-01
2.745425403118133545e-01
2.819079458713531494e-01
3.189141452312469482e-01
2.746872305870056152e-01
2.687251865863800049e-01
2.922587990760803223e-01
2.737210094928741455e-01
2.721028327941894531e-01
2.720960080623626709e-01
2.974276542663574219e-01
2.930555045604705811e-01
3.589614927768707275e-01
2.816447019577026367e-01
2.717407345771789551e-01
2.719708383083343506e-01
2.818196713924407959e-01
2.795387506484985352e-01
3.621875345706939697e-01
4.099889099597930908e-01
2.741515338420867920e-01
2.768820524215698242e-01
2.907758951187133789e-01
3.084520995616912842e-01
2.739378213882446289e-01
2.684410810470581055e-01
2.701285481452941895e-01
2.690691351890563965e-01
2.946299314498901367e-01
2.805265784263610840e-01
2.988539636135101318e-01
3.010901510715484619e-01
2.933212220668792725e-01
2.721650004386901855e-01
2.863091528415679932e-01
2.788652181625366211e-01
3.180613517761230469e-01
2.716622054576873779e-01
2.961091399192810059e-01
3.812305629253387451e-01
2.970710098743438721e-01
2.789747714996337891e-01
2.862632572650909424e-01
2.603002190589904785e-01
2.784742712974548340e-01
2.789316177368164062e-01
3.301385045051574707e-01
2.798727452754974365e-01
2.870180308818817139e-01
2.832253277301788330e-01
3.172053396701812744e-01
2.707883417606353760e-01
2.801932096481323242e-01
2.802253961563110352e-01
2.683105766773223877e-01
2.978909611701965332e-01
3.764313161373138428e-01
3.116056323051452637e-01
3.786860704421997070e-01
3.175759315490722656e-01
2.707781195640563965e-01
2.722424864768981934e-01
2.738822698593139648e-01
2.752721905708312988e-01
2.725588381290435791e-01
3.189357817173004150e-01
3.357762992382049561e-01
2.991354167461395264e-01
2.813277244567871094e-01
2.787066698074340820e-01
2.752102017402648926e-01
2.697783708572387695e-01
2.849612534046173096e-01
3.400864005088806152e-01
2.743971049785614014e-01
3.097050786018371582e-01
2.751736342906951904e-01
2.828719317913055420e-01
3.012593388557434082e-01
2.728238403797149658e-01
3.149609863758087158e-01
3.006452023983001709e-01
3.224312365055084229e-01
2.759485840797424316e-01
2.668171823024749756e-01
2.702442705631256104e-01
2.649048268795013428e-01
2.954780161380767822e-01
3.630723059177398682e-01
2.731546759605407715e-01
2.775331139564514160e-01
2.906286120414733887e-01
2.715623378753662109e-01
2.828662097454071045e-01
2.780456840991973877e-01
2.933471798896789551e-01
2.947917580604553223e-01
3.429093658924102783e-01
2.677961289882659912e-01
2.941669225692749023e-01
2.798214256763458252e-01
2.712091505527496338e-01
3.065426051616668701e-01
2.992781400680541992e-01
2.916755676269531250e-01
2.757748067378997803e-01
2.879618108272552490e-01
3.017081916332244873e-01
2.693893313407897949e-01
3.647066056728363037e-01
3.229857683181762695e-01
2.730371654033660889e-01
2.803419828414916992e-01
2.744832038879394531e-01
2.972515225410461426e-01
3.849259018898010254e-01
3.451995849609375000e-01
2.682477533817291260e-01
2.888285815715789795e-01
2.757084071636199951e-01
2.794508039951324463e-01
2.893263399600982666e-01
2.917698323726654053e-01
3.423913717269897461e-01
3.363953530788421631e-01
2.876538038253784180e-01
3.013769388198852539e-01
2.804616689682006836e-01
2.733772397041320801e-01
3.003167808055877686e-01
2.749976813793182373e-01
2.692073583602905273e-01
3.186875283718109131e-01
2.991589009761810303e-01
2.873465418815612793e-01
2.603998780250549316e-01
3.000486791133880615e-01
2.682453393936157227e-01
3.001275062561035156e-01
3.649168610572814941e-01
2.796805202960968018e-01
2.738226950168609619e-01
2.877317965030670166e-01
3.285487294197082520e-01
2.759065032005310059e-01
2.701264023780822754e-01
3.438265025615692139e-01
3.485958576202392578e-01
3.282923400402069092e-01
2.754358053207397461e-01
2.660467028617858887e-01
2.750949263572692871e-01
2.733132839202880859e-01
2.886332273483276367e-01
2.669002115726470947e-01
2.743706703186035156e-01
2.773760855197906494e-01
3.019246160984039307e-01
2.825787961483001709e-01
2.683030962944030762e-01
2.856178581714630127e-01
2.915719151496887207e-01
3.326900303363800049e-01
2.768312692642211914e-01
3.082047998905181885e-01
2.870563268661499023e-01
3.026229739189147949e-01
2.904768586158752441e-01
2.806839048862457275e-01
2.950219213962554932e-01
3.141767978668212891e-01
2.816937565803527832e-01
2.869496643543243408e-01
2.847908735275268555e-01
2.886787354946136475e-01
2.775554955005645752e-01
3.262446820735931396e-01
2.690988481044769287e-01
2.678270637989044189e-01
2.928011715412139893e-01
3.167161941528320312e-01
2.791556119918823242e-01
2.781776487827301025e-01
2.964932322502136230e-01
2.699298560619354248e-01
2.839530706405639648e-01
2.723689973354339600e-01
2.864345610141754150e-01
2.966364026069641113e-01
2.930431067943572998e-01
2.617415487766265869e-01
3.180496990680694580e-01
2.817212343215942383e-01
3.502449393272399902e-01
2.998830080032348633e-01
2.937240004539489746e-01
2.858616709709167480e-01
2.641591727733612061e-01
2.843163311481475830e-01
2.706006467342376709e-01
2.654872834682464600e-01
2.676458954811096191e-01
2.802576720714569092e-01
2.829623222351074219e-01
2.908818423748016357e-01
2.809669971466064453e-01
2.780862152576446533e-01
2.770034372806549072e-01
2.854309380054473877e-01
2.893294990062713623e-01
3.159005641937255859e-01
2.978035509586334229e-01
3.291997611522674561e-01
2.747869789600372314e-01
2.709707021713256836e-01
2.842199206352233887e-01
2.687312662601470947e-01
2.763941586017608643e-01
2.888905107975006104e-01
2.769096791744232178e-01
2.702077329158782959e-01
3.102247714996337891e-01
2.892216145992279053e-01
2.794858515262603760e-01
3.111614882946014404e-01
2.832507789134979248e-01
3.610777556896209717e-01
2.898082137107849121e-01
3.045539855957031250e-01
3.745487630367279053e-01
2.853868901729583740e-01
2.850082516670227051e-01
3.251920640468597412e-01
2.873532474040985107e-01
2.819810807704925537e-01
2.936316430568695068e-01
2.803167402744293213e-01
3.043815493583679199e-01
3.103703856468200684e-01
2.921572923660278320e-01
2.811083793640136719e-01
2.733843326568603516e-01
2.728767693042755127e-01
2.887091338634490967e-01
3.062602877616882324e-01
2.822212874889373779e-01
3.931386470794677734e-01
2.845768332481384277e-01
2.849153876304626465e-01
3.088626563549041748e-01
3.073445558547973633e-01
2.723526656627655029e-01
2.674220800399780273e-01
2.820114791393280029e-01
2.707463502883911133e-01
3.186833560466766357e-01
3.004708588123321533e-01
2.779933810234069824e-01
2.885380089282989502e-01
3.073358237743377686e-01
2.685925960540771484e-01
2.914621531963348389e-01
3.699446618556976318e-01
2.765637934207916260e-01
3.097035884857177734e-01
2.872749865055084229e-01
2.790619134902954102e-01
2.558005154132843018e-01
2.679776847362518311e-01
2.771055996417999268e-01
3.549984395503997803e-01
2.690582573413848877e-01
2.771595716476440430e-01
2.726399898529052734e-01
2.839016616344451904e-01
2.681020498275756836e-01
2.979767620563507080e-01
2.728810608386993408e-01
2.943194806575775146e-01
2.905531525611877441e-01
3.781507313251495361e-01
2.567006349563598633e-01
2.988056242465972900e-01
3.747157156467437744e-01
2.753705382347106934e-01
2.873587608337402344e-01
3.514724373817443848e-01
2.848740220069885254e-01
3.037553727626800537e-01
3.224583268165588379e-01
2.823109328746795654e-01
2.797125279903411865e-01
3.328028321266174316e-01
3.434294760227203369e-01
3.134624361991882324e-01
2.893518507480621338e-01
2.813566923141479492e-01
2.709280252456665039e-01
3.085733354091644287e-01
2.618349790573120117e-01
2.823803424835205078e-01
3.182567656040191650e-01
2.953999042510986328e-01
2.955307662487030029e-01
2.804896831512451172e-01
3.098532855510711670e-01
3.024915456771850586e-01
2.671025097370147705e-01
3.640179634094238281e-01
3.005498945713043213e-01
2.737329304218292236e-01
2.677500844001770020e-01
2.753865122795104980e-01
3.035459518432617188e-01
2.646403908729553223e-01
2.913023531436920166e-01
3.012931644916534424e-01
2.971786856651306152e-01
2.887938022613525391e-01
2.974699139595031738e-01
3.022086322307586670e-01
2.723875045776367188e-01
2.793819606304168701e-01
3.001249730587005615e-01
2.667249441146850586e-01
2.813623547554016113e-01
2.693481147289276123e-01
3.269065320491790771e-01
2.885565459728240967e-01
2.706217169761657715e-01
2.746680080890655518e-01
3.746435046195983887e-01
2.892510294914245605e-01
2.836316227912902832e-01
2.935205101966857910e-01
2.929477691650390625e-01
2.888001799583435059e-01
2.717795073986053467e-01
2.846242487430572510e-01
2.878448367118835449e-01
2.845639586448669434e-01
2.792397141456604004e-01
2.870762944221496582e-01
2.680773735046386719e-01
2.907498776912689209e-01
2.786830067634582520e-01
3.072765469551086426e-01
2.875069975852966309e-01
3.191133141517639160e-01
2.960327565670013428e-01
3.081257045269012451e-01
3.012063205242156982e-01
3.215124905109405518e-01
2.746027410030364990e-01
2.723798453807830811e-01
2.589621841907501221e-01
2.904303073883056641e-01
2.968918681144714355e-01
2.755330801010131836e-01
2.751003801822662354e-01
3.381201624870300293e-01
2.690847814083099365e-01
2.941665053367614746e-01
2.953477203845977783e-01
2.969464659690856934e-01
2.971038818359375000e-01
2.958429753780364990e-01
3.208213448524475098e-01
3.454146385192871094e-01
2.947483360767364502e-01
3.435368239879608154e-01
2.753789424896240234e-01
2.604512274265289307e-01
2.745424807071685791e-01
2.936167120933532715e-01
3.060304820537567139e-01
3.704133331775665283e-01
2.765380442142486572e-01
2.778820395469665527e-01
3.310216069221496582e-01
2.724149525165557861e-01
2.681756615638732910e-01
2.879037559032440186e-01
2.801134586334228516e-01
2.790029644966125488e-01
2.694379687309265137e-01
2.906322181224822998e-01
2.809798717498779297e-01
2.876423895359039307e-01
3.070199489593505859e-01
3.008721470832824707e-01
2.694783508777618408e-01
2.680375576019287109e-01
2.655820548534393311e-01
2.942059934139251709e-01
2.900547981262207031e-01
2.916238903999328613e-01
3.072243332862854004e-01
3.052332997322082520e-01
3.125621974468231201e-01
3.436264991760253906e-01
3.421582579612731934e-01
3.651360869407653809e-01
3.218509852886199951e-01
2.752286195755004883e-01
3.225880265235900879e-01
3.559963703155517578e-01
2.850914895534515381e-01
3.106147348880767822e-01
3.318403363227844238e-01
2.611697018146514893e-01
3.387711048126220703e-01
2.813987731933593750e-01
2.873175442218780518e-01
3.510053455829620361e-01
3.083468377590179443e-01
2.646816074848175049e-01
2.777796387672424316e-01
2.887728214263916016e-01
2.913783490657806396e-01
3.049768209457397461e-01
3.900266885757446289e-01
2.794366776943206787e-01
3.007441759109497070e-01
3.016838729381561279e-01
3.035403788089752197e-01
3.929038345813751221e-01
2.646995484828948975e-01
2.817864120006561279e-01
2.726298868656158447e-01
3.016971051692962646e-01
3.306474089622497559e-01
2.763601243495941162e-01
2.991855740547180176e-01
3.312535285949707031e-01
3.000265061855316162e-01
2.991910874843597412e-01
2.920078337192535400e-01
3.064357340335845947e-01
2.920192778110504150e-01
3.217247724533081055e-01
3.172039389610290527e-01
2.850130498409271240e-01
3.077620267868041992e-01
2.683381736278533936e-01
3.105374574661254883e-01
2.954519987106323242e-01
2.810341715812683105e-01
4.216175973415374756e-01
3.828691244125366211e-01
3.292549848556518555e-01
3.324523866176605225e-01
2.831783294677734375e-01
2.843385338783264160e-01
2.753605246543884277e-01
2.980860173702239990e-01
2.686158716678619385e-01
2.821664810180664062e-01
2.868334650993347168e-01
3.464938700199127197e-01
2.869915366172790527e-01
3.316963911056518555e-01
2.785874605178833008e-01
2.908417880535125732e-01
2.953025698661804199e-01
3.478878140449523926e-01
2.675443887710571289e-01
2.717516422271728516e-01
3.308951258659362793e-01
2.953399121761322021e-01
3.785782158374786377e-01
2.735041379928588867e-01
2.717914879322052002e-01
2.962284088134765625e-01
2.707745730876922607e-01
2.764767408370971680e-01
2.701244652271270752e-01
2.590591311454772949e-01
2.990764975547790527e-01
2.779421210289001465e-01
3.001899123191833496e-01
3.242409825325012207e-01
2.735684812068939209e-01
2.858052551746368408e-01
3.049867749214172363e-01
2.820842266082763672e-01
2.852264642715454102e-01
3.660401999950408936e-01
2.963147461414337158e-01
3.148235380649566650e-01
2.890586853027343750e-01
2.824735939502716064e-01
2.795433402061462402e-01
2.779838740825653076e-01
3.269932270050048828e-01
2.989597022533416748e-01
3.663624823093414307e-01
3.253968656063079834e-01
2.687110602855682373e-01
3.315393030643463135e-01
2.822154164314270020e-01
2.739124298095703125e-01
2.927561104297637939e-01
2.974983751773834229e-01
3.838099837303161621e-01
2.718321084976196289e-01
2.973287105560302734e-01
2.990795969963073730e-01
2.864080965518951416e-01
3.112882077693939209e-01
3.054808378219604492e-01
2.750733196735382080e-01
4.004015326499938965e-01
3.449122011661529541e-01
2.737290859222412109e-01
2.958087325096130371e-01
3.203984797000885010e-01
2.942647337913513184e-01
2.793517112731933594e-01
2.961378693580627441e-01
3.091965615749359131e-01
2.723164558410644531e-01
2.681590616703033447e-01
3.054018020629882812e-01
3.364625871181488037e-01
2.876206338405609131e-01
3.115559220314025879e-01
2.844539880752563477e-01
2.720168232917785645e-01
3.329731523990631104e-01
2.881130874156951904e-01
3.356754779815673828e-01
4.008010625839233398e-01
3.082180619239807129e-01
2.890697121620178223e-01
2.967816591262817383e-01
2.817554175853729248e-01
2.742769718170166016e-01
2.914656102657318115e-01
2.859180271625518799e-01
3.550543785095214844e-01
2.726593315601348877e-01
2.750807702541351318e-01
3.109046518802642822e-01
4.098569750785827637e-01
2.876677811145782471e-01
2.829830944538116455e-01
2.921681106090545654e-01
2.811231911182403564e-01
3.047054708003997803e-01
2.722369432449340820e-01
2.666451036930084229e-01
2.877943813800811768e-01
2.945600748062133789e-01
3.184745013713836670e-01
3.254125118255615234e-01
2.773527801036834717e-01
2.872868180274963379e-01
3.206759691238403320e-01
2.958044111728668213e-01
3.052942156791687012e-01
3.582795560359954834e-01
2.652591466903686523e-01
2.946028709411621094e-01
2.821195125579833984e-01
2.713245451450347900e-01
2.708611488342285156e-01
3.311780691146850586e-01
2.783634364604949951e-01
3.020280003547668457e-01
2.875911593437194824e-01
3.044236898422241211e-01
2.994229197502136230e-01
3.103263676166534424e-01
2.833939790725708008e-01
3.248199224472045898e-01
2.806024253368377686e-01
2.796049416065216064e-01
2.832538783550262451e-01
2.687621116638183594e-01
2.767224311828613281e-01
2.639598846435546875e-01
2.827796638011932373e-01
3.043985366821289062e-01
2.791214883327484131e-01
2.641454637050628662e-01
3.352690339088439941e-01
2.758638262748718262e-01
3.090999424457550049e-01
3.085417151451110840e-01
2.933287024497985840e-01
2.629864215850830078e-01
2.789566516876220703e-01
2.739428281784057617e-01
3.278667926788330078e-01
2.754709422588348389e-01
2.725345790386199951e-01
2.771720886230468750e-01
2.839412987232208252e-01
2.772021889686584473e-01
2.685551047325134277e-01
2.880600392818450928e-01
2.886746525764465332e-01
2.721122503280639648e-01
2.857285737991333008e-01
2.797111272811889648e-01
2.943122088909149170e-01
2.857725620269775391e-01
2.696679532527923584e-01
2.912458181381225586e-01
3.175850808620452881e-01
2.774746417999267578e-01
2.814297676086425781e-01
2.818209528923034668e-01
3.133918344974517822e-01
2.856797575950622559e-01
2.752651870250701904e-01
2.870545089244842529e-01
3.114417195320129395e-01
3.515852391719818115e-01
2.816479802131652832e-01
2.896705865859985352e-01
3.270557522773742676e-01
3.824765086174011230e-01
3.357750177383422852e-01
2.809112966060638428e-01
4.030100703239440918e-01
2.602927684783935547e-01
3.017399013042449951e-01
3.765076696872711182e-01
2.731404900550842285e-01
2.819377183914184570e-01
3.144136071205139160e-01
2.725676298141479492e-01
4.074101746082305908e-01
2.716595530509948730e-01
2.885730266571044922e-01
2.642682492733001709e-01
2.737055420875549316e-01
2.705996334552764893e-01
2.771694660186767578e-01
2.802917063236236572e-01
2.923923730850219727e-01
2.607984542846679688e-01
2.918444871902465820e-01
2.618931233882904053e-01
2.787824571132659912e-01
2.802835106849670410e-01
2.784553468227386475e-01
3.090931177139282227e-01
3.640976846218109131e-01
3.519595861434936523e-01
3.023682832717895508e-01
3.008788526058197021e-01
3.371595740318298340e-01
2.925478518009185791e-01
2.975075244903564453e-01
2.569573223590850830e-01
2.892566919326782227e-01
2.680823802947998047e-01
3.026188313961029053e-01
2.716380655765533447e-01
2.770532071590423584e-01
3.147896826267242432e-01
3.544735014438629150e-01
2.800773978233337402e-01
2.903980910778045654e-01
3.237438201904296875e-01
2.723582983016967773e-01
3.090874552726745605e-01
3.102844655513763428e-01
3.103433251380920410e-01
3.176737725734710693e-01
2.993367016315460205e-01
2.991328239440917969e-01
2.838143110275268555e-01
2.556570172309875488e-01
2.759280502796173096e-01
3.041853010654449463e-01
3.529257774353027344e-01
2.961152493953704834e-01
2.848401069641113281e-01
3.318862020969390869e-01
3.282019495964050293e-01
2.824571728706359863e-01
2.807463705539703369e-01
2.703902423381805420e-01
2.838433980941772461e-01
3.427810668945312500e-01
2.784689068794250488e-01
2.759870886802673340e-01
2.821573913097381592e-01
3.520174026489257812e-01
2.763543725013732910e-01
2.809920310974121094e-01
2.864927649497985840e-01
2.954865396022796631e-01
3.588899374008178711e-01
2.862737476825714111e-01
3.201831877231597900e-01
2.757286429405212402e-01
2.732976078987121582e-01
3.434689939022064209e-01
2.714042961597442627e-01
2.816411554813385010e-01
2.847667634487152100e-01
2.710139155387878418e-01
3.174356222152709961e-01
2.831049859523773193e-01
3.152107894420623779e-01
3.043310344219207764e-01
3.084080815315246582e-01
3.526778221130371094e-01
2.931450605392456055e-01
2.900316715240478516e-01
2.999701499938964844e-01
3.113681972026824951e-01
2.912917137145996094e-01
2.924584746360778809e-01
2.769129872322082520e-01
3.602006435394287109e-01
3.246836364269256592e-01
3.001534342765808105e-01
2.723475694656372070e-01
3.044426441192626953e-01
2.722605466842651367e-01
3.588914871215820312e-01
2.761564850807189941e-01
2.674772143363952637e-01
2.813663780689239502e-01
3.152296841144561768e-01
3.032955229282379150e-01
3.140812218189239502e-01
2.782970368862152100e-01
2.878741621971130371e-01
3.168270885944366455e-01
2.803499698638916016e-01
3.244926035404205322e-01
2.519413232803344727e-01
2.705339193344116211e-01
2.770972549915313721e-01
2.664936184883117676e-01
2.886922061443328857e-01
2.902633249759674072e-01
2.878083288669586182e-01
2.670648992061614990e-01
2.884997725486755371e-01
2.740337848663330078e-01
3.097484409809112549e-01
2.923192381858825684e-01
2.816919386386871338e-01
3.098435997962951660e-01
2.673478722572326660e-01
2.700924873352050781e-01
3.032385706901550293e-01
2.833006083965301514e-01
2.838828861713409424e-01
3.017821013927459717e-01
2.765202224254608154e-01
2.803399264812469482e-01
2.890231013298034668e-01
2.862476706504821777e-01
2.690371274948120117e-01
2.611942291259765625e-01
3.102480769157409668e-01
2.780818343162536621e-01
2.965351939201354980e-01
2.751952707767486572e-01
2.726974785327911377e-01
2.830671370029449463e-01
3.209564089775085449e-01
2.975734472274780273e-01
2.918948531150817871e-01
2.873326838016510010e-01
2.807254493236541748e-01
3.175661265850067139e-01
3.824108839035034180e-01
2.763570249080657959e-01
2.686322331428527832e-01
3.551895618438720703e-01
2.721612155437469482e-01
3.124935328960418701e-01
2.694011032581329346e-01
2.837184071540832520e-01
2.902621924877166748e-01
2.712591886520385742e-01
2.782701849937438965e-01
3.013498783111572266e-01
2.744609713554382324e-01
3.010473549365997314e-01
2.733453810214996338e-01
2.791384160518646240e-01
2.644144296646118164e-01
2.778714597225189209e-01
2.706028223037719727e-01
3.012928664684295654e-01
2.720829844474792480e-01
2.707557380199432373e-01
3.701499998569488525e-01
3.528812527656555176e-01
2.760312557220458984e-01
2.746502757072448730e-01
4.299099445343017578e-01
2.668342590332031250e-01
3.018768429756164551e-01
2.999382317066192627e-01
2.728275954723358154e-01
2.704421579837799072e-01
3.488831818103790283e-01
2.913352251052856445e-01
2.836131751537322998e-01
2.972997128963470459e-01
3.009530901908874512e-01
3.233298361301422119e-01
3.493332862854003906e-01
3.718320727348327637e-01
3.030798435211181641e-01
3.877592980861663818e-01
3.054838180541992188e-01
3.033099770545959473e-01
2.881676256656646729e-01
3.472346961498260498e-01
3.036453723907470703e-01
2.710500359535217285e-01
3.084591925144195557e-01
2.707584798336029053e-01
2.868656814098358154e-01
2.903986573219299316e-01
2.869386672973632812e-01
2.901994884014129639e-01
2.725830674171447754e-01
2.990501523017883301e-01
2.978910803794860840e-01
3.169618248939514160e-01
3.235170841217041016e-01
2.902928590774536133e-01
2.854286730289459229e-01
2.855843603610992432e-01
2.895587980747222900e-01
2.826518714427947998e-01
2.932205200195312500e-01
3.005678951740264893e-01
3.490158617496490479e-01
3.473496139049530029e-01
2.858915328979492188e-01
2.852143943309783936e-01
2.943860292434692383e-01
3.352642059326171875e-01
2.655048072338104248e-01
2.755199372768402100e-01
3.471844494342803955e-01
2.751334607601165771e-01
2.823337912559509277e-01
2.851639091968536377e-01
2.729187011718750000e-01
2.969632744789123535e-01
2.799467146396636963e-01
3.000609278678894043e-01
3.133021295070648193e-01
2.783228754997253418e-01
3.930955231189727783e-01
2.735297083854675293e-01
2.730596065521240234e-01
2.920792400836944580e-01
2.803125679492950439e-01
2.863914668560028076e-01
2.691736817359924316e-01
2.895508110523223877e-01
3.000125586986541748e-01
3.077472448348999023e-01
2.734060883522033691e-01
2.881619036197662354e-01
2.750859856605529785e-01
2.822607457637786865e-01
2.956265807151794434e-01
2.890449166297912598e-01
2.809865474700927734e-01
3.056319952011108398e-01
2.854042053222656250e-01
2.941440343856811523e-01
2.833117544651031494e-01
2.866806089878082275e-01
2.756303548812866211e-01
3.203786909580230713e-01
3.006694316864013672e-01
3.678492307662963867e-01
3.142967224121093750e-01
3.009057641029357910e-01
2.664013206958770752e-01
3.097313642501831055e-01
2.742346227169036865e-01
3.946115970611572266e-01
2.871439158916473389e-01
2.931930124759674072e-01
3.643351495265960693e-01
2.709381282329559326e-01
2.860763072967529297e-01
3.795899748802185059e-01
2.825496196746826172e-01
2.834186851978302002e-01
3.508205115795135498e-01
3.039445281028747559e-01
3.931355774402618408e-01
2.839818000793457031e-01
3.094349205493927002e-01
3.769801259040832520e-01
2.938523292541503906e-01
2.887213826179504395e-01
2.693354487419128418e-01
2.843758165836334229e-01
2.928386032581329346e-01
2.678834199905395508e-01
3.316247761249542236e-01
2.730932235717773438e-01
3.130244314670562744e-01
2.854677736759185791e-01
2.782748341560363770e-01
3.543070256710052490e-01
3.052783012390136719e-01
2.992512583732604980e-01
2.912312448024749756e-01
2.784048616886138916e-01
2.836712896823883057e-01
2.790551483631134033e-01
2.747527062892913818e-01
3.165225684642791748e-01
2.833760380744934082e-01
2.826224863529205322e-01
2.967733144760131836e-01
2.987931072711944580e-01
2.892172932624816895e-01
2.705088257789611816e-01
2.678335309028625488e-01
2.829936742782592773e-01
3.469435572624206543e-01
2.789426147937774658e-01
3.011989295482635498e-01
2.923373878002166748e-01
2.778844833374023438e-01
3.624472320079803467e-01
2.775512635707855225e-01
2.674244940280914307e-01
2.913300991058349609e-01
3.015080690383911133e-01
2.793864011764526367e-01
2.927961051464080811e-01
3.148029744625091553e-01
2.916081547737121582e-01
2.764146327972412109e-01
3.561630547046661377e-01
2.876651883125305176e-01
3.036011159420013428e-01
3.026888668537139893e-01
2.791830897331237793e-01
2.977944910526275635e-01
2.925399541854858398e-01
2.984722852706909180e-01
2.638672888278961182e-01
2.833166718482971191e-01
3.024486303329467773e-01
3.056038916110992432e-01
2.747873067855834961e-01
2.825568318367004395e-01
2.853092551231384277e-01
2.898549735546112061e-01
2.668559551239013672e-01
2.808726429939270020e-01
2.894506752490997314e-01
2.988353371620178223e-01
2.713660001754760742e-01
2.862017750740051270e-01
2.811787426471710205e-01
2.707600295543670654e-01
2.637863755226135254e-01
3.342488706111907959e-01
2.888764441013336182e-01
3.472537696361541748e-01
2.881861329078674316e-01
2.731813192367553711e-01
2.859862148761749268e-01
3.563163578510284424e-01
3.186267912387847900e-01
2.779641747474670410e-01
2.838727831840515137e-01
2.611090838909149170e-01
3.084832429885864258e-01
2.836321294307708740e-01
3.184582591056823730e-01
2.762098312377929688e-01
2.644056379795074463e-01
2.670975029468536377e-01
2.877147197723388672e-01
2.624085843563079834e-01
2.723897397518157959e-01
2.858896851539611816e-01
2.944628000259399414e-01
2.741209268569946289e-01
2.791756987571716309e-01
2.719539403915405273e-01
3.763593733310699463e-01
3.190326690673828125e-01
3.044670224189758301e-01
3.461087942123413086e-01
2.802131772041320801e-01
2.767599523067474365e-01
2.788503766059875488e-01
2.854672372341156006e-01
2.755369246006011963e-01
3.097839355468750000e-01
2.890374362468719482e-01
2.859686613082885742e-01
3.765976727008819580e-01
2.767817080020904541e-01
3.122161328792572021e-01
2.707733213901519775e-01
2.763894796371459961e-01
2.663175463676452637e-01
2.820579409599304199e-01
3.468346297740936279e-01
2.852581143379211426e-01
3.216163218021392822e-01
2.890441715717315674e-01
3.890898227691650391e-01
2.641192674636840820e-01
2.948563396930694580e-01
2.755434513092041016e-01
3.634980916976928711e-01
2.774997055530548096e-01
3.078067004680633545e-01
2.688683569431304932e-01
2.718714475631713867e-01
3.590168058872222900e-01
3.419858217239379883e-01
2.848846316337585449e-01
3.296302556991577148e-01
3.311493992805480957e-01
2.898138463497161865e-01
3.572946190834045410e-01
2.810985445976257324e-01
2.745649218559265137e-01
2.847633063793182373e-01
2.996635437011718750e-01
3.993205726146697998e-01
2.953297793865203857e-01
2.945132553577423096e-01
2.885602712631225586e-01
2.797727882862091064e-01
3.005878925323486328e-01
2.613291740417480469e-01
2.892170846462249756e-01
3.184582889080047607e-01
2.779562175273895264e-01
2.701803445816040039e-01
2.838824093341827393e-01
2.872352898120880127e-01
2.865630090236663818e-01
3.061416149139404297e-01
3.002662360668182373e-01
3.851349353790283203e-01
2.845218777656555176e-01
2.949368655681610107e-01
2.593097984790802002e-01
3.189527690410614014e-01
2.828203439712524414e-01
3.253188431262969971e-01
2.968928515911102295e-01
3.213790953159332275e-01
3.827004730701446533e-01
2.696826756000518799e-01
2.726208567619323730e-01
2.835749089717864990e-01
2.983971536159515381e-01
3.018001616001129150e-01
3.490736782550811768e-01
2.736410200595855713e-01
3.250999748706817627e-01
3.067285418510437012e-01
3.099356591701507568e-01
3.017484843730926514e-01
3.321896195411682129e-01
2.710259258747100830e-01
4.143164455890655518e-01
3.477345705032348633e-01
2.792442440986633301e-01
2.931644618511199951e-01
2.985303103923797607e-01
2.905373275279998779e-01
3.061592876911163330e-01
2.812811434268951416e-01
3.008674979209899902e-01
2.702530324459075928e-01
2.761844992637634277e-01
3.453280627727508545e-01
2.900467813014984131e-01
2.888205945491790771e-01
2.928314507007598877e-01
3.033434748649597168e-01
2.920105457305908203e-01
2.843546569347381592e-01
2.888778150081634521e-01
2.898188531398773193e-01
3.195932805538177490e-01
4.044610261917114258e-01
2.805532217025756836e-01
3.073962926864624023e-01
2.774764895439147949e-01
2.902992963790893555e-01
3.188839256763458252e-01
2.933312058448791504e-01
3.719365596771240234e-01
3.179636001586914062e-01
2.837573289871215820e-01
2.718431651592254639e-01
3.011742830276489258e-01
2.775350809097290039e-01
2.724748253822326660e-01
2.807032763957977295e-01
3.794010579586029053e-01
2.694937288761138916e-01
2.870026528835296631e-01
2.685987055301666260e-01
3.204647898674011230e-01
2.621872425079345703e-01
2.906383872032165527e-01
2.702495455741882324e-01
2.897156476974487305e-01
2.746917307376861572e-01
2.709359526634216309e-01
2.850384116172790527e-01
3.098831176757812500e-01
2.999840378761291504e-01
2.719315290451049805e-01
2.857955694198608398e-01
2.922154664993286133e-01
2.850366830825805664e-01
2.773550748825073242e-01
2.667916119098663330e-01
3.015994727611541748e-01
2.983447611331939697e-01
2.698007822036743164e-01
3.159259557723999023e-01
2.765631675720214844e-01
2.800478637218475342e-01
2.783895134925842285e-01
3.529148399829864502e-01
3.006902635097503662e-01
2.809790670871734619e-01
2.879669666290283203e-01
3.231599628925323486e-01
2.805722355842590332e-01
2.706341743469238281e-01
2.910871505737304688e-01
2.987227439880371094e-01
2.886879444122314453e-01
2.892191708087921143e-01
3.210592567920684814e-01
2.856934666633605957e-01
2.837756574153900146e-01
4.233213067054748535e-01
2.717287242412567139e-01
2.712278664112091064e-01
2.811882793903350830e-01
2.924788594245910645e-01
3.331281840801239014e-01
2.924797534942626953e-01
2.712641358375549316e-01
2.865723371505737305e-01
2.713186442852020264e-01
3.018406331539154053e-01
3.354659080505371094e-01
2.772226929664611816e-01
2.796377837657928467e-01
3.091947734355926514e-01
3.160892426967620850e-01
2.819491624832153320e-01
2.883614003658294678e-01
3.141433000564575195e-01
2.954992055892944336e-01
2.763440012931823730e-01
2.919329106807708740e-01
2.850499451160430908e-01
