4.646750092506408691e-01
3.300160169601440430e-01
6.444480270147323608e-02
2.063040062785148621e-02
5.026239529252052307e-02
4.205439984798431396e-02
5.548989772796630859e-01
5.841919407248497009e-02
2.873409986495971680e-01
1.683519966900348663e-02
1.785280369222164154e-02
1.483260035514831543e+00
8.822719752788543701e-02
2.637119963765144348e-02
1.134269908070564270e-01
1.961019933223724365e-01
3.137599676847457886e-02
1.812160015106201172e-02
4.984000325202941895e-02
2.000319771468639374e-02
6.287680566310882568e-02
1.788540035486221313e-01
2.235239982604980469e+00
3.719249725341796875e+00
2.756500005722045898e+00
1.149340033531188965e+00
4.257920086383819580e-01
8.868160843849182129e-02
1.164000034332275391e+00
6.463039666414260864e-02
2.757119759917259216e-02
4.179840162396430969e-02
1.593019962310791016e-01
6.505919992923736572e-02
5.709040164947509766e+00
1.903579980134963989e-01
1.168800145387649536e-01
1.756449890136718750e+01
2.235239982604980469e+00
6.361600756645202637e-02
2.415810108184814453e+00
2.789440192282199860e-02
1.933279931545257568e-01
6.302719563245773315e-02
1.148610115051269531e-01
2.343840003013610840e-01
2.198400162160396576e-02
1.504289954900741577e-01
8.872959017753601074e-02
3.187939822673797607e-01
5.841919407248497009e-02
5.107800006866455078e+00
1.075399994850158691e+00
5.099219799041748047e+00
4.578239470720291138e-02
3.975870013236999512e-01
5.607040598988533020e-02
1.925909996032714844e+00
8.087809681892395020e-01
8.399359136819839478e-02
3.946880251169204712e-02
1.065179929137229919e-01
1.042980030179023743e-01
1.867619901895523071e-01
2.150079980492591858e-02
8.687680214643478394e-02
2.404929995536804199e-01
4.223040118813514709e-02
5.259439945220947266e+00
2.421599924564361572e-01
4.115840420126914978e-02
1.516199946403503418e+00
7.423041015863418579e-02
1.468799822032451630e-02
5.008000135421752930e-01
1.806080155074596405e-02
9.807360917329788208e-02
2.017600089311599731e-02
8.859900236129760742e-01
7.877579212188720703e+00
4.173759743571281433e-02
1.508909940719604492e+00
3.511199951171875000e-01
1.767360121011734009e-01
2.071359939873218536e-02
1.732579946517944336e+00
9.908130168914794922e-01
5.455680564045906067e-02
2.076059877872467041e-01
6.409090161323547363e-01
2.579520083963871002e-02
6.817639827728271484e+00
4.567040130496025085e-02
9.600319713354110718e-02
3.262080252170562744e-02
2.162880077958106995e-02
2.425539940595626831e-01
1.109269976615905762e+00
2.537180185317993164e-01
9.226239472627639771e-02
3.050559945404529572e-02
1.916830062866210938e+00
1.850079894065856934e-01
4.926720634102821350e-02
1.512099981307983398e+00
3.271679952740669250e-02
1.327680200338363647e-01
2.566719949245452881e-01
3.478400036692619324e-02
2.086419868469238281e+01
1.275539994239807129e+00
2.445119991898536682e-02
8.768319338560104370e-02
2.343329936265945435e-01
4.730560630559921265e-02
7.215260267257690430e-01
2.657279744744300842e-02
4.721600189805030823e-02
8.733019828796386719e-01
2.910720184445381165e-02
2.086400240659713745e-02
2.508829832077026367e-01
1.972399950027465820e+00
1.557120215147733688e-02
1.845440082252025604e-02
1.877120137214660645e-02
4.104640334844589233e-02
2.815680027008056641e+00
1.177149862051010132e-01
5.334079265594482422e-02
1.213439926505088806e-01
1.542109966278076172e+00
4.088000580668449402e-02
3.602690100669860840e-01
2.070689946413040161e-01
3.119110107421875000e+00
7.196480035781860352e-02
1.237000083923339844e+01
1.130340024828910828e-01
2.676799707114696503e-02
8.239679783582687378e-02
1.834560185670852661e-02
1.445759925991296768e-02
4.604160413146018982e-02
9.947469711303710938e+00
5.113599449396133423e-02
4.273660182952880859e-01
1.805759780108928680e-02
4.378960132598876953e+00
3.843840211629867554e-02
4.594399929046630859e-01
2.342079766094684601e-02
1.132179975509643555e+00
9.514880180358886719e-02
1.046180054545402527e-01
4.541120305657386780e-02
1.820379972457885742e+00
4.170820116996765137e-01
2.415810108184814453e+00
1.212770044803619385e-01
1.375100016593933105e-01
1.905600167810916901e-02
4.222399741411209106e-02
2.155740112066268921e-01
1.735679805278778076e-02
1.827199757099151611e-02
4.047680273652076721e-02
1.519940048456192017e-01
1.805920004844665527e-01
1.414999961853027344e+00
3.843840211629867554e-02
3.748800233006477356e-02
1.592210054397583008e+00
2.560540139675140381e-01
1.600759983062744141e+00
4.760319739580154419e-02
1.565439812839031219e-02
4.758459925651550293e-01
2.089920081198215485e-02
3.740160167217254639e-02
9.953470230102539062e-01
7.851840257644653320e-01
2.163199707865715027e-02
1.527999993413686752e-02
6.676290035247802734e-01
2.419900000095367432e-01
3.249790072441101074e-01
2.048189938068389893e-01
1.083310008049011230e+00
2.476479858160018921e-02
5.888959392905235291e-02
2.033279836177825928e-02
7.695039361715316772e-02
3.035809993743896484e-01
3.417279571294784546e-02
2.436800114810466766e-02
3.741660118103027344e+00
3.679040074348449707e-02
5.732100009918212891e-01
1.956159807741641998e-02
1.853440143167972565e-02
4.931839928030967712e-02
1.735070049762725830e-01
4.897920042276382446e-02
1.999719977378845215e+00
2.062399864196777344e+00
4.389759525656700134e-02
2.495039813220500946e-02
2.360320091247558594e-02
4.858879372477531433e-02
1.560319960117340088e-02
1.660159975290298462e-01
1.416880011558532715e+00
2.862689793109893799e-01
3.021440096199512482e-02
1.108119964599609375e+00
1.343899965286254883e-01
1.737820059061050415e-01
1.836629986763000488e+00
6.377859711647033691e-01
8.618239313364028931e-02
2.556479722261428833e-02
3.323479890823364258e+00
1.327520012855529785e-01
5.817279592156410217e-02
2.017920091748237610e-02
1.581149995326995850e-01
3.144640102982521057e-02
8.199359476566314697e-02
2.510109841823577881e-01
5.488640069961547852e-02
2.160579860210418701e-01
2.265949964523315430e+00
3.394559770822525024e-02
2.956289947032928467e-01
1.386139988899230957e-01
6.440449953079223633e-01
5.173729658126831055e-01
2.624259889125823975e-01
2.577919885516166687e-02
9.762560129165649414e-01
1.075330018997192383e+00
4.451100230216979980e-01
1.824069976806640625e+00
1.419919967651367188e+00
3.652510452270507812e+01
2.500990033149719238e-01
1.128830015659332275e-01
1.060830131173133850e-01
3.027260005474090576e-01
4.170820116996765137e-01
8.079668998718261719e+00
5.959359928965568542e-02
1.182180121541023254e-01
1.702689975500106812e-01
5.984959751367568970e-02
